vectors,image
"[0.6610618233680725, 0.42886120080947876, 0.0, 1.3370903730392456, 1.3635385036468506, 0.38550126552581787, 2.4466097354888916, 0.0, 0.5846375226974487, 0.0, 0.0, 0.2210172712802887, 0.020129559561610222, 0.1820734590291977, 0.0, 0.16159065067768097, 0.0, 0.5734339952468872, 0.2663823366165161, 0.0, 0.17499016225337982, 0.7788603901863098, 1.4606318473815918, 0.03354829549789429, 1.2604141235351562, 0.48795315623283386, 1.2458384037017822, 0.0014830122236162424, 0.9223873615264893, 0.1710863560438156, 0.0, 0.017349041998386383, 0.16846516728401184, 1.0295805931091309, 0.38404977321624756, 0.5563637614250183, 0.5926430821418762, 0.9483219981193542, 0.011279096826910973, 0.05339004471898079, 0.6859567761421204, 0.36345019936561584, 0.045844145119190216, 0.04300925135612488, 0.11838957667350769, 0.5036457777023315, 0.0, 0.02442772686481476, 0.3939862549304962, 0.7535905838012695, 0.03084591031074524, 0.43978428840637207, 1.0219173431396484, 0.3221522569656372, 0.12646543979644775, 2.2232260704040527, 0.29331135749816895, 0.07990628480911255, 0.681810736656189, 0.1373092085123062, 0.7299106121063232, 0.33365070819854736, 0.31519341468811035, 1.0650877952575684, 0.8366783261299133, 0.07465602457523346, 0.9620979428291321, 0.008360001258552074, 0.11687255650758743, 0.0, 0.07262711226940155, 0.09812530130147934, 0.0, 1.804708480834961, 0.0, 0.2973170876502991, 2.7285523414611816, 0.3060814142227173, 0.04361303523182869, 0.00722112599760294, 0.011082163080573082, 1.5179085731506348, 0.8220891356468201, 0.302511990070343, 0.5279226303100586, 0.4013187885284424, 0.9516674876213074, 0.14571429789066315, 0.30318036675453186, 1.0795423984527588, 1.5550460815429688, 0.5920815467834473, 1.1392874717712402, 0.4204727113246918, 0.0, 0.029025914147496223, 0.5613278150558472, 0.003690203884616494, 0.05188722163438797, 0.3716188669204712, 0.12584921717643738, 0.11813230812549591, 0.023204030469059944, 0.5347306132316589, 1.085440754890442, 0.06915881484746933, 0.49124348163604736, 0.8934508562088013, 0.10626300424337387, 1.0798051357269287, 0.07069545239210129, 0.8727028369903564, 0.28956905007362366, 0.09728208184242249, 0.8013535141944885, 0.13151727616786957, 0.027750805020332336, 0.12266775965690613, 0.09761352092027664, 0.2764716148376465, 0.08505401015281677, 1.082291841506958, 0.05319517105817795, 0.5743129849433899, 0.02272317372262478, 0.7978494763374329, 0.013524103909730911, 0.27438706159591675, 1.1388098001480103, 0.009169656783342361, 0.0, 2.2760140895843506, 0.0, 0.07048945873975754, 0.4854259788990021, 0.0, 0.5756772756576538, 0.008198232389986515, 0.3140372335910797, 0.002671874361112714, 1.066473364830017, 0.06038503348827362, 0.2841706871986389, 0.2711621820926666, 1.1428474187850952, 0.9929413795471191, 0.23565731942653656, 0.8524835705757141, 0.07560727745294571, 0.2641123831272125, 0.6636390686035156, 0.2705266773700714, 0.6515900492668152, 0.08675051480531693, 0.32461172342300415, 1.9928028583526611, 0.0, 2.563279867172241, 1.4550856351852417, 0.25441208481788635, 0.7559307813644409, 0.011125452816486359, 0.03599896654486656, 0.40155160427093506, 0.01593574695289135, 0.0, 2.440068483352661, 0.0, 0.21997688710689545, 8.843541145324707, 0.20082226395606995, 0.059381917119026184, 0.12440317869186401, 0.0, 0.277730256319046, 1.2027740478515625, 1.4901058673858643, 0.2836342751979828, 0.052977725863456726, 0.07342221587896347, 0.15502811968326569, 0.039747949689626694, 0.02617332898080349, 0.15267494320869446, 0.1912098079919815, 0.17920538783073425, 0.2028835415840149, 0.6279023289680481, 0.016505839303135872, 0.2687857151031494, 0.3192177712917328, 0.34678930044174194, 0.07436101138591766, 0.0, 0.6151090264320374, 1.050902247428894, 0.5738610029220581, 0.6930705308914185, 0.3869345784187317, 0.3143432140350342, 0.6388466954231262, 0.7649076581001282, 0.0, 0.0022272698115557432, 0.46069732308387756, 1.294621229171753, 1.65569269657135, 0.04592439904808998, 0.19269396364688873, 0.8421065807342529, 0.2693471312522888, 1.4057769775390625, 0.006810144521296024, 2.3960702419281006, 0.0832865983247757, 2.7075295448303223, 2.31205415725708, 0.14336451888084412, 0.11269162595272064, 0.009137396700680256, 0.7755727171897888, 0.0, 3.179123640060425, 0.01825220324099064, 0.0, 0.07432390749454498, 0.07202368974685669, 0.43955114483833313, 0.004437096416950226, 0.16547782719135284, 0.03297939896583557, 0.031617119908332825, 0.5891930460929871, 0.3079601526260376, 0.002922491170465946, 0.683744490146637, 0.10519561916589737, 1.5698537826538086, 0.5215361714363098, 0.10782188922166824, 0.6685742139816284, 0.699347734451294, 0.17310366034507751, 0.1362779438495636, 0.033901046961545944, 0.20901016891002655, 0.6042071580886841, 0.5630375146865845, 0.19221484661102295, 0.06977250427007675, 0.9869387149810791, 0.35488295555114746, 0.046273600310087204, 0.9866798520088196, 0.015888569876551628, 0.33079448342323303, 0.5674722194671631, 3.526268482208252, 0.5697289109230042, 0.32162797451019287, 0.0, 0.005227121990174055, 0.32254013419151306, 0.049768541008234024, 0.05832955241203308, 0.37762704491615295, 0.12567992508411407, 0.0022871203254908323, 0.03611638769507408, 0.10814876109361649, 0.08795757591724396, 0.43337783217430115, 0.7824773192405701, 0.3049331307411194, 0.4765405058860779, 0.6011908650398254, 0.2461148351430893, 0.0, 0.20250728726387024, 0.0, 0.04245847463607788, 0.03139510750770569, 0.2850315570831299, 0.3854762613773346, 0.3839994966983795, 0.7075445055961609, 0.4024316370487213, 0.06228819489479065, 0.2006983906030655, 0.10416093468666077, 0.01690724864602089, 0.15812727808952332, 0.0501302070915699, 0.5585985779762268, 0.12779921293258667, 3.277287483215332, 0.00027616656734608114, 0.0, 0.6274288892745972, 0.2171545773744583, 0.0007254761294461787, 0.004326029680669308, 1.2752772569656372, 0.3644443154335022, 0.4197970926761627, 0.7068232893943787, 0.19005745649337769, 0.0902361199259758, 0.8844366073608398, 0.4943784475326538, 0.5143176317214966, 1.9551222324371338, 0.14333753287792206, 0.1519842892885208, 0.27964213490486145, 1.4936482906341553, 1.4095444679260254, 0.6321388483047485, 0.03770337253808975, 0.06583704054355621, 0.2601706385612488, 0.5903611779212952, 0.08437802642583847, 0.15197940170764923, 0.06286239624023438, 0.004214101936668158, 0.9351102709770203, 0.6799798011779785, 3.521878957748413, 0.4552076756954193, 0.09912259876728058, 0.25673210620880127, 0.3100709617137909, 0.03304559737443924, 0.0, 0.1260957568883896, 2.2925448417663574, 0.09359265118837357, 0.6220470070838928, 0.30764061212539673, 1.4693317413330078, 0.05503706634044647, 0.21340517699718475, 0.4844608008861542, 0.015324660576879978, 0.16219954192638397, 1.0199593305587769, 0.5947974920272827, 0.19833114743232727, 1.5218839645385742, 0.0, 0.3290419578552246, 0.855861246585846, 2.483818292617798, 0.18434570729732513, 0.06368125975131989, 0.22906458377838135, 0.10681293159723282, 0.012155810371041298, 0.08506481349468231, 0.03745507821440697, 0.6472270488739014, 0.5535157918930054, 0.14684370160102844, 0.09666003286838531, 2.090672492980957, 0.5582114458084106, 0.011783139780163765, 3.238071918487549, 1.1342393159866333, 0.4013872742652893, 0.06333417445421219, 0.792294979095459, 0.6140591502189636, 0.5871769189834595, 1.5542938709259033, 1.4229289293289185, 0.7671998739242554, 0.033263545483350754, 0.1390693038702011, 0.17164619266986847, 0.37855032086372375, 0.24480102956295013, 0.03186507150530815, 0.17932529747486115, 0.36187857389450073, 2.292386293411255, 0.07199662923812866, 0.009769017808139324, 1.790481686592102, 0.0, 0.07618305832147598, 0.34063464403152466, 0.5433791875839233, 0.9301418662071228, 2.2178432941436768, 0.03408605977892876, 2.5609312057495117, 0.7370082139968872, 1.2123051881790161, 0.3411833345890045, 0.0, 0.04719198867678642, 0.4249460697174072, 0.018854497000575066, 3.070943832397461, 0.04165924713015556, 0.15505144000053406, 0.9916584491729736, 0.03343081474304199, 1.2936961650848389, 0.0, 0.2009761780500412, 0.0035377521999180317, 0.028428180143237114, 1.324433445930481, 0.3496417999267578, 0.4629244804382324, 0.7142857313156128, 0.1833556443452835, 1.133870005607605, 0.07007462531328201, 0.16444411873817444, 1.0400675535202026, 0.7088059186935425, 0.2826404869556427, 0.3175930976867676, 0.6495287418365479, 0.02220788784325123, 0.05895669013261795, 1.350569486618042, 0.0, 0.4324828088283539, 0.0, 0.5174448490142822, 0.03492877259850502, 0.0, 0.5109065175056458, 0.4435770809650421, 0.5601527094841003, 0.17768311500549316, 0.01210484653711319, 0.5162712931632996, 0.265301913022995, 0.4970005452632904, 0.0, 0.0, 0.7968302965164185, 0.5270067453384399, 0.0, 0.37178564071655273, 0.027053333818912506, 0.0, 0.0474223792552948, 0.2519753873348236, 0.08063086867332458, 0.0, 0.0, 0.22270388901233673, 0.5011575818061829, 0.9769287109375, 0.9907488226890564, 0.20730195939540863, 0.027093516662716866, 0.21014468371868134, 0.08634165674448013, 0.0, 0.3579809367656708, 0.9429807066917419, 0.24787576496601105, 0.11099480837583542, 0.3360917866230011, 0.07893764972686768, 3.0127758979797363, 0.13769780099391937, 0.9343569874763489, 0.38169926404953003, 0.01580309309065342, 0.0, 1.9041168689727783, 0.295108824968338, 0.2218760997056961, 1.0696771144866943, 0.6805363893508911, 0.25983279943466187, 0.5723719596862793, 0.11256110668182373, 0.0, 0.7284390330314636, 0.2457975596189499, 0.6223569512367249, 2.216496229171753, 0.002602265914902091, 0.008341064676642418, 2.7465410232543945, 0.43309175968170166, 0.0, 0.11900192499160767, 1.087794303894043, 0.01755707897245884, 0.0, 0.262851744890213, 0.0, 2.3246910572052, 0.011605501174926758, 0.38654428720474243, 0.013747156597673893, 0.40627598762512207, 0.5320714712142944, 0.17112688720226288, 0.006066066678613424, 0.9425376057624817, 0.31973111629486084, 0.6753209829330444, 0.1418660432100296, 0.18284447491168976, 0.2799621522426605, 0.0, 0.05980455502867699, 0.4873972535133362, 0.0030599613673985004, 0.5037506818771362, 0.09390401095151901, 0.2024378925561905, 0.0, 1.0099263191223145, 0.07015276700258255, 0.0, 0.7740293741226196, 0.12676870822906494, 0.12183967232704163, 2.5875041484832764, 0.7899881601333618, 1.162850022315979, 0.1355191320180893, 0.31075406074523926, 2.3874495029449463, 0.8750234246253967, 0.5728952884674072, 0.5242070555686951, 0.07950559258460999, 0.19329845905303955, 0.019551238045096397, 0.24942444264888763, 1.9891093969345093, 1.6061046123504639, 0.17401263117790222, 0.5414999127388, 0.6040706634521484, 0.0, 0.4832246005535126, 0.0, 0.03921597823500633, 0.0017168010817840695, 0.06641529500484467, 2.1099250316619873, 0.1336243450641632, 0.3682191073894501, 0.02224118635058403, 0.0, 0.8601122498512268, 2.56996750831604, 0.6240683794021606, 0.06496387720108032, 0.19939157366752625, 0.07922284305095673, 1.0425721406936646, 0.6486889123916626, 0.8280772566795349, 0.03260184824466705, 0.022804751992225647, 0.045627180486917496, 0.2933761477470398, 0.1406204104423523, 0.062124766409397125, 0.0, 0.1198597326874733, 0.12243319302797318, 0.06688083708286285, 0.09311565011739731, 0.8899593949317932, 0.0, 0.0, 0.0, 0.6295943260192871, 0.0, 0.0, 0.02610650286078453, 0.0, 0.01316171046346426, 0.010590619407594204, 0.12876561284065247, 0.9997448325157166, 0.0, 0.36762794852256775, 0.004706886131316423, 0.4124877452850342, 0.0075501445680856705, 0.04274100810289383, 0.7076789736747742, 0.29663121700286865, 0.6181479692459106, 1.5907282829284668, 2.076374053955078, 0.0, 0.09112139791250229, 1.334506869316101, 0.2611927390098572, 0.5188297629356384, 2.871967315673828, 1.4446239471435547, 0.09721613675355911, 0.010228648781776428, 0.09205359220504761, 0.005036130081862211, 0.0, 0.0, 0.15531589090824127, 0.07171684503555298, 0.17173294723033905, 0.8334599733352661, 0.01720387116074562, 0.7811233997344971, 0.8007633686065674, 0.5542782545089722, 0.1956256777048111, 0.38154980540275574, 0.0509534627199173, 0.058056142181158066, 0.15570060908794403, 0.06291594356298447, 0.0, 0.35714590549468994, 0.005662295501679182, 0.02007361873984337, 0.0, 0.13685406744480133, 0.12420807778835297, 0.0149535546079278, 0.019704312086105347, 0.3302586078643799, 0.03553524240851402, 0.8759554028511047, 0.27179351449012756, 0.000887656700797379, 2.5737109184265137, 2.6817502975463867, 0.21585363149642944, 0.07383041828870773, 0.0, 0.4092129170894623, 0.4192461669445038, 0.05617713928222656, 0.0, 3.590956449508667, 0.49701008200645447, 0.01129161100834608, 1.1593544483184814, 0.28806519508361816, 0.01368049718439579, 1.0996633768081665, 0.23021435737609863, 0.33720535039901733, 0.8891957998275757, 1.8145760297775269, 0.3040800094604492, 2.3339972496032715, 0.16456307470798492, 0.22974346578121185, 0.0015260784421116114, 0.2187798023223877, 0.26084789633750916, 0.19075952470302582, 1.5605173110961914, 0.9364740252494812, 0.21082159876823425, 0.022284261882305145, 0.3437492549419403, 0.04690052196383476, 1.77009117603302, 0.506471574306488, 0.24124471843242645, 0.3292790949344635, 0.3575355112552643, 0.22541174292564392, 0.39025378227233887, 0.1906682401895523, 0.0029407422989606857, 1.0120199918746948, 0.57542884349823, 0.5113034248352051, 0.16276472806930542, 0.0, 0.0, 0.002683155471459031, 0.7048698663711548, 0.020634381100535393, 0.539579451084137, 0.2449827343225479, 0.3136536180973053, 0.1699727326631546, 0.0030480381101369858, 1.5161269903182983, 0.7494440674781799, 0.007494284305721521, 0.11360841989517212, 0.015557444654405117, 0.3997080624103546, 0.14699731767177582, 0.022455662488937378, 3.819330930709839, 0.3079327642917633, 0.12980790436267853, 0.0, 0.014510797336697578, 0.26651686429977417, 0.021791379898786545, 0.0, 0.0852055773139, 0.005906207021325827, 1.288698673248291, 1.7037469148635864, 1.0421112775802612, 0.4770163595676422, 0.43781620264053345, 0.47139254212379456, 0.03772414103150368, 0.16832788288593292, 0.092829629778862, 0.07865414023399353, 0.4653073847293854, 0.11215320974588394, 0.02710312232375145, 0.379352867603302, 0.04605058208107948, 0.46777212619781494, 0.002900649094954133, 0.4218112528324127, 0.6480655074119568, 0.054483562707901, 0.05524803698062897, 0.38393133878707886, 1.1558055877685547, 1.151341438293457, 0.1075822189450264, 0.34343767166137695, 0.16674861311912537, 0.16296476125717163, 0.3548581600189209, 0.013111474923789501, 0.6438218355178833, 0.06307920068502426, 0.4011671245098114, 0.044048674404621124, 0.5835779309272766, 0.29046520590782166, 0.43580204248428345, 0.004165790509432554, 0.5201871991157532, 0.11153147369623184, 0.7716982364654541, 0.0955558493733406, 0.08034706860780716, 0.4561545252799988, 0.10566594451665878, 0.09622476249933243, 0.9222318530082703, 0.10538992285728455, 0.17869816720485687, 1.5293265581130981, 0.34911027550697327, 0.0, 0.9759365916252136, 0.4852179288864136, 0.4083234965801239, 0.4837033450603485, 1.2091851234436035, 0.07316481322050095, 1.0900285243988037, 0.6014536619186401, 0.0, 0.5565202236175537, 0.12006837129592896, 0.0, 0.0, 0.9419025778770447, 1.5686473846435547, 0.6354432106018066, 0.1726835072040558, 0.0, 0.2541683316230774, 0.2028168886899948, 0.21027207374572754, 0.007172526326030493, 1.7642557621002197, 1.062581181526184, 0.08655665069818497, 0.0, 0.30090951919555664, 0.02484210394322872, 0.1779438853263855, 0.0, 0.05347573012113571, 0.054749902337789536, 0.0, 0.32371556758880615, 1.0390466451644897, 1.6645137071609497, 0.7043582201004028, 0.012383364140987396, 0.5498538613319397, 0.6009360551834106, 1.0802781581878662, 0.007144217379391193, 1.2010198831558228, 0.16882596909999847, 1.7793285846710205, 0.08557174354791641, 0.7421790957450867, 0.0746065005660057, 0.7992718815803528, 0.16609998047351837, 1.4930232763290405, 0.0, 0.011864542961120605, 0.2060985565185547, 0.3917328119277954, 0.06352093070745468, 0.11252621561288834, 0.7513210773468018, 0.43463990092277527, 0.5071859955787659, 0.22040267288684845, 0.1821838915348053, 0.07526063919067383, 0.41864967346191406, 0.0, 0.48825526237487793, 0.0407436266541481, 0.06310310959815979, 0.26169636845588684, 0.03562723472714424, 0.333344429731369, 2.2503926753997803, 1.798525094985962, 0.09116990119218826, 1.0097410678863525, 0.04423566907644272, 0.0879589393734932, 1.2196091413497925, 0.2242673933506012, 0.04477468878030777, 1.3882287740707397, 0.1796027570962906, 0.0, 0.38243570923805237, 0.03916110470890999, 0.19765207171440125, 0.3030164837837219, 0.025006810203194618, 0.49494248628616333, 0.04672884941101074, 0.14024576544761658, 0.0, 0.14361317455768585, 0.019631091505289078, 2.1179373264312744, 0.8703575134277344, 0.42510494589805603, 2.0849192142486572, 1.9043442010879517, 0.10023551434278488, 0.30126693844795227, 0.3948329985141754, 3.560271978378296, 1.256436824798584, 0.00011017614451702684, 0.5187182426452637, 0.7175466418266296, 0.032914500683546066, 0.37087327241897583, 1.1352996826171875, 0.10618603974580765, 0.0, 0.2744963467121124, 0.278119832277298, 3.4525399208068848, 0.7762901782989502, 2.012594699859619, 0.12630951404571533, 0.019243469461798668, 0.7280443906784058, 0.10148327052593231, 0.12240801006555557, 0.12980231642723083, 0.0, 0.021722285076975822, 0.017155326902866364, 0.1362701654434204, 0.8297858238220215, 0.48150622844696045, 0.951442301273346, 0.13286636769771576, 0.05054294690489769, 7.331384181976318, 0.013170257210731506, 0.07812592387199402, 1.3269368410110474, 0.13130342960357666, 0.0, 0.023851195350289345, 0.1376696676015854, 0.5702276229858398, 1.2928218841552734, 0.02611416205763817, 1.1685051918029785, 1.4804538488388062, 0.0362679697573185, 0.10970529913902283, 0.0, 0.0, 0.616966187953949, 0.03731851652264595, 0.3593752086162567, 2.047517776489258, 0.46375226974487305, 0.34816333651542664, 1.6775161027908325, 0.4185628294944763, 0.0, 0.0, 0.14755572378635406, 0.7672508358955383, 0.01679970696568489, 0.23978634178638458, 2.4491727352142334, 0.1438116729259491, 0.44437307119369507, 0.13007420301437378, 0.17737896740436554, 1.5144712924957275, 0.9114630818367004, 0.04063943400979042, 0.15939685702323914, 0.021334482356905937, 0.09020405262708664, 0.05324640870094299, 0.473784476518631, 0.0033195139840245247, 0.21477633714675903, 0.0, 0.0, 0.08370096981525421, 0.005266007035970688, 0.12133471667766571, 0.07566270232200623, 0.9419991374015808, 0.49169066548347473, 0.07215095311403275, 0.11747023463249207, 0.0, 0.05425892025232315, 0.05124429240822792, 0.6420602798461914, 1.7561635971069336, 1.984947681427002, 0.0, 1.5145293474197388, 0.6760230660438538, 0.3530919551849365, 0.013810751028358936, 0.44825729727745056, 0.08498602360486984, 0.5367273092269897, 0.005074408371001482, 0.0, 0.0023226153571158648, 0.007428930606693029, 1.5827616453170776, 0.006689845118671656, 0.9546396732330322, 1.5414347648620605, 0.0054204026237130165, 0.0, 0.7496246099472046, 0.05735170468688011, 0.013941370882093906, 0.2757369577884674, 0.012706303969025612, 0.14143338799476624, 0.027879633009433746, 0.16958902776241302, 0.0, 0.2827691435813904, 0.0, 0.0, 0.0, 0.13804300129413605, 0.5716608166694641, 0.010163015685975552, 0.848158061504364, 1.1450942754745483, 0.9304085373878479, 0.730419397354126, 2.3130905628204346, 0.23594333231449127, 1.4564553499221802, 0.2942149043083191, 2.48659348487854, 0.06112690269947052, 0.06289289891719818, 0.037365712225437164, 2.4903078079223633, 1.7037475109100342, 0.3979937434196472, 0.8647913932800293, 1.2666324377059937, 0.034655142575502396, 0.10302241891622543, 0.20370909571647644, 0.0317976288497448, 0.009130826219916344, 0.031182002276182175, 0.4746825098991394, 0.033166296780109406, 0.39929303526878357, 0.5930202007293701, 0.2397078275680542, 0.045949216932058334, 1.5723434686660767, 0.6760793924331665, 0.21527095139026642, 0.1298590451478958, 0.7701765298843384, 0.0016209690365940332, 0.3309813439846039, 0.056111179292201996, 0.01420234702527523, 0.12777186930179596, 0.22145380079746246, 0.0752173662185669, 0.23525995016098022, 0.42315176129341125, 0.018784329295158386, 0.0, 0.0032723485492169857, 0.14004501700401306, 0.0, 0.01805952936410904, 0.009451068006455898, 0.06416631489992142, 0.027101149782538414, 0.09107115864753723, 0.3693886995315552, 0.03692013397812843, 0.0, 0.05180608108639717, 1.6411093473434448, 0.5678235292434692, 0.20330174267292023, 0.6987740397453308, 0.009588709101080894, 0.007342696189880371, 0.00925504881888628, 0.0, 0.04807468503713608, 0.8503082990646362, 0.002170869382098317, 0.005602466873824596, 0.6967979669570923, 0.5141099095344543, 2.0524723529815674, 0.1624009609222412, 0.14863185584545135, 0.23965169489383698, 0.27065661549568176, 0.0858139917254448, 1.5721403360366821, 0.00010088025010190904, 0.0, 0.21215134859085083, 1.7015514373779297, 0.13774460554122925, 0.02036651037633419, 0.12300674617290497, 0.03386782854795456, 0.2378431111574173, 0.04255113750696182, 1.5392122268676758, 0.0, 0.18568949401378632, 0.0, 0.0, 0.0630853995680809, 3.304857015609741, 0.258729487657547, 0.08674469590187073, 0.0, 0.06833378225564957, 0.1765950620174408, 0.24063441157341003, 0.6537946462631226, 1.0836938619613647, 0.009083951823413372, 0.5744330883026123, 0.33856186270713806, 0.06933876872062683, 0.04014618322253227, 0.008240493014454842, 0.20450559258460999, 0.3640470802783966, 0.0, 0.5146868824958801, 0.1450369507074356, 1.0544650554656982, 2.8200385570526123, 0.038657013326883316, 0.007873080670833588, 0.32450488209724426, 0.0, 2.9188313484191895, 0.8250970840454102, 0.6893877983093262, 1.29018235206604, 0.0, 0.17318429052829742, 0.2776761054992676, 0.3829163908958435, 0.0, 0.29104822874069214, 0.23459136486053467, 0.0, 0.047648314386606216, 0.6014621257781982, 0.30181068181991577, 0.06785274296998978, 0.02028501033782959, 0.1747622936964035, 0.12062238901853561, 0.8077458143234253, 0.028229467570781708, 0.05958884209394455, 3.2190334796905518, 0.04470684751868248, 0.18572469055652618, 0.19075946509838104, 0.023613527417182922, 0.03694972023367882, 0.06251288205385208, 0.2023296356201172, 0.5054982304573059, 0.13134582340717316, 0.008394460193812847, 0.6527550220489502, 3.633565902709961, 0.0, 0.0, 0.5415859818458557, 0.0023502937983721495, 0.18913280963897705, 0.14182789623737335, 0.11405325680971146, 0.012700730003416538, 0.6680035591125488, 0.31110814213752747, 0.34019559621810913, 0.009426228702068329, 0.01531877089291811, 0.013617705553770065, 2.2536563873291016, 0.7015137672424316, 0.09414735436439514, 0.13589343428611755, 0.07336709648370743, 0.014893429353833199, 0.5939381718635559, 0.0, 0.23491953313350677, 0.012670755386352539, 3.93296217918396, 0.12501467764377594, 0.9238781332969666, 0.1922304928302765, 0.19845695793628693, 0.004261094611138105, 0.04098117724061012, 0.061713483184576035, 0.7207556962966919, 0.1556222289800644, 0.0, 0.0, 0.23675398528575897, 0.003318450879305601, 0.09339118748903275, 0.0, 0.7721707224845886, 0.6257321238517761, 0.6091709733009338, 0.005223444662988186, 0.11720666289329529, 0.1436263918876648, 0.2569606900215149, 0.0016801502788439393, 0.6152505874633789, 0.17962190508842468, 0.15072043240070343, 0.0649055540561676, 0.031002212315797806, 1.790636658668518, 0.08790267258882523, 0.1594647467136383, 0.05423565208911896, 0.930528998374939, 0.29983022809028625, 0.0, 0.05403262376785278, 0.021134406328201294, 0.04012051969766617, 0.42321866750717163, 0.4508216381072998, 0.7497754693031311, 0.3990982472896576, 0.010626893490552902, 1.8434113264083862, 0.9665072560310364, 0.9192982912063599, 0.06320710480213165, 0.6851773858070374, 0.0, 0.13488642871379852, 0.14356136322021484, 0.06497699022293091, 0.054876092821359634, 0.7044975161552429, 0.06307453662157059, 0.4822459816932678, 0.12464889138936996, 0.007335984148085117, 0.7298818826675415, 0.007532922551035881, 0.017398716881871223, 1.6215981245040894, 0.22016125917434692, 2.8802313804626465, 0.4792819023132324, 0.012713667936623096, 0.0, 0.0, 0.037531621754169464, 0.33075013756752014, 0.43909895420074463, 2.353878974914551, 0.0, 0.13810855150222778, 0.08809766173362732, 0.0002847106952685863, 4.79262113571167, 0.07273590564727783, 1.1398314237594604, 0.0, 0.6160341501235962, 0.2877221703529358, 0.1850675791501999, 0.6282810568809509, 0.15408939123153687, 1.118865966796875, 0.5899034738540649, 1.3696019649505615, 0.12127278745174408, 0.03817444294691086, 0.0015360481338575482, 0.46351245045661926, 0.5423188209533691, 1.9242055416107178, 0.3915138244628906, 0.03140711784362793, 1.2633793354034424, 0.3222297132015228, 0.02451253868639469, 0.8833697438240051, 0.3807055354118347, 0.2964397370815277, 0.5927509069442749, 1.305118441581726, 0.0, 0.4359028935432434, 0.0, 0.6785540580749512, 2.5843515396118164, 1.842505931854248, 0.5923539996147156, 0.006610164884477854, 1.0594145059585571, 0.0, 0.023613911122083664, 0.08671776205301285, 0.08845783770084381, 0.07252493500709534, 0.029421398416161537, 0.13203486800193787, 0.30278801918029785, 0.023892583325505257, 0.3055480122566223, 1.1538724899291992, 0.2553982138633728, 0.0150928208604455, 0.12257605791091919, 0.3571750521659851, 0.003871353343129158, 1.7202835083007812, 0.3999145030975342, 1.0455399751663208, 0.0, 0.07548356056213379, 0.5798718333244324, 0.0, 0.5499000549316406, 0.06372533738613129, 0.09646119922399521, 0.6399950385093689, 0.8883514404296875, 0.28291627764701843, 0.019031936302781105, 0.0, 0.011159122921526432, 0.24561190605163574, 0.1426965445280075, 0.2632255256175995, 0.5659217238426208, 0.043267637491226196, 0.054592519998550415, 0.031943369656801224, 2.2482993602752686, 0.613289475440979, 0.0, 0.0044938032515347, 0.016548266634345055, 0.22507013380527496, 0.31810063123703003, 0.16491051018238068, 0.7042528986930847, 0.47746506333351135, 0.0, 0.06843672692775726, 0.15580016374588013, 3.1629106998443604, 0.01342724822461605, 0.22068841755390167, 0.7065150737762451, 0.014402143657207489, 0.5311022996902466, 0.012243334203958511, 0.8542819023132324, 0.23489978909492493, 6.782722473144531, 0.05912689119577408, 0.2960277795791626, 0.44247567653656006, 0.0948837623000145, 0.6026177406311035, 2.7727456092834473, 0.4989369809627533, 0.0, 0.019117984920740128, 0.0, 0.27093806862831116, 0.09090687334537506, 0.02460121177136898, 3.0502917766571045, 0.004651614464819431, 0.39988699555397034, 0.108137346804142, 1.2296953201293945, 0.4263400137424469, 0.6091995239257812, 0.5002949833869934, 0.2976233959197998, 0.788750171661377, 0.15698008239269257, 0.18093949556350708, 0.8692443370819092, 1.0425492525100708, 0.0, 2.2242510318756104, 0.06860548257827759, 0.0, 0.0650956854224205, 0.5099560618400574, 0.11524864286184311, 0.6394326090812683, 0.16850104928016663, 0.021655568853020668, 0.003565180115401745, 0.0, 0.3135950565338135, 0.11971762031316757, 0.10548165440559387, 3.0607831478118896, 0.0, 2.661811351776123, 0.19949913024902344, 0.20926004648208618, 1.1355124711990356, 0.19441403448581696, 0.061363257467746735, 0.007051203865557909, 0.16747863590717316, 0.18875762820243835, 0.6532974243164062, 0.004681309685111046, 0.01268775574862957, 0.36747780442237854, 0.14256291091442108, 0.0, 0.23527394235134125, 0.27588820457458496, 0.02459818497300148, 2.8430421352386475, 0.7506161332130432, 0.07874190807342529, 0.011197201907634735, 1.2962568998336792, 0.0, 0.7692080140113831, 0.12685441970825195, 0.29505228996276855, 0.3617856800556183, 0.0, 0.0, 1.9169408082962036, 0.1681448072195053, 0.10967884957790375, 0.006734414957463741, 0.5536866188049316, 0.0728023424744606, 0.07391683012247086, 0.07776069641113281, 0.07451407611370087, 0.5877718925476074, 1.8735119104385376, 0.1261834055185318, 0.011434508487582207, 3.719346046447754, 0.0, 0.4740763306617737, 0.0, 0.1538820117712021, 0.0047220503911376, 0.2126712054014206, 0.08527170121669769, 0.004997706040740013, 0.3113507926464081, 0.16425317525863647, 0.29243412613868713, 0.12705734372138977, 0.02073102816939354, 0.8630062937736511, 0.0, 0.042378365993499756, 0.8181532025337219, 0.029086414724588394, 0.0, 0.6677437424659729, 0.6833295822143555, 2.0074210166931152, 0.5516912937164307, 0.02361549623310566, 2.709836483001709, 0.012570999562740326, 0.0, 0.0, 0.4867069721221924, 0.30948489904403687, 0.09625425934791565, 0.0, 0.6566861271858215, 2.848273515701294, 0.343721479177475, 1.7663707733154297, 0.2229030579328537, 0.0, 0.13165633380413055, 0.0, 2.099588632583618, 0.3408636748790741, 0.1442035734653473, 0.01114153116941452, 0.35157784819602966, 0.3651604950428009, 0.09460114687681198, 0.5767458081245422, 0.0977558046579361, 0.0325547493994236, 0.9694817066192627, 0.5285327434539795, 0.05924767255783081, 0.7468889355659485, 0.031011778861284256, 0.05161423981189728, 1.4032303094863892, 0.7692115902900696, 1.5521373748779297, 0.7518041133880615, 2.8537497520446777, 1.1940100193023682, 1.0133726596832275, 0.10023310035467148, 0.012231878004968166, 0.6288348436355591, 0.0, 0.04064398258924484, 2.6726315021514893, 0.07940183579921722, 1.0484230518341064, 0.0, 0.2586492896080017, 0.017846565693616867, 0.1948596090078354, 0.18143242597579956, 0.022411039099097252, 0.02815144881606102, 0.2648243308067322, 0.0, 0.19848786294460297, 0.7048515677452087, 0.2551906704902649, 0.10742560029029846, 0.09442809224128723, 0.898591160774231, 2.046373128890991, 1.4681349992752075, 0.04967870935797691, 0.007260839454829693, 0.3746863305568695, 0.032408811151981354, 0.0, 0.3086770474910736, 0.14528241753578186, 0.0, 0.0, 0.8740155100822449, 0.0, 0.0703045129776001, 0.40308329463005066, 0.05410110577940941, 0.14097602665424347, 0.16663362085819244, 0.17889587581157684, 0.13571365177631378, 0.0, 0.5380758047103882, 0.6095080971717834, 0.7391435503959656, 0.0, 0.12433461844921112, 0.17996862530708313, 0.9966046810150146, 4.777860641479492, 0.31591907143592834, 0.015113324858248234, 0.8504875302314758, 0.011098531074821949, 0.3828980624675751, 0.9406831860542297, 0.395946741104126, 1.4837138652801514, 0.00598040409386158, 0.11862212419509888, 0.4999825954437256, 0.02261079102754593, 0.017793577164411545, 0.10001605749130249, 0.7055485248565674, 0.21863918006420135, 0.1383650302886963, 0.3790418207645416, 0.04839729890227318, 0.3068885803222656, 1.0434094667434692, 0.34844547510147095, 0.17251594364643097, 0.08975376188755035, 1.4025589227676392, 0.7755533456802368, 0.002294378587976098, 0.017546460032463074, 1.4510167837142944, 0.0, 0.649055004119873, 0.830238401889801, 0.089166060090065, 0.04459438472986221, 1.9976317882537842, 0.0, 0.14707235991954803, 0.6260719299316406, 0.06681971997022629, 0.16160684823989868, 0.9210975766181946, 0.5932303667068481, 0.23587819933891296, 2.6146576404571533, 0.04830018803477287, 0.9091143012046814, 0.03906270116567612, 0.03632081672549248, 1.381320595741272, 0.018645400181412697, 0.029132070019841194, 4.207580089569092, 0.0, 0.6538652777671814, 0.7176748514175415, 0.07950501143932343, 0.29708006978034973, 0.0003046089259441942, 0.10261592268943787, 0.36685794591903687, 0.2939079701900482, 0.03596756234765053, 0.26788362860679626, 0.02661975473165512, 0.7901962399482727, 0.3272290825843811, 0.1839396059513092, 0.2994716763496399, 0.7109903693199158, 0.28733646869659424, 0.0, 0.04028303921222687, 0.009379700757563114, 0.5599386096000671, 0.10141483694314957, 0.2545388340950012, 0.0, 0.5887390971183777, 0.7648327350616455, 0.045121144503355026, 0.38856929540634155, 0.3040997087955475, 0.7634770274162292, 2.184150218963623, 0.420265793800354, 0.5018723011016846, 0.0, 0.4391472041606903, 0.3515617847442627, 0.0, 0.24707068502902985, 1.0477323532104492, 0.18387342989444733, 3.8985180854797363, 0.03508935496211052, 0.36839115619659424, 0.29061898589134216, 0.0003502101171761751, 0.0, 0.155549094080925, 0.1972045749425888, 0.0, 0.006505936849862337, 0.4654887318611145, 0.7526249885559082, 0.12095893919467926, 1.4150279760360718, 0.40163880586624146, 0.0, 0.13449358940124512, 0.051099397242069244, 0.5165972709655762, 0.03456198796629906, 2.497357130050659, 0.17654092609882355, 0.0, 0.05615588277578354, 0.3282909691333771, 0.9439592957496643, 2.832307815551758, 0.7777244448661804, 0.05805690959095955, 0.6199016571044922, 0.2966558039188385, 0.009254985488951206, 0.7099384665489197, 0.0, 0.1115594431757927, 0.0, 0.1452961415052414, 0.44268059730529785, 0.0, 0.052954498678445816, 0.5758808851242065, 2.0548369884490967, 0.060346100479364395, 0.04253697022795677, 0.14041703939437866, 0.5881890058517456, 0.011262507177889347, 0.7394846081733704, 0.0, 0.4685561954975128, 1.6606738567352295, 0.7978157997131348, 0.42746466398239136, 0.0038466842379420996, 3.417261838912964, 0.03139639273285866, 1.0505622625350952, 0.01722053624689579, 0.0, 0.0, 0.5450600385665894, 0.0694766417145729, 0.31179627776145935, 0.7239305973052979, 0.06216689571738243, 0.9288106560707092, 0.833355188369751, 0.17746520042419434, 0.22923815250396729, 1.3637226819992065, 0.0585794597864151, 0.07378321886062622, 0.4521889090538025, 0.28029924631118774, 0.15237140655517578, 0.14716072380542755, 0.647666335105896, 0.2046455591917038, 0.12382274866104126, 0.37298089265823364, 0.4551859498023987, 1.4515422582626343, 0.023151641711592674, 0.5449724197387695, 0.9802164435386658, 0.11115356534719467, 0.9786714911460876, 0.050869088619947433, 1.185217022895813, 0.0010229665786027908, 0.14085400104522705, 0.126069575548172, 0.3479655385017395, 0.0, 0.0010122547391802073, 0.04749717190861702, 0.8237757682800293, 0.06581294536590576, 0.5188262462615967, 2.342106342315674, 0.007830269634723663, 0.36482173204421997, 2.2632944583892822, 0.4855542778968811, 0.09514589607715607, 0.12618660926818848, 0.42940232157707214, 0.20602914690971375, 0.20155398547649384, 0.0769437849521637, 0.06335081160068512, 0.0, 1.776943325996399, 0.8965651988983154, 0.19127561151981354, 0.3948424160480499, 2.3885576725006104, 0.16157306730747223, 0.9251012802124023, 0.15273964405059814, 0.08787396550178528, 0.04624092951416969, 0.6843864321708679, 0.21032658219337463, 0.6570725440979004, 1.8641183376312256, 0.18044114112854004, 0.8113009929656982, 0.04050463065505028, 0.0, 0.668107807636261, 0.23823632299900055, 3.3343088626861572, 1.467503309249878, 0.866143524646759, 0.08227241039276123, 0.0, 1.094918131828308, 0.24992193281650543, 0.7010746598243713, 0.009807722643017769, 0.14261752367019653, 1.8679721355438232, 0.12144766747951508, 0.2976641058921814, 0.03581659495830536, 0.01733066886663437, 0.07461685687303543, 0.23250815272331238, 0.9220579266548157, 0.17381027340888977, 0.0, 0.16732431948184967, 0.0010225821752101183, 0.1453758180141449, 2.080439329147339, 0.00012172485003247857, 0.1244846060872078, 0.02669619582593441, 0.17785108089447021, 1.8434747457504272, 0.525895893573761, 1.1621711254119873, 0.8563364744186401, 0.26832759380340576, 0.8285790085792542, 0.1433131992816925, 0.0, 0.0, 0.7939409017562866, 0.05362364649772644, 5.295896530151367, 0.024731304496526718, 0.20796291530132294, 0.2798781394958496, 0.8436981439590454, 0.08491181582212448, 0.025328710675239563, 2.0703697204589844, 0.1160726249217987, 0.03200254589319229, 0.7183913588523865, 1.3330059051513672, 0.15569686889648438, 0.029362741857767105, 0.5353812575340271, 0.0, 0.1636877804994583, 0.01697493903338909, 0.0, 1.6251847743988037, 0.4567423164844513, 0.14626465737819672, 0.0, 0.0, 0.2779461145401001, 0.0081629678606987, 0.003413803642615676, 1.4925886392593384, 0.06793361157178879, 0.1776053011417389, 0.17709320783615112, 0.10842398554086685, 0.3207995593547821, 0.060573432594537735, 1.750199556350708, 0.506664514541626, 1.076553463935852, 0.016131799668073654, 0.031997885555028915, 0.6785364151000977, 0.045197948813438416, 0.6389239430427551, 0.7424522042274475, 0.47235971689224243, 0.19627049565315247, 1.5189744234085083, 0.32575392723083496, 0.011613767594099045, 0.019688500091433525, 0.2855331003665924, 2.2404658794403076, 0.03183429688215256, 0.9588955640792847, 0.14053946733474731, 0.20905977487564087, 0.06373646855354309, 0.8342776894569397, 0.4328090250492096, 0.08722768723964691, 0.0022948640398681164, 0.13067147135734558, 1.407503604888916, 1.8209686279296875, 0.07446093112230301, 0.0009664515964686871, 0.016026662662625313, 0.05551161244511604, 0.2132919430732727, 0.08206018805503845, 0.0, 0.7360920310020447, 0.01849808543920517, 0.09383389353752136, 1.1265641450881958, 0.5004209280014038, 0.0, 0.1749330461025238, 0.13429798185825348, 0.1511877179145813, 0.006997989024966955, 0.13632327318191528, 0.05949994549155235, 0.011157303117215633, 0.368841290473938, 0.10791701078414917, 0.18490064144134521, 0.0, 0.1061810851097107, 0.0, 0.07104744017124176, 0.5677312612533569, 0.3173145055770874, 0.06625281274318695, 0.0, 2.9285378456115723, 1.1068429946899414, 0.4223612844944, 0.007292224559932947, 0.0, 0.0, 0.030332185328006744, 0.05359221622347832, 0.06412015110254288, 1.423680067062378, 1.1252771615982056, 0.004618586506694555, 0.0, 0.5412299633026123, 0.5582754015922546, 1.2017149925231934, 0.18747849762439728, 0.0009956603171303868, 0.0275809857994318, 0.041832827031612396, 0.1806550920009613, 0.0, 1.020021677017212, 0.5535792112350464, 0.015936629846692085, 0.09827858954668045, 0.5184205770492554, 0.005829217378050089, 0.9378445148468018, 0.08569594472646713, 0.27870872616767883, 0.5877102017402649, 0.21192283928394318, 0.1158352643251419, 0.053723618388175964, 0.006340844091027975, 0.34956610202789307, 0.0018830080516636372, 0.0, 0.19909952580928802, 0.22809818387031555, 1.3235690593719482, 0.2347216159105301, 0.0028674164786934853, 0.0, 0.12613393366336823, 0.11234104633331299, 0.004693576134741306, 0.10809117555618286, 0.2644598186016083, 0.5673062801361084, 0.47663137316703796, 2.8883578777313232, 0.04780630022287369, 0.0, 0.014353781007230282, 0.36296552419662476, 0.6406684517860413, 0.8941659927368164, 1.7965047359466553, 0.026449814438819885, 0.029668021947145462, 0.7815486192703247, 0.01191101036965847, 0.9994174242019653, 0.6479767560958862, 0.07746254652738571, 0.15696734189987183, 0.19499272108078003, 0.3191571533679962, 0.010675123892724514, 0.8922222852706909, 0.1829080730676651, 0.22817763686180115, 0.15331628918647766, 0.018369246274232864, 0.1059991866350174, 0.0, 0.0, 0.0, 0.0575011782348156, 0.7194979786872864, 0.4528309106826782, 0.3733768165111542, 0.48926034569740295, 0.1561080664396286, 0.09690768271684647, 0.0, 1.0723143815994263, 0.284916490316391, 0.8802035450935364, 0.1562996506690979, 0.3479955196380615, 0.0020664394833147526, 1.259700894355774, 0.4074680805206299, 0.20749469101428986, 0.0, 0.6868072152137756, 0.1775858998298645, 0.06055318936705589, 0.04722994193434715, 0.23924021422863007, 0.0, 0.43227994441986084, 0.12678885459899902, 0.055763259530067444, 0.1213461235165596, 0.0, 0.5136662125587463, 0.11501185595989227, 0.7967730164527893, 0.17466580867767334, 0.0, 0.09607423841953278, 0.36524489521980286, 0.0, 1.2450902462005615, 0.1108241006731987, 0.6242768168449402, 0.0, 0.672568678855896, 0.1597270667552948, 0.0, 0.22711524367332458, 0.13830740749835968, 0.008993314579129219, 2.3844056129455566, 0.08576393127441406, 0.2836010158061981, 1.710639476776123, 0.23397520184516907]",Testing/glioma_tumor/image(2).jpg
"[1.1329208612442017, 1.314462661743164, 0.17980358004570007, 0.650403618812561, 1.059980869293213, 0.13177259266376495, 0.9738696217536926, 0.5791417360305786, 0.0, 0.003085075644776225, 0.0, 0.29965347051620483, 0.10994851589202881, 0.317954421043396, 0.12763893604278564, 0.059661414474248886, 0.22904734313488007, 0.08266714960336685, 2.4190096855163574, 0.29796555638313293, 0.07916688174009323, 0.12620078027248383, 0.06212356314063072, 0.1275167614221573, 1.895023226737976, 0.0693819597363472, 1.431267261505127, 0.1711062341928482, 0.0, 0.000540976645424962, 0.23106014728546143, 0.47806069254875183, 0.4775671660900116, 0.3513442575931549, 0.0, 0.31463608145713806, 0.005956810433417559, 0.0590393990278244, 0.6058528423309326, 0.9819899797439575, 0.1462419629096985, 0.0, 0.0, 0.0018034030217677355, 0.6776028871536255, 0.0, 0.49052488803863525, 0.019685136154294014, 0.03582907095551491, 0.063052237033844, 1.175650715827942, 2.235452890396118, 0.5436809062957764, 0.24328294396400452, 0.20543105900287628, 3.1520442962646484, 0.3785180449485779, 0.1697026491165161, 0.46399423480033875, 0.0, 0.1854165941476822, 0.0045918566174805164, 0.0960606187582016, 0.06872107833623886, 0.1963305026292801, 0.0, 4.052147388458252, 0.01740862801671028, 1.1171694993972778, 0.07540389150381088, 0.5299293398857117, 0.0, 0.22557364404201508, 2.054572820663452, 1.0079654455184937, 0.027877656742930412, 2.6534788608551025, 0.06111728772521019, 0.0, 0.36495861411094666, 0.14949291944503784, 0.26100659370422363, 2.813535213470459, 0.008227058686316013, 0.12090937793254852, 0.03145472705364227, 0.0, 0.11503329873085022, 0.42036741971969604, 0.12436030805110931, 0.0, 0.37677133083343506, 0.5093097686767578, 1.24815034866333, 0.09266135096549988, 0.9727392196655273, 0.3059026002883911, 0.1592889279127121, 0.2122875303030014, 0.04826745390892029, 0.1008969247341156, 0.9814394116401672, 0.2365589588880539, 0.3570743203163147, 3.0526821613311768, 0.07205440104007721, 0.11801637709140778, 0.5324938297271729, 0.02501797489821911, 1.1077693700790405, 0.10652624070644379, 0.21840433776378632, 0.07827424257993698, 0.0, 0.48750367760658264, 0.07866272330284119, 0.312075674533844, 0.632358968257904, 1.6016544103622437, 0.603823184967041, 0.0, 0.0, 0.09296692907810211, 0.043394118547439575, 1.108439564704895, 0.9856350421905518, 0.0, 0.8233726620674133, 1.9811784029006958, 0.010374538600444794, 0.04893077164888382, 1.0563472509384155, 0.024881863966584206, 0.14400388300418854, 0.17218539118766785, 0.022371886298060417, 0.948707640171051, 0.04380252584815025, 0.42654237151145935, 0.04961525648832321, 0.16261732578277588, 0.18061205744743347, 0.5392074584960938, 1.1382570266723633, 0.3116643726825714, 0.5206950902938843, 0.10257678478956223, 1.824912190437317, 0.2037738561630249, 0.0, 4.869841575622559, 0.09652363508939743, 0.33238184452056885, 0.0012025638716295362, 0.05100923031568527, 0.8665684461593628, 0.0, 0.30683156847953796, 0.3180057108402252, 0.0545976497232914, 0.031858306378126144, 0.8133203983306885, 0.0, 1.9777185916900635, 0.004142710007727146, 0.8545104265213013, 0.6153922080993652, 0.0, 0.03334571421146393, 7.494178771972656, 1.0311146974563599, 0.12807804346084595, 0.011642818339169025, 1.4765361547470093, 1.3982850313186646, 0.32433271408081055, 0.012376026250422001, 0.06068641319870949, 0.2152746021747589, 0.45030465722084045, 0.5714538097381592, 0.0, 0.0, 0.0, 0.30650314688682556, 0.0, 0.011474366299808025, 0.15044483542442322, 0.30742135643959045, 0.049363136291503906, 0.8891662359237671, 0.17388170957565308, 0.022608386352658272, 0.0, 0.5332634449005127, 0.6837206482887268, 0.146393820643425, 0.3520365059375763, 0.029636619612574577, 0.3880218267440796, 0.49842748045921326, 0.03140877187252045, 0.7423408627510071, 0.0, 0.23473414778709412, 0.18280963599681854, 0.005583582911640406, 0.05581814795732498, 0.014244891703128815, 0.34282031655311584, 0.0, 1.0937806367874146, 0.04352634772658348, 0.08147333562374115, 0.13442662358283997, 0.1699289083480835, 0.30045488476753235, 0.07027531415224075, 0.4637167751789093, 0.11624731123447418, 0.27807682752609253, 0.0, 0.46825042366981506, 0.0, 0.0, 0.9482572078704834, 0.0, 0.01558595523238182, 0.4439575672149658, 0.03103458322584629, 1.1017531156539917, 0.615971028804779, 0.4202015995979309, 0.14050056040287018, 1.624972939491272, 0.8562296628952026, 0.0015228207921609282, 0.11046343296766281, 0.0, 0.23493342101573944, 0.5920202136039734, 0.4531601369380951, 0.3061291575431824, 0.002078618388622999, 0.16112732887268066, 0.022767411544919014, 0.0, 0.14528492093086243, 0.009826650843024254, 1.0101882219314575, 1.4273046255111694, 0.0, 0.707322895526886, 0.0, 0.1745457500219345, 0.009621535427868366, 0.8414959907531738, 0.03153330087661743, 0.0, 2.1997804641723633, 0.0011560722487047315, 0.24287346005439758, 0.4032372832298279, 0.0, 0.0, 0.0, 0.10957673192024231, 0.520958662033081, 0.0, 0.0, 0.6595085859298706, 0.4048115909099579, 0.006635288707911968, 0.15133681893348694, 1.4448786973953247, 0.14811253547668457, 0.4708728790283203, 1.0067347288131714, 0.0, 0.6216278672218323, 0.3599337339401245, 0.559418797492981, 2.9126827716827393, 2.1519510746002197, 0.3061792850494385, 0.2307908982038498, 0.6108922362327576, 0.35971909761428833, 0.030515115708112717, 0.3149183988571167, 0.21593311429023743, 0.05271323025226593, 0.10985732823610306, 0.0, 1.5209646224975586, 1.8526082038879395, 0.10034480690956116, 0.009965285658836365, 0.0018865721067413688, 0.0036801027599722147, 0.020137323066592216, 0.024884730577468872, 2.058274030685425, 0.3265724182128906, 2.0905911922454834, 0.7411412596702576, 0.2667272388935089, 0.3646107017993927, 1.0027116537094116, 0.45599937438964844, 1.116019368171692, 0.7365515828132629, 0.7004563212394714, 0.09932930767536163, 0.0, 2.4298746585845947, 0.0, 0.045007895678281784, 0.4600982964038849, 0.04753665626049042, 0.0, 0.24763543903827667, 0.02381172403693199, 0.0778452455997467, 0.7019438743591309, 0.05546830967068672, 0.3091956079006195, 0.23658308386802673, 2.4709842205047607, 0.031986698508262634, 0.4403885304927826, 0.0, 0.021649353206157684, 2.6445810794830322, 0.0, 0.06022903695702553, 0.21035043895244598, 0.26946213841438293, 1.1648173332214355, 0.0021056351251900196, 0.6076822876930237, 0.1143975555896759, 0.05511798337101936, 0.18917904794216156, 0.0460837222635746, 0.012910421937704086, 0.3895895183086395, 0.0, 0.027090677991509438, 0.9846130013465881, 0.07486248761415482, 0.3147028684616089, 0.09616059809923172, 0.0, 0.09186133742332458, 0.03226817026734352, 0.0, 0.26860228180885315, 0.10699774324893951, 0.1138468086719513, 0.0, 0.5020396113395691, 0.09825118631124496, 0.0, 0.264026015996933, 0.013626456260681152, 0.0, 0.02943091094493866, 2.6113522052764893, 0.11774269491434097, 0.006972617004066706, 0.01738273724913597, 0.2635098695755005, 3.2658302783966064, 0.12782393395900726, 0.10542268306016922, 2.141899824142456, 0.10215660184621811, 0.0, 0.2072821706533432, 0.12210508435964584, 0.08435259014368057, 0.0, 0.043086715042591095, 0.0482369065284729, 0.003968034405261278, 1.3927749395370483, 0.001309652696363628, 0.0, 0.20646722614765167, 0.02919778600335121, 0.03718763589859009, 0.3133603632450104, 2.0782549381256104, 0.657408595085144, 7.669748306274414, 0.08817926049232483, 4.275693893432617, 0.04189808666706085, 0.16549371182918549, 0.03630371391773224, 0.0, 0.0, 0.0125580420717597, 0.0, 0.9976938962936401, 0.47586652636528015, 0.06983567774295807, 0.0, 0.20040154457092285, 0.0, 0.0, 0.05105546489357948, 0.14806638658046722, 0.13887633383274078, 2.1885251998901367, 0.06446568667888641, 0.6068549156188965, 0.2854151427745819, 0.339950293302536, 2.0512967109680176, 0.40562212467193604, 0.09852729737758636, 0.06079046055674553, 0.0, 0.4295894205570221, 0.162191703915596, 0.21356143057346344, 0.1987927109003067, 1.3456597328186035, 0.08536883443593979, 0.2730746269226074, 0.22207960486412048, 0.9648171067237854, 1.2742830514907837, 0.6117196679115295, 0.07267028838396072, 1.0565704107284546, 1.6964837312698364, 0.0, 0.0, 0.0, 0.4256313145160675, 0.060701604932546616, 0.0, 0.0887802243232727, 0.0, 0.37175777554512024, 0.0, 0.046888671815395355, 0.22522716224193573, 0.01580478437244892, 0.4164058566093445, 0.0, 0.02160787582397461, 1.1009876728057861, 0.03238148242235184, 0.43667498230934143, 0.001021964242681861, 2.5148673057556152, 0.03695785254240036, 1.6056205034255981, 0.25829124450683594, 0.1970280557870865, 0.057007092982530594, 0.01529790461063385, 0.019127076491713524, 0.2451762706041336, 0.47412359714508057, 0.0, 0.16191105544567108, 0.005790793336927891, 0.37458059191703796, 0.16951152682304382, 0.22550788521766663, 0.015354054048657417, 1.2501804828643799, 0.004661944229155779, 0.0, 0.5901428461074829, 0.40162140130996704, 0.2604926824569702, 0.2421901524066925, 0.002382059581577778, 0.6305384635925293, 0.7413609027862549, 1.0046663284301758, 0.0, 2.3763444423675537, 0.01161225512623787, 0.05629878491163254, 1.9493319988250732, 0.0, 0.0, 0.19003109633922577, 0.057462409138679504, 0.0985698476433754, 0.21831457316875458, 0.15179191529750824, 0.5795372724533081, 0.013979459181427956, 0.43193933367729187, 0.0355243943631649, 2.3467936515808105, 0.20420749485492706, 0.6574135422706604, 0.004455933813005686, 0.055709801614284515, 0.017406633123755455, 0.271575003862381, 0.0, 0.2543083131313324, 0.042553648352622986, 0.2626826763153076, 0.0, 0.0, 0.7446261644363403, 0.0, 0.36923763155937195, 0.00025354113313369453, 0.0817381963133812, 0.3975265622138977, 0.0022552451118826866, 0.3370179831981659, 0.028857272118330002, 0.3324151337146759, 0.0, 0.0, 0.18583832681179047, 0.06385547667741776, 0.10132954269647598, 0.6259320378303528, 0.07864287495613098, 1.915164828300476, 0.0, 1.0165462493896484, 2.1167819499969482, 0.8769301772117615, 0.7960706353187561, 0.18961593508720398, 0.13940981030464172, 0.662691593170166, 1.6627458333969116, 0.2860009968280792, 2.3055574893951416, 0.0, 0.06255455315113068, 0.0016796686686575413, 0.2927204966545105, 0.008659415878355503, 0.4589393138885498, 0.7185819745063782, 0.6430784463882446, 0.3452252447605133, 0.13568393886089325, 5.931750774383545, 0.019154630601406097, 0.08634019643068314, 0.35392364859580994, 0.09213799983263016, 0.6466928124427795, 0.4651715159416199, 0.24054870009422302, 0.0, 0.08410214632749557, 0.0732312723994255, 0.25990113615989685, 1.8292561769485474, 0.484169602394104, 0.6035311222076416, 0.6175485253334045, 0.5575050115585327, 0.0, 0.0, 0.03242872282862663, 0.5949702858924866, 1.9555633068084717, 1.2841770648956299, 0.053066838532686234, 0.20656651258468628, 0.11466094106435776, 0.0, 0.0860128328204155, 0.048802025616168976, 0.2015741467475891, 0.0, 0.37458208203315735, 0.002725807949900627, 0.15254731476306915, 0.0, 0.1110769584774971, 0.0, 3.503666400909424, 0.0, 0.07583218812942505, 0.3467925786972046, 0.4807417690753937, 0.009759822860360146, 0.0, 0.2636328339576721, 0.40646567940711975, 0.10416024178266525, 3.6193928718566895, 0.026472924277186394, 0.007999741472303867, 0.3122183382511139, 0.014696121215820312, 0.0, 2.3860023021698, 1.8892852067947388, 0.5019264817237854, 0.06265732645988464, 0.009816398844122887, 0.5033259987831116, 0.0, 0.0, 0.0, 0.8642235398292542, 0.18930263817310333, 0.13124319911003113, 0.1011912077665329, 0.44028744101524353, 2.105346918106079, 0.4751066565513611, 0.5179085731506348, 0.4436129331588745, 0.0, 0.0, 0.0, 0.42420148849487305, 0.41058480739593506, 0.3427560031414032, 0.11812657117843628, 1.2874327898025513, 0.9740997552871704, 0.0, 0.04103460907936096, 0.12571513652801514, 0.07325872033834457, 0.7271647453308105, 0.23050786554813385, 0.010020216926932335, 0.07530876249074936, 0.1760135442018509, 0.07988283038139343, 2.1301686763763428, 3.612304925918579, 0.3542158305644989, 0.0, 0.0, 0.04328875616192818, 1.140720009803772, 0.1412203460931778, 0.0, 0.9696580767631531, 0.0, 0.8960962295532227, 0.0, 0.5768578052520752, 0.0, 0.3008851706981659, 0.4235251247882843, 0.0, 0.12383311986923218, 2.2857978343963623, 0.051690228283405304, 3.4849913120269775, 0.25635138154029846, 0.04418458789587021, 1.0553134679794312, 0.5200340151786804, 0.020003018900752068, 0.20843660831451416, 1.519997000694275, 1.6407897472381592, 1.1566451787948608, 0.10239531099796295, 1.607657790184021, 1.4479186534881592, 0.46215593814849854, 1.697696328163147, 0.5732919573783875, 0.8862466812133789, 0.3322237730026245, 0.11820775270462036, 0.0, 0.31871187686920166, 0.8250595331192017, 0.7313367128372192, 0.2864640951156616, 0.4323020875453949, 0.0, 0.010115137323737144, 0.4931827485561371, 0.13467535376548767, 1.6225584745407104, 2.042686700820923, 1.204073190689087, 0.08676817268133163, 0.0, 0.04271932691335678, 0.13099223375320435, 0.4299238622188568, 2.2500741481781006, 0.3202114999294281, 0.017828311771154404, 1.5409165620803833, 0.5701598525047302, 1.3306483030319214, 0.15407617390155792, 1.235135555267334, 0.0, 0.0345260426402092, 0.056980784982442856, 0.26638370752334595, 0.06469739973545074, 0.022684825584292412, 0.01139069814234972, 0.0, 0.018656304106116295, 0.7423657178878784, 3.998197555541992, 0.0, 0.36423876881599426, 0.0, 0.7895193099975586, 0.30544647574424744, 0.0, 0.018927203491330147, 0.6491658687591553, 0.02151505835354328, 0.3975796699523926, 0.02660621888935566, 1.4871083498001099, 0.17871540784835815, 0.0732572004199028, 0.21718764305114746, 0.8172821998596191, 0.035801105201244354, 0.443218857049942, 0.00595754524692893, 0.1343989223241806, 1.379391074180603, 0.0038720248267054558, 0.01273052766919136, 2.425078868865967, 0.1609695702791214, 0.0, 0.8603007197380066, 0.6659314036369324, 0.18751893937587738, 2.622758626937866, 0.2000489979982376, 0.028569072484970093, 0.16330839693546295, 0.7207593321800232, 1.5428656339645386, 0.26326942443847656, 0.0195736326277256, 0.0, 1.8591862916946411, 0.6443458199501038, 2.6796367168426514, 0.6577469110488892, 0.07785940915346146, 1.2646381855010986, 0.040098972618579865, 0.6231716871261597, 0.46376824378967285, 2.871823310852051, 0.07932007312774658, 0.007636344991624355, 0.2167823612689972, 0.15071342885494232, 0.0, 0.033566057682037354, 0.6153564453125, 0.14519815146923065, 0.4710647761821747, 1.0478222370147705, 0.27725157141685486, 0.464672714471817, 1.5990614891052246, 0.16305609047412872, 0.042878590524196625, 0.05837571248412132, 3.9957263469696045, 1.7630003690719604, 0.37442994117736816, 0.01512487605214119, 1.0432449579238892, 0.32653501629829407, 0.8082523941993713, 0.04047341272234917, 0.09856494516134262, 1.3390294313430786, 0.3195754587650299, 0.07570218294858932, 1.308597207069397, 0.067765012383461, 0.0, 0.08939787745475769, 0.0, 0.0440124049782753, 0.0, 0.5640162825584412, 0.0, 0.6472386121749878, 0.21273492276668549, 0.3340911865234375, 0.0, 0.014293842948973179, 4.737475872039795, 0.010410793125629425, 0.3572421967983246, 0.01602574996650219, 0.7254878282546997, 0.16729474067687988, 0.15811307728290558, 0.0, 0.01955796778202057, 0.0040569063276052475, 1.6408838033676147, 0.04247960448265076, 0.8257825374603271, 0.10914668440818787, 0.13481812179088593, 0.0, 0.08785118162631989, 1.3229384422302246, 0.22564084827899933, 0.3842141032218933, 0.0686672180891037, 0.24995975196361542, 0.33004629611968994, 1.215420126914978, 0.004620500840246677, 0.18419738113880157, 0.26045098900794983, 0.0012423773296177387, 0.09622243046760559, 0.018684888258576393, 0.08319593966007233, 3.410112142562866, 0.7288617491722107, 0.1537558138370514, 0.2142675369977951, 0.009004023857414722, 0.7503476738929749, 1.0504764318466187, 0.0, 0.3377608358860016, 0.019759811460971832, 0.0, 0.20537592470645905, 1.6134672164916992, 0.2536056339740753, 0.19283249974250793, 1.0102260112762451, 2.8441457748413086, 0.7534661293029785, 2.6290383338928223, 0.20539894700050354, 0.01785128191113472, 0.07391258329153061, 0.3454568684101105, 0.6377113461494446, 0.5695544481277466, 2.237210750579834, 4.211451053619385, 1.6500895023345947, 0.7194819450378418, 0.0, 0.002718996023759246, 0.4380209445953369, 0.8740027546882629, 0.002757198875769973, 0.11835592985153198, 1.9466191530227661, 1.1343261003494263, 0.20732206106185913, 0.14261068403720856, 0.0846744254231453, 0.0, 0.24498069286346436, 0.8708692789077759, 1.152237057685852, 1.2607172727584839, 0.33312365412712097, 0.0017626261105760932, 0.5674146413803101, 0.5221088528633118, 0.0, 0.17067068815231323, 0.12721998989582062, 0.07486096024513245, 0.427862286567688, 0.05445089191198349, 0.037666305899620056, 4.439535617828369, 0.001846478902734816, 1.9083459377288818, 0.0302396509796381, 0.0, 4.705558776855469, 0.0, 0.20628158748149872, 0.8534573912620544, 0.09954319149255753, 0.21222159266471863, 0.1022472158074379, 0.16541138291358948, 0.14007167518138885, 1.4425541162490845, 0.02642648294568062, 0.20980598032474518, 0.025129809975624084, 0.04665304720401764, 0.19465693831443787, 0.0, 0.18242579698562622, 0.3366149961948395, 0.19204920530319214, 0.03723928704857826, 0.10923455655574799, 0.11449356377124786, 0.2801467478275299, 0.21996746957302094, 2.0784285068511963, 0.14880359172821045, 0.1813010424375534, 0.9642366170883179, 0.9211655259132385, 0.41882702708244324, 0.30081406235694885, 1.2889119386672974, 0.0017219660803675652, 0.14259284734725952, 0.2203439623117447, 0.06777534633874893, 0.009654541499912739, 0.20540833473205566, 0.4524267017841339, 0.16403000056743622, 0.3809654712677002, 0.41140875220298767, 0.0, 0.0, 0.39730775356292725, 0.4451181888580322, 0.0014078081585466862, 1.3885735273361206, 0.16964389383792877, 0.0, 0.5030510425567627, 0.06030585244297981, 0.04253368824720383, 2.2765464782714844, 0.6338616013526917, 0.03812720999121666, 0.1309291124343872, 0.4624786674976349, 0.0, 0.2928367555141449, 0.0022212923504412174, 2.8544044494628906, 0.3102797567844391, 0.20850834250450134, 0.03676321730017662, 0.09741073101758957, 0.5116511583328247, 0.2642739713191986, 0.0, 0.20070889592170715, 0.05126401036977768, 0.7595905661582947, 0.5007385611534119, 0.06164640188217163, 0.30666571855545044, 0.3862188160419464, 1.5510777235031128, 1.7413986921310425, 0.376910924911499, 0.01759534515440464, 0.1343458741903305, 0.0007599300006404519, 0.14227809011936188, 0.017513297498226166, 0.13587263226509094, 1.473328709602356, 0.26381638646125793, 0.029450422152876854, 1.1330000162124634, 0.006973782554268837, 0.00207569170743227, 0.9789754152297974, 0.12558427453041077, 0.0, 0.23735123872756958, 0.0, 0.5492082834243774, 0.22940783202648163, 0.1268559694290161, 0.4985179603099823, 3.0318403244018555, 0.5157874226570129, 1.4939911365509033, 0.01806686818599701, 2.362962484359741, 0.051885366439819336, 0.2937217354774475, 0.0, 1.2501475811004639, 0.7365747690200806, 0.3084581792354584, 0.2372639924287796, 0.8746787905693054, 0.25663721561431885, 0.011590507812798023, 1.8915205001831055, 1.3624380826950073, 0.5030494332313538, 0.05586310848593712, 0.6876235604286194, 0.06190231069922447, 0.3645395040512085, 0.0142606720328331, 0.13497628271579742, 0.0, 1.2127094268798828, 1.1427942514419556, 0.006867087446153164, 0.07035887241363525, 0.7101477980613708, 2.199364185333252, 0.0355047732591629, 0.9877473711967468, 0.09059921652078629, 0.050333838909864426, 0.0, 0.055243879556655884, 9.654979658080265e-05, 0.6361101269721985, 0.054965823888778687, 0.04416944459080696, 0.15492962300777435, 0.022398175671696663, 0.01663285866379738, 0.04206366464495659, 0.05954859033226967, 0.0, 0.24730588495731354, 0.032975196838378906, 0.12025212496519089, 0.018503304570913315, 0.10228431224822998, 0.3603680729866028, 1.9355107545852661, 0.0778583437204361, 0.015376018360257149, 0.2628825008869171, 0.2086028903722763, 0.22473348677158356, 0.05308912321925163, 0.09605136513710022, 0.541168212890625, 0.03746316209435463, 1.0625921487808228, 1.411955714225769, 0.15540668368339539, 1.1213163137435913, 1.217026948928833, 0.03916371986269951, 1.586961030960083, 0.38367611169815063, 0.21745523810386658, 0.012750372290611267, 0.5978361368179321, 0.12594428658485413, 0.0, 0.30157315731048584, 0.4659089148044586, 0.10563401132822037, 3.5132875442504883, 0.06343565881252289, 0.22674842178821564, 0.27075496315956116, 5.2527875900268555, 0.6392252445220947, 0.19868315756320953, 0.37855303287506104, 0.2391015589237213, 0.0, 0.03814280405640602, 0.4582838714122772, 0.0, 0.032431699335575104, 0.0, 0.0, 0.48570141196250916, 0.40496233105659485, 0.04430720582604408, 0.0, 0.7074809074401855, 0.3916240632534027, 0.0, 1.9518420696258545, 0.10163768380880356, 0.0, 0.0020079808309674263, 0.05455993115901947, 0.32041284441947937, 0.36866796016693115, 0.0, 0.38779231905937195, 1.059702754020691, 0.2748677730560303, 0.021013807505369186, 0.01632162556052208, 0.07621186971664429, 0.01368279941380024, 0.10005512088537216, 0.5322883129119873, 0.5447020530700684, 1.147839903831482, 0.043977271765470505, 0.13601136207580566, 0.012731405906379223, 0.0, 0.5545190572738647, 0.04202229529619217, 0.2916305959224701, 0.02365543134510517, 0.22309106588363647, 0.09073692560195923, 0.13719284534454346, 0.060013629496097565, 0.0, 0.5394734144210815, 0.17733877897262573, 0.020648343488574028, 0.05874326452612877, 1.3754535913467407, 0.0, 0.4750712513923645, 0.7943717837333679, 0.0, 0.2570789158344269, 0.3396592438220978, 0.020420487970113754, 0.14108560979366302, 0.2038201242685318, 0.047695282846689224, 1.879526138305664, 0.39829787611961365, 0.480742871761322, 0.1869736909866333, 0.13694189488887787, 0.0006052401731722057, 0.9843785166740417, 0.0094339894130826, 0.1208229660987854, 0.02641969360411167, 0.0, 1.1209553480148315, 0.23006294667720795, 0.44930365681648254, 0.5894229412078857, 0.027266599237918854, 0.08484727144241333, 0.018239742144942284, 0.0, 0.17092156410217285, 0.1760791540145874, 0.01386214792728424, 1.3606458902359009, 0.10790983587503433, 0.0, 0.0, 1.678962230682373, 0.060965586453676224, 0.0, 1.1261667013168335, 0.03576964884996414, 0.0, 0.3496347665786743, 0.3287331759929657, 0.36680835485458374, 0.10951417684555054, 0.029876798391342163, 0.5303022265434265, 0.278068482875824, 0.0, 0.026761187240481377, 0.0, 0.36557668447494507, 0.17353259027004242, 0.251076877117157, 0.0032840261701494455, 0.5140147805213928, 0.08742830902338028, 0.030524009838700294, 0.6911306381225586, 0.41182833909988403, 3.1920320987701416, 0.06082873418927193, 0.012542194686830044, 0.959039032459259, 0.5082144737243652, 0.589618980884552, 0.33562570810317993, 0.0, 0.621266782283783, 0.0810413733124733, 0.1631324589252472, 0.14305923879146576, 0.019628874957561493, 0.07812459766864777, 0.14055301249027252, 0.2555451989173889, 0.3432505428791046, 0.0, 0.3367224633693695, 0.39486196637153625, 0.320426344871521, 1.7489334344863892, 0.23579731583595276, 0.47433480620384216, 0.03681722283363342, 0.2372867614030838, 0.0, 0.00038834495353512466, 0.0, 0.22385762631893158, 0.09410470724105835, 0.00458221510052681, 0.04189547896385193, 0.0, 0.0, 0.033469416201114655, 0.0, 1.4300481081008911, 0.12748579680919647, 0.28346726298332214, 0.2169628143310547, 0.9479472637176514, 0.09811804443597794, 0.10887759178876877, 0.027448853477835655, 0.0674481987953186, 0.020511070266366005, 0.2119847685098648, 0.030159035697579384, 0.0, 0.0, 0.00564624834805727, 0.9390401244163513, 0.011869559064507484, 0.07103236019611359, 0.07370331883430481, 1.537964940071106, 0.10662516951560974, 0.22539761662483215, 0.4485267400741577, 0.9802230596542358, 0.9074205756187439, 0.2550578713417053, 0.7939298748970032, 0.2141502946615219, 0.8972141742706299, 0.1295240819454193, 2.6529643535614014, 0.0, 2.008575677871704, 0.14194439351558685, 0.0, 0.4643155336380005, 0.11396685242652893, 0.27919286489486694, 0.7708770632743835, 0.044736023992300034, 1.3192707300186157, 1.0299822092056274, 0.10602296888828278, 0.14787670969963074, 1.0503090620040894, 0.0, 0.0, 0.05182645097374916, 2.2201826572418213, 0.034566428512334824, 0.040710046887397766, 0.06773512810468674, 0.0, 0.29002559185028076, 0.0256984680891037, 0.5707719326019287, 0.1777164489030838, 0.13344568014144897, 0.05895044282078743, 0.5692945122718811, 0.5412794351577759, 0.08920669555664062, 1.6163384914398193, 0.3145524859428406, 0.03245793655514717, 0.002448286395519972, 0.2446642965078354, 0.5830687880516052, 0.8109595775604248, 0.3946761190891266, 0.03383062407374382, 0.559637725353241, 1.7747606039047241, 0.3384447693824768, 0.315923273563385, 0.6016877889633179, 0.0, 0.31169334053993225, 0.04161171615123749, 1.1687536239624023, 0.0, 0.06563947349786758, 1.0652177333831787, 0.10567817091941833, 0.0664907768368721, 0.05681353062391281, 0.0, 0.9290700554847717, 0.26259493827819824, 0.0, 0.005073401611298323, 1.0267362594604492, 0.5329625010490417, 0.0, 0.19529908895492554, 0.8832171559333801, 0.01113431341946125, 0.5468963384628296, 0.4436945617198944, 0.022471865639090538, 0.2682187259197235, 0.029095465317368507, 0.0, 0.03165005147457123, 2.2071821689605713, 0.0689510777592659, 0.0, 0.22639349102973938, 0.6829118728637695, 0.19570381939411163, 0.29347169399261475, 1.1531250476837158, 0.6467075347900391, 2.043628215789795, 0.02308085560798645, 0.4126693606376648, 0.5017903447151184, 0.5768060684204102, 0.011853746138513088, 0.24838095903396606, 0.6537318825721741, 0.0, 0.023853832855820656, 0.013745685108006, 2.7646291255950928, 0.16143259406089783, 0.2513286769390106, 0.20233872532844543, 0.06163172796368599, 0.07281645387411118, 0.07003474980592728, 0.07704123854637146, 0.0, 0.826082170009613, 0.10428737848997116, 0.13360723853111267, 0.0, 0.13554129004478455, 0.0, 0.13184316456317902, 1.3560622930526733, 0.0, 0.5759270191192627, 0.0, 0.0, 0.163078173995018, 0.0, 0.18090997636318207, 0.0184575617313385, 0.0, 0.0, 0.03309763967990875, 0.0, 0.12668678164482117, 0.12204961478710175, 0.0, 1.2511323690414429, 0.4992501735687256, 1.8058044910430908, 0.13658151030540466, 0.11872828751802444, 1.6895904541015625, 0.3800560235977173, 0.06576662510633469, 0.5248445868492126, 0.6095165610313416, 0.7083833813667297, 0.17586423456668854, 0.21659928560256958, 0.08568909764289856, 0.09526887536048889, 0.008145593106746674, 0.3440256416797638, 0.3142273426055908, 0.41851669549942017, 0.07183191925287247, 1.7760450839996338, 0.2609638273715973, 0.9285445213317871, 0.0, 0.5769400596618652, 0.0, 0.09395907819271088, 0.2712188959121704, 0.0, 0.13280096650123596, 0.0, 0.5534520745277405, 3.031256914138794, 0.384398877620697, 0.12104672938585281, 0.3476870656013489, 0.0, 0.005315402522683144, 0.016542984172701836, 0.0, 0.3130483329296112, 0.022931504994630814, 0.4463411569595337, 0.28172409534454346, 0.0, 4.5019426345825195, 0.0, 0.2572072744369507, 0.07535354793071747, 0.011842411011457443, 0.019535375759005547, 1.0524481534957886, 0.006383501924574375, 0.21211688220500946, 0.27793094515800476, 0.07104603201150894, 0.048997197300195694, 0.0, 0.0, 0.05073605850338936, 0.09565858542919159, 0.0, 0.4611712098121643, 0.2665378153324127, 0.0, 0.0013875133590772748, 0.09793456643819809, 1.0321521759033203, 0.3634764552116394, 0.5061325430870056, 0.13001839816570282, 0.045526184141635895, 0.011542697437107563, 0.015501640737056732, 0.80948406457901, 1.3208242654800415, 0.13306310772895813, 0.5319901704788208, 0.03530624508857727, 0.856003999710083, 0.07484833896160126, 0.08651947230100632, 0.0, 4.351747512817383, 0.0920458510518074, 0.15859375894069672, 0.33123427629470825, 0.015219216234982014, 0.13760459423065186, 0.0, 0.5071972608566284, 0.0, 0.0, 0.1923060268163681, 3.7829184532165527, 0.0, 0.3753277659416199, 0.9960342049598694, 0.0, 0.346856027841568, 0.0850818008184433, 0.0, 0.340689092874527, 0.0, 0.35462871193885803, 0.05513475462794304, 0.808271586894989, 0.7584078907966614, 0.0, 0.1952492594718933, 0.021457839757204056, 0.18464624881744385, 0.0, 0.018938221037387848, 0.9379533529281616, 1.708998203277588, 0.7007125616073608, 0.06856174767017365, 0.02299218252301216, 0.020117424428462982, 0.44633370637893677, 0.22055064141750336, 0.0, 0.1418990045785904, 0.38725319504737854, 0.6399376392364502, 0.4182553291320801, 0.3006415367126465, 0.12897959351539612, 0.014304686337709427, 0.08433316648006439, 0.011582070030272007, 0.8723856806755066, 0.46362242102622986, 0.11879440397024155, 0.15494564175605774, 0.3449134826660156, 0.0, 0.2299138456583023, 0.0, 0.0, 0.0, 0.13470272719860077, 1.9959355592727661, 0.011332922615110874, 0.0, 0.4422844350337982, 0.30148833990097046, 0.5011599659919739, 0.0, 0.3601398169994354, 1.7465953826904297, 0.0, 0.3489982485771179, 0.4841204583644867, 0.22130464017391205, 0.5502640604972839, 0.025532366707921028, 0.022788967937231064, 0.143820121884346, 2.9235594272613525, 0.001362221548333764, 0.14038051664829254, 0.11766478419303894, 0.01720575988292694, 0.03830292448401451, 0.13495291769504547, 0.11737111210823059, 0.04575992748141289, 0.0, 0.14089468121528625, 0.0, 0.13707928359508514, 0.2344110906124115, 0.6168140769004822, 1.0469509363174438, 1.1748974323272705, 0.6525002121925354, 0.6230976581573486, 0.1360887885093689, 0.7597129344940186, 0.9202736616134644, 0.0, 0.07350613921880722, 0.021006789058446884, 0.3841083347797394, 0.0, 0.17599377036094666, 0.48962947726249695, 1.42743980884552, 0.006279989145696163, 0.1479494422674179, 0.0, 0.1922086924314499, 0.07476349920034409, 0.05731669068336487, 0.06499730050563812, 0.19226887822151184, 1.2656458616256714, 0.47291168570518494, 0.00860095489770174, 2.257584571838379, 0.0, 0.18887591361999512, 1.0808478593826294, 0.0, 1.7087637186050415, 0.6473479866981506, 0.03340376913547516, 0.7330301403999329, 0.045212678611278534, 0.024289967492222786, 1.3654725551605225, 0.0017965862061828375, 0.8250699043273926, 0.7312359809875488, 0.050225697457790375, 0.8209287524223328, 0.0, 0.1181434839963913, 0.0, 0.6664520502090454, 0.14367592334747314, 0.0018091396195814013, 0.009725332260131836, 0.1714130938053131, 0.09426631033420563, 0.12884432077407837, 0.09440969675779343, 0.590645432472229, 1.094422459602356, 0.34831202030181885, 0.15002447366714478, 0.0, 1.5967947244644165, 0.0, 0.05533914640545845, 0.0036026774905622005, 1.41239333152771, 0.013932169415056705, 0.11140982806682587, 0.7553049921989441, 2.4348175525665283, 0.9252362847328186, 0.5424351096153259, 3.3784680366516113, 0.04457668215036392, 0.2543318271636963, 0.0, 0.0, 0.0, 0.3750404715538025, 0.42158570885658264, 0.0, 0.7580560445785522, 3.836568832397461, 0.0, 0.07677638530731201, 0.144155353307724, 0.0024541106540709734, 0.5424627065658569, 0.056961555033922195, 0.024007845669984818, 0.10597984492778778, 0.0, 1.0858722925186157, 0.0, 0.22095993161201477, 0.8057023882865906, 0.0549541674554348, 0.31305059790611267, 0.18200773000717163, 1.340772032737732, 0.0, 0.704700231552124, 0.12113761901855469, 0.0652804970741272, 0.0, 0.3893399238586426, 0.2791191339492798, 0.022475339472293854, 0.49116113781929016, 0.0, 0.0, 0.006316934246569872, 0.0, 0.4016694724559784, 0.0397922545671463, 0.5864902138710022, 0.06623735278844833, 0.11619408428668976, 1.5906223058700562, 0.0, 0.12464576214551926, 1.606083631515503, 0.10574967414140701, 0.0, 0.012161128222942352, 0.5407916307449341, 0.12292846292257309, 0.0023598670959472656, 0.4900493919849396, 0.13054709136486053, 0.08006682246923447, 1.117484211921692, 0.053772348910570145, 0.2057381421327591, 0.02956925518810749, 0.3260039985179901, 1.4587304592132568, 0.38862302899360657, 0.04799410700798035, 0.0, 0.8168991804122925, 0.0005921052652411163, 0.007820879109203815, 0.0, 0.0, 0.2628087103366852, 0.23886269330978394, 0.5117192268371582, 0.0060914731584489346, 0.0, 0.012228807434439659, 0.14453516900539398, 0.9589705467224121, 0.9708066582679749, 0.08528944104909897, 1.140605092048645, 0.26316121220588684, 0.010904268361628056, 0.9361010193824768, 0.08377166837453842, 4.544872760772705, 0.12891139090061188, 3.360736846923828, 0.0, 0.3768295645713806, 0.9791254997253418, 0.03923850134015083, 1.7549238204956055, 0.8708956837654114, 1.136270523071289, 0.0, 0.0, 0.4147593379020691, 0.0, 1.18936288356781, 0.0014493806520476937, 0.25040456652641296, 1.7842702865600586, 0.127780482172966, 0.2429431676864624, 0.15865102410316467, 0.019591348245739937, 0.012083924375474453, 0.15275709331035614, 0.5464775562286377, 0.7477263808250427, 0.011954215355217457, 1.2606983184814453, 0.0, 0.02697237953543663, 0.0, 0.04166565090417862, 0.1420416533946991, 0.014011110179126263, 0.5550201535224915, 0.7742265462875366, 0.22589710354804993, 3.1599252223968506, 0.07210095971822739, 2.1224842071533203, 0.0, 0.27905943989753723, 0.15002582967281342, 0.2920730412006378, 0.0, 0.0, 3.4455020427703857, 2.086071491241455, 0.1413307636976242, 0.055203456431627274, 0.0, 0.07392361760139465, 0.0, 3.083508253097534, 0.3384229242801666, 0.03538776561617851, 0.0, 0.011620556004345417, 0.08459068834781647, 0.26331204175949097, 0.5373198986053467, 0.22479096055030823, 0.36799076199531555, 0.045106638222932816, 0.0, 1.0795544385910034, 0.0, 0.0, 0.3287701904773712, 0.0, 1.5100069046020508, 0.14518173038959503, 0.0, 0.06053166836500168, 0.12469396740198135, 0.0806354284286499, 0.28408682346343994, 0.0, 0.1337568312883377, 0.0, 0.08341185748577118, 0.5197909474372864, 0.014335189945995808, 0.36167728900909424, 0.29858192801475525, 0.2517431080341339, 0.46686679124832153, 0.0, 1.1847525835037231, 0.4935016334056854, 0.2879623472690582, 0.21497029066085815, 8.23930835723877, 0.04664716497063637, 0.0, 0.2311648279428482, 0.13485805690288544, 0.10306642204523087, 0.5840876698493958, 0.08401095867156982, 0.0, 0.05879469960927963, 0.021065695211291313, 0.0856548622250557, 0.10373806208372116, 0.046270038932561874, 0.1802450269460678, 0.32968658208847046, 2.0046584606170654, 0.02597030997276306, 0.0020161198917776346, 0.0054794964380562305, 0.0, 0.828004002571106, 0.0436214953660965, 0.006257032975554466, 0.026633579283952713, 0.015644902363419533, 0.06945250928401947, 0.32089555263519287, 0.1270434558391571, 0.0, 0.0, 0.11152967065572739, 0.144279345870018, 0.0, 2.2414538860321045, 0.04973322153091431, 0.3282095491886139, 0.0, 0.017667753621935844, 0.05709388479590416, 0.416626513004303, 1.2131370306015015, 0.381226509809494, 0.04729523882269859, 0.33594122529029846, 0.7409395575523376, 0.6303441524505615, 0.002740709111094475, 0.11279567331075668, 0.5952203273773193, 4.5146684646606445, 0.0040907906368374825, 0.02404949814081192, 0.1459597945213318, 0.13629986345767975, 0.0, 0.0, 0.5183808207511902, 0.23354817926883698, 0.042481809854507446, 0.10838890075683594, 3.754446268081665, 2.1532187461853027, 0.19475777447223663, 0.07249082624912262, 0.017449423670768738, 0.0, 0.6767095327377319, 0.009255146607756615, 0.016634276136755943, 3.278327226638794, 0.5912630558013916, 0.04948145151138306, 0.1708906590938568, 1.5291848182678223, 0.23051084578037262, 0.00858400296419859, 0.052030038088560104, 0.0, 0.24475595355033875, 0.10277493298053741, 0.13387618958950043, 0.0, 0.29334720969200134, 0.13963142037391663, 1.0960739850997925, 0.0, 0.3732936978340149, 0.013078209944069386, 0.018929490819573402, 0.08627011626958847, 0.6502116322517395, 0.059697169810533524, 0.09499406069517136, 0.1338847279548645, 1.232234001159668, 0.10761682689189911, 0.0, 0.20084570348262787, 0.00801487360149622, 0.025849176570773125, 0.0, 0.16788195073604584, 0.07863578200340271, 1.1240572929382324, 1.4729506969451904, 0.0, 0.48259177803993225, 0.874642014503479, 0.970251202583313, 0.04867228865623474, 0.29764747619628906, 0.0, 0.09612441807985306, 0.0, 0.04024277999997139, 0.21068498492240906, 0.17170675098896027, 0.2663595676422119, 0.0, 0.5259751081466675, 0.4250873327255249, 1.3073846101760864, 0.04532777890563011, 0.5127333998680115, 0.3593643307685852, 0.04647788405418396, 0.6679723858833313, 0.08503586798906326, 0.31460583209991455, 1.6954920291900635, 0.11351355910301208, 0.02904844842851162, 0.0, 0.10531069338321686, 1.4955514669418335, 0.0, 0.0, 0.015821287408471107, 0.5368977189064026, 0.1485297530889511, 0.0485876128077507, 0.03938644379377365, 0.7581790089607239, 0.00021994844428263605, 0.3776361644268036, 0.039495959877967834, 0.06508070230484009, 0.06983991712331772, 0.8712681531906128, 1.0543466806411743, 0.7533137202262878, 0.20415590703487396, 0.49072036147117615, 0.4517075717449188, 0.059771809726953506, 0.5898470878601074, 1.5559254884719849, 0.2576617896556854, 0.21627317368984222, 0.17136523127555847, 0.2131173014640808, 0.5485711097717285, 1.565969705581665, 0.0, 0.15401442348957062, 0.3368525207042694, 0.05309682339429855, 0.010645229369401932, 0.6081975102424622, 0.31004267930984497, 0.3503146171569824, 0.0, 0.1274065226316452, 0.15567506849765778, 0.6299693584442139, 1.4912006855010986, 0.028322817757725716, 0.740730881690979, 0.029921984300017357, 0.49215587973594666, 0.0, 4.203629016876221, 0.056068215519189835, 1.3078261613845825, 0.09415137767791748, 1.088277816772461, 0.2025601863861084, 0.2728720009326935, 0.24487191438674927, 0.12080068141222, 0.29750218987464905, 2.883888006210327, 0.017761731520295143, 0.0, 0.16166751086711884, 0.236456498503685, 0.16577480733394623, 0.1867634356021881, 0.08417876809835434, 0.003928447142243385, 0.009951443411409855, 0.08915510773658752, 0.0, 0.07378440350294113, 0.5424181818962097, 0.0, 0.5396758913993835, 0.07642094790935516, 1.3008173704147339, 0.618236780166626, 0.706916332244873, 0.0, 0.3235185444355011, 0.0, 0.27702638506889343, 0.0011164168827235699, 0.04580961912870407, 0.00676271878182888, 0.009737243875861168, 0.01749482750892639, 1.2807338237762451, 0.0, 0.0, 1.0044291019439697, 1.7313836812973022]",Testing/glioma_tumor/image(58).jpg
"[0.21423976123332977, 0.31709063053131104, 0.04659774526953697, 0.0, 0.6591242551803589, 0.3703472316265106, 2.2426533699035645, 0.06310387700796127, 0.0, 0.0, 0.03190859034657478, 0.0, 0.025916902348399162, 0.9327366352081299, 0.10416276007890701, 0.16199584305286407, 0.0849158987402916, 0.7919102907180786, 0.05896814540028572, 0.0, 0.861677348613739, 0.465620756149292, 0.0, 0.003351990133523941, 1.1096688508987427, 0.17232400178909302, 1.8927768468856812, 0.012055338360369205, 0.01506302785128355, 0.2101399153470993, 0.27202457189559937, 0.4273563325405121, 0.7956849932670593, 1.1241668462753296, 0.47079038619995117, 0.18190690875053406, 0.04523072764277458, 0.1458495557308197, 0.04332491010427475, 0.6342218518257141, 1.6261662244796753, 0.25890880823135376, 0.127230703830719, 0.020446592941880226, 0.0, 0.40185481309890747, 0.08538691699504852, 0.09251703321933746, 0.0, 0.8008773326873779, 0.9745681881904602, 0.34712672233581543, 0.46416017413139343, 0.03212971240282059, 3.360247850418091, 3.1633715629577637, 0.08882903307676315, 0.0, 0.16678449511528015, 0.008689089678227901, 0.1287750005722046, 0.77778160572052, 0.19361303746700287, 1.3698073625564575, 0.1325359046459198, 0.0, 0.19296304881572723, 0.1230752095580101, 0.28162240982055664, 0.012934713624417782, 0.09471254795789719, 0.018004462122917175, 0.08834101259708405, 2.1862001419067383, 0.4901929199695587, 0.0, 0.8214588761329651, 0.47115054726600647, 0.0, 0.1899365335702896, 0.09047037363052368, 0.06469988077878952, 1.6251240968704224, 0.938195526599884, 0.09399404376745224, 0.20730742812156677, 1.7191482782363892, 0.10509693622589111, 0.02409684844315052, 0.0, 0.24035391211509705, 0.7161701917648315, 0.0, 0.6395742297172546, 0.13926143944263458, 0.01335245743393898, 0.12907858192920685, 0.17737166583538055, 0.43793508410453796, 0.23249566555023193, 0.18729691207408905, 1.1294546127319336, 0.0, 0.0, 1.6133309602737427, 0.8759153485298157, 0.7058383226394653, 0.9991796612739563, 0.12522634863853455, 2.0244057178497314, 0.0, 0.410899817943573, 0.23853054642677307, 0.42137181758880615, 0.2653317451477051, 0.15852895379066467, 0.06315330415964127, 0.5717845559120178, 0.04331443831324577, 0.0708036944270134, 0.0, 0.009960658848285675, 0.03335728868842125, 0.0, 0.35368821024894714, 0.010457797907292843, 0.05041500926017761, 0.5508512258529663, 2.1039578914642334, 0.0, 0.008129899390041828, 1.5339841842651367, 0.00011518050450831652, 0.7901613712310791, 0.03010990098118782, 0.0, 0.677600622177124, 0.0, 0.0007674110238440335, 0.0, 0.092689648270607, 0.5603471994400024, 0.0, 0.0, 0.13442450761795044, 0.0, 0.0, 3.8645548820495605, 0.002340898150578141, 0.0, 1.3382248878479004, 1.3480966091156006, 0.46110767126083374, 0.0, 0.20137804746627808, 0.04036865755915642, 0.0, 0.008190957829356194, 0.8116422295570374, 0.0080947270616889, 2.026245594024658, 0.09267768263816833, 0.0, 0.0, 0.019680796191096306, 0.25730347633361816, 0.7961013317108154, 0.01845517009496689, 0.035785216838121414, 6.387564659118652, 2.038912534713745, 0.0, 0.09558158367872238, 0.419378399848938, 3.3431644439697266, 0.03648354858160019, 0.0, 0.7858681082725525, 0.10623005777597427, 1.0236343145370483, 0.015456890687346458, 0.2787109911441803, 0.13896390795707703, 0.0, 0.0, 0.39091259241104126, 0.2221785932779312, 1.5382778644561768, 0.19121208786964417, 0.0, 0.08141723275184631, 0.0, 0.0191669762134552, 0.21731077134609222, 0.0, 0.5144579410552979, 0.04687869921326637, 0.0002591415250208229, 0.0, 0.08588220924139023, 1.4575343132019043, 0.15833570063114166, 0.9423851370811462, 0.01665589027106762, 0.909753143787384, 0.1863812357187271, 0.0, 0.19351819157600403, 0.7017509937286377, 0.160684734582901, 0.42556703090667725, 0.052972376346588135, 0.0, 0.6515621542930603, 0.37457337975502014, 0.2394091933965683, 0.33880382776260376, 0.26817238330841064, 0.23690450191497803, 0.0, 0.5176717042922974, 0.04731827229261398, 1.1364766359329224, 0.0, 0.0, 2.105457305908203, 0.1829422414302826, 0.00627383915707469, 2.09901762008667, 0.08108338713645935, 1.2067111730575562, 0.7846167683601379, 0.03876208886504173, 1.2710307836532593, 1.1980311870574951, 0.02525012567639351, 0.0, 0.060950689017772675, 0.0, 0.3600029945373535, 0.5042335391044617, 0.2923262119293213, 0.10313516110181808, 0.0846157819032669, 0.332048624753952, 0.14386509358882904, 0.5282672047615051, 1.2470982074737549, 0.006863968912512064, 1.0113188028335571, 0.3174654245376587, 0.0, 0.7892454266548157, 1.5870434045791626, 0.3140183389186859, 0.13391882181167603, 0.0005493626231327653, 1.584383487701416, 0.0, 0.5907654166221619, 0.0054833716712892056, 0.0, 0.3989236354827881, 0.4927637577056885, 0.0, 0.0, 0.0, 0.0, 0.0, 0.0, 1.250646948814392, 0.0, 0.44215822219848633, 0.05123564228415489, 2.7700257301330566, 0.0, 0.018457237631082535, 2.593636989593506, 0.07210370898246765, 0.0, 1.7111355066299438, 1.0841635465621948, 0.9914984703063965, 0.5113497972488403, 0.5914307236671448, 0.4960411489009857, 0.9442316293716431, 0.09163267910480499, 0.07884269952774048, 0.017232097685337067, 0.9112274646759033, 0.015555215999484062, 0.025540510192513466, 0.7728747725486755, 0.7979912161827087, 2.4218814373016357, 0.4249210059642792, 0.012760797515511513, 1.1953414678573608, 0.0, 0.17709235846996307, 0.019946036860346794, 3.796654224395752, 0.19240069389343262, 1.7121191024780273, 0.011157196015119553, 0.39052635431289673, 0.9331812858581543, 1.749820590019226, 0.17576521635055542, 0.12465378642082214, 0.6265748143196106, 0.04546529799699783, 0.6467238664627075, 0.05046680197119713, 0.05158734694123268, 0.0, 0.040910374373197556, 0.0, 0.2659464180469513, 0.013451021164655685, 0.001147233764640987, 0.0, 0.16384485363960266, 0.04384975507855415, 0.012370746582746506, 0.026141423732042313, 0.30565527081489563, 0.5178225636482239, 1.381752371788025, 0.0008465611026622355, 0.0, 1.040109395980835, 0.15189900994300842, 0.0, 0.0182038564234972, 0.37715837359428406, 0.5871636271476746, 2.4802236557006836, 0.0, 0.1332312971353531, 0.0177480299025774, 0.4126824736595154, 0.9871306419372559, 0.03704146668314934, 0.16114792227745056, 0.005860946606844664, 0.05730021744966507, 0.00643886486068368, 0.6112772822380066, 0.11731140315532684, 0.20642198622226715, 0.4545941650867462, 0.11751328408718109, 0.0016305301105603576, 0.014763384126126766, 0.1172088235616684, 0.22214297950267792, 0.024000128731131554, 0.004814741667360067, 0.03444521129131317, 1.4303869009017944, 0.33580464124679565, 0.0, 0.4178672432899475, 0.3150548040866852, 0.024131586775183678, 0.03190208971500397, 0.0, 0.9342057108879089, 0.0, 0.0, 1.6959328651428223, 2.2684760093688965, 0.0, 0.0, 1.1904363632202148, 0.02313549816608429, 0.0, 0.0029875405598431826, 0.19783952832221985, 0.23682385683059692, 0.0, 0.005058425012975931, 0.34996142983436584, 0.6985246539115906, 0.6333746910095215, 0.0, 0.0, 0.16997824609279633, 0.0, 0.003939538728445768, 0.051152970641851425, 0.2535684406757355, 0.1716984659433365, 7.392045021057129, 0.04245758429169655, 0.39436402916908264, 0.0, 0.1008799821138382, 0.23844999074935913, 0.0, 0.0, 0.07655816525220871, 0.008997087366878986, 4.31518030166626, 0.0, 0.0, 0.3709905445575714, 0.8325892090797424, 0.07370632886886597, 0.0, 0.0, 0.0, 0.2790507972240448, 2.101871967315674, 0.00033663486829027534, 0.0, 0.2422955185174942, 0.037090424448251724, 0.7842465043067932, 0.0, 0.2071138471364975, 0.730731725692749, 0.0, 0.2295387238264084, 0.5043520331382751, 0.23513412475585938, 0.2946431636810303, 0.0, 0.32106733322143555, 0.8144445419311523, 1.6810603141784668, 0.33115944266319275, 0.813861608505249, 0.48960861563682556, 0.004670298658311367, 3.6986238956451416, 0.05193744972348213, 0.0, 0.02681450918316841, 0.008410545997321606, 0.8239138722419739, 0.0, 0.0, 0.01274762861430645, 0.0, 0.8599449992179871, 0.0, 0.015470106154680252, 0.6983256936073303, 0.15170694887638092, 0.10524807870388031, 0.0, 0.03425855189561844, 0.21837468445301056, 0.8148541450500488, 0.0, 0.23150283098220825, 1.7289137840270996, 0.03392384573817253, 0.5600544810295105, 0.593614935874939, 0.22803953289985657, 0.0, 0.004634073935449123, 0.009938882663846016, 2.02587890625, 0.2582413852214813, 0.0, 0.22745604813098907, 0.10465328395366669, 0.04195445403456688, 0.43934693932533264, 0.09547489881515503, 0.11486347019672394, 0.0, 0.021653948351740837, 0.2489093542098999, 0.719109058380127, 1.415635108947754, 0.0, 0.45210719108581543, 0.047870319336652756, 0.0, 0.21800757944583893, 0.0, 0.0, 0.5802098512649536, 0.2774626612663269, 0.0, 2.0802502632141113, 0.722027599811554, 0.10001316666603088, 1.9592595100402832, 0.006928636226803064, 0.9055069088935852, 0.37126976251602173, 0.2189239263534546, 0.5705918073654175, 0.23156815767288208, 0.13870258629322052, 0.29599517583847046, 2.184326171875, 0.19549579918384552, 0.116022989153862, 0.18587519228458405, 0.14289309084415436, 0.02119501307606697, 0.2566019296646118, 0.002522461349144578, 0.3165844976902008, 0.05173328146338463, 0.13175831735134125, 0.0844593346118927, 0.2150678187608719, 0.37825390696525574, 0.06165558099746704, 0.014052223414182663, 0.0, 0.006430309731513262, 0.35438427329063416, 0.0, 0.07099312543869019, 0.0, 0.5288318991661072, 0.0, 0.0, 0.0020578247494995594, 1.8354945182800293, 0.10130728781223297, 2.464383840560913, 0.7002899050712585, 3.4790332317352295, 0.21039296686649323, 1.051172137260437, 1.7397186756134033, 0.5241813063621521, 0.011907830834388733, 0.2537722587585449, 0.0, 0.958417534828186, 0.10523506253957748, 0.3365206718444824, 1.4891351461410522, 0.012622534297406673, 0.0, 0.0, 0.0868661031126976, 0.033595357090234756, 0.010033782571554184, 0.004115360323339701, 0.5647560954093933, 0.013546623289585114, 1.6539783477783203, 1.2927337884902954, 0.5246332883834839, 0.0, 0.012964542955160141, 0.02603740431368351, 0.9810529351234436, 0.9711506962776184, 0.07470224052667618, 0.0, 0.0, 0.006150880828499794, 0.01797374337911606, 0.20994046330451965, 0.7272320985794067, 0.006204138044267893, 1.6528834104537964, 0.09799694269895554, 0.19565771520137787, 0.0, 0.0, 2.6797127723693848, 0.0, 1.9987668991088867, 0.09467712044715881, 0.18059037625789642, 0.0332799069583416, 0.008896998129785061, 0.24952943623065948, 0.29332688450813293, 0.0, 0.04342903941869736, 0.05077800899744034, 0.006352663040161133, 0.0, 0.0, 0.05282897874712944, 0.04066935181617737, 0.24092617630958557, 0.0, 0.1166984811425209, 0.18876758217811584, 0.4009864926338196, 0.026739828288555145, 0.08719562739133835, 0.18065966665744781, 2.1676297187805176, 0.0, 4.036196231842041, 0.09438536316156387, 0.21850168704986572, 0.02863871119916439, 0.0, 0.0, 0.23086796700954437, 0.9439911246299744, 0.0, 0.21788018941879272, 0.12965679168701172, 0.2667524516582489, 0.0, 0.018446102738380432, 0.0, 0.013556388206779957, 0.022748231887817383, 0.3027117848396301, 0.3420077860355377, 0.052425190806388855, 5.220590591430664, 0.11813201755285263, 0.4910123348236084, 0.06903831660747528, 0.004898465238511562, 0.3212093114852905, 0.0, 0.0, 0.12394987046718597, 0.4506056606769562, 0.00752513250336051, 0.38173985481262207, 0.0, 0.0, 0.0, 0.0, 0.54192054271698, 0.10857103019952774, 0.8275561928749084, 0.052053868770599365, 0.8052670359611511, 0.08119403570890427, 0.0, 0.551304280757904, 0.6139422655105591, 0.0, 0.016535505652427673, 0.0, 0.9437479972839355, 0.9681401252746582, 0.15974724292755127, 0.0, 2.5733513832092285, 0.002702114637941122, 0.5718107223510742, 0.0, 0.31526854634284973, 0.0, 0.6406025290489197, 0.014649196527898312, 0.04431799426674843, 0.008634514175355434, 1.7712022066116333, 0.007794239092618227, 1.8887889385223389, 0.09379597008228302, 0.0, 0.6034820675849915, 0.008316239342093468, 0.6286634206771851, 0.3325023949146271, 0.09642429649829865, 0.0, 0.6029749512672424, 0.0, 0.023592466488480568, 0.0, 2.910734176635742, 3.0683841705322266, 0.054621949791908264, 0.0, 0.18444950878620148, 1.673971176147461, 0.42021575570106506, 0.06103917583823204, 0.5166769027709961, 0.7154656052589417, 0.6503106951713562, 0.006297125946730375, 0.4576059877872467, 0.09512140601873398, 0.0, 0.0, 0.06437700986862183, 0.3600124418735504, 0.7750491499900818, 0.0, 0.010400524362921715, 0.05779857188463211, 0.19443830847740173, 0.6138135194778442, 0.013844219967722893, 0.0, 0.0, 1.6894727945327759, 1.4721070528030396, 1.075676679611206, 0.0, 5.229152202606201, 0.0, 0.013192118145525455, 0.0, 1.081409215927124, 0.05340844765305519, 0.0, 0.0, 0.0, 0.0, 0.019931649789214134, 4.3804850578308105, 0.22678792476654053, 0.0, 0.0, 3.10933518409729, 0.7024767994880676, 0.019089102745056152, 1.981691598892212, 0.1973823755979538, 0.08668544143438339, 0.723835825920105, 0.0701223611831665, 1.1900169849395752, 0.3005768656730652, 0.0, 0.5603829026222229, 0.516618549823761, 1.6138019561767578, 0.1199374869465828, 0.0, 0.16199158132076263, 3.248666763305664, 0.0, 0.0027127412613481283, 1.9039303064346313, 0.07261378318071365, 0.0, 0.044435836374759674, 0.1286483258008957, 0.47221142053604126, 1.4135035276412964, 0.00479685515165329, 0.014648736454546452, 0.3946431875228882, 0.21439915895462036, 0.9332900047302246, 0.3376648426055908, 0.052935365587472916, 0.3891797363758087, 0.7335331439971924, 0.2156463861465454, 2.1301016807556152, 1.9255679845809937, 0.0, 0.0, 0.02558971382677555, 0.0819803923368454, 0.8067858815193176, 1.0553946495056152, 0.1516401767730713, 0.0, 0.023054011166095734, 0.08071406930685043, 0.005628104321658611, 0.006398227531462908, 0.05281297490000725, 0.09091558307409286, 2.573517322540283, 0.11412128806114197, 0.26289090514183044, 0.3909076750278473, 0.07759787142276764, 0.0, 0.45731493830680847, 0.08583131432533264, 4.128178596496582, 1.6381057500839233, 0.5001602172851562, 0.0, 0.19791321456432343, 1.5490871667861938, 0.6778835654258728, 0.03330568969249725, 0.435265451669693, 0.0929681733250618, 0.2176051288843155, 0.0, 0.08378276228904724, 0.0, 0.0, 0.0, 0.5661118030548096, 0.6366412043571472, 0.02636352926492691, 0.35916733741760254, 1.3769197463989258, 0.8395289778709412, 1.1201788187026978, 0.528729259967804, 0.2148175686597824, 0.0, 0.8888389468193054, 0.0, 1.2882955074310303, 0.0613027885556221, 2.6056692600250244, 1.7168298959732056, 0.0, 0.0029484836850315332, 0.06364207714796066, 0.007640483323484659, 0.6018543839454651, 0.6905953288078308, 0.44212573766708374, 0.37279272079467773, 0.021821022033691406, 0.1844620257616043, 0.019169650971889496, 4.582183361053467, 0.0, 0.9759214520454407, 0.07487035542726517, 0.0, 0.22194074094295502, 2.820692300796509, 0.0, 0.0, 0.09664256125688553, 0.0, 0.0, 0.0, 1.1543716192245483, 2.3268237113952637, 0.8576575517654419, 0.0, 0.7103859782218933, 0.15511691570281982, 0.144857719540596, 1.9390634298324585, 0.0, 0.0, 0.10775652527809143, 0.011839820072054863, 0.045114293694496155, 0.24163763225078583, 0.01109528262168169, 0.0, 0.1326456516981125, 3.3704640865325928, 0.4728166162967682, 0.09820190072059631, 0.08051452040672302, 0.0, 1.5409748554229736, 0.022237300872802734, 0.41542941331863403, 0.10945974290370941, 0.6385983824729919, 6.698981285095215, 1.0492888689041138, 0.0, 0.03977978974580765, 0.58828204870224, 0.0, 0.2869914770126343, 0.14539536833763123, 0.3405217230319977, 1.9215673208236694, 0.6148921251296997, 0.054228369146585464, 1.0010875463485718, 0.4664100408554077, 0.0, 1.544395923614502, 0.0, 1.7510905265808105, 2.0413002967834473, 0.2123580276966095, 0.07030559331178665, 0.05543612316250801, 0.3091793954372406, 0.23962748050689697, 0.01475074328482151, 0.10498631745576859, 0.0, 0.6663356423377991, 0.19852286577224731, 0.07568856328725815, 0.7449401617050171, 0.0, 0.14697471261024475, 0.1757693737745285, 0.0, 4.990128040313721, 0.022801073268055916, 0.06797507405281067, 1.0441123247146606, 0.53155517578125, 0.07091576606035233, 1.5222193002700806, 0.21117578446865082, 0.13192632794380188, 0.0, 0.03133236989378929, 2.0895097255706787, 0.0, 0.03784947469830513, 0.12334718555212021, 0.012533518485724926, 0.2506241798400879, 0.12899567186832428, 0.7499306201934814, 0.2699829339981079, 0.00595048489049077, 0.0007931066793389618, 0.1797364354133606, 1.0564115047454834, 1.7712388038635254, 0.00699361739680171, 0.0, 0.06546955555677414, 0.7043917775154114, 0.0, 1.1431965827941895, 0.9043468832969666, 0.009013497270643711, 0.004591586533933878, 0.0, 0.0, 0.7397839426994324, 0.08974840492010117, 0.0, 0.18406301736831665, 0.08260765671730042, 0.5854935646057129, 0.4338747262954712, 0.2062898874282837, 0.6992339491844177, 0.4846561551094055, 0.0, 0.16598595678806305, 0.0027244407683610916, 0.02134060114622116, 0.14373138546943665, 0.02867339551448822, 0.0, 0.9924165606498718, 0.010895753279328346, 0.22721174359321594, 0.21811769902706146, 0.0, 0.0, 0.5496993660926819, 0.02580578252673149, 1.0392690896987915, 0.4625258445739746, 0.0, 0.16640079021453857, 0.0, 0.004607774782925844, 0.7047767043113708, 0.024832604452967644, 0.25480812788009644, 0.0, 0.7860463261604309, 0.797648549079895, 0.0, 0.5832839012145996, 0.17206071317195892, 1.0931637287139893, 2.527325391769409, 0.21829535067081451, 0.47936031222343445, 0.5923882126808167, 0.0, 0.9709124565124512, 0.1064879298210144, 0.014691292308270931, 0.09002421051263809, 0.0, 0.03533713519573212, 0.010726721957325935, 0.06401312351226807, 0.32209908962249756, 0.0, 0.024272281676530838, 0.0, 0.26514753699302673, 0.0, 0.6465439796447754, 0.0, 0.0, 0.0970955640077591, 1.3958333730697632, 0.11847031116485596, 0.10067743062973022, 0.31325864791870117, 1.1174366474151611, 0.0, 1.0003483295440674, 0.0, 0.02164900116622448, 0.7663393020629883, 0.05450047180056572, 0.03853949159383774, 0.18659375607967377, 0.245125874876976, 0.6467866897583008, 0.2081935703754425, 0.3349052667617798, 0.11654021590948105, 0.06341240555047989, 0.501304566860199, 0.19400016963481903, 1.4144651889801025, 0.0, 0.052767131477594376, 0.0, 0.09116589277982712, 0.7267491817474365, 0.01308591477572918, 0.19778932631015778, 0.39235612750053406, 0.25538453459739685, 0.28743690252304077, 0.07228709012269974, 0.0, 0.016200844198465347, 0.07542842626571655, 0.053684014827013016, 0.0, 0.42274191975593567, 0.0, 0.005108872428536415, 0.3460487127304077, 0.0, 0.0, 0.07608501613140106, 0.21107807755470276, 0.0, 0.04664362594485283, 0.011181045323610306, 0.086552195250988, 0.01598537713289261, 0.0, 1.444044828414917, 1.909704566001892, 1.305501103401184, 0.9009554982185364, 0.11664086580276489, 0.3744661509990692, 0.009947514161467552, 0.08438777923583984, 0.03427078202366829, 0.0, 0.069307841360569, 0.709049642086029, 0.05351543799042702, 1.460893154144287, 0.44264236092567444, 4.267014980316162, 0.24749724566936493, 0.4995066225528717, 0.37088683247566223, 0.0, 0.046565212309360504, 0.0, 0.0324745699763298, 0.2914775609970093, 1.0835870504379272, 0.004885524976998568, 2.3326785564422607, 2.0507984161376953, 0.0, 0.03595205768942833, 0.06335494667291641, 2.060295581817627, 2.35832142829895, 0.09880251437425613, 0.0, 0.03340830281376839, 0.4424455463886261, 0.012517157942056656, 3.5646374225616455, 0.0, 0.36351582407951355, 0.0, 0.0, 0.4129100739955902, 0.17151230573654175, 0.14834322035312653, 0.4585099220275879, 0.3611856997013092, 0.08447300642728806, 0.0, 0.7110428810119629, 0.5828409194946289, 0.0950993224978447, 0.1077766939997673, 0.44012054800987244, 0.4529493749141693, 0.030652211979031563, 0.018379950895905495, 0.4352400004863739, 0.7294672727584839, 0.27986282110214233, 0.0, 0.026745805516839027, 0.07508952170610428, 0.8049596548080444, 0.008676833473145962, 0.6051836609840393, 0.267197847366333, 0.0, 0.2731674015522003, 0.34624403715133667, 0.14601323008537292, 0.03984835371375084, 0.06283344328403473, 0.03885524347424507, 0.7429875135421753, 0.010532425716519356, 1.901267170906067, 0.009297818876802921, 0.0, 0.0001288579369429499, 0.0, 0.0414697602391243, 0.014321154914796352, 0.0, 0.004658363293856382, 1.6610057353973389, 0.0, 0.06226598098874092, 0.0, 0.0, 0.0, 0.0, 0.09384199976921082, 0.037425000220537186, 0.44315144419670105, 0.0, 0.25359365344047546, 2.1222612857818604, 0.2913249731063843, 0.09231040626764297, 0.01971079409122467, 0.044671960175037384, 0.19207002222537994, 0.0, 0.03343003988265991, 0.21227902173995972, 0.11704456806182861, 0.03890641778707504, 0.019093235954642296, 0.2962628901004791, 0.5193299651145935, 0.0, 0.043619778007268906, 0.09314965456724167, 0.0, 0.21474698185920715, 0.047826431691646576, 0.129721999168396, 0.2861742377281189, 0.0, 0.051051024347543716, 0.3712354302406311, 0.6365768313407898, 0.0, 0.037267446517944336, 0.005772970151156187, 0.0, 0.0, 0.17400173842906952, 0.3402654826641083, 0.7663652300834656, 0.5880260467529297, 0.450008362531662, 0.11715412139892578, 0.47880274057388306, 0.22350989282131195, 0.05429444834589958, 0.0, 0.3758760988712311, 0.7481244206428528, 0.08084660768508911, 0.024727147072553635, 0.023942062631249428, 0.30761632323265076, 0.3247239291667938, 0.331048846244812, 0.00034912265255115926, 2.4593303203582764, 0.0, 0.6405102610588074, 0.6972224116325378, 0.12950846552848816, 0.40244704484939575, 2.302185297012329, 0.10234858095645905, 0.878627359867096, 0.6975695490837097, 0.0, 0.22682569921016693, 0.0, 0.043562114238739014, 0.003453098936006427, 0.24715478718280792, 0.22594203054904938, 0.08267876505851746, 0.03566315025091171, 0.06863309442996979, 0.0, 0.06909403204917908, 0.0, 0.39002758264541626, 1.035142421722412, 0.0, 0.0, 0.07775028795003891, 0.009041093289852142, 5.766324996948242, 0.18547002971172333, 0.010525698773562908, 0.01927027478814125, 0.0, 0.05600793659687042, 0.22593194246292114, 0.5967531204223633, 0.0, 0.7720139026641846, 0.19488640129566193, 0.008403670974075794, 0.4747459292411804, 0.14123457670211792, 0.1327662616968155, 0.23485147953033447, 0.21833482384681702, 0.04288569092750549, 1.8203868865966797, 1.1579846143722534, 0.0, 0.007467474322766066, 0.0, 1.3997186422348022, 0.0030223617795854807, 0.0, 0.33835649490356445, 0.041882406920194626, 0.350768506526947, 0.6047394275665283, 0.03598834201693535, 0.5902832746505737, 0.34446948766708374, 1.167619228363037, 0.9562247395515442, 0.0, 0.7725753784179688, 0.028053775429725647, 0.0, 0.2742156684398651, 0.11159028112888336, 0.0, 0.10286509990692139, 0.38286668062210083, 0.11203937232494354, 0.0, 0.20730432868003845, 0.0988224595785141, 0.2476605623960495, 1.05936598777771, 0.5037490129470825, 0.0, 0.027440855279564857, 0.005053101573139429, 0.06638272106647491, 0.07029785215854645, 0.5629037618637085, 0.3266432285308838, 0.2107120007276535, 0.0, 0.0, 0.5483292937278748, 0.06406950950622559, 0.3669879734516144, 0.7629334330558777, 0.024922838434576988, 0.0022390473168343306, 0.6359755992889404, 0.03388991951942444, 0.053227201104164124, 2.3475277423858643, 0.0, 0.0, 0.0010169087909162045, 0.14398589730262756, 1.3682074546813965, 3.069718360900879, 0.29940351843833923, 0.020619161427021027, 0.13706444203853607, 0.15253224968910217, 0.7429617047309875, 0.22001144289970398, 0.2520090937614441, 0.02096107229590416, 0.05638303607702255, 1.301073670387268, 1.0100231170654297, 0.12679217755794525, 0.05743434652686119, 0.025293627753853798, 0.0, 0.0, 0.18840855360031128, 0.0, 0.26565617322921753, 0.08424116671085358, 0.06448867172002792, 0.016669029369950294, 0.550834059715271, 0.0027067807968705893, 0.0, 0.2637946903705597, 0.14093725383281708, 0.044538985937833786, 1.0072752237319946, 0.9862574338912964, 0.021171249449253082, 0.3955722749233246, 0.027791669592261314, 0.057555850595235825, 0.032293446362018585, 4.496005535125732, 0.0, 0.0, 0.0359165295958519, 4.653807640075684, 0.3127865493297577, 0.07039090245962143, 0.13649944961071014, 0.0, 0.11735183000564575, 0.0029163092840462923, 0.10270918905735016, 0.6384248733520508, 0.10771086812019348, 0.0963297113776207, 0.24525144696235657, 0.4450691342353821, 0.0, 0.08314699679613113, 0.0, 2.113039970397949, 0.0, 0.8941488265991211, 0.0, 0.0, 1.0316022634506226, 0.052041102200746536, 0.2530433237552643, 0.0, 5.5480170249938965, 0.3977634906768799, 0.22224579751491547, 0.3490549325942993, 0.5421893000602722, 0.0, 2.068815231323242, 1.0305685997009277, 0.045452915132045746, 1.2481576204299927, 0.6063374280929565, 0.0, 0.09102324396371841, 0.0, 0.8046613335609436, 0.0, 0.0, 0.0, 0.0034407840576022863, 0.0, 0.0, 0.14297731220722198, 0.0, 5.013991355895996, 0.14505092799663544, 0.0, 0.0, 2.177750587463379, 0.09555191546678543, 2.3785929679870605, 0.3148200511932373, 0.0, 0.055228810757398605, 0.4025503695011139, 0.3658893406391144, 0.1493089497089386, 0.3797764778137207, 0.23557917773723602, 0.010744374245405197, 0.14332041144371033, 0.0, 0.19038282334804535, 0.158092200756073, 0.01682564616203308, 0.01783539168536663, 0.2242392748594284, 0.03527165576815605, 0.06970452517271042, 0.0, 1.3784654140472412, 0.010921054519712925, 0.07077035307884216, 0.004131180699914694, 0.0, 0.13792963325977325, 1.5107390880584717, 0.0, 0.22089257836341858, 0.0, 0.656279981136322, 0.44366735219955444, 0.06325341016054153, 0.0, 0.2419440597295761, 0.004740510601550341, 0.16516363620758057, 0.05207109451293945, 0.0, 1.86260986328125, 0.0, 0.0, 1.4736710786819458, 0.042564138770103455, 0.002223112154752016, 0.3090207874774933, 0.0436214916408062, 0.0, 0.6757495403289795, 0.008157907985150814, 0.016026567667722702, 0.0, 6.492040847660974e-05, 0.08093628287315369, 0.0, 0.29479220509529114, 0.598017156124115, 0.008440932258963585, 0.04202545806765556, 0.042491551488637924, 0.8599975109100342, 2.29374623298645, 3.8073861598968506, 0.0, 0.18029314279556274, 1.2709547281265259, 0.0, 1.485323190689087, 0.025906197726726532, 2.8251333236694336, 0.3346644937992096, 1.0493266582489014, 0.3168993890285492, 0.2552870512008667, 0.008688818663358688, 2.74461030960083, 0.033348940312862396, 0.004845539107918739, 0.02569221891462803, 0.054364122450351715, 0.11135531216859818, 0.0916195660829544, 0.6547686457633972, 0.0, 0.2829224467277527, 0.02435770072042942, 0.08688706904649734, 0.0, 3.4449400901794434, 0.0, 0.624743640422821, 2.304720401763916, 0.027786653488874435, 1.4427810907363892, 0.3215142488479614, 0.0032904634717851877, 2.7432096004486084, 0.6944767832756042, 0.22877737879753113, 0.0, 2.259650945663452, 0.27392899990081787, 0.5298319458961487, 0.019444569945335388, 0.18198008835315704, 0.05850963667035103, 0.0, 0.0, 0.9294105172157288, 0.3798922002315521, 0.14990757405757904, 0.7079601883888245, 0.0, 0.5448973774909973, 0.3636391758918762, 0.13787880539894104, 0.0, 0.06507913023233414, 0.0, 0.13255393505096436, 0.8325077891349792, 0.008750326931476593, 0.2484755665063858, 0.0011163195595145226, 0.0, 0.31202664971351624, 2.4621360301971436, 0.43795162439346313, 0.0, 0.007010632660239935, 0.32085272669792175, 0.0, 0.0, 0.5932998061180115, 0.01893104985356331, 0.0, 0.014342118054628372, 0.24812643229961395, 0.0, 0.0, 0.27055472135543823, 0.057501375675201416, 0.0, 0.043508753180503845, 0.08817174285650253, 0.0225942712277174, 0.3395746946334839, 0.8351715803146362, 0.020732194185256958, 0.0, 0.14123065769672394, 0.49362921714782715, 3.282841920852661, 0.0, 3.618074417114258, 0.39742058515548706, 0.5109191536903381, 1.5401941537857056, 0.0, 0.24393782019615173, 0.8836521506309509, 0.0, 1.4199985265731812, 0.0, 0.36058568954467773, 0.1019635945558548, 0.0, 0.5255391597747803, 0.0, 0.8950866460800171, 1.3312819004058838, 0.0, 0.8537058234214783, 1.3375493288040161, 0.7103859186172485, 0.567945659160614, 0.0, 0.2686300575733185, 0.01802329160273075, 0.8400692939758301, 0.0, 0.0, 0.036868516355752945, 0.8643951416015625, 0.13155360519886017, 0.5431528091430664, 0.2975478768348694, 0.0, 0.021891841664910316, 0.0, 0.021311623975634575, 0.07949248701334, 0.8308926224708557, 0.049816470593214035, 0.12678438425064087, 1.0970969200134277, 0.0, 0.5419681072235107, 0.6136148571968079, 0.0, 1.394458532333374, 0.0, 0.055632103234529495, 0.0117116654291749, 0.03552946820855141, 0.0, 1.491064429283142, 0.0, 0.05662578344345093, 0.027806155383586884, 0.0651693344116211, 0.0, 0.3209860920906067, 0.16315434873104095, 0.0007374700508080423, 0.0, 0.11062271893024445, 0.0, 0.010091433301568031, 0.7877955436706543, 0.34416964650154114, 0.2273465394973755, 1.7541558742523193, 0.21573784947395325, 1.3760201930999756, 0.024784604087471962, 0.0, 0.0, 1.426255226135254, 0.061576634645462036, 0.057452596724033356, 0.005235538352280855, 0.6698032021522522, 0.10148698091506958, 0.17716854810714722, 0.47244933247566223, 0.04695632681250572, 0.31916189193725586, 0.42433494329452515, 2.792227029800415, 0.33011457324028015, 0.09968020021915436, 0.4561710059642792, 0.08235018700361252, 0.0, 0.42822951078414917, 0.0, 0.0, 2.2402865886688232, 1.9423514604568481, 0.013226854614913464, 0.0, 0.0, 0.0, 0.11480187624692917, 0.0, 0.4712987542152405, 0.04928676038980484, 0.0, 0.05023221671581268, 0.10016035288572311, 0.13008952140808105, 0.18355447053909302, 2.5702171325683594, 0.20929883420467377, 0.045570313930511475, 0.08459967374801636, 0.0, 0.3627827763557434, 0.17649288475513458, 0.03412572294473648, 0.0, 1.2499788999557495, 0.2351975291967392, 0.3626008629798889, 0.0, 0.02747989632189274, 0.0, 0.019170667976140976, 0.02574872225522995, 1.1113066673278809, 0.0, 1.706984519958496, 0.0, 0.6590235829353333, 0.432981014251709, 0.0, 0.09846141189336777, 0.46611547470092773, 0.0, 0.0, 0.006275252439081669, 0.02810647524893284, 0.0, 0.0, 0.939936637878418, 0.0, 0.0, 0.08885827660560608, 0.17914257943630219, 0.3209616541862488, 0.06085912510752678, 1.0394988059997559, 0.04235462099313736, 0.30478426814079285, 0.0, 0.028339093551039696, 0.3874756097793579, 0.0, 0.0, 0.006944024004042149, 0.009125894866883755, 0.3791452646255493, 0.3449655771255493, 0.0657711774110794, 0.04946093261241913, 0.02507101744413376, 1.1413542032241821, 0.023062318563461304, 1.1188766956329346, 0.16209189593791962, 0.13091042637825012, 0.44905462861061096, 0.21094703674316406, 0.35619693994522095, 1.1071958541870117, 0.007878999225795269, 2.5224597454071045, 0.031671375036239624, 0.6595138311386108, 0.0, 0.12617920339107513, 2.6937689781188965, 0.13662800192832947, 0.9544137716293335, 0.004263581242412329, 3.2166953086853027, 0.003169646020978689, 0.0, 0.17674244940280914, 0.569596529006958, 0.14076745510101318, 0.08043745905160904, 0.010188540443778038, 0.2103137969970703, 0.0, 0.45362764596939087, 0.8948157429695129, 0.010082283988595009, 0.0, 0.17197579145431519, 0.3908049166202545, 0.5960142612457275, 0.04871489480137825, 0.9014465808868408, 0.0, 0.0, 0.0, 0.09944218397140503, 0.041365865617990494, 0.8541592955589294, 0.10382187366485596, 0.6842519044876099, 1.7637832164764404, 1.2549968957901, 0.005857205018401146, 0.31165656447410583, 0.04757504537701607, 0.023333875462412834, 0.24559009075164795, 0.011842949315905571, 0.0, 0.0794718861579895, 2.6635169982910156, 1.5325549840927124, 0.71114581823349, 0.005933776032179594, 0.01890309527516365, 0.0, 0.0, 2.8151156902313232, 0.7209439277648926, 0.9325405955314636, 0.0, 0.1925290822982788, 0.7615369558334351, 0.0, 0.14509263634681702, 0.009762661531567574, 0.9008663892745972, 0.20079195499420166, 0.0, 1.062691569328308, 0.3862685263156891, 0.036621369421482086, 0.05375079810619354, 0.0, 1.686370849609375, 0.06608343124389648, 0.10863146185874939, 0.09265187382698059, 0.052745379507541656, 0.0, 0.5307554006576538, 0.003102891379967332, 0.0, 0.16356946527957916, 0.11472126841545105, 0.07535825669765472, 0.09315446764230728, 0.13964135944843292, 0.46699804067611694, 0.7968109846115112, 0.06541842222213745, 0.31816408038139343, 1.1566106081008911, 0.22185887396335602, 1.906978964805603, 0.004846157040446997, 9.075871467590332, 0.0, 0.10622844845056534, 0.6150079965591431, 0.030964883044362068, 0.06822684407234192, 0.24176500737667084, 0.8135312795639038, 0.0, 0.23012714087963104, 0.12421855330467224, 1.1447590589523315, 0.0, 0.020599372684955597, 0.0, 0.2090849131345749, 1.4815638065338135, 0.0, 0.088786281645298, 0.10188007354736328, 0.513914167881012, 0.4650167226791382, 0.8782870769500732, 0.0, 0.0, 0.1579015702009201, 0.0, 0.050323788076639175, 0.0, 0.08226028829813004, 0.06687340140342712, 0.45411360263824463, 0.17369723320007324, 0.526189923286438, 0.3521834909915924, 0.05177490413188934, 0.034774698317050934, 0.5905542969703674, 0.0023179687559604645, 0.21890035271644592, 0.0, 1.2282376289367676, 2.117922782897949, 0.26262539625167847, 0.7188730239868164, 0.0, 0.23809503018856049, 0.0008146616746671498, 0.30859893560409546, 1.1888148784637451, 1.5916156768798828, 0.0, 1.9083219766616821, 0.08469298481941223, 0.2107725292444229, 0.0, 0.14598871767520905, 0.6575742363929749, 0.0, 0.024568399414420128, 0.07518279552459717, 0.9792304039001465, 0.9750905632972717, 0.029416339471936226, 0.0, 0.0, 0.0352562740445137, 0.09532979130744934, 0.0, 0.22829250991344452, 0.8036806583404541, 0.09894826263189316, 0.2056877762079239, 0.0, 0.6953597068786621, 1.1113770008087158, 0.05453738570213318, 0.050402574241161346, 0.10436961054801941, 0.1776333451271057, 0.12720370292663574, 0.6467564702033997, 0.0, 0.0021481977310031652, 0.0, 0.3234257102012634, 0.0, 0.13195401430130005, 0.0, 0.015069834887981415, 0.01950140856206417, 0.37647145986557007, 0.3843609094619751, 0.0, 0.5329081416130066, 0.2588850259780884, 0.0, 0.005853889975696802, 0.3203907907009125, 0.0037381381262093782, 0.5313677787780762, 0.03208468481898308, 0.12086828052997589, 0.18801483511924744, 0.2401304990053177, 2.3434765338897705, 0.3438253700733185, 0.19071030616760254, 0.4278126657009125, 0.601230800151825, 0.1659841686487198, 0.0, 0.00850694254040718, 0.04955087974667549, 0.31327036023139954, 0.06797904521226883, 0.6151193976402283, 0.024990858510136604, 0.008181163109838963, 0.09262554347515106, 0.04349236562848091, 0.0, 1.9391566514968872, 1.0820690393447876, 0.8704412579536438, 0.067714624106884, 1.275799036026001, 0.035784170031547546, 0.2899133265018463, 0.4053054451942444, 0.3987742066383362, 0.0, 0.10889033228158951, 0.580413281917572, 0.8499128222465515, 0.44503355026245117, 0.056942861527204514, 0.14427734911441803, 0.0, 0.3836190402507782, 0.157928928732872, 0.13002943992614746, 0.41521787643432617, 0.02781887911260128, 0.7205843925476074, 0.0, 1.0292085409164429, 0.027072887867689133, 0.0, 0.9791778326034546, 1.0977094173431396, 0.29305192828178406, 0.0, 0.4345172941684723, 0.0, 0.0, 0.4349513649940491, 0.10590896755456924, 0.1887573003768921, 0.045321036130189896, 0.5732810497283936, 0.05417909473180771, 0.0, 1.997722864151001, 0.0, 0.9725212454795837, 0.47156980633735657, 0.03419041261076927, 0.0, 0.04455797001719475, 0.3234582543373108, 0.03565756604075432, 0.0, 0.33540916442871094, 0.8573911786079407, 1.4529109001159668, 1.082376480102539, 0.0, 1.0440322160720825, 0.04438529163599014, 0.9653935432434082, 0.0025380607694387436, 3.814291477203369, 0.04384954646229744, 1.3681352138519287, 0.005465424619615078, 1.2540870904922485, 0.268284410238266, 0.12857472896575928, 1.7158921957015991, 0.017955485731363297, 1.0272146463394165, 0.7395629286766052, 0.0010945164831355214, 0.18059544265270233, 0.2738673686981201, 1.0944722890853882, 1.3323912620544434, 0.0, 0.01830376870930195, 0.0, 0.06220017746090889, 0.0, 0.16636213660240173, 0.353951632976532, 2.0560543537139893, 0.0, 0.0, 0.022479230538010597, 1.4917316436767578, 0.25273868441581726, 0.6487472057342529, 0.011045579798519611, 0.6426841020584106, 0.0003492734977044165, 0.17747439444065094, 0.0008529278566129506, 0.13073274493217468, 0.17041291296482086, 0.0, 0.11737086623907089, 0.06708577275276184, 0.0, 0.0, 5.357582092285156, 0.2034505307674408]",Testing/glioma_tumor/image(32).jpg
"[1.4330663681030273, 0.6534185409545898, 0.0, 1.464464783668518, 2.2991392612457275, 0.18765422701835632, 2.171510696411133, 0.022389888763427734, 1.0230926275253296, 0.0, 0.017056960612535477, 0.12225554138422012, 0.22519749402999878, 1.2288085222244263, 0.0, 0.0, 0.06809602677822113, 0.018723756074905396, 0.3545827567577362, 0.15977679193019867, 0.04136176034808159, 0.7227900624275208, 0.9617903828620911, 0.09431712329387665, 0.48492276668548584, 1.7572109699249268, 1.437225341796875, 0.0, 0.1716761738061905, 0.3186700642108917, 0.2849939167499542, 0.0, 0.3459811806678772, 0.5143894553184509, 0.6855180859565735, 0.5929172039031982, 0.0, 0.24476763606071472, 0.0, 0.02319273352622986, 1.2262706756591797, 2.8070831298828125, 0.0, 0.0, 0.012880165129899979, 0.0, 0.0, 0.0, 0.0, 2.3193447589874268, 0.009469699114561081, 0.4256269633769989, 1.7903037071228027, 0.2525901198387146, 2.840090036392212, 2.30159330368042, 0.3216397762298584, 0.6429668068885803, 0.5229048132896423, 0.0, 0.1737607717514038, 1.0255669355392456, 0.13989919424057007, 2.408045530319214, 0.0, 0.4217020273208618, 0.4369924068450928, 0.06591290980577469, 0.06220564618706703, 0.14438268542289734, 0.0, 0.05286700278520584, 0.04442396014928818, 3.2554850578308105, 0.0, 0.13976746797561646, 2.6727800369262695, 0.02784569375216961, 0.0, 0.13987094163894653, 0.07206933200359344, 0.2594234049320221, 0.22909460961818695, 0.008931203745305538, 0.4149559438228607, 0.42655158042907715, 1.2712247371673584, 0.05448497459292412, 0.0, 1.9826154708862305, 0.8821836113929749, 0.00543770007789135, 0.04240001365542412, 0.11335736513137817, 0.08672482520341873, 0.0, 0.05745060741901398, 0.047935519367456436, 0.11376208066940308, 0.3294971287250519, 1.0144643783569336, 2.038797378540039, 0.0, 0.17763841152191162, 4.119078636169434, 0.24617822468280792, 0.1827319860458374, 0.7681288719177246, 0.21592366695404053, 1.962207555770874, 0.008926411159336567, 0.198755145072937, 0.4170721471309662, 0.09704212099313736, 0.004648865666240454, 0.21643716096878052, 0.09184674173593521, 0.45383742451667786, 0.017047984525561333, 0.010484269820153713, 0.005360325798392296, 0.0, 0.0, 0.2690387964248657, 0.5140625238418579, 2.16001033782959, 0.09269839525222778, 0.12009096890687943, 0.7336680889129639, 0.0, 0.0060091628693044186, 0.35316938161849976, 0.578153133392334, 0.0, 0.18236275017261505, 0.0815524086356163, 0.4416483938694, 0.027851128950715065, 0.0, 0.21553486585617065, 0.163613423705101, 0.02491019479930401, 0.0, 0.09592141211032867, 0.00873325765132904, 0.0, 0.7676911354064941, 1.9568521976470947, 0.03199795261025429, 0.00288590369746089, 2.1759252548217773, 0.5384233593940735, 0.6889447569847107, 0.11188994348049164, 0.3697839081287384, 2.1818788051605225, 0.006592750549316406, 0.44044798612594604, 2.3024513721466064, 0.012638007290661335, 0.0014647901989519596, 0.06563665717840195, 0.0, 0.0, 0.005136859603226185, 0.07047507911920547, 0.8203389048576355, 0.7407625317573547, 0.09731520712375641, 5.395071983337402, 1.5379565954208374, 0.0, 0.109112448990345, 0.013466382399201393, 0.474750816822052, 0.7220677137374878, 0.0, 0.0953337550163269, 0.6594210267066956, 0.7409067749977112, 0.38753142952919006, 0.0746493861079216, 0.0, 0.7325100898742676, 0.0, 0.06863467395305634, 0.07342448830604553, 1.7599979639053345, 0.5158393383026123, 0.0, 0.162168487906456, 0.012996415607631207, 0.20915599167346954, 0.2485678493976593, 0.0, 0.6318208575248718, 0.973460853099823, 0.5905589461326599, 0.011750021949410439, 0.11123071610927582, 0.2616083025932312, 0.0, 0.9358044266700745, 0.035987965762615204, 0.6369128227233887, 1.2315855026245117, 0.18654517829418182, 0.08777767419815063, 0.726140558719635, 0.8895021677017212, 0.19881291687488556, 0.6933679580688477, 0.0, 1.1534632444381714, 0.0, 1.810896873474121, 0.3413926362991333, 0.19381998479366302, 0.06717433780431747, 0.0, 0.758823812007904, 0.06718763709068298, 3.385952949523926, 0.5174786448478699, 0.0, 2.3124797344207764, 0.042284876108169556, 0.08984702825546265, 2.622811794281006, 0.3419199585914612, 1.278198003768921, 0.15751108527183533, 0.7273229360580444, 0.5672641396522522, 0.3698475956916809, 0.3751830756664276, 0.36081457138061523, 0.01673264242708683, 0.005342412739992142, 0.048292241990566254, 0.01692671701312065, 1.8372466564178467, 1.3985307216644287, 0.0154902134090662, 0.08913285285234451, 0.0, 1.3369019031524658, 2.262948513031006, 0.37788429856300354, 1.842512607574463, 0.01668074168264866, 0.09659533947706223, 1.1463087797164917, 0.04678286239504814, 1.2304706573486328, 0.29436495900154114, 0.6312344074249268, 0.44103825092315674, 0.39724186062812805, 0.9264510869979858, 0.2622114419937134, 0.0, 0.2541793882846832, 0.1513700783252716, 0.02424968034029007, 0.0005563691956922412, 0.6038691997528076, 0.08726431429386139, 0.0, 0.0011846045963466167, 0.3178846538066864, 0.0, 1.103503942489624, 0.04567542299628258, 2.585254192352295, 0.01824353262782097, 0.03582004830241203, 0.2785157859325409, 0.18285641074180603, 0.0, 2.658961772918701, 2.3124451637268066, 1.176306128501892, 1.28447425365448, 0.7212986350059509, 1.1898378133773804, 0.5223203301429749, 0.6752702593803406, 0.870378851890564, 0.053495727479457855, 0.014257649891078472, 0.18038946390151978, 0.0, 0.5191103219985962, 0.04180543124675751, 0.421733558177948, 0.05298953503370285, 0.0006244620308279991, 0.5945656299591064, 0.0, 0.020111775025725365, 0.010637864470481873, 3.3395261764526367, 0.0, 1.176403284072876, 0.09162076562643051, 0.007813969627022743, 0.13927361369132996, 0.0004307347990106791, 0.0804329514503479, 1.1570343971252441, 0.9573420882225037, 0.3302648961544037, 0.5220303535461426, 0.4530296325683594, 0.13881860673427582, 0.6481748819351196, 0.016316229477524757, 0.02451593615114689, 0.7630200982093811, 0.1446147859096527, 0.36783725023269653, 1.6695845127105713, 0.5824565291404724, 0.0, 0.0, 0.2255968302488327, 0.12486698478460312, 0.03345852345228195, 0.24460864067077637, 0.566075325012207, 0.005486402194947004, 1.843120813369751, 0.026803484186530113, 0.016006844118237495, 0.14977066218852997, 1.2537016868591309, 1.090088963508606, 2.2670798301696777, 0.13544140756130219, 0.0, 0.20086480677127838, 0.1338820904493332, 0.0045498874969780445, 0.0, 0.14640453457832336, 0.0, 0.1262553632259369, 0.1245821937918663, 0.006955720949918032, 0.0, 0.21460101008415222, 0.9995262026786804, 0.007313670124858618, 0.05353834107518196, 0.06966312229633331, 2.0286552906036377, 0.20135153830051422, 0.03158380091190338, 0.05937622860074043, 0.016648409888148308, 0.3253081142902374, 0.29628583788871765, 0.3129009008407593, 0.08229076862335205, 0.6893020868301392, 0.5763208866119385, 0.0, 1.1737797260284424, 0.5374216437339783, 0.005111010745167732, 0.38825884461402893, 1.9841806888580322, 1.319205641746521, 0.0, 0.04815239459276199, 0.686519205570221, 0.7476269602775574, 0.06941884756088257, 0.04613765329122543, 0.0, 0.05887209624052048, 0.007301865611225367, 0.0, 1.3636713027954102, 0.8693273067474365, 1.308171033859253, 0.07608781009912491, 0.10998589545488358, 0.7518282532691956, 0.0, 0.4614703953266144, 0.3956727683544159, 0.0, 0.04625457152724266, 7.231199264526367, 0.00038695090916007757, 2.371845006942749, 0.1811298131942749, 0.0, 0.0, 0.0, 0.0, 0.11698765307664871, 0.4942942261695862, 3.0153989791870117, 0.15246476233005524, 0.03604014962911606, 0.01381004136055708, 0.5581758618354797, 0.10794025659561157, 0.0, 0.0, 0.01921238750219345, 0.025358961895108223, 0.1259019672870636, 0.04456193745136261, 0.038177940994501114, 0.0724787563085556, 0.39849764108657837, 0.07543505728244781, 0.03965769335627556, 0.07020730525255203, 1.167733907699585, 0.0, 0.0, 0.0017398546915501356, 0.0, 0.061403922736644745, 0.010967770591378212, 1.9339616298675537, 0.29402074217796326, 0.47729021310806274, 0.2593699097633362, 0.024935198947787285, 0.5908819437026978, 0.0, 6.471658706665039, 0.49008893966674805, 0.022662648931145668, 0.0, 0.0, 0.08885034173727036, 0.015761008486151695, 0.37068992853164673, 0.05505043640732765, 0.0, 0.021221350878477097, 0.06419416517019272, 0.0, 0.10145407915115356, 0.48606762290000916, 0.033513303846120834, 0.4077148139476776, 0.05469211935997009, 0.0, 0.505018413066864, 0.0, 0.1842978298664093, 1.1088800430297852, 0.08178981393575668, 1.9723707437515259, 0.6911321878433228, 0.14836394786834717, 0.0038994697388261557, 0.009302197955548763, 0.16503581404685974, 0.09223625808954239, 0.13754291832447052, 0.1057724729180336, 0.32335180044174194, 0.1478678584098816, 0.031034162268042564, 1.9832167625427246, 0.017021004110574722, 0.023018544539809227, 0.09430340677499771, 0.006763601675629616, 0.2680778205394745, 0.9579001665115356, 0.07669300585985184, 0.07718046754598618, 0.704390287399292, 0.6716880202293396, 0.1585051417350769, 0.10418341308832169, 0.0, 0.0, 0.38341015577316284, 0.36074867844581604, 0.06380586326122284, 4.733470916748047, 1.2114335298538208, 0.019172638654708862, 2.4381115436553955, 0.16252650320529938, 0.18335284292697906, 0.6934770941734314, 0.6034082770347595, 0.48552191257476807, 0.0, 1.2632741928100586, 0.0, 1.9613628387451172, 0.861761748790741, 0.2805543541908264, 0.6187903881072998, 0.18878847360610962, 0.5651232600212097, 0.06969820708036423, 0.02604924887418747, 0.07389131188392639, 0.6752063035964966, 1.3698172569274902, 0.36522433161735535, 0.10113715380430222, 0.14780452847480774, 0.7327064871788025, 0.1577480137348175, 0.014144372195005417, 0.22176572680473328, 0.6287900805473328, 0.08547966182231903, 0.16261063516139984, 0.0, 0.37690049409866333, 0.0, 0.0, 0.39077553153038025, 1.5247541666030884, 0.07337384670972824, 2.5322365760803223, 0.06525469571352005, 1.3114001750946045, 0.2472587525844574, 0.1971971094608307, 2.639967918395996, 0.4416112005710602, 0.14685866236686707, 0.10124645382165909, 0.17732787132263184, 0.0, 0.2880006432533264, 0.7385910749435425, 0.0067634680308401585, 1.4202587604522705, 0.27531564235687256, 0.3943219780921936, 0.07209324091672897, 0.0, 0.6430697441101074, 0.032526686787605286, 0.09066703170537949, 0.07585363835096359, 1.609419822692871, 0.8012993335723877, 0.3894111216068268, 0.0, 0.23544840514659882, 0.0, 3.672292947769165, 0.7494157552719116, 1.2581700086593628, 0.0057206908240914345, 0.09337498992681503, 0.2744121849536896, 1.848526954650879, 0.2892364263534546, 0.9277061820030212, 0.38715124130249023, 0.39236360788345337, 0.0, 0.673663854598999, 1.109513759613037, 0.014546367339789867, 0.8179578185081482, 0.0, 0.2840769588947296, 0.2708418369293213, 0.04773332551121712, 0.018477147445082664, 0.14300879836082458, 0.0, 0.11500006169080734, 0.0, 0.0, 0.0, 0.38006654381752014, 0.04308551549911499, 0.02547263540327549, 0.05608060956001282, 0.5147409439086914, 0.5450043678283691, 0.0, 0.190164253115654, 0.0, 1.3880798816680908, 0.05298728495836258, 0.04915100708603859, 0.15265436470508575, 0.4896913766860962, 1.233475923538208, 1.33905827999115, 1.3186486959457397, 0.7309802174568176, 0.5330962538719177, 2.197345018386841, 0.0772942304611206, 0.14187562465667725, 1.8504947423934937, 0.14592863619327545, 0.02477017231285572, 0.4112738370895386, 0.9276146292686462, 0.016565635800361633, 0.0, 0.0, 0.06300722062587738, 0.0, 1.3456907272338867, 0.08952103555202484, 0.07559697329998016, 0.6912412047386169, 1.652590036392212, 1.9084590673446655, 0.17302004992961884, 0.12669962644577026, 0.35974833369255066, 0.058637551963329315, 0.22670264542102814, 0.1224612444639206, 0.05923903360962868, 0.1982605755329132, 0.012346827425062656, 0.04057534784078598, 0.0, 0.21574409306049347, 0.0208896417170763, 0.321973592042923, 0.0, 0.6874008774757385, 0.038754530251026154, 1.8105655908584595, 0.09588146954774857, 0.0, 0.8924585580825806, 1.5659271478652954, 0.019246362149715424, 0.07588235288858414, 0.0, 1.5988377332687378, 0.21188277006149292, 0.10031884908676147, 0.0, 4.845650672912598, 0.030719313770532608, 0.1662473827600479, 2.6962642669677734, 0.29723361134529114, 0.09396395087242126, 0.6588352918624878, 0.0, 0.4748026728630066, 0.48420917987823486, 0.8670076727867126, 0.3318159580230713, 3.1189725399017334, 0.05078909918665886, 0.0, 0.022094042971730232, 0.20114511251449585, 0.5183684229850769, 0.028269950300455093, 0.6994044780731201, 0.0, 0.2614486515522003, 0.028910508379340172, 0.035548172891139984, 0.25912922620773315, 1.63327956199646, 1.1887778043746948, 0.050623007118701935, 0.0, 0.05305426940321922, 0.35022878646850586, 0.0, 0.0, 0.12880931794643402, 1.0795966386795044, 0.1653825342655182, 0.0, 0.013447118923068047, 0.0, 0.013125677593052387, 0.0672629103064537, 0.0021856999956071377, 0.42798012495040894, 0.6578100323677063, 0.0047495122998952866, 0.0, 0.2940272092819214, 0.02031407505273819, 0.12084367126226425, 0.7409065365791321, 0.0, 0.0878702849149704, 0.25035983324050903, 1.5608983039855957, 0.3801397979259491, 0.0604286715388298, 3.5529537200927734, 0.09131859987974167, 0.18830840289592743, 0.04235711321234703, 0.02403275854885578, 0.0, 0.41633182764053345, 0.0006248829304240644, 0.0, 0.0, 0.20212019979953766, 1.4819774627685547, 1.558491587638855, 0.17360375821590424, 0.018757741898298264, 2.3223650455474854, 2.202059268951416, 0.19431278109550476, 0.00498143769800663, 0.0, 0.31968754529953003, 0.22901885211467743, 1.1573727130889893, 0.2438221424818039, 3.811866283416748, 0.12011685967445374, 0.2972225844860077, 0.2150377333164215, 1.078037977218628, 0.041745759546756744, 0.03113769181072712, 0.041745562106370926, 1.8457554578781128, 0.7692463397979736, 0.09275294095277786, 0.7210602760314941, 0.05120193585753441, 0.0, 0.20731152594089508, 0.16262653470039368, 2.4803032875061035, 2.7019050121307373, 1.2057448625564575, 0.0, 0.004232275299727917, 0.005180069245398045, 1.3595335483551025, 0.022545872256159782, 0.052401602268218994, 0.7180468440055847, 2.6846413612365723, 0.5023548603057861, 1.2207086086273193, 0.1606076955795288, 0.1815003752708435, 0.4919275939464569, 0.15739676356315613, 1.7707351446151733, 1.6625137329101562, 2.1310834884643555, 0.21178334951400757, 0.02212546393275261, 0.3049757182598114, 0.5469285845756531, 0.31548088788986206, 0.312065452337265, 0.0, 0.19267986714839935, 3.0424468517303467, 2.121718645095825, 0.801362156867981, 1.0686910152435303, 0.5381436347961426, 0.1719798892736435, 0.07492712140083313, 0.027941124513745308, 0.6576743125915527, 1.0233105421066284, 0.060503385961055756, 0.006357188336551189, 0.25484365224838257, 0.7680172324180603, 0.5212170481681824, 0.12366347759962082, 0.9892525672912598, 0.04532695189118385, 0.0, 0.001537780393846333, 0.20254886150360107, 0.3206772208213806, 0.2640715539455414, 0.0, 0.3363840579986572, 0.09041492640972137, 0.0874541625380516, 0.0, 3.880713939666748, 2.5938446521759033, 1.7786437273025513, 0.1645083725452423, 0.015173559077084064, 0.2531210482120514, 0.7581799030303955, 0.0, 1.736930012702942, 0.005176315549761057, 0.6142820715904236, 1.3290241956710815, 0.482703298330307, 0.051574502140283585, 0.0, 0.180785670876503, 1.9275422096252441, 0.0, 0.031215175986289978, 0.3613922595977783, 0.14259305596351624, 0.0, 0.09628642350435257, 2.1967570781707764, 0.0, 0.09434044361114502, 0.057152967900037766, 1.2838964462280273, 0.9352325201034546, 0.7015673518180847, 0.0, 0.0, 0.0, 0.22387531399726868, 0.0, 0.0, 0.41186100244522095, 2.036181688308716, 0.5189345479011536, 0.12835606932640076, 0.7290845513343811, 0.010087222792208195, 0.0, 0.034154199063777924, 0.0, 0.19457150995731354, 2.0735058784484863, 0.12434464693069458, 0.008267908357083797, 0.5114731788635254, 0.011023163795471191, 0.16506627202033997, 0.10698270052671432, 0.6266912221908569, 0.007755124010145664, 0.17970100045204163, 0.45278438925743103, 0.0, 0.3413691222667694, 1.1921459436416626, 1.019151210784912, 0.1585504710674286, 0.032717514783144, 5.822174549102783, 0.14795361459255219, 0.0, 0.16420626640319824, 0.059980038553476334, 1.191278338432312, 0.5860015153884888, 0.31294000148773193, 1.3819584846496582, 1.7627928256988525, 0.0, 0.0010585443815216422, 1.9152899980545044, 1.2884948253631592, 0.0, 1.0947266817092896, 0.14483126997947693, 0.5801728963851929, 2.252183675765991, 0.7962177991867065, 0.0, 0.0, 0.19697678089141846, 0.620037853717804, 0.0, 0.1955270618200302, 0.0, 0.0, 0.0005144586320966482, 0.09150437265634537, 0.43828877806663513, 0.0, 0.6567745804786682, 0.060078203678131104, 0.059072475880384445, 4.399911880493164, 0.02481800690293312, 0.013835816644132137, 1.5522223711013794, 0.4368404448032379, 0.07703303545713425, 0.6679921746253967, 0.22778257727622986, 0.6055073738098145, 0.14413553476333618, 0.30094361305236816, 0.46290603280067444, 0.41526442766189575, 0.013051947578787804, 1.9396672248840332, 0.0, 0.0, 0.0, 0.015158927999436855, 1.2157700061798096, 1.4202913045883179, 0.07215587794780731, 0.8774691820144653, 1.6374449729919434, 1.6765092611312866, 0.0, 0.0, 0.41654133796691895, 0.9558649063110352, 0.0, 0.015079021453857422, 1.332348108291626, 0.0685812309384346, 0.04427137225866318, 0.08720730990171432, 0.01875363476574421, 0.3494386076927185, 0.7157140374183655, 0.0365617536008358, 0.2858608663082123, 0.0, 0.18519657850265503, 0.0, 0.10469342023134232, 0.32491764426231384, 0.1979379504919052, 0.0, 0.13290493190288544, 0.0007715955143794417, 0.10469292849302292, 0.3459106683731079, 0.21405546367168427, 0.2292487919330597, 0.24761523306369781, 0.09832481294870377, 0.5013132691383362, 0.022524699568748474, 0.05181562528014183, 0.0, 0.7149717211723328, 0.1739385575056076, 0.6181782484054565, 0.013103509321808815, 0.9351232051849365, 0.5909970998764038, 0.04632177948951721, 0.004103777464479208, 0.11556494981050491, 1.032490611076355, 1.190475583076477, 0.0, 0.032066475600004196, 0.2811734676361084, 0.0, 0.11511366069316864, 0.02030954323709011, 0.255584716796875, 2.3024656772613525, 0.10669463872909546, 0.09131597727537155, 0.8762245774269104, 0.0, 0.0, 0.04859292134642601, 0.20873597264289856, 0.0, 0.09406416863203049, 0.017767736688256264, 0.0, 0.022884013131260872, 0.019333168864250183, 0.13953404128551483, 0.19730517268180847, 0.21079674363136292, 0.007594230119138956, 0.031642694026231766, 0.42100611329078674, 0.0, 0.5466424822807312, 0.3688587248325348, 2.2004475593566895, 0.15088124573230743, 0.04834260791540146, 1.3275809288024902, 0.04262256249785423, 0.2562297284603119, 0.3375428318977356, 0.13200198113918304, 0.3076554536819458, 0.969560444355011, 0.10867229849100113, 0.0, 0.025613421574234962, 0.04316341504454613, 0.24696455895900726, 1.9861522912979126, 0.03962934762239456, 0.0629928708076477, 0.0, 0.38354843854904175, 0.22247713804244995, 1.090829849243164, 0.1876579225063324, 0.43558943271636963, 0.029019229114055634, 1.353723168373108, 0.03626853600144386, 0.12853853404521942, 0.48001986742019653, 0.7638348937034607, 0.15801537036895752, 0.16447685658931732, 0.0, 0.020637424662709236, 0.0, 0.0, 0.36257320642471313, 0.0, 0.6086931228637695, 0.25223585963249207, 0.0, 0.026239395141601562, 0.19614404439926147, 0.32018718123435974, 0.25749948620796204, 0.5262922048568726, 0.008315548300743103, 0.22989597916603088, 0.007170659955590963, 0.1014665812253952, 0.023671545088291168, 0.0, 0.37393903732299805, 0.793652355670929, 0.0, 0.4137173891067505, 0.07154642045497894, 0.14690454304218292, 0.11602035909891129, 0.3911735415458679, 0.062168385833501816, 0.0, 0.13314145803451538, 0.5491164922714233, 0.0, 1.0313785076141357, 0.0, 1.74491286277771, 0.1273612231016159, 0.3381834626197815, 0.0009438651031814516, 0.3279224634170532, 0.0, 0.4983903467655182, 0.16600988805294037, 0.8106852173805237, 1.5699535608291626, 0.01400991715490818, 1.4436745643615723, 0.9001281261444092, 0.02204694040119648, 0.9306170344352722, 0.0, 3.0919487476348877, 4.182534217834473, 0.07036611437797546, 0.011876403354108334, 0.052591703832149506, 2.0674073696136475, 0.10227429866790771, 2.9503602981567383, 0.0, 0.06778974086046219, 0.0027796931099146605, 0.0, 0.48260051012039185, 0.0, 0.0130431167781353, 0.24633941054344177, 0.17246736586093903, 0.4301724433898926, 0.0, 0.10630226880311966, 0.07867966592311859, 0.42992985248565674, 0.056026771664619446, 1.3013643026351929, 0.015859581530094147, 0.537941038608551, 0.005441719200462103, 0.8896820545196533, 0.04484707862138748, 0.12448301911354065, 0.0, 0.35922545194625854, 0.011002243496477604, 1.9602646827697754, 0.7543149590492249, 0.8458041548728943, 0.2195368856191635, 0.07021662592887878, 0.04414262995123863, 0.13554388284683228, 0.5794519186019897, 0.07514916360378265, 0.39832085371017456, 0.0, 0.6928003430366516, 0.1029149666428566, 0.924919843673706, 0.0, 0.0, 0.35248374938964844, 0.26100587844848633, 0.0, 0.6260364651679993, 0.012470649555325508, 0.20820781588554382, 4.3975300788879395, 0.0, 0.30971652269363403, 0.11937571316957474, 0.009156227111816406, 0.0, 0.11288382112979889, 0.06604394316673279, 0.7930687665939331, 0.14566050469875336, 0.023521168157458305, 0.3381982147693634, 1.4913867712020874, 0.022056231275200844, 0.20520663261413574, 0.1496119350194931, 0.0, 0.050588835030794144, 0.0, 0.0368439257144928, 0.15652543306350708, 0.6369876265525818, 0.0046634189784526825, 0.04737069085240364, 0.0, 0.11445316672325134, 0.05741197243332863, 0.7638951539993286, 0.5486586689949036, 0.00881653930991888, 0.22328147292137146, 0.0020247818902134895, 0.013899608515202999, 0.1347745656967163, 0.11613064259290695, 0.0007717901607975364, 0.0, 0.11471822112798691, 0.17575742304325104, 0.007757313549518585, 0.0793035551905632, 0.0, 0.0, 0.0, 0.32730570435523987, 0.25896963477134705, 0.10109595954418182, 0.08116275072097778, 3.020076274871826, 0.14673082530498505, 0.22394536435604095, 0.0, 0.0, 0.5064171552658081, 0.23825442790985107, 0.18049246072769165, 0.20976825058460236, 0.29153189063072205, 0.16655808687210083, 0.18025806546211243, 0.11886850744485855, 0.5790621042251587, 0.054157935082912445, 0.009171203710138798, 0.9053292274475098, 0.6022305488586426, 0.3691120147705078, 1.1621909141540527, 2.8805041313171387, 0.035051748156547546, 0.0, 0.911156415939331, 0.0030534048564732075, 0.04621841385960579, 0.00017306755762547255, 0.20266352593898773, 0.0005335758905857801, 0.1366109549999237, 0.8332605361938477, 0.001693122205324471, 0.055721137672662735, 2.7887237071990967, 0.07209284603595734, 0.5311488509178162, 0.2058114856481552, 0.9721590876579285, 1.1991499662399292, 0.022182757034897804, 0.0, 0.018261458724737167, 0.019088374450802803, 2.1088767051696777, 0.17836113274097443, 0.09432459622621536, 1.177659034729004, 0.027233107015490532, 0.3180701434612274, 0.07959457486867905, 0.09673487395048141, 0.03225324675440788, 0.29824352264404297, 1.5513995885849, 0.1943788379430771, 0.061271145939826965, 0.0, 0.016603494063019753, 0.1427444964647293, 0.4227398931980133, 0.25330060720443726, 1.8594677448272705, 0.11483428627252579, 0.42824453115463257, 0.01707848533987999, 0.0916648656129837, 0.28910696506500244, 0.06880677491426468, 0.0, 0.0, 0.0011246666545048356, 0.1415470838546753, 0.007379517424851656, 1.2754526138305664, 0.04444551840424538, 5.03448486328125, 0.02305150032043457, 0.0748804435133934, 0.6553156971931458, 0.0, 0.27343860268592834, 0.0, 0.5972871780395508, 0.481841117143631, 0.0, 0.19157925248146057, 0.9939448833465576, 0.21388554573059082, 0.13911980390548706, 0.09414322674274445, 0.0, 0.2137504667043686, 0.032219260931015015, 0.07720186561346054, 0.05265021696686745, 0.01840338483452797, 0.009876796044409275, 0.7969769239425659, 0.0, 0.45799317955970764, 0.5605260729789734, 0.0, 0.019229071214795113, 0.046154171228408813, 0.006369099486619234, 0.7316865921020508, 0.0, 0.3740991950035095, 0.0, 0.24146819114685059, 0.4935612082481384, 0.4331496059894562, 0.3140435814857483, 0.35107100009918213, 0.008721298538148403, 0.1489209234714508, 0.004288508091121912, 0.0, 1.3308638334274292, 2.75408935546875, 0.850700855255127, 0.01737644150853157, 0.3202439248561859, 0.0, 0.16807080805301666, 2.2513861656188965, 1.1814604997634888, 0.2684857249259949, 2.3031182289123535, 3.302339553833008, 3.084941864013672, 0.0, 0.0, 0.0, 0.0, 0.0, 0.07636363059282303, 0.03493497148156166, 0.8153824806213379, 0.08019953221082687, 0.09071976691484451, 0.0, 0.5739366412162781, 1.4430711269378662, 0.018759872764348984, 0.1492919921875, 0.05422142893075943, 0.4780158996582031, 0.4120497405529022, 1.0670976638793945, 0.2314378023147583, 0.14090748131275177, 0.0, 0.08787492662668228, 0.0, 3.9990181922912598, 0.07776736468076706, 0.04030661657452583, 0.009908804669976234, 0.7728667259216309, 0.7560991644859314, 0.0, 0.45311200618743896, 0.6636400818824768, 3.195061206817627, 0.020811470225453377, 0.13916191458702087, 0.45504534244537354, 0.0, 0.01951649785041809, 1.5451613664627075, 0.5112411379814148, 0.0, 0.0, 0.0, 1.2436105012893677, 0.02408619597554207, 0.39505496621131897, 0.05636264756321907, 0.014291388913989067, 0.016641587018966675, 0.8359530568122864, 1.5924763679504395, 0.2444484829902649, 3.388772964477539, 1.6644480228424072, 0.3931182622909546, 0.006672773975878954, 0.030791044235229492, 0.0, 4.233244895935059, 2.0651073455810547, 0.08285271376371384, 0.6445232629776001, 0.07527947425842285, 0.0, 0.5443263053894043, 0.1139337420463562, 0.0, 0.1419977843761444, 0.0, 0.0, 0.0, 0.0, 0.0, 0.0, 0.0, 4.102051734924316, 0.0, 0.014470932073891163, 0.1701209545135498, 1.3084784746170044, 0.0013448097743093967, 0.5348474979400635, 0.15657849609851837, 0.0, 0.08086708188056946, 0.18951022624969482, 0.39134517312049866, 0.07989898324012756, 2.7536420822143555, 0.03452181816101074, 0.0, 0.054262999445199966, 0.3368728756904602, 1.4715948104858398, 0.5641723275184631, 0.00014168389316182584, 0.3851538300514221, 0.7564183473587036, 0.0, 0.19766850769519806, 0.0, 0.37585893273353577, 0.048739608377218246, 0.08490735292434692, 0.017394406720995903, 0.0, 0.017716167494654655, 0.8629695177078247, 0.013947606086730957, 0.10120423138141632, 0.00015237866318784654, 0.5319001078605652, 0.0, 0.0, 0.0, 0.17463111877441406, 0.9901891946792603, 0.25813496112823486, 0.030166318640112877, 0.0, 3.5418546199798584, 0.0, 0.4055781364440918, 0.0, 0.144296795129776, 0.022853313013911247, 0.23565080761909485, 0.14203079044818878, 0.33784687519073486, 0.0, 0.11890144646167755, 0.32620328664779663, 0.0, 0.0, 0.026333624497056007, 0.0, 0.023251093924045563, 0.00173799111507833, 0.4917375147342682, 0.22228030860424042, 1.3401802778244019, 0.8955467343330383, 0.0, 1.9137959480285645, 0.0, 1.5998526811599731, 0.8534435629844666, 0.0, 0.17802917957305908, 0.0022937278263270855, 2.112360715866089, 0.022230003029108047, 0.7823742628097534, 0.12637251615524292, 2.7082018852233887, 0.6031491160392761, 0.9363787770271301, 0.10198627412319183, 0.004501877818256617, 0.5036751627922058, 0.05361449345946312, 0.16126593947410583, 0.03004338964819908, 0.27575916051864624, 0.07313381880521774, 0.025746295228600502, 0.5024914145469666, 0.0, 0.25133147835731506, 2.8992319107055664, 0.0, 0.31372562050819397, 0.0030343872494995594, 0.019832946360111237, 2.24539852142334, 0.0650443360209465, 0.000554381578695029, 2.4214725494384766, 0.46567386388778687, 1.9435700178146362, 0.42905333638191223, 1.690346360206604, 2.079749345779419, 0.028112689033150673, 0.0, 0.1488877385854721, 2.9405739307403564, 0.05146411061286926, 0.10076678544282913, 1.7373284101486206, 0.22329045832157135, 1.2516638040542603, 0.21145987510681152, 0.0, 0.37698835134506226, 0.14951449632644653, 0.4522174000740051, 0.0, 0.08812212198972702, 0.3897559642791748, 0.4618883728981018, 1.7473329305648804, 2.2210676670074463, 0.012056397274136543, 0.12783274054527283, 0.3264194130897522, 0.5870235562324524, 3.485579252243042, 1.1848474740982056, 0.03280310705304146, 0.0, 0.35083848237991333, 0.042388077825307846, 0.0, 0.15336404740810394, 0.15897122025489807, 0.033515822142362595, 0.4352652430534363, 0.5263353586196899, 0.0, 0.03291263431310654, 0.1402997523546219, 0.13171127438545227, 0.5055945515632629, 0.4252195954322815, 0.05681842565536499, 1.8245631456375122, 0.04470864683389664, 1.4446306228637695, 0.4592207968235016, 0.2381868213415146, 0.004050055518746376, 0.3390880823135376, 0.8057342171669006, 0.14377783238887787, 5.8762006759643555, 0.34666314721107483, 0.25863757729530334, 0.08035165816545486, 0.06795060634613037, 0.04641680419445038, 0.48016953468322754, 0.07611870020627975, 0.679482102394104, 0.8050244450569153, 0.5955095291137695, 0.34629058837890625, 0.018207605928182602, 0.00569335650652647, 0.3318544626235962, 1.6787104606628418, 1.6300067901611328, 0.0, 0.12150001525878906, 0.0435643307864666, 0.1032889261841774, 0.3313245177268982, 0.008159617893397808, 0.09197066724300385, 0.0, 0.7957615852355957, 0.7459370493888855, 0.0, 0.09275233000516891, 0.9287949204444885, 0.0007537457277067006, 0.4937595725059509, 0.014852993190288544, 0.9856249094009399, 0.0, 0.8269436359405518, 0.04003952071070671, 0.7213598489761353, 0.43773114681243896, 0.2522602379322052, 0.9984028935432434, 1.1726808547973633, 0.023148313164711, 1.0099167823791504, 0.3710073232650757, 0.24593137204647064, 0.9261251091957092, 0.05162244290113449, 0.11937137693166733, 0.7093453407287598, 0.13145747780799866, 0.0, 3.2705342769622803, 0.0, 1.1802338361740112, 0.36634203791618347, 0.07871998846530914, 0.006895415484905243, 0.0739973783493042, 0.0, 0.007595737464725971, 0.6018838286399841, 0.0, 0.5959672927856445, 1.7913480997085571, 0.8348877429962158, 0.35838013887405396, 0.9348978400230408, 0.29458746314048767, 0.0314839631319046, 0.8344471454620361, 0.0, 0.0, 0.0, 0.5652991533279419, 0.29817914962768555, 0.0, 0.0038916748017072678, 0.603253960609436, 0.020201001316308975, 0.11469954997301102, 0.32392048835754395, 0.5436193346977234, 1.9815428256988525, 0.036838654428720474, 0.6315876841545105, 0.5766745805740356, 0.0, 0.3571926951408386, 0.42086246609687805, 0.0, 1.9032175540924072, 0.2634153962135315, 0.08184260129928589, 1.786104679107666, 0.8612977862358093, 0.006781432311981916, 0.19585636258125305, 0.0, 0.0, 0.0, 0.0, 0.09800528734922409, 0.21466368436813354, 0.038123395293951035, 0.05245092883706093, 0.3541605472564697, 0.3238745927810669, 0.1493886560201645, 0.7767998576164246, 0.082801952958107, 0.03453461080789566, 0.011727973818778992, 0.0, 0.7108635902404785, 0.5675258040428162, 0.009367057122290134, 8.444640116067603e-05, 0.0, 0.090908944606781, 0.7613176703453064, 0.48804256319999695, 0.6012017130851746, 0.3722246587276459, 0.0, 0.21609356999397278, 0.04672795906662941, 0.0681350976228714, 0.101561039686203, 0.0, 0.4428613483905792, 0.2686719000339508, 0.1848597675561905, 0.0, 0.032770320773124695, 0.038511451333761215, 0.5946930646896362, 0.0, 0.0860089510679245, 0.2832222580909729, 0.039249781519174576, 0.2467457503080368, 0.0, 0.4718439280986786, 0.07528365403413773, 1.0043832063674927, 0.9168794751167297, 0.5192046165466309, 2.124208688735962, 0.2457115352153778, 0.0, 0.3314213752746582, 0.0, 0.2870635986328125, 0.07640907913446426, 0.06836579740047455, 0.0, 0.13662956655025482, 0.0, 0.7726057171821594, 0.6810683608055115, 0.00028492967248894274, 0.3953092098236084, 1.0216561555862427, 0.1934855729341507, 0.5402049422264099, 0.022830292582511902, 0.362732470035553, 0.0, 0.09394734352827072, 0.8513617515563965, 0.2680303752422333, 2.588019609451294, 0.6922058463096619, 0.2742564082145691, 2.1831464767456055, 0.0018132608383893967, 0.054319750517606735, 0.7108948230743408, 0.004463760182261467, 1.6021124124526978, 0.0, 2.670351028442383, 0.03189016133546829, 0.0, 0.0, 0.8888816237449646, 0.0, 0.0, 0.17392529547214508, 0.002969226101413369, 0.011095087975263596, 0.5085577368736267, 0.7775197625160217, 0.0, 0.49819284677505493, 0.5534707307815552, 0.09096787869930267, 0.0, 0.24657300114631653, 0.034382402896881104, 0.0, 0.1107008308172226, 0.02442273311316967, 0.17534872889518738, 0.0015508811920881271, 0.8833135366439819, 0.04865897819399834, 0.07918162643909454, 0.9930956363677979, 1.470045804977417, 0.0, 0.6621769666671753, 0.0, 0.015487797558307648, 0.02305261231958866, 0.18474750220775604, 0.32885119318962097, 0.020258471369743347, 0.0, 0.5593349933624268, 0.37881073355674744, 0.030167581513524055, 0.0, 0.03242487460374832, 0.012954541482031345, 1.1437331438064575, 0.0, 0.781340479850769, 0.03810279816389084, 0.09932169318199158, 0.7314997911453247, 0.13449984788894653, 0.8347597718238831, 0.0957314595580101, 0.03116985782980919, 0.04971678555011749, 0.0, 0.5029275417327881, 0.287084698677063, 0.05533206835389137, 0.0, 0.011642475612461567, 1.0069782733917236, 0.0, 0.22507736086845398, 0.0, 0.20346029102802277, 0.03581247106194496, 3.2681398391723633, 0.01305535901337862, 0.0, 0.7986401319503784, 0.07033001631498337, 1.6187702417373657, 0.017115972936153412, 0.21240776777267456, 1.6671591997146606, 0.755717933177948, 0.28164440393447876, 0.02407553791999817, 0.5202388167381287, 0.561436116695404, 2.105365753173828, 0.0, 12.377562522888184, 0.0, 0.0006275943596847355, 1.1361079216003418, 0.23167872428894043, 0.028684265911579132, 0.01175552885979414, 1.2595560550689697, 0.18554648756980896, 0.0, 0.0004975065821781754, 1.1145336627960205, 0.4700794517993927, 0.09087201207876205, 0.0906442329287529, 0.2754652798175812, 0.003452753648161888, 0.26397594809532166, 0.0, 0.9115453958511353, 0.8118476271629333, 0.035935476422309875, 0.07469259202480316, 0.00026982658891938627, 0.0, 0.29264459013938904, 0.051851801574230194, 0.12336499989032745, 0.5494995713233948, 0.06752438098192215, 0.48692312836647034, 0.2963045537471771, 0.32901281118392944, 0.3516460359096527, 2.2596495151519775, 0.0, 0.020012177526950836, 0.5501614212989807, 0.009537964127957821, 0.3385232388973236, 0.17872443795204163, 0.7091847658157349, 1.2253801822662354, 0.06792674213647842, 1.6715589761734009, 0.17644819617271423, 0.016100294888019562, 0.3644266426563263, 0.08821836113929749, 0.9298063516616821, 0.7476134300231934, 0.0698997899889946, 2.7610230445861816, 0.06004603952169418, 0.3542240560054779, 0.0, 0.10635349899530411, 0.41662466526031494, 0.029067302122712135, 0.0510789230465889, 0.028123388066887856, 0.9702324271202087, 0.829034149646759, 0.33448222279548645, 0.0, 0.21052765846252441, 0.134996235370636, 0.4722568094730377, 0.025519628077745438, 0.02674923650920391, 0.9384325742721558, 0.22867406904697418, 0.4077988862991333, 0.5596101880073547, 2.4643943309783936, 0.0, 0.14854560792446136, 0.5191601514816284, 0.7453469038009644, 0.0, 0.5957918763160706, 0.021525917574763298, 0.3536466062068939, 0.05653154104948044, 0.2423034906387329, 0.0008621313027106225, 0.02448922209441662, 0.08403991907835007, 0.11725026369094849, 0.0, 0.022783711552619934, 0.36763739585876465, 0.10885822772979736, 0.02366776205599308, 1.870229959487915, 2.8697593212127686, 0.0, 0.0, 0.5752947926521301, 0.05976136028766632, 0.0, 0.0, 0.0, 0.8266611695289612, 0.2031305879354477, 1.341618299484253, 0.11560344696044922, 0.5210127830505371, 0.1395847201347351, 0.545368492603302, 0.023932520300149918, 0.0, 0.05075309798121452, 0.6908533573150635, 0.48501497507095337, 0.00496473116800189, 0.7055187821388245, 0.0, 0.07981433719396591, 0.0, 0.150441974401474, 0.003142434637993574, 1.0849525928497314, 0.5432999134063721, 1.8804041147232056, 0.4759462773799896, 1.2216613292694092, 0.24246037006378174, 0.29363417625427246, 0.002551974030211568, 0.0, 0.0, 0.0, 0.2384524643421173, 0.7016592025756836, 0.16035911440849304, 0.09881522506475449, 0.15940450131893158, 0.0, 0.13114680349826813, 0.0, 0.14799627661705017, 0.05732731521129608, 0.6162376999855042, 0.8466536998748779, 0.475118488073349, 2.3518733978271484, 0.4215709865093231, 0.005363508127629757, 0.3557613790035248, 1.0577718019485474, 1.0768606662750244, 0.16277864575386047, 2.711308479309082, 0.7686086297035217, 0.0, 0.7254251837730408, 0.04312332347035408, 0.06964565068483353, 0.18536487221717834, 0.07891187071800232, 0.0, 0.13991332054138184, 0.3518465459346771, 0.39977163076400757, 2.6616933345794678, 0.5120283365249634, 0.25932443141937256, 0.043164972215890884, 0.7201381325721741, 0.0, 0.15871568024158478, 0.0, 0.15647397935390472, 0.04567776992917061, 0.13491876423358917, 0.6070529222488403, 0.0, 1.1536670923233032, 0.41677218675613403, 0.962944507598877, 0.0, 2.4121012687683105, 0.040570810437202454, 3.349072217941284, 0.33224549889564514, 0.48064666986465454, 0.09101768583059311, 0.2698201835155487, 1.2415995597839355, 0.01725916564464569, 0.01918780617415905, 0.062466688454151154, 0.0, 0.024407388642430305, 0.7657440304756165, 0.0088123744353652, 0.31053847074508667, 0.7423723936080933, 1.4632129669189453, 0.0, 0.023269472643733025, 0.0, 0.14206106960773468, 0.010915439575910568, 2.7044882774353027, 0.0, 0.0, 0.03551771864295006, 0.03193584829568863, 0.0, 2.1453747749328613, 0.11799619346857071, 3.5136606693267822, 0.0, 0.2195512056350708, 0.4856650233268738, 0.004128404892981052, 0.11968840658664703, 0.0, 0.09068895876407623, 1.1225976943969727, 0.0, 0.12444988638162613, 5.464925289154053, 0.6275212168693542]",Testing/glioma_tumor/image(7).jpg
"[0.21870268881320953, 1.2896193265914917, 0.2253490686416626, 1.1526238918304443, 1.7443492412567139, 0.4454821050167084, 2.3963496685028076, 0.015631772577762604, 0.878502368927002, 0.0, 0.00526433065533638, 0.0, 0.07276719808578491, 0.5445213317871094, 0.030462970957159996, 0.0716002807021141, 0.11051380634307861, 0.5461037158966064, 0.9275853633880615, 0.002244623377919197, 0.5215552449226379, 0.49841320514678955, 1.4277502298355103, 0.10740529000759125, 0.16012991964817047, 0.05265463516116142, 1.7111430168151855, 0.09561268240213394, 0.0, 0.015455460175871849, 0.008581502363085747, 0.3461880683898926, 0.2873263359069824, 0.36993762850761414, 0.597657322883606, 1.1332286596298218, 0.3777332603931427, 1.0131012201309204, 0.014375698752701283, 0.016278963536024094, 1.8388553857803345, 2.507873296737671, 0.20164252817630768, 0.6750999093055725, 0.029212143272161484, 0.48404234647750854, 0.01423332653939724, 0.0052132997661828995, 0.23092888295650482, 0.8445553183555603, 0.5419908761978149, 1.352195382118225, 0.6218128800392151, 0.05426831170916557, 0.2543822228908539, 3.3300869464874268, 0.6591687798500061, 0.5805984735488892, 1.0185624361038208, 0.27621766924858093, 0.3236779272556305, 0.35434699058532715, 1.0360932350158691, 1.487905740737915, 0.08727709203958511, 0.15095502138137817, 0.4282456636428833, 0.22805431485176086, 0.3134489357471466, 0.0, 0.9391157031059265, 0.23447240889072418, 0.09110963344573975, 1.4320591688156128, 0.5387417674064636, 0.10014627128839493, 2.4668214321136475, 0.0485629066824913, 0.0, 0.13851869106292725, 0.1477237492799759, 0.0058320979587733746, 0.11190976947546005, 0.0777619257569313, 1.1319876909255981, 0.09005378186702728, 0.9447927474975586, 0.12371267378330231, 0.2611033022403717, 0.0, 1.3406322002410889, 0.29402390122413635, 0.07198215276002884, 2.410250663757324, 0.046859025955200195, 0.23925979435443878, 0.40479815006256104, 0.11766846477985382, 0.42049354314804077, 0.5422229170799255, 0.6681391596794128, 0.9240419268608093, 0.04551297798752785, 0.16074693202972412, 1.3953828811645508, 0.05156071484088898, 0.2716509997844696, 0.2207065373659134, 0.07897724211215973, 2.120037078857422, 0.0, 3.581214189529419, 0.24521416425704956, 0.18583333492279053, 0.321190744638443, 0.016711002215743065, 0.013763679191470146, 0.12969888746738434, 0.2455366551876068, 0.11064039170742035, 0.22459940612316132, 0.0, 0.0, 0.03356676921248436, 0.908284068107605, 0.9003984332084656, 0.0, 0.23767109215259552, 0.6341995000839233, 0.0, 0.007617763243615627, 1.112081527709961, 0.114485003054142, 0.0, 0.9870656132698059, 0.07730670273303986, 0.0, 0.06914527714252472, 0.0, 0.11184138059616089, 0.12285257130861282, 1.6536415815353394, 0.6404560804367065, 0.008476383984088898, 0.4169728755950928, 0.08244127780199051, 0.49718931317329407, 2.697598934173584, 0.19883695244789124, 0.5373424291610718, 0.5523956418037415, 0.3522920310497284, 0.16974374651908875, 0.02214151993393898, 0.5019877552986145, 0.09161670506000519, 0.08144630491733551, 0.10834363847970963, 2.9105172157287598, 0.10195372253656387, 0.029953589662909508, 1.3893283605575562, 0.03619157895445824, 1.0820519924163818, 0.2143086940050125, 0.4190082252025604, 0.22551994025707245, 0.2028777301311493, 0.18761122226715088, 8.94746208190918, 1.2962579727172852, 0.08252476900815964, 0.6355772018432617, 1.425315022468567, 0.5977845191955566, 1.2320977449417114, 0.05981293320655823, 0.2531815469264984, 0.17354685068130493, 0.41541555523872375, 0.375519722700119, 0.01991179957985878, 1.383139729499817, 0.05101267993450165, 0.05815253034234047, 0.2869047522544861, 0.07795979827642441, 0.4594326317310333, 0.2854941487312317, 0.9110652208328247, 0.020869098603725433, 0.04692473262548447, 0.19412678480148315, 0.0, 0.08866101503372192, 0.7328658699989319, 0.11126609891653061, 0.11673121899366379, 0.07750285416841507, 0.3361668884754181, 0.5896117687225342, 0.1579018086194992, 0.19353848695755005, 0.09473355114459991, 1.0651683807373047, 0.5300208926200867, 0.3268567621707916, 0.0, 0.8342803120613098, 1.312300682067871, 0.5713717341423035, 0.7503975629806519, 0.0, 0.5720447897911072, 0.12458524107933044, 1.1682685613632202, 0.12579868733882904, 0.1726047545671463, 0.3285467326641083, 0.0, 0.21080785989761353, 0.15013855695724487, 0.6249156594276428, 0.1397245228290558, 1.5375277996063232, 2.261873483657837, 0.08811629563570023, 0.036422330886125565, 0.9872095584869385, 0.18715974688529968, 0.0, 0.3247443735599518, 0.20262020826339722, 0.7321942448616028, 1.1213018894195557, 1.542611837387085, 0.14357464015483856, 1.100490689277649, 0.3227880001068115, 0.02865944616496563, 0.4199422001838684, 0.5443350076675415, 2.690896987915039, 0.03295372799038887, 0.11294583231210709, 1.057839274406433, 0.6080358624458313, 0.7461631894111633, 0.5498614311218262, 0.23837248980998993, 0.08054004609584808, 0.6037790179252625, 0.9723877310752869, 0.08089760690927505, 0.08983109891414642, 0.21931172907352448, 0.028408639132976532, 0.7804355025291443, 0.0, 0.2693707346916199, 0.3255822956562042, 0.26509740948677063, 1.136694312095642, 0.1993856430053711, 0.00934999343007803, 0.0, 0.0, 0.0, 0.0, 0.0, 0.5034461617469788, 0.7651417255401611, 1.146305799484253, 0.0, 3.7614552974700928, 0.16703930497169495, 0.1374523639678955, 0.6224578619003296, 0.06282279640436172, 0.049510736018419266, 0.5778598189353943, 0.11957747489213943, 2.4768776893615723, 0.27423134446144104, 0.45489072799682617, 2.7962100505828857, 1.4320253133773804, 1.121450424194336, 0.4607833921909332, 0.12339302152395248, 0.012721886858344078, 0.14552092552185059, 0.042496807873249054, 0.22551633417606354, 0.2940048277378082, 1.7417618036270142, 0.18834982812404633, 0.1632925570011139, 0.0, 0.189670130610466, 0.009152015671133995, 0.026952140033245087, 3.671520709991455, 0.5094745755195618, 2.1037678718566895, 0.02852332405745983, 0.0, 1.2624270915985107, 0.0, 0.09516986459493637, 0.0661637932062149, 0.10192606598138809, 0.0, 0.0352545790374279, 0.41424039006233215, 1.2824088335037231, 0.5973452925682068, 0.0, 0.00900585763156414, 0.23426683247089386, 0.005847770255059004, 1.0422024726867676, 0.029802117496728897, 6.355071673169732e-05, 0.0, 0.0, 1.790626049041748, 0.10134373605251312, 2.4534108638763428, 0.3137095272541046, 0.5090233087539673, 0.13275158405303955, 0.12787093222141266, 2.442107677459717, 0.07683739066123962, 0.11350245028734207, 2.3512325286865234, 0.4591633677482605, 0.6973026990890503, 1.6975085735321045, 0.1475290060043335, 0.0496511347591877, 0.3213214874267578, 0.044904619455337524, 0.0, 0.6526656150817871, 0.004964400082826614, 0.014572372660040855, 0.042688969522714615, 0.2506761848926544, 0.1796119511127472, 0.33196160197257996, 0.21193037927150726, 0.0002391240996075794, 0.03724000230431557, 0.0, 0.2573084235191345, 0.07356054335832596, 0.7746714949607849, 0.11629018932580948, 0.20310816168785095, 1.8065290451049805, 0.0, 0.08114702999591827, 0.26173481345176697, 0.3502049446105957, 0.0656530037522316, 0.0348488911986351, 2.3002266883850098, 0.4349096715450287, 0.028516191989183426, 0.2604878544807434, 1.507448434829712, 3.976438522338867, 0.06459785252809525, 0.43387719988822937, 4.130107879638672, 3.056394577026367, 1.1468887329101562, 0.3508549630641937, 0.2999906837940216, 0.5063105821609497, 0.905914306640625, 0.14862866699695587, 0.13374653458595276, 0.002322946209460497, 0.18214981257915497, 0.06912875175476074, 0.19101810455322266, 0.044999174773693085, 0.0, 0.1005048155784607, 1.6601626873016357, 0.0, 0.7158349752426147, 2.318753719329834, 0.0, 1.81085205078125, 0.15646834671497345, 0.14015179872512817, 1.0800658464431763, 0.4785487651824951, 0.027499914169311523, 0.2267388105392456, 0.06870940327644348, 1.3579163551330566, 0.3563968539237976, 0.004699667915701866, 0.2483178973197937, 0.3451291024684906, 0.0014213225804269314, 0.0, 2.207145929336548, 0.007549329660832882, 0.12840405106544495, 2.6958320140838623, 0.011462459340691566, 0.14791487157344818, 0.07401014864444733, 0.3868268132209778, 0.6056829690933228, 0.10419339686632156, 0.33475661277770996, 0.273372620344162, 0.048833031207323074, 0.03981676697731018, 0.09865912795066833, 1.2579166889190674, 0.08025947958230972, 0.4364357888698578, 0.7057074904441833, 0.9735419750213623, 1.233891487121582, 1.6253820657730103, 0.4582769572734833, 0.9033132791519165, 0.0007948072743602097, 2.237433910369873, 1.513901948928833, 0.0036981396842747927, 0.09630466997623444, 0.012174314819276333, 0.4910060465335846, 0.15805001556873322, 0.25346639752388, 0.0023610251955688, 0.015315624885261059, 0.14540483057498932, 0.2209433764219284, 0.6308472156524658, 0.0, 0.01986624300479889, 0.2884773015975952, 0.014257910661399364, 0.32938331365585327, 1.0178683996200562, 0.6294775009155273, 0.0, 0.0, 4.138121128082275, 0.428367018699646, 2.7908856868743896, 0.3030896484851837, 0.09735020995140076, 0.06753513962030411, 0.003506803885102272, 0.006916479207575321, 0.06192432716488838, 0.33024901151657104, 0.016827799379825592, 0.4013688862323761, 0.5332968831062317, 0.09718587249517441, 0.9705472588539124, 0.07820567488670349, 0.15410491824150085, 1.8733636140823364, 0.0, 0.07056888937950134, 0.05524842441082001, 0.4073929786682129, 0.014186807908117771, 1.5493587255477905, 0.023040788248181343, 0.048920173197984695, 0.8838938474655151, 0.019563183188438416, 0.25670918822288513, 0.23810172080993652, 0.06322265416383743, 0.6101523637771606, 1.600917935371399, 0.27319207787513733, 0.018761644139885902, 0.7995003461837769, 0.003581124823540449, 0.03416622802615166, 0.2078513354063034, 0.640479564666748, 0.07283227145671844, 0.019002588465809822, 0.8171951770782471, 0.0677151158452034, 1.9247127771377563, 0.2183111160993576, 0.13388298451900482, 0.9003081321716309, 0.04348814859986305, 0.008347287774085999, 0.04597873240709305, 0.03470326587557793, 1.5898842811584473, 0.2966729998588562, 0.5766248106956482, 0.4694494903087616, 0.07320476323366165, 0.403638631105423, 0.03236202150583267, 0.09996815770864487, 0.19515185058116913, 0.0, 1.7232463359832764, 0.08461779356002808, 0.03409484773874283, 0.06188026815652847, 0.1230662614107132, 0.028173023834824562, 0.0, 0.014747113920748234, 0.7608621716499329, 0.2067832201719284, 0.3157694339752197, 1.3234872817993164, 2.1101696491241455, 0.6408054828643799, 0.24433447420597076, 1.5409200191497803, 0.15523381531238556, 0.01096143014729023, 0.016607489436864853, 0.001960216788575053, 0.3633567690849304, 0.00881926342844963, 0.3520304560661316, 1.3954116106033325, 0.06050029397010803, 0.09362088143825531, 0.3430344760417938, 0.8019670844078064, 0.8650107979774475, 0.04158838838338852, 0.08367826789617538, 0.04082324728369713, 0.30342984199523926, 0.11325929313898087, 1.577977180480957, 0.20397694408893585, 0.014169327914714813, 0.012680725194513798, 0.07075489312410355, 3.822035551071167, 0.05192450061440468, 0.5808137655258179, 0.025540288537740707, 0.02125724032521248, 0.18236497044563293, 1.4553157091140747, 0.14933691918849945, 0.7453035116195679, 0.08220444619655609, 0.2871783971786499, 1.0241081714630127, 0.06419038772583008, 0.02734638750553131, 0.006865411531180143, 0.18010392785072327, 0.004654069431126118, 0.7975771427154541, 0.008281965740025043, 0.07456830143928528, 1.4045058488845825, 0.0, 0.08423278480768204, 0.06839966028928757, 0.3043014705181122, 0.16730856895446777, 0.1287919133901596, 0.04834752157330513, 0.0, 0.0, 0.21177229285240173, 0.25493401288986206, 1.1073335409164429, 0.0, 0.502734363079071, 0.06376399099826813, 0.318724125623703, 0.9401334524154663, 0.0, 0.6682800054550171, 1.7215479612350464, 0.0, 1.7775272130966187, 0.25146088004112244, 0.1596662998199463, 0.11319711059331894, 3.257169485092163, 1.634602427482605, 0.5670949220657349, 1.9495972394943237, 0.21136809885501862, 0.1302468478679657, 0.21092236042022705, 0.8064188957214355, 0.0, 0.0, 0.0, 0.1185624971985817, 0.03491903468966484, 0.05561375990509987, 0.07580909878015518, 0.6201539039611816, 1.5717393159866333, 0.014774993993341923, 0.31260791420936584, 0.20142535865306854, 0.21450282633304596, 0.18903854489326477, 0.060310520231723785, 0.010646151378750801, 0.04183618351817131, 0.7462802529335022, 0.03710748255252838, 0.06253889948129654, 0.0, 0.1808495968580246, 0.06851961463689804, 0.1617804765701294, 0.03177020326256752, 0.473153293132782, 0.37508049607276917, 0.14693166315555573, 0.20282518863677979, 0.48388203978538513, 0.0, 1.3796484470367432, 3.006010055541992, 0.03847381845116615, 0.0, 0.0, 0.08911570906639099, 0.10486042499542236, 0.049832817167043686, 0.0011958808172494173, 1.2470977306365967, 0.1958545744419098, 2.536339044570923, 0.07976890355348587, 0.6205044388771057, 0.0055373176001012325, 0.06328979134559631, 0.7315558791160583, 0.09443677216768265, 0.0, 0.7933998703956604, 0.2137405276298523, 0.7584376931190491, 0.14790835976600647, 0.095051608979702, 0.0, 0.8724334239959717, 0.04813425987958908, 0.4704340696334839, 1.1143015623092651, 0.0, 0.2152821123600006, 0.09842373430728912, 0.15446250140666962, 0.11688610166311264, 1.8036326169967651, 1.2152246236801147, 0.34213948249816895, 0.0, 0.03705213591456413, 2.8222756385803223, 0.22170193493366241, 0.18620817363262177, 0.38893696665763855, 0.06898908317089081, 0.2846204936504364, 0.8776514530181885, 0.0, 0.08484486490488052, 0.0, 0.07314880192279816, 1.0367894172668457, 0.27976760268211365, 0.2826257050037384, 0.017560046166181564, 0.047214582562446594, 0.1954282820224762, 0.20428048074245453, 0.008819949813187122, 0.17286750674247742, 0.0, 0.37085676193237305, 0.30853572487831116, 0.983695387840271, 1.261387825012207, 0.07279184460639954, 2.482971429824829, 0.45522525906562805, 0.8475080132484436, 0.39564695954322815, 0.40094515681266785, 2.1026673316955566, 0.12057933956384659, 0.00922650471329689, 0.0, 0.048344533890485764, 0.0, 1.364105224609375, 0.4184098243713379, 0.45183196663856506, 0.12581689655780792, 2.0171844959259033, 0.4160677492618561, 1.1823525428771973, 0.13235722482204437, 0.9849772453308105, 0.07450241595506668, 0.20271456241607666, 0.07077658176422119, 0.2468966692686081, 1.300850510597229, 0.009525459259748459, 0.029194872826337814, 0.20151734352111816, 0.08618316054344177, 0.007658068090677261, 0.6624364256858826, 0.18478818237781525, 2.420058012008667, 0.5567722916603088, 0.0, 0.20719072222709656, 0.12546829879283905, 0.4730106592178345, 0.22693927586078644, 1.0692981481552124, 0.1086316704750061, 0.3561265468597412, 0.720594048500061, 0.581453263759613, 0.3940461277961731, 0.10187295079231262, 1.4844316244125366, 0.06184970960021019, 0.2511439621448517, 0.06724242866039276, 1.204047679901123, 0.05955801531672478, 0.06998859345912933, 2.255295753479004, 0.0, 0.0, 0.0019007313530892134, 0.7428215146064758, 0.6067151427268982, 1.0265685319900513, 0.0006752597982995212, 0.042131949216127396, 1.5029298067092896, 0.9261229634284973, 0.01534118503332138, 0.14052903652191162, 1.7910221815109253, 0.037107113748788834, 0.9962021708488464, 2.3938820362091064, 0.4023177921772003, 1.3939288854599, 0.1838814616203308, 0.09696511179208755, 1.565036416053772, 0.10553865879774094, 2.411162853240967, 1.232211709022522, 0.4630235433578491, 0.24694612622261047, 1.202012538909912, 0.03933500871062279, 0.9455350041389465, 0.021255023777484894, 0.7318560481071472, 0.02544121816754341, 0.024746816605329514, 0.0, 0.33065804839134216, 0.933790385723114, 0.05685649439692497, 0.07010982185602188, 0.28510963916778564, 0.5439138412475586, 0.0, 0.6582664847373962, 3.3643321990966797, 0.907604455947876, 0.45923444628715515, 0.726396918296814, 0.0239628367125988, 0.05935518443584442, 0.49488767981529236, 0.14118459820747375, 1.28947913646698, 0.17652593553066254, 2.8459174633026123, 0.6993888020515442, 0.12811926007270813, 0.0, 0.18673312664031982, 0.11077754199504852, 2.8040099143981934, 0.0, 0.06025295332074165, 0.3953005075454712, 0.0, 0.3437863290309906, 2.1123788356781006, 3.375211238861084, 0.04200490564107895, 0.4535983204841614, 0.0, 0.09105955064296722, 0.052726130932569504, 1.4759870767593384, 0.008516861125826836, 0.0, 0.005016409792006016, 0.29887673258781433, 0.002126829931512475, 0.0, 0.7258137464523315, 0.40661492943763733, 0.45175668597221375, 0.012239103205502033, 0.9003912210464478, 0.05713329836726189, 0.5939446091651917, 0.09534584730863571, 0.04831605404615402, 0.23382943868637085, 3.3134024143218994, 0.16923803091049194, 0.07683128863573074, 0.10961364209651947, 0.10955240577459335, 0.0, 0.8527035117149353, 3.7232015132904053, 1.052669644355774, 0.17011943459510803, 0.23976905643939972, 0.0, 0.05551430210471153, 0.5466699600219727, 0.24777334928512573, 1.038935661315918, 0.05302147567272186, 3.851729393005371, 1.072579026222229, 0.23834583163261414, 0.004871713928878307, 0.06688635796308517, 0.07983694970607758, 1.5555200576782227, 0.20188158750534058, 0.29217082262039185, 0.7314442992210388, 0.885401725769043, 0.0028601642698049545, 0.0, 0.4232952296733856, 0.0, 1.5769524574279785, 0.13655366003513336, 0.7165924310684204, 0.12178394943475723, 0.01959928125143051, 0.15895994007587433, 0.08967572450637817, 0.0011185528710484505, 0.035810139030218124, 0.01262823399156332, 0.1318511664867401, 0.0, 0.015099771320819855, 0.99733966588974, 0.0, 0.6599770188331604, 0.4558098018169403, 1.443668007850647, 0.2427654266357422, 0.31634634733200073, 0.9757009148597717, 0.006692166440188885, 0.09544163942337036, 1.8584283590316772, 0.0, 0.3031318187713623, 0.09306827932596207, 0.32394182682037354, 1.7798806428909302, 2.011721611022949, 0.0, 0.2967304587364197, 0.07130348682403564, 0.19253596663475037, 0.5553361773490906, 0.03544478118419647, 0.1185382530093193, 0.5204717516899109, 0.21883976459503174, 0.12445606291294098, 0.24726983904838562, 1.2505296468734741, 0.9045432209968567, 1.5671850442886353, 0.06158773601055145, 0.20112499594688416, 0.28492337465286255, 0.25682511925697327, 0.6513765454292297, 0.0, 0.2448640614748001, 2.5429258346557617, 0.14406609535217285, 0.015731491148471832, 0.15637092292308807, 0.11656753718852997, 0.5180937647819519, 0.3614485561847687, 0.13104960322380066, 0.17840521037578583, 1.059302568435669, 0.007054591551423073, 0.20569567382335663, 1.0717767477035522, 0.4321313202381134, 0.18476010859012604, 0.0, 1.802817463874817, 0.1576480120420456, 0.17454172670841217, 0.8315608501434326, 0.0, 0.5900769233703613, 1.150145411491394, 0.0643412321805954, 0.3960006833076477, 0.0, 0.0, 0.0, 1.2502754926681519, 0.0772734060883522, 1.384718894958496, 0.32796502113342285, 0.2320176661014557, 0.23027002811431885, 0.026122083887457848, 0.09571094810962677, 0.07852184772491455, 0.028037190437316895, 0.2050725519657135, 0.1503489911556244, 0.010185129940509796, 0.40813812613487244, 0.05079450458288193, 0.7466486692428589, 0.021443618461489677, 1.7653652429580688, 0.4308505952358246, 0.1959737241268158, 0.01403704471886158, 0.45554983615875244, 0.07845678925514221, 0.739452600479126, 0.12225062400102615, 1.0334798097610474, 0.0, 0.08612091839313507, 0.009037328884005547, 0.006840978283435106, 0.020037343725562096, 0.09221290796995163, 0.0, 0.20910309255123138, 0.011042142286896706, 0.031919509172439575, 0.36443406343460083, 0.6879348158836365, 1.048820972442627, 0.0, 0.04524097591638565, 0.9575632810592651, 0.4618048667907715, 0.32686078548431396, 0.4502120912075043, 1.8009278774261475, 0.10681631416082382, 0.0, 0.030849648639559746, 0.052820827811956406, 0.3017963767051697, 0.07428250461816788, 0.0, 1.0005407333374023, 0.19854488968849182, 0.383283406496048, 3.0883145332336426, 0.008414535783231258, 0.5760402679443359, 0.008954675868153572, 0.21452867984771729, 0.01095487643033266, 0.37216824293136597, 0.0, 0.0, 0.07291208207607269, 0.5359064340591431, 0.014840126037597656, 0.22910791635513306, 0.03359891474246979, 0.35445672273635864, 0.26560747623443604, 0.6934769153594971, 0.3298356831073761, 0.06549186259508133, 0.06442266702651978, 0.1856153905391693, 0.043446656316518784, 0.007154729682952166, 2.552137613296509, 0.0, 1.0213524103164673, 0.2050633281469345, 0.15711061656475067, 0.01634797267615795, 0.22525426745414734, 0.09852845221757889, 0.028983043506741524, 0.0, 0.061984188854694366, 0.29484373331069946, 0.0, 0.06106443703174591, 0.3299974203109741, 1.1032044887542725, 0.0, 0.22630061209201813, 0.03551635146141052, 0.09751835465431213, 0.12360063195228577, 0.11722292006015778, 0.5142094492912292, 0.0, 0.8148984909057617, 0.7865636944770813, 0.0012954254634678364, 0.08278113603591919, 0.05553630366921425, 4.807476043701172, 0.20952236652374268, 0.10536486655473709, 0.5096469521522522, 0.11525874584913254, 0.0, 0.07609851658344269, 0.1526409387588501, 0.45351141691207886, 0.17142973840236664, 0.2619853615760803, 0.361430823802948, 1.5583698749542236, 0.09810450673103333, 0.2324094921350479, 0.5607523918151855, 0.46128860116004944, 1.7431626319885254, 0.057770684361457825, 0.04835648834705353, 0.008681832812726498, 0.07129135727882385, 0.18292726576328278, 2.0340535640716553, 0.06981837749481201, 0.2160157412290573, 0.029766080901026726, 0.0, 1.1068897247314453, 0.022840367630124092, 0.0, 0.1567264348268509, 0.7890470623970032, 0.0323704294860363, 0.12574565410614014, 0.058860886842012405, 0.002530983416363597, 0.20151673257350922, 0.377930611371994, 0.0022217107471078634, 0.041519906371831894, 0.16461849212646484, 0.19267964363098145, 0.3366939425468445, 0.41897091269493103, 0.0672968178987503, 0.0, 0.13135428726673126, 0.007094874512404203, 2.0814099311828613, 1.1916462182998657, 0.20584924519062042, 0.32986027002334595, 0.27279794216156006, 0.48999178409576416, 0.6483936905860901, 0.05890115350484848, 0.03748296946287155, 1.9824237823486328, 0.011855811811983585, 0.0, 0.0, 0.725928783416748, 0.24720628559589386, 0.01834728568792343, 0.0, 0.07673825323581696, 0.05399186909198761, 0.37548118829727173, 0.12010152637958527, 0.015342294238507748, 0.1483154594898224, 0.01686953566968441, 0.01845621131360531, 0.0, 0.28420984745025635, 0.0, 0.2215825617313385, 0.04903241991996765, 0.09191694855690002, 0.0, 0.06010739505290985, 0.1233782097697258, 2.4133358001708984, 0.09417164325714111, 4.879795596934855e-05, 0.3728482127189636, 0.0, 0.25613391399383545, 0.592384397983551, 0.08207003772258759, 0.048139095306396484, 0.010311562567949295, 0.03626953810453415, 0.10788252204656601, 0.4056946933269501, 0.005071280058473349, 0.1699061542749405, 0.031561821699142456, 0.013685688376426697, 1.5297542810440063, 0.2732519507408142, 0.06612104177474976, 0.0, 0.47073209285736084, 0.019008424133062363, 0.0, 0.00299936905503273, 0.7003624439239502, 0.7869061827659607, 0.0, 0.03336401283740997, 0.029258299618959427, 0.002045621629804373, 0.09006716310977936, 0.3766940236091614, 0.38538694381713867, 0.37725830078125, 0.949185848236084, 0.3519001007080078, 0.0, 0.1587321162223816, 0.16982606053352356, 0.036736954003572464, 0.18722975254058838, 0.5307101607322693, 0.027255136519670486, 0.5209670066833496, 0.0, 0.5116627216339111, 1.4852100610733032, 0.6372504234313965, 0.09762921929359436, 1.2046462297439575, 0.006566675379872322, 0.12909452617168427, 0.3681613504886627, 1.673856258392334, 0.9225759506225586, 2.3187527656555176, 0.05265253409743309, 0.2815631628036499, 0.9244430065155029, 0.09823089838027954, 0.012427615001797676, 0.0, 0.19145594537258148, 0.1376822143793106, 0.18492579460144043, 0.20564602315425873, 0.6515434980392456, 0.0020683687180280685, 0.6816862225532532, 0.668982207775116, 0.2897678017616272, 0.19078890979290009, 0.059384267777204514, 0.36566683650016785, 0.3455159366130829, 0.07521522045135498, 0.026678722351789474, 0.027317175641655922, 1.7600655555725098, 0.02449474111199379, 0.3819875419139862, 0.16259777545928955, 0.746071457862854, 0.23896221816539764, 0.6884017586708069, 0.17349550127983093, 0.32101020216941833, 0.10482463240623474, 2.3028171062469482, 0.4763028919696808, 0.3376716673374176, 0.04762091860175133, 0.0, 0.055962610989809036, 0.06601116806268692, 0.01307414285838604, 0.2927277684211731, 0.4978916049003601, 0.12462840974330902, 0.07674763351678848, 0.0, 0.6353552937507629, 0.09063179790973663, 0.0, 0.0, 0.022504527121782303, 0.12469442188739777, 0.362804651260376, 1.1539926528930664, 0.20475773513317108, 0.77468341588974, 0.26062583923339844, 0.39992162585258484, 5.134617328643799, 0.415356308221817, 0.35460150241851807, 0.0, 0.14147214591503143, 0.0659712702035904, 0.7127968668937683, 0.027359554544091225, 0.4676229655742645, 0.0, 0.8578904867172241, 0.6383722424507141, 1.363541603088379, 0.21745504438877106, 0.03150574117898941, 0.2189812809228897, 0.024833591654896736, 0.3583846092224121, 0.043076612055301666, 0.38499364256858826, 0.14683346450328827, 0.09228944778442383, 0.005543905775994062, 0.16005298495292664, 0.013677159324288368, 0.2741195261478424, 0.24948421120643616, 0.9749161601066589, 0.8162834048271179, 1.8541698455810547, 0.0, 0.0, 0.8945378661155701, 0.0, 0.6142905950546265, 1.3528125286102295, 0.021989107131958008, 0.0, 0.21422380208969116, 0.15286469459533691, 0.2009326070547104, 1.970049500465393, 0.5375488996505737, 0.0, 0.11636307835578918, 0.07643144577741623, 0.23192253708839417, 0.6884104013442993, 2.7804150581359863, 0.040052562952041626, 1.6058354377746582, 1.7626951932907104, 1.0616780519485474, 0.0, 0.07154969871044159, 0.39916303753852844, 0.034012846648693085, 0.2930040657520294, 0.21346570551395416, 0.0, 1.7055721282958984, 0.22833099961280823, 0.7418965101242065, 0.19344641268253326, 1.4139080047607422, 0.2900155484676361, 0.09975805878639221, 0.5178653001785278, 0.44754931330680847, 3.223099708557129, 0.2908915877342224, 0.6129517555236816, 0.0, 0.29925596714019775, 0.007144344039261341, 0.0, 0.03125928342342377, 2.0382373332977295, 0.23187674582004547, 0.0589863657951355, 0.025323420763015747, 1.823600172996521, 0.9796196818351746, 0.5369551777839661, 1.3924195766448975, 1.7147085666656494, 5.901300430297852, 0.127802774310112, 0.05770282447338104, 0.04984520748257637, 0.1527683138847351, 0.018911555409431458, 0.9021183848381042, 0.44247347116470337, 0.0, 0.06957569718360901, 0.0, 1.7226917743682861, 0.1125825047492981, 0.3968754708766937, 0.5932604670524597, 0.07902230322360992, 0.0022862760815769434, 0.1611373871564865, 0.16155610978603363, 0.0670139268040657, 2.407242774963379, 0.5547338128089905, 0.15577471256256104, 0.029179325327277184, 0.16984519362449646, 0.05051741376519203, 2.119568109512329, 1.2771084308624268, 0.02544288896024227, 0.698148787021637, 0.18468743562698364, 0.13772639632225037, 0.1350010633468628, 1.343375325202942, 0.6271021366119385, 0.0, 0.14853215217590332, 0.00035599785041995347, 0.0, 0.036726828664541245, 0.004689810331910849, 0.0007906933315098286, 0.0, 2.5821170806884766, 0.1440832018852234, 1.6986706256866455, 0.05462008714675903, 0.3300818204879761, 0.23287247121334076, 0.6745121479034424, 1.0161068439483643, 0.016436824575066566, 0.0018258945783600211, 0.23872701823711395, 1.1451716423034668, 0.13697268068790436, 0.24833372235298157, 0.5101275444030762, 0.0, 0.29003387689590454, 0.018148615956306458, 0.20291616022586823, 0.6011098027229309, 0.11035698652267456, 0.20661257207393646, 0.21055176854133606, 0.0, 0.0, 0.0, 0.22540096938610077, 0.3310287594795227, 0.07392804324626923, 0.8827147483825684, 0.0, 1.0430532693862915, 0.6915596723556519, 0.3879556357860565, 0.0, 0.0, 0.2066504955291748, 0.2138703167438507, 0.0, 0.0, 0.15283378958702087, 0.02998250164091587, 0.011937443166971207, 0.09866872429847717, 0.06343314051628113, 0.8483270406723022, 0.1924283504486084, 0.02449655532836914, 0.09540363401174545, 0.41528499126434326, 0.0, 1.60422682762146, 0.055586665868759155, 0.09026762843132019, 0.019067594781517982, 0.06722170114517212, 0.022455167025327682, 0.0, 0.009631173685193062, 0.013903859071433544, 0.12775245308876038, 0.1486256867647171, 0.0, 0.19041472673416138, 0.010869826190173626, 0.8069134950637817, 1.2596650123596191, 2.2566301822662354, 3.5802619457244873, 1.4957729578018188, 0.26782017946243286, 0.4825579524040222, 0.10320907086133957, 0.12682344019412994, 0.7206851243972778, 0.9073410034179688, 0.007214745506644249, 2.2859652042388916, 0.14574652910232544, 0.7719296216964722, 0.8389095664024353, 1.0394532680511475, 0.301690936088562, 0.20922832190990448, 0.024242963641881943, 0.18759344518184662, 0.4100072383880615, 1.1050912141799927, 0.09458821266889572, 0.008187191560864449, 0.24499255418777466, 1.0714610815048218, 0.034190405160188675, 0.0, 1.6793804168701172, 0.0, 0.0, 0.15726515650749207, 0.00985475443303585, 0.9645703434944153, 0.14483241736888885, 0.013056531548500061, 0.45311495661735535, 1.4166406393051147, 0.3348279595375061, 1.1310278177261353, 0.9199338555335999, 2.3622446060180664, 0.12584497034549713, 0.6060318946838379, 0.2538524866104126, 0.45404404401779175, 0.3595554828643799, 0.11465568840503693, 0.41266515851020813, 0.2105095535516739, 2.8004791736602783, 0.1145026907324791, 0.060458119958639145, 0.007154669146984816, 0.22277653217315674, 0.12481126189231873, 0.08318550884723663, 0.03132043033838272, 0.6045204997062683, 0.00748240202665329, 1.3791143894195557, 0.7046951055526733, 0.022619053721427917, 0.09807001799345016, 0.03627666085958481, 0.1761227697134018, 0.5962423086166382, 0.39591941237449646, 0.033521220088005066, 0.0, 0.10973866283893585, 0.0, 0.0, 0.0768691897392273, 0.0, 0.2427869588136673, 0.10264775902032852, 1.7666670083999634, 0.0006493183900602162, 0.0, 0.35429075360298157, 0.8035878539085388, 0.04728323221206665, 0.016817506402730942, 0.07016829401254654, 0.3284144103527069, 0.016788745298981667, 0.2022392451763153, 0.0601799450814724, 0.057562749832868576, 0.08851870894432068, 0.09792429208755493, 0.42579400539398193, 0.8839794993400574, 1.7310632467269897, 0.08615633100271225, 0.7672833800315857, 0.24741604924201965, 0.01660032384097576, 0.5236546993255615, 0.31899234652519226, 0.31956928968429565, 0.19791677594184875, 0.0, 0.6214385628700256, 0.325006365776062, 0.0, 0.03675199672579765, 0.03497925028204918, 1.7317073345184326, 0.7202791571617126, 0.5902250409126282, 0.3526698052883148, 0.10088293999433517, 0.6836585402488708, 0.10261605679988861, 0.22507716715335846, 0.0, 0.0, 1.744911789894104, 0.7018261551856995, 0.009019005112349987, 0.18220317363739014, 1.0077818632125854, 0.0, 0.028831729665398598, 0.22217980027198792, 0.02993989735841751, 0.0, 0.15873408317565918, 0.25566354393959045, 0.22811025381088257, 1.0168826580047607, 1.1191082000732422, 0.0, 1.557645559310913, 0.0, 0.1508609652519226, 0.053502414375543594, 0.05186959356069565, 0.3312559425830841, 0.12215881049633026, 0.009859895333647728, 0.20328326523303986, 0.02360425889492035, 0.3575950860977173, 1.147921085357666, 0.07411874830722809, 0.7733686566352844, 0.2601674795150757, 0.1081996038556099, 0.0, 0.21898028254508972, 0.09371782839298248, 0.0, 0.7790900468826294, 1.442173957824707, 0.01549072191119194, 0.2592695355415344, 0.5140165686607361, 0.4000867009162903, 0.9088442921638489, 0.0760965570807457, 1.2426496744155884, 2.604438543319702, 0.022994715720415115, 0.1803525984287262, 0.40253978967666626, 1.08670973777771, 0.25432324409484863, 0.0, 0.0, 0.7204398512840271, 0.11713940650224686, 0.8522989749908447, 0.0, 0.3558197021484375, 0.521000862121582, 0.7024539113044739, 0.01708083227276802, 0.4002341330051422, 0.024468041956424713, 0.5613424181938171, 0.012248457409441471, 0.0, 1.3086131811141968, 0.2588912546634674, 0.02842406928539276, 1.0172972679138184, 2.676081418991089, 0.12234773486852646, 0.08699287474155426, 0.00995278637856245, 0.0, 0.0, 0.4387834072113037, 0.17040550708770752, 0.004122101701796055, 0.25462621450424194, 0.48485374450683594, 0.0, 0.0, 0.20574887096881866, 0.17723847925662994, 0.057090483605861664, 0.08200371265411377, 0.5341851115226746, 0.0, 0.50546795129776, 0.1617049127817154, 0.0, 0.12080120295286179, 1.1452078819274902, 0.05801592022180557, 1.9171340465545654, 0.1125585213303566, 0.03432636335492134, 0.0, 0.3923289179801941, 0.1720900684595108, 0.04773687198758125, 0.0, 1.258952021598816, 0.0, 0.5622100830078125, 0.05966545641422272, 0.0, 0.06331652402877808, 0.1205935999751091, 0.6839448809623718, 0.0, 0.0, 0.30223238468170166, 0.8131373524665833, 0.017807507887482643, 0.3758019506931305, 0.0, 0.2202027142047882, 0.0, 0.6111504435539246, 0.5510653853416443, 0.03245296701788902, 1.2947568893432617, 0.6755510568618774, 0.18381279706954956, 0.0, 0.022942470386624336, 0.0, 0.1392057090997696, 0.01819751039147377, 0.05006217956542969, 0.019994137808680534, 0.07138828188180923, 0.3641766905784607, 0.23257340490818024, 0.03457515686750412, 0.08848067373037338, 1.0369106531143188, 0.09639749675989151, 0.2284976840019226, 0.011596368625760078, 0.07823477685451508, 0.8876253366470337, 0.10000207275152206, 0.4977291524410248, 0.8015637993812561, 0.734129011631012, 0.7585248947143555, 0.03949829563498497, 0.958598792552948, 0.0, 0.17501729726791382, 0.8557935357093811, 2.178619384765625, 1.5515893697738647, 1.914992332458496, 1.7525066137313843, 0.0, 0.13615861535072327, 1.086611270904541, 0.429231733083725, 0.0, 0.02087143436074257, 0.08356227725744247, 0.34606513381004333, 0.0, 0.121333546936512, 0.17423579096794128, 0.06847206503152847, 0.23830193281173706, 0.3679748475551605, 0.14975705742835999, 0.030198214575648308, 0.09380599111318588, 1.656386375427246, 0.0, 0.14661628007888794, 0.06212984770536423, 0.46599307656288147, 0.28331631422042847, 0.17854472994804382, 0.1362234503030777, 0.3982284963130951, 2.0885322093963623, 2.2198030948638916, 0.0020119755063205957, 0.12517188489437103, 0.4390392601490021, 0.6097590327262878, 0.1195225790143013, 0.28966647386550903, 0.0, 0.24420714378356934, 0.8906334638595581, 0.47880545258522034, 0.24659641087055206, 0.1844857633113861, 0.10299429297447205, 0.08079183101654053, 0.0, 1.8981207609176636, 1.3681097030639648, 0.07548554986715317, 0.0, 0.0, 0.013445372693240643, 0.2576357126235962, 0.16870824992656708, 0.43004438281059265, 0.29530999064445496, 0.07410228252410889, 0.044556859880685806, 1.637690544128418, 0.0, 0.1311393529176712, 0.003765602596104145, 0.21444173157215118, 0.6444610953330994, 0.0513945110142231, 0.002355522010475397, 0.5765828490257263, 0.05152203515172005, 0.4885837137699127, 0.34344035387039185, 0.010560215450823307, 0.0, 0.45780450105667114, 0.09810084849596024, 0.6871302127838135, 0.04272768273949623, 0.0018029067432507873, 0.28773730993270874, 0.2609948515892029, 0.1580348163843155, 0.7008394002914429, 0.9196332097053528, 0.22816665470600128, 1.2704617977142334, 0.1426371932029724, 3.5671305656433105, 0.006686692126095295, 0.4726913571357727, 0.4118433892726898, 0.7865695357322693, 0.11204413324594498, 1.0264612436294556, 1.0066554546356201, 0.005384581629186869, 0.0725594162940979, 0.2150086611509323, 0.9528701901435852, 0.32109808921813965, 0.02715994603931904, 0.3363553285598755, 0.5587484836578369, 0.46826112270355225, 0.7600871324539185, 0.004464412108063698, 0.5604413151741028, 0.3720264136791229, 1.6900317668914795, 0.0, 0.2271547168493271, 0.33388519287109375, 0.4081672728061676, 0.0, 0.12250760197639465, 0.06457427144050598, 0.030788851901888847, 0.014835837297141552, 0.04576365649700165, 0.08524977415800095, 0.09859393537044525, 0.7526994943618774, 0.16077250242233276, 0.14443790912628174, 0.2122112512588501, 0.10381980985403061, 0.3657163083553314, 0.18929213285446167, 0.20435239374637604, 1.1174081563949585, 0.6440408825874329, 0.08805055171251297, 0.1063210740685463, 0.2364187091588974, 0.0, 1.21253502368927, 0.19359351694583893, 0.8830413222312927, 0.08574201911687851, 1.361292839050293, 0.27777114510536194, 0.0023598135448992252, 0.010487088933587074, 0.3361797630786896, 0.6884381771087646, 1.2046867609024048, 0.1983654797077179, 1.3988627195358276, 1.0484232902526855, 1.2503060102462769, 0.21193629503250122, 0.0, 0.05261904001235962, 0.06136731803417206, 0.016151322051882744, 0.0, 0.05798770487308502, 1.7242511510849, 0.0452723503112793, 1.3745441436767578, 0.8392713665962219, 1.9330605268478394, 0.3715919852256775, 0.15924909710884094, 0.45652228593826294, 1.373084545135498, 0.14155952632427216, 0.15731167793273926, 0.09215281903743744, 0.0, 0.0, 0.35655903816223145, 0.26905274391174316, 0.05478083714842796, 0.0, 0.7029711604118347, 0.4492981433868408, 0.27280688285827637, 1.0325863361358643, 0.4155063331127167, 0.0, 0.6203609704971313, 0.05468166992068291, 0.1822005808353424, 0.14889901876449585, 0.056881655007600784, 0.0, 0.0, 0.013936607167124748, 0.05527324974536896, 0.6466728448867798, 0.550930380821228, 2.9853932857513428, 0.2608061730861664, 0.40588584542274475, 2.929905414581299, 0.31841421127319336, 0.14287111163139343, 0.2281518280506134, 0.10930909216403961, 0.1708323210477829, 0.18011321127414703, 0.018181664869189262, 0.06419359892606735, 0.9031426310539246, 0.10631831735372543, 2.2219722270965576, 0.21298128366470337, 0.3131437599658966, 3.90736722946167, 0.2947794795036316, 0.5179756879806519, 0.3934449255466461, 0.10172531753778458, 0.47181764245033264, 0.7413685917854309, 0.5465204119682312, 0.5353875756263733, 0.019349053502082825, 0.015960322692990303, 0.41351091861724854, 0.8412537574768066, 0.27775317430496216, 0.0, 0.02785688079893589, 0.01624148152768612, 0.07712167501449585, 0.0, 0.052413612604141235, 0.028013385832309723, 0.0031444928608834743, 0.47179925441741943, 0.09994897246360779, 1.5880086421966553, 0.323787659406662, 0.0, 0.6507092714309692, 0.4540424644947052, 0.04584861174225807, 0.04513942822813988, 0.9512431621551514, 0.0, 0.06866789609193802, 0.8103525042533875, 0.0, 0.15486524999141693, 0.537132740020752, 0.02751343324780464, 1.4525717496871948, 0.0, 0.06588734686374664, 0.0, 1.0776170492172241, 1.0075619220733643, 0.06260194629430771, 0.0, 1.0007961988449097, 0.18591850996017456, 0.2549819052219391, 0.10171909630298615, 0.3517574071884155, 1.3276301622390747, 0.5756248235702515, 0.40898397564888, 0.08702582865953445, 2.669680118560791, 0.5364857912063599, 0.27823740243911743, 0.13367217779159546, 2.476058006286621, 0.1958356648683548, 2.1924822330474854, 0.3269999623298645, 0.03624960407614708, 0.12820935249328613, 0.13517791032791138, 1.3213014602661133, 0.16358189284801483, 0.0, 0.6571429371833801, 0.0, 0.2580680549144745, 0.45099055767059326, 0.08664242178201675, 0.16074156761169434, 0.1677214354276657, 2.000845193862915, 0.13726603984832764, 0.05496835708618164, 0.0019006608054041862, 0.08679234236478806, 0.7586926817893982, 1.2168707847595215, 0.10911466926336288, 0.0, 0.2824971675872803, 0.11071838438510895, 0.2393113374710083, 0.48751476407051086, 0.008762169629335403, 0.13365718722343445, 0.10372946411371231, 0.4856577515602112, 0.12168074399232864, 0.00524440361186862, 0.011051608249545097, 0.3498696982860565, 0.08437522500753403, 0.5446187853813171, 0.01635093428194523, 0.0, 2.8500211238861084, 0.2007245570421219]",Testing/glioma_tumor/image(11).jpg
"[0.7088752388954163, 0.6642941236495972, 0.0, 0.11010582745075226, 0.808769702911377, 0.14323775470256805, 0.12100842595100403, 0.3198382258415222, 0.0, 0.0, 0.03640981763601303, 0.0, 0.7246467471122742, 1.1626614332199097, 0.2998109459877014, 0.013292662799358368, 0.04684653505682945, 0.0834508016705513, 0.5188137888908386, 0.33962178230285645, 0.38135653734207153, 2.4495902061462402, 0.0995415598154068, 0.2971210181713104, 0.6895444393157959, 0.03322777524590492, 2.983534812927246, 0.13400636613368988, 0.04295140877366066, 0.07159622758626938, 0.3650999665260315, 0.07256943732500076, 0.794177770614624, 0.7933062314987183, 0.02856917679309845, 0.3840201199054718, 0.003338877111673355, 0.12873050570487976, 0.0, 0.0, 0.6737381815910339, 0.4880025386810303, 0.18808357417583466, 0.006261030212044716, 0.11159400641918182, 0.08589966595172882, 0.021391090005636215, 0.0, 0.025864990428090096, 0.6222689151763916, 3.709054470062256, 0.6844446659088135, 1.1282422542572021, 0.26227205991744995, 1.4867936372756958, 2.2619144916534424, 0.6179433465003967, 0.014434748329222202, 0.4047525227069855, 0.028924694284796715, 0.1320904940366745, 0.465200275182724, 0.0856085792183876, 1.9893962144851685, 0.14770478010177612, 0.00336758466437459, 0.5181367993354797, 0.039511583745479584, 0.15948784351348877, 0.057365451008081436, 0.05689625442028046, 0.032753992825746536, 0.06586767733097076, 2.415807008743286, 2.784982204437256, 0.05313791707158089, 1.8807621002197266, 0.0, 0.0, 0.7665557265281677, 0.08849869668483734, 0.24889424443244934, 2.989867925643921, 0.09831982851028442, 0.7590544819831848, 0.036298517137765884, 3.1990268230438232, 0.1150505319237709, 0.22470244765281677, 0.15839853882789612, 0.33353206515312195, 0.2711679935455322, 0.38914528489112854, 2.488945245742798, 0.09651774168014526, 0.0, 0.25150156021118164, 0.17587605118751526, 0.1777867078781128, 0.12459538877010345, 0.2786465585231781, 0.6180354356765747, 0.14778105914592743, 0.004964862484484911, 1.4729589223861694, 0.17805224657058716, 0.579139232635498, 2.047415256500244, 0.1014285683631897, 0.9740574955940247, 0.2128937840461731, 0.30170735716819763, 0.09971770644187927, 0.059510521590709686, 0.4173697233200073, 0.0995233878493309, 0.7719289660453796, 2.2905046939849854, 0.32724064588546753, 0.032151494175195694, 0.006769659463316202, 0.08100595325231552, 0.04572348669171333, 0.0, 1.7443561553955078, 0.6656867861747742, 0.04253756254911423, 0.29032737016677856, 2.2566850185394287, 0.016858158633112907, 0.02097984217107296, 1.2488869428634644, 0.3353501558303833, 0.6721814870834351, 0.013271944597363472, 2.832298517227173, 0.012248029932379723, 0.0, 0.01662030816078186, 0.3548496663570404, 0.020821182057261467, 0.21560904383659363, 0.0, 0.0, 0.0, 0.0, 0.2566746771335602, 3.4395029544830322, 0.2575400471687317, 0.011658119037747383, 1.1004307270050049, 1.0348353385925293, 0.0691705271601677, 0.0330582819879055, 0.0884389653801918, 0.2580873370170593, 0.03350435569882393, 0.0, 1.8816592693328857, 0.02620416320860386, 0.15447264909744263, 1.245811104774475, 0.0, 0.0, 0.0, 0.45383572578430176, 0.987657904624939, 0.0, 0.12042483687400818, 6.147533893585205, 1.3173010349273682, 0.18107441067695618, 0.20850726962089539, 0.0017438908107578754, 5.117090702056885, 0.02087685838341713, 0.12695220112800598, 0.12247329205274582, 0.05310739949345589, 1.3018614053726196, 0.1449281871318817, 0.0, 0.3102732300758362, 0.009977268055081367, 1.1571295261383057, 0.4800633490085602, 0.5104552507400513, 0.4693298637866974, 0.5289193987846375, 0.11369292438030243, 0.0, 0.10296780616044998, 0.06528735160827637, 0.0, 0.0, 0.4921996593475342, 0.11250651627779007, 0.42445358633995056, 0.0, 0.3729204535484314, 0.5887582898139954, 0.42670202255249023, 0.3681682348251343, 0.263365775346756, 0.1290360987186432, 0.00641630357131362, 0.0, 0.06390375643968582, 0.06253476440906525, 0.595329225063324, 0.9394596815109253, 1.0630199909210205, 0.0, 0.05297539755702019, 0.06979300826787949, 0.21480819582939148, 0.05835997685790062, 0.0024597595911473036, 0.3480069935321808, 0.08505048602819443, 0.013012101873755455, 0.005496256053447723, 1.037034034729004, 0.084568090736866, 0.0, 1.5259997844696045, 0.015959301963448524, 0.06459375470876694, 1.5312306880950928, 1.1448907852172852, 0.26449352502822876, 0.4608616828918457, 0.17064763605594635, 0.1500059962272644, 3.3720273971557617, 0.21578443050384521, 0.0, 0.09814484417438507, 0.0037412133533507586, 1.0674450397491455, 0.3438660800457001, 0.19459140300750732, 2.1664161682128906, 0.28689858317375183, 0.1329822689294815, 0.0904797837138176, 0.0, 0.6733772158622742, 0.08034466207027435, 1.1276607513427734, 1.4477473497390747, 0.0, 0.3706384003162384, 0.2619285583496094, 0.02083626389503479, 0.21016453206539154, 0.0, 0.6500515937805176, 0.0, 1.2673743963241577, 0.0, 0.008582579903304577, 0.17766831815242767, 0.13798104226589203, 0.0, 0.037764161825180054, 0.19333897531032562, 0.0, 0.0, 0.016230227425694466, 0.6485655903816223, 0.5997723340988159, 0.4379003047943115, 0.0, 4.1369829177856445, 0.39121729135513306, 0.4004318118095398, 1.507285237312317, 0.7096996903419495, 0.0, 1.3932247161865234, 1.0866503715515137, 3.249425172805786, 0.14710184931755066, 0.0, 1.499035120010376, 0.13484299182891846, 0.12371236085891724, 0.11427982151508331, 0.1283484697341919, 0.272586464881897, 0.40064355731010437, 0.49027392268180847, 0.0, 0.9355288147926331, 0.8864439129829407, 0.25132665038108826, 0.14125956594944, 0.31719890236854553, 0.0, 0.06821529567241669, 0.0533071868121624, 3.868100643157959, 0.21437326073646545, 1.2690107822418213, 0.4170379936695099, 0.0, 0.8389129042625427, 0.07401673495769501, 0.0459321029484272, 0.002215190790593624, 0.49821901321411133, 0.24634139239788055, 0.038868777453899384, 1.0608088970184326, 0.0, 0.4723920226097107, 0.09968152642250061, 0.0, 0.18353833258152008, 0.16654200851917267, 0.03934035077691078, 0.09444502741098404, 0.0, 0.0, 0.1562865972518921, 0.9726572036743164, 0.2075887769460678, 1.9308780431747437, 0.023013576865196228, 0.06004299595952034, 0.0, 0.2543836534023285, 0.0, 0.0, 0.019708301872015, 0.037574462592601776, 0.8833150863647461, 1.279255747795105, 0.23235327005386353, 0.0, 0.12740054726600647, 0.08466275036334991, 0.2259412258863449, 0.0, 0.4022413492202759, 0.11951162666082382, 0.15129506587982178, 0.018347973003983498, 1.4596830606460571, 0.06068809702992439, 0.0, 0.13487374782562256, 0.0, 0.013085535727441311, 0.12940241396427155, 0.06874166429042816, 0.49551355838775635, 0.32611775398254395, 0.6230166554450989, 0.3567681610584259, 1.0974538326263428, 0.29606515169143677, 0.14490869641304016, 0.0903719887137413, 0.04812261089682579, 0.09380826354026794, 0.0, 1.3406000137329102, 0.047109685838222504, 0.027224969118833542, 0.0, 1.9218817949295044, 2.2139346599578857, 0.11823807656764984, 0.006134977098554373, 3.004695415496826, 0.4043949246406555, 0.0, 0.0, 0.1980021744966507, 0.11021929979324341, 0.0, 0.055456988513469696, 0.054065216332674026, 0.5839046239852905, 0.21678218245506287, 0.002218835288658738, 0.0, 0.004319375846534967, 0.0, 0.0045079016126692295, 0.0, 0.3552965521812439, 0.5489460825920105, 2.505021810531616, 0.059340376406908035, 0.3060789108276367, 0.0, 0.0, 0.4279792904853821, 0.0273030623793602, 0.01947755180299282, 0.2338825911283493, 0.2420094609260559, 1.7611384391784668, 0.13710463047027588, 0.2633642852306366, 0.11529556661844254, 0.3088587820529938, 0.1741051822900772, 0.005446074064821005, 0.22457148134708405, 0.14091739058494568, 0.27161163091659546, 2.2695698738098145, 0.0, 0.0974736139178276, 0.0007732450030744076, 0.19308032095432281, 0.17664703726768494, 0.08757733553647995, 0.0143426563590765, 0.4274047017097473, 0.09066765010356903, 0.0, 0.026468295603990555, 0.12564875185489655, 0.0, 0.0, 0.24577313661575317, 0.2147471010684967, 0.6201289296150208, 0.2202674150466919, 0.7474855780601501, 1.4276113510131836, 0.0034515566658228636, 3.5507473945617676, 0.2607980966567993, 0.5014539957046509, 0.07635144144296646, 0.0, 0.6013729572296143, 0.026854874566197395, 0.22848299145698547, 0.025692464783787727, 0.0, 0.7833801507949829, 0.046703778207302094, 0.01959085278213024, 1.1627497673034668, 0.0, 0.1555490642786026, 0.0, 0.0, 0.6122583150863647, 0.5267764329910278, 1.8810149431228638, 0.06817902624607086, 0.7406759262084961, 0.0, 0.6733131408691406, 0.46131134033203125, 0.055264681577682495, 0.10341144353151321, 0.0523376427590847, 0.28341996669769287, 0.212154820561409, 0.0014180286088958383, 0.6820823550224304, 0.0952751487493515, 0.20023949444293976, 0.7108829021453857, 0.10575306415557861, 0.22972869873046875, 0.03820142149925232, 0.0054381913505494595, 0.0, 0.15826591849327087, 0.4227396845817566, 0.44907146692276, 0.0, 0.608284056186676, 0.09009788185358047, 0.04155753180384636, 0.6172242760658264, 0.0, 0.0, 0.35689815878868103, 0.2059812694787979, 1.467952013015747, 1.0046652555465698, 0.317889004945755, 0.0, 0.5832780599594116, 0.07426383346319199, 0.726923406124115, 0.040721289813518524, 0.27173444628715515, 1.5619802474975586, 0.8725072145462036, 0.0, 0.018225640058517456, 6.4716973304748535, 0.5458391308784485, 0.18140418827533722, 0.0, 0.22048884630203247, 0.23340167105197906, 0.0, 0.0, 0.07548744976520538, 0.033775631338357925, 0.29848790168762207, 0.009540504775941372, 0.03880615532398224, 0.20458582043647766, 0.0370551235973835, 0.24695785343647003, 0.10324288159608841, 0.0, 0.10412129759788513, 0.11679401993751526, 0.5325124859809875, 0.0, 0.07796041667461395, 0.0, 0.0, 0.3732573986053467, 0.9576036334037781, 0.04645159840583801, 0.660875678062439, 0.4325542747974396, 3.1695637702941895, 0.0, 0.798866868019104, 0.2932801842689514, 0.18930977582931519, 0.5819320678710938, 0.5100507736206055, 0.0, 0.270008385181427, 0.778387725353241, 0.433885782957077, 0.6213056445121765, 0.08171114325523376, 0.0, 0.38520681858062744, 0.05615871399641037, 0.0, 0.3551994562149048, 0.8146423697471619, 0.446773499250412, 0.14177514612674713, 2.6182973384857178, 4.505542278289795, 0.055668897926807404, 0.0, 0.02541191875934601, 0.9708561897277832, 1.9927363395690918, 0.9491328001022339, 0.02190368063747883, 0.0376187264919281, 0.002518797293305397, 0.034482572227716446, 0.7853615283966064, 0.044105127453804016, 1.2860838174819946, 0.058015111833810806, 3.0319762229919434, 0.0985247865319252, 1.4345459938049316, 0.0, 0.02922005020081997, 2.137211322784424, 0.30133485794067383, 1.6826645135879517, 0.0953877866268158, 0.14946624636650085, 0.5665766000747681, 0.0, 0.5909265279769897, 0.1571035534143448, 0.0, 0.157548189163208, 0.023694703355431557, 0.2728607654571533, 0.6818667054176331, 0.0, 0.005757458508014679, 0.0, 0.4848348796367645, 0.003911242354661226, 0.055305127054452896, 0.34074246883392334, 0.7963991165161133, 0.0, 0.01422847993671894, 0.16690599918365479, 0.2749386131763458, 0.019642509520053864, 3.685415506362915, 0.13995146751403809, 0.0, 0.0, 0.07968733459711075, 0.178396075963974, 0.14757795631885529, 1.7085448503494263, 0.0, 0.023536808788776398, 0.04981004819273949, 1.6941379308700562, 0.07263737916946411, 0.0, 0.0, 0.17739619314670563, 0.0, 0.06379339098930359, 1.0372121334075928, 0.0, 1.9290581941604614, 0.0948527604341507, 1.0509309768676758, 0.2722533941268921, 0.26165875792503357, 0.0, 0.2288604974746704, 0.2238326519727707, 0.3773248493671417, 1.5476216077804565, 0.0823439359664917, 0.027481507509946823, 0.1582307666540146, 0.0, 0.0008596619591116905, 0.021392105147242546, 0.8341935873031616, 0.25782811641693115, 1.2675591707229614, 0.0, 1.7117595672607422, 0.3774210214614868, 0.0, 1.268620491027832, 2.4144766330718994, 0.11575479060411453, 0.0, 0.09038180112838745, 0.9747462272644043, 0.16688722372055054, 0.21965283155441284, 0.0, 1.56598699092865, 0.0, 0.040692344307899475, 0.3972727656364441, 0.10915746539831161, 0.0, 0.535914421081543, 0.3271845281124115, 0.33260831236839294, 0.004850407131016254, 1.4649534225463867, 0.0, 2.3708391189575195, 0.8913832902908325, 0.0, 0.9425127506256104, 0.0, 0.1932247281074524, 0.06436634063720703, 0.010589497163891792, 0.09595426172018051, 0.03916364163160324, 0.0033903755247592926, 0.002495408058166504, 0.9291596412658691, 1.19327712059021, 1.5473283529281616, 0.08814055472612381, 0.008205762133002281, 0.02381012588739395, 1.3111110925674438, 0.5588589310646057, 0.004017795901745558, 0.1420288234949112, 0.4997073709964752, 0.01509474404156208, 0.04142607003450394, 0.16558076441287994, 0.0943370908498764, 0.06562325358390808, 0.3793996572494507, 0.49159860610961914, 0.03548481687903404, 0.7736485004425049, 0.0, 0.01094107236713171, 0.2596391439437866, 0.18776842951774597, 0.24336139857769012, 0.08187408745288849, 0.0, 0.07479142397642136, 1.7555012702941895, 1.6134129762649536, 1.0713380575180054, 0.0, 1.385098934173584, 0.03977975994348526, 0.2632215619087219, 0.00036166151403449476, 0.7897931337356567, 0.0, 0.7624627947807312, 0.20836158096790314, 0.0, 0.012854957953095436, 0.18529339134693146, 3.5674214363098145, 0.026394234970211983, 0.11887327581644058, 0.06310787796974182, 2.947554588317871, 0.5016507506370544, 0.00987093336880207, 0.0, 2.445988893508911, 0.05454891175031662, 1.4122563600540161, 0.01592404581606388, 0.41786617040634155, 0.3260081708431244, 0.04954663664102554, 0.8726529479026794, 0.629720151424408, 0.41469117999076843, 0.06769368052482605, 0.02008376270532608, 0.03395610302686691, 0.9359802007675171, 0.004059105645865202, 0.0, 0.33868423104286194, 0.8767324090003967, 0.07887661457061768, 0.0, 1.025191307067871, 0.5332392454147339, 2.884004831314087, 0.18388259410858154, 0.0, 2.1449451446533203, 0.6455003619194031, 0.7981141805648804, 0.40112876892089844, 0.030898984521627426, 0.1193859800696373, 0.9036508798599243, 0.32183754444122314, 0.7683303356170654, 1.6926833391189575, 0.008109666407108307, 0.00302074383944273, 0.031213458627462387, 0.16067147254943848, 0.20521582663059235, 0.11489181220531464, 0.0, 0.04560987278819084, 0.11542454361915588, 0.07431458681821823, 0.0, 0.0, 0.034112703055143356, 0.12485770881175995, 1.117795467376709, 0.290922611951828, 0.6814654469490051, 0.6000528335571289, 0.20300693809986115, 0.0, 0.35133713483810425, 0.0, 2.7060251235961914, 0.8338900208473206, 0.15752696990966797, 0.04136217385530472, 1.615931749343872, 1.7097305059432983, 0.304781973361969, 0.0, 0.09240469336509705, 0.8704421520233154, 0.31861481070518494, 0.04165894165635109, 0.04404149577021599, 0.001359251094982028, 0.0, 0.12812411785125732, 0.012957077473402023, 0.29423782229423523, 0.0, 0.37304455041885376, 0.846727192401886, 2.268829584121704, 0.48042207956314087, 0.20585964620113373, 0.358356773853302, 0.0, 3.936525344848633, 0.0, 1.7004072666168213, 0.13116112351417542, 2.0424253940582275, 0.14219994843006134, 0.07141155004501343, 0.0, 0.08403580635786057, 0.0, 0.3229632079601288, 0.05624447017908096, 0.0, 0.873377799987793, 0.06366875022649765, 0.0, 0.020098725333809853, 4.243907451629639, 0.25163885951042175, 0.8627141118049622, 0.025248249992728233, 1.0826772451400757, 0.2638546824455261, 1.395064115524292, 0.040430281311273575, 0.0, 0.0, 0.7148098349571228, 0.0, 0.0, 1.6929148435592651, 3.4261679649353027, 0.6902002096176147, 0.3790420591831207, 0.4499928653240204, 0.021637581288814545, 1.2695627212524414, 1.8545236587524414, 0.0, 0.36903131008148193, 0.08828680217266083, 0.0, 0.3328898549079895, 0.0, 0.18389786779880524, 0.039772696793079376, 0.03277624770998955, 1.766556978225708, 0.3745805025100708, 0.0, 0.29340696334838867, 0.011493779718875885, 0.44673770666122437, 0.3805134892463684, 0.3087787628173828, 0.016814006492495537, 0.4007153809070587, 2.609297513961792, 0.15051929652690887, 0.19421064853668213, 0.0, 0.0003728355804923922, 0.11335497349500656, 0.8015838861465454, 0.010972346179187298, 0.0, 1.4765732288360596, 1.3387404680252075, 0.17385049164295197, 1.037552833557129, 0.06633646786212921, 0.0, 0.28723904490470886, 0.0, 1.1896475553512573, 1.6973556280136108, 0.08340765535831451, 0.07717080414295197, 0.6794894337654114, 0.09798590838909149, 0.03322723135352135, 0.0, 0.0, 0.015481837093830109, 0.49595409631729126, 0.0, 0.11395081877708435, 0.8096590638160706, 0.0, 0.809382975101471, 0.24309566617012024, 0.08054304867982864, 3.9660346508026123, 0.012566708028316498, 0.05485938489437103, 1.5768253803253174, 0.5976022481918335, 0.015095535665750504, 1.8922970294952393, 0.2483813464641571, 0.13978278636932373, 0.5084795951843262, 0.020025009289383888, 0.5476464033126831, 0.03332577645778656, 0.05398049205541611, 0.02175934426486492, 0.0, 0.0770781934261322, 0.35396435856819153, 0.418170690536499, 0.27109619975090027, 0.22162970900535583, 0.0, 0.5461945533752441, 0.5783270001411438, 3.917315721511841, 0.0, 0.0, 0.1739577203989029, 0.235519677400589, 0.0, 0.21611201763153076, 0.8218048810958862, 0.0, 0.07547689974308014, 0.0, 0.06346043944358826, 0.009643559344112873, 0.14339978992938995, 0.11946862936019897, 0.29473841190338135, 0.16895954310894012, 0.7643342018127441, 0.0, 0.45492884516716003, 0.021657809615135193, 0.23276931047439575, 0.012902113609015942, 1.1383614540100098, 0.0007313246605917811, 0.025530800223350525, 0.24251089990139008, 0.0, 0.09185329079627991, 5.123224258422852, 3.4301700592041016, 0.09699004143476486, 1.1062618494033813, 0.0, 0.0, 1.0686054229736328, 0.13324105739593506, 1.6394824981689453, 0.2142389714717865, 0.005806952249258757, 0.11845991760492325, 0.13897643983364105, 2.342827428947203e-05, 0.28114762902259827, 0.0, 0.07799247652292252, 0.0, 0.25613072514533997, 0.5387845039367676, 0.0, 0.0, 0.0348721407353878, 2.5035057067871094, 1.841317892074585, 0.0, 0.0045972890220582485, 0.7917630672454834, 0.0, 0.07524549961090088, 0.0, 0.2597675919532776, 0.3505481779575348, 0.35326191782951355, 0.09818534553050995, 0.9071268439292908, 0.050098929554224014, 0.1257443130016327, 0.33434879779815674, 0.0, 0.0833602249622345, 0.04941360279917717, 0.01244351826608181, 0.5217801928520203, 0.0, 0.0, 0.05995655059814453, 0.9347987771034241, 0.1408982276916504, 0.0286600012332201, 0.25499391555786133, 1.4431501626968384, 0.0, 0.5810320377349854, 0.05234861746430397, 0.25855085253715515, 4.084239959716797, 0.115615613758564, 0.0, 0.08313349634408951, 0.11858084052801132, 0.03831716999411583, 0.058738358318805695, 0.7412686944007874, 0.9056270122528076, 0.0, 0.0018063808092847466, 0.39172911643981934, 0.023719271644949913, 0.013557739555835724, 0.10194017738103867, 0.0, 0.04470472037792206, 0.038059018552303314, 0.061995234340429306, 0.17651380598545074, 0.10434514284133911, 0.0, 0.6413700580596924, 0.0, 0.0, 0.0, 0.0, 0.034060873091220856, 0.0, 0.5170234441757202, 0.03889697045087814, 0.0, 0.5397531390190125, 0.029247833415865898, 0.10838717967271805, 0.060872141271829605, 0.07211735844612122, 0.0791177973151207, 0.0, 0.15963418781757355, 0.2713753879070282, 0.0, 0.0, 0.17795059084892273, 2.6071133613586426, 0.13663385808467865, 0.11131209880113602, 0.15512417256832123, 0.050964608788490295, 0.7575833201408386, 0.004165189806371927, 0.06343033164739609, 0.0, 0.0678478553891182, 0.296804279088974, 0.0, 0.12292357534170151, 0.7669936418533325, 2.7273342609405518, 0.028975168243050575, 0.2968212962150574, 1.3432588577270508, 0.07765813916921616, 0.14013361930847168, 0.0, 0.0020491103641688824, 0.024169137701392174, 3.95003342628479, 0.22461026906967163, 0.28872227668762207, 6.0950846672058105, 0.01964803785085678, 0.12461064010858536, 0.06680856645107269, 1.5173304080963135, 0.0009853328811004758, 2.029787063598633, 0.001696314080618322, 0.0, 0.11090926826000214, 0.0, 1.5987318754196167, 0.0, 0.005353881511837244, 0.2650282084941864, 0.0, 0.20465900003910065, 0.0, 0.22788265347480774, 0.07153409719467163, 0.49647459387779236, 0.02488783374428749, 0.0, 0.035925935953855515, 0.19699351489543915, 0.0918394923210144, 0.10767005383968353, 0.052605364471673965, 0.047532036900520325, 0.140620619058609, 0.0, 0.2632907032966614, 0.0, 0.13170920312404633, 0.0, 0.0, 0.37989670038223267, 0.4692387580871582, 0.0, 0.2977522313594818, 0.3427043557167053, 0.0, 0.0, 0.3801550269126892, 0.7717825174331665, 0.02113572135567665, 0.1611204594373703, 0.0, 0.18800218403339386, 0.021465301513671875, 2.4359171390533447, 0.0, 0.0, 0.0, 0.0028184361290186644, 0.11662311851978302, 0.08187813311815262, 0.0, 0.13733848929405212, 3.311436653137207, 0.0, 0.03043746016919613, 0.0, 0.012812487781047821, 0.0023829061537981033, 0.15254205465316772, 0.17402197420597076, 0.17165863513946533, 0.14031386375427246, 0.0, 0.047430019825696945, 1.2265417575836182, 0.8591820597648621, 0.42806750535964966, 0.0, 0.061484500765800476, 0.34997016191482544, 0.0, 0.04826986417174339, 0.0836944580078125, 0.08122855424880981, 0.22757740318775177, 0.0026681083254516125, 0.5157538652420044, 0.19243870675563812, 0.3047211170196533, 0.0, 0.4497547447681427, 0.0592045933008194, 0.0077658649533987045, 0.5176326036453247, 0.0, 0.30139315128326416, 0.010632229968905449, 0.018007297068834305, 0.11960578709840775, 1.7142131328582764, 0.08103255182504654, 0.08312714099884033, 0.03322319686412811, 0.0, 0.0031425319612026215, 0.3575643002986908, 0.05492265895009041, 0.21606554090976715, 0.0968744307756424, 0.025616150349378586, 0.9309896230697632, 0.7299043536186218, 0.5372546315193176, 0.0, 0.7069684863090515, 0.2557900846004486, 1.2220948934555054, 0.06789380311965942, 0.019857197999954224, 0.31750014424324036, 0.11963170766830444, 0.24771316349506378, 1.5640931129455566, 0.03360207378864288, 0.4016399681568146, 0.05574239417910576, 0.24595887959003448, 0.5232746005058289, 0.02312578074634075, 1.3101072311401367, 0.76446533203125, 0.014829051680862904, 0.08460365235805511, 1.1214228868484497, 0.0, 0.05768807977437973, 0.0, 0.008985563181340694, 0.0, 0.5423344969749451, 0.5436259508132935, 0.0025088153779506683, 0.05938240885734558, 0.042689207941293716, 0.0, 0.7452883124351501, 1.0080863237380981, 0.005700646433979273, 0.404224157333374, 0.13278788328170776, 0.01065156888216734, 0.09448457509279251, 0.0, 2.14396071434021, 0.03962555155158043, 0.08216043561697006, 0.007879026234149933, 0.0, 0.24564747512340546, 0.0006618840270675719, 0.10048507153987885, 0.1348343938589096, 0.957142174243927, 0.3839087188243866, 0.21027152240276337, 1.6734490394592285, 0.9664756059646606, 0.0, 0.212471142411232, 0.407718300819397, 0.2860688865184784, 0.5513963103294373, 0.4728636145591736, 0.00320998253300786, 0.005575540009886026, 0.0, 0.19734935462474823, 0.0, 0.0, 0.3913082480430603, 0.0, 0.0, 0.8278177380561829, 0.8973508477210999, 0.5802826881408691, 0.12006953358650208, 0.10291121155023575, 0.14794017374515533, 0.8048733472824097, 0.7047706246376038, 0.9619331955909729, 0.5191975831985474, 0.0, 0.040047962218523026, 0.38264894485473633, 0.05755031853914261, 0.2473105639219284, 0.5160384178161621, 0.006530948914587498, 0.9022082686424255, 0.029086222872138023, 0.04685976728796959, 0.013384965248405933, 0.013073833659291267, 0.13943642377853394, 0.148663729429245, 0.0, 0.4729512631893158, 0.4323124289512634, 2.9532060623168945, 0.05752841755747795, 0.19132418930530548, 0.024365074932575226, 0.000545273011084646, 0.32128649950027466, 0.004592569544911385, 0.043673351407051086, 0.4459468722343445, 0.00575963594019413, 0.032823022454977036, 0.6290158033370972, 0.21660809218883514, 0.42195069789886475, 0.6388757824897766, 0.0666646733880043, 0.042162105441093445, 0.8120808601379395, 0.10649414360523224, 0.8408783674240112, 2.4134559631347656, 0.4881802797317505, 0.13829964399337769, 0.07738659530878067, 0.007863244041800499, 1.1541643142700195, 1.3122018575668335, 0.1358337253332138, 0.02553006261587143, 0.0, 0.48729437589645386, 1.9736789464950562, 0.2690786123275757, 0.7621124386787415, 0.06564406305551529, 0.09974444657564163, 0.10894707590341568, 0.10359176993370056, 0.0, 0.9120241403579712, 0.0, 0.009938514791429043, 0.42828017473220825, 0.19213294982910156, 0.06661267578601837, 0.15725792944431305, 0.07415870577096939, 1.5688939094543457, 0.17621052265167236, 0.4291338324546814, 1.4792993068695068, 0.0, 1.0481330156326294, 0.03648742288351059, 0.0, 0.01689952239394188, 2.080315351486206, 0.010148389264941216, 0.002392797963693738, 0.0011524303117766976, 3.172689437866211, 0.13931043446063995, 0.3252449035644531, 0.4993315041065216, 0.19505956768989563, 2.1866636276245117, 0.003356558969244361, 0.06997918337583542, 0.3762502372264862, 0.029113730415701866, 0.012154093012213707, 0.43648797273635864, 0.0, 0.0, 0.323014497756958, 0.0, 3.8311266899108887, 0.045023683458566666, 0.06553410738706589, 0.16315729916095734, 0.04515962675213814, 0.8821882009506226, 0.06577552855014801, 0.3921970725059509, 0.0, 5.004277229309082, 0.386931449174881, 0.11303020268678665, 0.0, 0.16655538976192474, 0.007195988669991493, 0.9770451188087463, 1.5736206769943237, 0.0, 1.4551804065704346, 0.49180349707603455, 0.07566782087087631, 0.3405844271183014, 0.3689155876636505, 0.29750168323516846, 0.0, 0.003650862257927656, 0.0, 0.0104737039655447, 0.035317640751600266, 0.0, 0.11951280385255814, 0.045510753989219666, 1.3398863077163696, 0.536344587802887, 0.0, 0.0, 1.6368972063064575, 1.000746488571167, 2.460157632827759, 0.274434894323349, 0.0, 0.3036990463733673, 0.7058448791503906, 0.1101745069026947, 0.025813555344939232, 1.068412184715271, 0.3666738271713257, 0.0, 0.12723782658576965, 0.048951879143714905, 0.4673721492290497, 0.024038825184106827, 0.30853572487831116, 0.011789988726377487, 0.5761324763298035, 0.0, 0.2858351171016693, 0.01415146142244339, 0.4438978433609009, 0.058187153190374374, 0.15734411776065826, 0.26096034049987793, 0.0, 0.3504381477832794, 1.2959519624710083, 0.0, 0.5658846497535706, 0.10375073552131653, 0.00019114358292426914, 0.0983399823307991, 0.0, 0.0, 0.3180927038192749, 0.5663330554962158, 0.01205136813223362, 0.7812148332595825, 0.07010844349861145, 0.21330705285072327, 0.19408518075942993, 0.0, 0.14052091538906097, 0.0, 0.0, 0.2584820091724396, 0.0, 0.3936126232147217, 0.2894677519798279, 0.13816002011299133, 0.0, 0.0, 0.0, 0.005097917281091213, 0.004799273330718279, 0.24229468405246735, 0.3997054696083069, 0.8372856378555298, 0.0, 0.2566640377044678, 0.631493091583252, 1.8429474830627441, 1.8906594514846802, 0.03876344487071037, 0.41653433442115784, 0.252773642539978, 0.0, 0.7972419857978821, 0.8208089470863342, 3.06126070022583, 1.058095097541809, 1.2273606061935425, 0.047081489115953445, 1.0155566930770874, 0.04422549903392792, 1.83536696434021, 0.3609433174133301, 0.03364940732717514, 0.08023116737604141, 0.00784255564212799, 0.03857961297035217, 0.309888631105423, 0.0, 0.02113262005150318, 0.4902973473072052, 0.0, 0.0, 0.0, 3.263852596282959, 0.0, 0.7433952689170837, 3.2751922607421875, 0.03452194854617119, 0.512855589389801, 1.8797932863235474, 0.0, 1.2941646575927734, 0.06538459658622742, 0.19810670614242554, 0.019988514482975006, 0.2454746663570404, 1.5235958099365234, 0.3937130272388458, 0.06787586957216263, 0.08641055971384048, 0.02951553836464882, 0.058315202593803406, 0.010219967924058437, 0.9485008120536804, 0.22395402193069458, 0.5411025285720825, 0.0, 0.0017791475402191281, 0.00813866127282381, 0.0, 0.11460854113101959, 0.05912758409976959, 0.18455271422863007, 0.3478861451148987, 0.7517791390419006, 0.771406352519989, 0.0, 0.08888690173625946, 0.38077977299690247, 0.11561638861894608, 0.0970241129398346, 1.4240682125091553, 0.03703596070408821, 0.0, 0.030999500304460526, 0.0011904726270586252, 0.03871726989746094, 0.05488325282931328, 0.0, 0.06299994885921478, 0.18704929947853088, 0.24037320911884308, 0.9230497479438782, 0.0, 0.0, 0.4616346061229706, 0.08754415065050125, 0.0, 0.0, 0.0, 0.9431933164596558, 0.002288268646225333, 0.6722069382667542, 0.11606995016336441, 1.8285671472549438, 0.14819562435150146, 0.0037363937590271235, 0.35533398389816284, 0.0, 3.1620023250579834, 0.21210211515426636, 0.06636396050453186, 0.3989156484603882, 0.05237593129277229, 0.8691294193267822, 0.10127802938222885, 0.0036149609368294477, 0.202471524477005, 0.0, 0.5191852450370789, 0.3351394832134247, 0.005590998567640781, 1.0595264434814453, 0.0, 1.8538382053375244, 0.4899404048919678, 0.6368380784988403, 0.572890043258667, 0.6168128848075867, 0.15040434896945953, 0.5947578549385071, 0.0, 0.35089462995529175, 0.0, 0.6857267022132874, 0.11623398959636688, 0.034997135400772095, 0.893546462059021, 0.7360493540763855, 0.43805453181266785, 0.2964688241481781, 0.0004070778377354145, 0.2512507438659668, 0.0, 0.0, 0.1733647882938385, 0.4402502477169037, 0.5643594861030579, 0.29633599519729614, 0.0230326596647501, 5.922519683837891, 0.0, 0.1922745555639267, 0.6678388118743896, 0.1468256711959839, 2.527940034866333, 0.08884311467409134, 0.25757238268852234, 1.1630373001098633, 0.0, 0.10729805380105972, 0.6100592613220215, 0.0, 0.3520911931991577, 1.1660027503967285, 0.04702237993478775, 0.0, 0.04999944195151329, 0.18711718916893005, 0.0075645712204277515, 0.5362023115158081, 0.0, 0.04905277490615845, 0.022554786875844002, 0.21448355913162231, 0.10279425978660583, 0.027307067066431046, 0.9975926876068115, 0.027670767158269882, 4.5783915519714355, 0.0, 0.0060713584534823895, 0.08123322576284409, 0.27643778920173645, 0.0, 0.2362995594739914, 0.0, 0.7113054990768433, 0.0, 0.0, 1.1663299798965454, 0.4940541386604309, 0.07671923190355301, 0.0, 2.6003222465515137, 0.009437118656933308, 0.07016346603631973, 0.08891573548316956, 0.0007237852551043034, 0.2035895437002182, 1.2347230911254883, 0.8377842903137207, 0.0018876012181863189, 1.2006051540374756, 4.8665595054626465, 0.09776563942432404, 0.0, 0.0, 0.02300288714468479, 0.6868476867675781, 0.019706005230545998, 0.029733166098594666, 0.08596300333738327, 0.0, 0.0, 0.8974884748458862, 0.0, 1.262709379196167, 1.4588133096694946, 0.07090194523334503, 0.027799218893051147, 0.00043469545198604465, 0.0, 0.05518784373998642, 0.4125021994113922, 0.1941869556903839, 0.0021771606989204884, 0.3786716163158417, 1.045568585395813, 0.506299614906311, 0.06970516592264175, 0.10904578119516373, 0.01222586166113615, 0.032846059650182724, 0.10685822367668152, 0.9235854148864746, 0.000632928335107863, 1.0102864503860474, 0.03953327611088753, 0.05194396525621414, 1.9766162633895874, 0.0, 0.4973635673522949, 0.03227321058511734, 0.23636090755462646, 0.0, 0.08997882157564163, 0.3680992126464844, 0.0, 0.0, 1.5325332880020142, 0.0, 0.01721855066716671, 0.1927485167980194, 0.4666624367237091, 0.1263245940208435, 0.006940340623259544, 0.19587476551532745, 1.1157792806625366, 0.5109062790870667, 0.0033969879150390625, 0.017273878678679466, 0.5570138692855835, 0.0405825637280941, 0.0, 0.0, 0.0, 0.1607879251241684, 0.725554883480072, 0.4378940463066101, 0.0048446510918438435, 0.0, 0.8335092663764954, 0.0, 2.0790529251098633, 0.3522109091281891, 0.2843562066555023, 0.17910727858543396, 0.1719674915075302, 0.37719660997390747, 0.26829954981803894, 0.01522755902260542, 0.5685967206954956, 0.04832369461655617, 0.06502749025821686, 0.0, 2.5400259494781494, 3.3210155963897705, 0.0, 0.9252486228942871, 0.880597710609436, 3.4305615425109863, 0.006131744012236595, 0.0, 0.2795185446739197, 0.21072834730148315, 0.09542437642812729, 0.0, 1.388223648071289, 0.019060032442212105, 0.0, 0.41240501403808594, 0.02250833436846733, 0.008288164623081684, 0.0, 0.08123085647821426, 1.0821866989135742, 0.8106895685195923, 0.012190023437142372, 1.2733337879180908, 0.0, 0.0, 0.004026169888675213, 0.40405428409576416, 0.012836658395826817, 0.29905030131340027, 0.12131503969430923, 0.4596717357635498, 0.8987749218940735, 3.0531036853790283, 0.0, 0.07131761312484741, 0.3722259998321533, 0.031095679849386215, 0.10839655250310898, 0.08870572596788406, 0.02862759307026863, 0.19987384974956512, 0.9143439531326294, 0.501956045627594, 0.364565908908844, 0.30803439021110535, 0.1487240195274353, 0.05127034708857536, 0.011485178023576736, 0.458612322807312, 1.87751042842865, 0.028162147849798203, 0.045248180627822876, 0.4577367603778839, 0.8275343179702759, 0.01833227276802063, 0.8671315908432007, 0.11934645473957062, 0.15892882645130157, 0.04918508231639862, 0.0, 0.0011731653939932585, 0.2918381989002228, 0.11797021329402924, 0.0, 0.0, 4.1714186668396, 0.0617171972990036, 0.028812354430556297, 0.28274261951446533, 0.0, 0.0, 0.5187005400657654, 0.05205129086971283, 0.02178478240966797, 0.04160839319229126, 0.3736504018306732, 0.68142169713974, 0.05270392447710037, 0.4295986592769623, 0.14355525374412537, 0.34665656089782715, 0.8934875726699829, 0.005605135578662157, 0.9867753982543945, 0.5196709632873535, 0.3383338749408722, 0.0, 6.696720600128174, 0.11291554570198059, 0.0, 0.3108721971511841, 2.009364128112793, 0.0, 0.1685503125190735, 0.20724272727966309, 0.0, 0.9378290772438049, 0.05542551726102829, 0.2501169443130493, 0.0, 0.04020458459854126, 0.21178901195526123, 0.22795003652572632, 0.9680795669555664, 0.044843073934316635, 0.03375031426548958, 0.0, 0.02759265899658203, 0.22316473722457886, 0.0, 0.0, 0.0, 0.05275075137615204, 0.23151181638240814, 0.0, 0.0, 0.0, 0.10232748091220856, 0.4274281859397888, 0.19816088676452637, 0.8690758347511292, 3.37650990486145, 0.0, 0.0167225431650877, 0.8696448802947998, 0.2479877471923828, 0.2614882290363312, 0.0, 0.052158959209918976, 1.1664057970046997, 0.07395359873771667, 0.18682236969470978, 0.4310019314289093, 0.35535237193107605, 0.002196219516918063, 0.0, 1.091694712638855, 2.067366361618042, 0.0, 0.5082343816757202, 0.05700879544019699, 0.5222188830375671, 0.0, 0.09541259706020355, 0.8420755863189697, 0.023473666980862617, 0.23986020684242249, 0.0, 2.165377616882324, 1.2479716539382935, 0.014023859053850174, 0.0, 0.032284945249557495, 0.01009452622383833, 0.39821484684944153, 0.0009142622584477067, 0.20199903845787048, 6.616624355316162, 0.5312259793281555, 0.08223313838243484, 0.41116926074028015, 0.7108721137046814, 0.8557436466217041, 0.37884411215782166, 0.3201962411403656, 0.7729110717773438, 0.04129032790660858, 0.09494265913963318, 1.3231828212738037, 0.06224098801612854, 0.07895173877477646, 0.15388406813144684, 0.8200210332870483, 0.0, 0.3230116367340088, 0.0, 0.022342564538121223, 0.006976740900427103, 0.231674462556839, 0.2540147304534912, 0.29755017161369324, 0.6194561719894409, 0.22160284221172333, 0.0, 0.0, 0.42754262685775757, 0.013901075348258018, 0.0, 0.0, 0.10868393629789352, 0.1487969160079956, 0.04426444321870804, 1.4983997344970703, 0.016358016058802605, 0.16529470682144165, 2.4744608402252197, 0.0005988575867377222, 0.061107248067855835, 0.0, 0.20348778367042542, 0.1387995183467865, 0.016938598826527596, 0.1176641583442688, 0.6864655017852783, 0.08943624794483185, 0.04776039719581604, 0.003579317359253764, 0.06557169556617737, 0.0, 3.47178053855896, 0.48031705617904663, 0.8422877788543701, 0.08063394576311111, 0.0, 0.052923981100320816, 0.10023445636034012, 0.053490664809942245, 0.4372521936893463, 0.0, 0.03079482726752758, 0.2058277726173401, 0.7875406742095947, 2.3058581352233887, 0.0, 0.3053131401538849, 0.0, 0.01477881334722042, 0.1485467106103897, 0.0006330524338409305, 0.0, 0.21556681394577026, 0.20067501068115234, 0.005101126153022051, 0.024341924116015434, 0.014766916632652283, 0.0, 0.8327341079711914, 0.9817431569099426, 0.2467791885137558, 0.10325783491134644, 0.5105641484260559, 0.003951041027903557, 0.0, 1.3435765504837036, 0.0, 0.12980088591575623, 0.0, 0.07157783955335617, 0.1532812863588333, 0.0, 2.8441832065582275, 0.0, 0.49394476413726807, 0.32810086011886597, 0.032618675380945206, 0.0, 0.23908661305904388, 0.028033513575792313, 0.07093045115470886, 0.0, 0.14426501095294952, 0.8467887043952942, 0.4365272521972656, 1.9963611364364624, 0.44129616022109985, 3.082003116607666, 0.18959318101406097, 0.7707013487815857, 0.028867918998003006, 8.4384183883667, 0.0, 1.577683925628662, 0.0097952326759696, 0.4518781900405884, 0.019164085388183594, 0.2818436026573181, 1.426615834236145, 0.5694953203201294, 0.34328871965408325, 0.3905237019062042, 0.0, 0.0015077445423230529, 0.27122408151626587, 0.1663173884153366, 0.9946017265319824, 0.5302295088768005, 0.07312805950641632, 0.0, 0.09577816724777222, 0.015519735403358936, 0.0, 0.0, 1.1081188917160034, 0.0, 0.43731561303138733, 0.0, 0.8148009777069092, 0.15247546136379242, 0.40670183300971985, 0.00417320104315877, 0.5937143564224243, 0.0268738754093647, 0.3985591530799866, 0.0, 0.0, 0.0, 0.11005526036024094, 0.0, 1.3812124729156494, 0.03164936974644661, 0.007605457678437233, 2.7687227725982666, 0.5253332853317261]",Testing/glioma_tumor/image(30).jpg
"[0.09287170320749283, 0.14922304451465607, 0.0, 0.24204491078853607, 0.6993232369422913, 0.29634717106819153, 2.8323895931243896, 0.0019929385744035244, 0.10966143012046814, 0.0, 0.1096343994140625, 0.0, 0.0, 0.5751492977142334, 0.5697745680809021, 0.271771639585495, 0.0, 0.4221789240837097, 0.12646855413913727, 0.025810256600379944, 0.25136032700538635, 0.9390857219696045, 0.014589416794478893, 0.027161404490470886, 0.042740657925605774, 0.16975171864032745, 1.3745412826538086, 0.31782764196395874, 0.06467727571725845, 0.022091681137681007, 0.20160776376724243, 0.008844911120831966, 1.4021316766738892, 0.5397568345069885, 0.29149696230888367, 0.9242407083511353, 0.16098535060882568, 0.24400687217712402, 0.0, 0.03232298418879509, 2.3427422046661377, 0.41966700553894043, 0.011942951008677483, 0.07755377888679504, 0.0, 0.0, 0.0, 0.0, 0.0, 1.024486780166626, 0.19438673555850983, 0.6536217331886292, 1.3432601690292358, 0.06988096237182617, 2.8878190517425537, 2.1072354316711426, 0.08562255650758743, 0.1542454957962036, 1.0180535316467285, 0.0002327695256099105, 0.02892155945301056, 0.2512710690498352, 0.8181586861610413, 2.102128028869629, 0.07623971998691559, 0.0, 1.3999764919281006, 0.02800927683711052, 0.40664440393447876, 0.0, 0.25194036960601807, 0.2382076233625412, 0.2081519216299057, 3.796083927154541, 0.40055251121520996, 0.03243830054998398, 2.8898067474365234, 0.1370578110218048, 0.0, 1.350428819656372, 0.0, 0.043313127011060715, 1.1018977165222168, 0.10463134944438934, 1.6079955101013184, 0.07133409380912781, 2.5065152645111084, 0.023085545748472214, 0.010718584060668945, 0.02296062931418419, 2.5825772285461426, 0.16517148911952972, 0.0979660376906395, 0.08971467614173889, 0.00033583445474505424, 0.11612807214260101, 0.5382941365242004, 0.0, 0.015669099986553192, 0.14448419213294983, 0.0, 0.4493752717971802, 0.004645449575036764, 0.11478614807128906, 0.510686457157135, 0.07704060524702072, 0.4272131621837616, 2.2215960025787354, 0.007933933287858963, 0.8513005971908569, 0.06731513887643814, 0.1437518447637558, 0.22166918218135834, 0.0, 0.8251263499259949, 0.1349589228630066, 0.4144918918609619, 1.1898319721221924, 0.34911978244781494, 0.04735520854592323, 0.4745904505252838, 0.0, 0.0, 0.8816485404968262, 1.2018131017684937, 0.6551982164382935, 0.00032699594157747924, 0.11034183204174042, 3.237921953201294, 0.016770483925938606, 0.0, 2.327296257019043, 0.008011608384549618, 0.0, 0.0, 0.0, 0.4454100728034973, 0.2800227403640747, 0.0, 0.16695243120193481, 0.0, 0.006587057840079069, 0.050601229071617126, 0.0016307246405631304, 0.6308415532112122, 0.06289799511432648, 0.07704570144414902, 0.9826039671897888, 0.0019221792463213205, 0.12098289281129837, 0.6573420166969299, 0.4964433014392853, 0.1729118824005127, 0.0, 0.10394686460494995, 0.6887369155883789, 0.0, 0.13722294569015503, 0.04405480623245239, 0.049078553915023804, 0.24125328660011292, 0.7331572771072388, 0.0, 0.0751807913184166, 0.07935867458581924, 0.004258148372173309, 0.4415726661682129, 0.0454881452023983, 0.8170611262321472, 5.295291900634766, 1.27134108543396, 0.0, 0.012682301923632622, 0.06282159686088562, 1.1332166194915771, 0.2921268045902252, 0.014732161536812782, 0.383572518825531, 0.006083712447434664, 0.0, 0.20820236206054688, 0.0, 0.37308767437934875, 0.27611109614372253, 0.8032788038253784, 0.7163496017456055, 0.5891292095184326, 0.8891931772232056, 0.5638030767440796, 0.0, 0.017618918791413307, 0.03540030121803284, 0.028355354443192482, 0.10307835787534714, 0.0034050745889544487, 0.4052060842514038, 0.0, 0.4543341100215912, 0.017982332035899162, 0.1951453983783722, 0.5239546298980713, 0.005351553205400705, 0.0, 0.20045389235019684, 0.5117701888084412, 0.3800885081291199, 0.00882960855960846, 0.00628915848210454, 0.28969329595565796, 0.09252307564020157, 1.8962452411651611, 0.7180984616279602, 0.0, 0.4766741394996643, 0.0, 0.826073169708252, 0.0078035080805420876, 0.05938234552741051, 0.03807229548692703, 0.0, 0.09794943034648895, 0.004945039749145508, 1.3826807737350464, 0.030554665252566338, 0.0, 1.8087183237075806, 0.05104515329003334, 0.040453389286994934, 1.7934205532073975, 0.04725843667984009, 0.15556152164936066, 0.0, 0.055400799959897995, 0.9321210384368896, 0.02314702793955803, 0.0853884145617485, 0.0, 0.24829533696174622, 0.0, 0.21335403621196747, 0.0812729150056839, 0.520401120185852, 0.3147762715816498, 0.017331641167402267, 0.048782601952552795, 0.27813825011253357, 0.16434995830059052, 1.2935397624969482, 0.001900290953926742, 2.1434271335601807, 0.792479932308197, 0.020762696862220764, 1.19721257686615, 0.0, 0.3750171363353729, 0.18024681508541107, 0.018969153985381126, 3.93974232673645, 0.19865816831588745, 0.2614094614982605, 0.0, 0.0005756726022809744, 0.5035461783409119, 0.05584753677248955, 0.02116229571402073, 0.14221034944057465, 0.11014603823423386, 0.37786227464675903, 0.0, 0.014191444963216782, 0.09107052534818649, 0.0, 0.3011065721511841, 0.0460960827767849, 4.71333122253418, 0.06842024624347687, 0.05342103913426399, 0.6468824148178101, 1.0204681158065796, 0.0, 0.8291727900505066, 0.9176831245422363, 1.2499419450759888, 0.0, 0.15127161145210266, 0.28234949707984924, 0.17167426645755768, 0.2558566629886627, 0.06819833815097809, 0.06193717569112778, 0.1524476855993271, 0.007405981887131929, 0.0, 0.014007719233632088, 0.16237454116344452, 4.2595438957214355, 0.15418124198913574, 0.16610848903656006, 0.4118087887763977, 0.0, 0.3325512409210205, 0.012044376693665981, 2.6073498725891113, 0.16920968890190125, 0.6857595443725586, 0.0, 0.1429605931043625, 0.2764362096786499, 0.0, 0.024490760639309883, 0.34441524744033813, 0.4166291356086731, 0.006651381962001324, 0.3348636329174042, 0.15286996960639954, 0.1988384872674942, 0.2607358694076538, 0.005896993912756443, 0.0, 0.0, 0.16149121522903442, 0.001608989667147398, 0.1066860631108284, 0.0, 0.0, 0.25474557280540466, 1.5323373079299927, 0.059208933264017105, 3.2047088146209717, 1.1154321432113647, 0.15344861149787903, 0.014359671622514725, 0.5902491211891174, 0.5335509777069092, 0.0, 0.0053784651681780815, 2.6926157474517822, 0.42742919921875, 2.1556637287139893, 0.2727549374103546, 0.016765011474490166, 0.003686401294544339, 0.0298608485609293, 0.06871754676103592, 0.0, 0.0819263830780983, 0.01611260324716568, 0.03442085161805153, 0.21889495849609375, 0.36792895197868347, 0.006657014135271311, 0.027466820552945137, 0.16599935293197632, 0.006400115787982941, 0.02484317682683468, 0.0, 0.023411380127072334, 0.07534901052713394, 0.0, 0.007461766712367535, 0.08054162561893463, 0.9872668385505676, 0.18259359896183014, 0.19719867408275604, 0.23959419131278992, 0.3464721441268921, 0.020258260890841484, 0.06795324385166168, 0.021259376779198647, 1.376879334449768, 0.0682864859700203, 0.05104288458824158, 1.5539143085479736, 4.229314804077148, 0.5487204194068909, 0.012164466083049774, 0.5957995057106018, 0.03625141829252243, 0.0, 0.0, 0.0, 0.005007320549339056, 0.0, 0.11640716344118118, 0.38608941435813904, 1.0898584127426147, 0.49098941683769226, 0.0, 0.0, 0.13853509724140167, 0.0, 0.6428332328796387, 0.550264835357666, 0.10745824873447418, 0.29532116651535034, 3.1936397552490234, 0.0, 0.3270524740219116, 0.0, 0.021804045885801315, 1.0249963998794556, 0.0, 0.030537687242031097, 0.21595102548599243, 0.0633205771446228, 1.884229063987732, 0.10006605088710785, 0.0, 0.0022474161814898252, 0.10354550182819366, 0.7380200028419495, 0.0, 0.0, 2.1890718926442787e-05, 0.038327399641275406, 2.027107000350952, 0.20419521629810333, 0.02387712523341179, 0.09308338165283203, 0.7510104179382324, 0.5969822406768799, 0.0, 0.05652477964758873, 0.5309504866600037, 0.17387332022190094, 0.014177156612277031, 0.030189063400030136, 0.639793336391449, 0.009382225573062897, 0.005829227156937122, 0.6723036766052246, 0.2601778209209442, 0.7460492253303528, 0.022529978305101395, 0.1435731053352356, 1.1769907474517822, 0.05768266320228577, 2.45139741897583, 0.23148541152477264, 0.17065270245075226, 0.011588427238166332, 0.054632995277643204, 0.0, 0.3072379231452942, 0.26346537470817566, 0.0009815157391130924, 0.026190591976046562, 0.1139439195394516, 0.0, 0.09419230371713638, 0.3890005946159363, 0.058146461844444275, 0.0011529386974871159, 0.0, 0.03394230827689171, 0.22510558366775513, 0.3496498167514801, 0.14892230927944183, 0.0, 2.6287314891815186, 0.0, 1.3845590353012085, 0.09363994002342224, 0.06327186524868011, 0.010163716040551662, 0.005247442051768303, 0.043741244822740555, 0.7629501819610596, 0.3042074143886566, 0.0804627314209938, 0.18330492079257965, 0.19926008582115173, 0.370267391204834, 0.08008294552564621, 0.4285825490951538, 0.06336600333452225, 0.008573600091040134, 0.0, 0.06566518545150757, 0.32233044505119324, 0.05892254039645195, 0.0366378128528595, 0.9970122575759888, 0.20966008305549622, 0.15789121389389038, 0.0, 0.0, 0.0, 1.207383394241333, 0.0, 0.08454606682062149, 1.4363749027252197, 0.4117215871810913, 0.0, 0.7301222085952759, 0.0, 0.0, 0.01509766187518835, 0.1613273024559021, 0.258539617061615, 0.01976962760090828, 0.22714711725711823, 0.42837685346603394, 2.154582977294922, 0.37796592712402344, 0.4733196198940277, 0.41145145893096924, 0.048914119601249695, 0.01692587323486805, 0.08834575861692429, 0.0, 0.4327528476715088, 0.08635491132736206, 0.7922255992889404, 0.1792382150888443, 0.06665346771478653, 0.29880988597869873, 0.1174095869064331, 0.07821331173181534, 0.10122429579496384, 0.09220928698778152, 0.005110300146043301, 0.672960638999939, 0.04487632215023041, 0.0, 0.5718677639961243, 0.11155647784471512, 0.0, 0.08215269446372986, 1.457878589630127, 0.1311853528022766, 2.0778324604034424, 0.766933023929596, 3.054091453552246, 0.02454412914812565, 1.0327656269073486, 0.2079024463891983, 0.3030758202075958, 0.02967984974384308, 0.5506836175918579, 0.0, 0.0, 0.1864604502916336, 0.3092798590660095, 0.7748212218284607, 0.35858944058418274, 0.029594657942652702, 0.0009052607347257435, 0.0, 0.0, 0.1664981245994568, 0.4741375148296356, 0.14982517063617706, 0.0003312704502604902, 1.5198180675506592, 1.2871466875076294, 0.39768117666244507, 0.0, 0.16668039560317993, 0.11636549234390259, 2.5243072509765625, 1.010689616203308, 0.7683603763580322, 0.0, 0.09402550756931305, 0.0, 0.6876040101051331, 0.33752697706222534, 0.5992462038993835, 0.1358284205198288, 0.2499636858701706, 0.12361932545900345, 0.5959560871124268, 0.4139109253883362, 0.0034435184206813574, 1.5182541608810425, 0.0, 1.429736852645874, 0.0, 0.0, 0.6657396554946899, 0.0029940824024379253, 0.13078968226909637, 0.0021132449619472027, 0.0, 0.043823134154081345, 0.0, 0.0, 0.0, 0.0, 0.05591142550110817, 0.054289478808641434, 0.13451996445655823, 0.06397230178117752, 0.13779018819332123, 0.0, 0.3416578769683838, 0.0, 0.0, 0.1390141397714615, 0.14976881444454193, 0.0, 2.721493721008301, 1.0060691833496094, 0.15255339443683624, 0.0, 0.49908125400543213, 0.5781066417694092, 0.0401017963886261, 2.147365093231201, 0.17302824556827545, 0.0, 0.446058988571167, 0.9463656544685364, 0.0, 0.00648246007040143, 0.0, 0.01878444291651249, 0.0, 0.5339043140411377, 0.04879024624824524, 0.0, 2.6596896648406982, 0.01727278344333172, 1.0181587934494019, 0.8381260633468628, 0.05253046378493309, 0.2703753411769867, 0.0, 0.02154919132590294, 0.0, 0.04675419628620148, 0.059691380709409714, 0.0, 0.023878654465079308, 0.0071517108008265495, 0.008607286959886551, 0.006678505800664425, 0.28428128361701965, 0.20937055349349976, 0.6764740347862244, 0.005016261246055365, 0.9822771549224854, 0.5460833311080933, 0.0, 0.35761743783950806, 2.0179924964904785, 0.0, 0.02498815767467022, 0.0, 0.47461140155792236, 0.12945275008678436, 0.3428783118724823, 0.0, 2.0018222332000732, 0.11613176017999649, 0.22793002426624298, 0.4287688136100769, 0.12845921516418457, 0.013995282351970673, 0.1345510333776474, 0.13531365990638733, 0.30073070526123047, 0.16838136315345764, 0.9599209427833557, 0.10617925971746445, 1.4514979124069214, 0.07024693489074707, 0.21305161714553833, 0.1780773103237152, 0.07725083827972412, 1.2334437370300293, 0.009328946471214294, 0.32220399379730225, 0.07994433492422104, 0.3715171813964844, 0.009143050760030746, 0.04657767713069916, 0.21301814913749695, 2.3243579864501953, 0.8494731187820435, 0.01965221017599106, 0.0, 0.4136832058429718, 1.4296884536743164, 0.10642725229263306, 0.010471570305526257, 0.0, 0.38209885358810425, 0.014647486619651318, 0.04118817672133446, 0.03079156018793583, 0.05074593424797058, 0.0069114286452531815, 0.24721284210681915, 0.03671824559569359, 1.0850824117660522, 0.02469555288553238, 0.12277911603450775, 0.013809612952172756, 0.1298511028289795, 0.011880047619342804, 0.40000495314598083, 0.013432872481644154, 0.0, 0.007971466518938541, 1.418555736541748, 1.1606906652450562, 0.8095363974571228, 0.0, 2.101762056350708, 0.0, 0.01288414467126131, 0.0, 0.19700844585895538, 0.0, 0.2079084813594818, 0.002525704214349389, 0.0, 0.0, 0.19112065434455872, 1.7839380502700806, 0.35343480110168457, 0.28097206354141235, 0.025846099480986595, 4.256504535675049, 1.509207844734192, 0.012985039502382278, 0.01056681852787733, 0.07526947557926178, 0.34451183676719666, 0.6907510757446289, 0.2195737659931183, 1.1706297397613525, 0.8957244157791138, 0.16725188493728638, 0.1461888551712036, 0.13381138443946838, 0.1747993528842926, 0.006222795695066452, 0.5802425742149353, 0.004682949744164944, 1.4096503257751465, 0.053255315870046616, 0.02844170108437538, 0.4025283455848694, 0.08368370682001114, 0.0, 0.17978276312351227, 0.8238927721977234, 0.12905316054821014, 1.0624192953109741, 0.634319007396698, 0.02901311032474041, 0.24502362310886383, 0.1252255141735077, 1.0963151454925537, 0.0002025049616349861, 0.04604218900203705, 0.28756874799728394, 0.784092366695404, 0.31346991658210754, 0.9282385110855103, 0.7793309688568115, 0.1995326429605484, 0.007488160859793425, 0.2364291399717331, 1.2105365991592407, 0.0683283656835556, 0.841802179813385, 0.025190848857164383, 0.0031478891614824533, 0.09660931676626205, 0.07748568803071976, 0.4173959195613861, 0.3150520622730255, 0.22707466781139374, 0.03645699471235275, 1.1351535320281982, 0.42379507422447205, 0.4016554057598114, 0.7057937383651733, 0.6604427695274353, 0.0008060542750172317, 1.1067672967910767, 0.05284743756055832, 0.6945610642433167, 1.4434947967529297, 0.0077885654754936695, 0.07435880601406097, 1.1228023767471313, 0.019836531952023506, 0.39130666851997375, 0.04485537111759186, 0.5849103927612305, 0.07014624774456024, 0.024520304054021835, 0.0, 1.1217290163040161, 0.13704586029052734, 0.049998585134744644, 0.24963422119617462, 0.07717087864875793, 0.20085184276103973, 0.0, 0.22050315141677856, 1.160744547843933, 1.5337988138198853, 0.3545105457305908, 0.27954092621803284, 0.0, 0.20475177466869354, 1.3919163942337036, 0.0, 2.5503532886505127, 0.11059175431728363, 2.842944622039795, 0.49839386343955994, 0.0, 0.0, 0.013635056093335152, 0.09370306879281998, 0.5114479064941406, 0.0, 0.09760282188653946, 0.5662415623664856, 0.0, 0.0, 0.3223819434642792, 3.023056745529175, 0.0, 0.6437719464302063, 0.08853184431791306, 0.8350370526313782, 0.3085312247276306, 1.8466160297393799, 0.004184579476714134, 0.0, 0.0, 0.010314209386706352, 0.009600539691746235, 0.0, 1.368166446685791, 2.9378693103790283, 0.7245355844497681, 0.38338518142700195, 0.04418177157640457, 0.04110647365450859, 1.4337223768234253, 0.5608202219009399, 0.04513322934508324, 0.048874661326408386, 0.025764640420675278, 0.010431749746203423, 0.02446131780743599, 0.3303571343421936, 0.24643388390541077, 0.010838829912245274, 0.4203811287879944, 0.2692144811153412, 0.0, 0.05473512411117554, 0.34095171093940735, 0.0, 0.7667109966278076, 0.4555242955684662, 0.010345534421503544, 0.13189606368541718, 0.0, 4.077631950378418, 0.04054797440767288, 0.05321258306503296, 0.0, 0.05128698796033859, 0.0, 0.4912526607513428, 0.056646835058927536, 0.11439742892980576, 2.7604892253875732, 0.04313550516963005, 0.03631235286593437, 0.11562111973762512, 0.0014876419445499778, 0.0, 2.13200044631958, 0.39607366919517517, 0.9527669548988342, 0.47389844059944153, 0.023194748908281326, 0.100247323513031, 0.0, 0.09405995160341263, 0.24152465164661407, 0.0, 0.0, 0.0080453185364604, 0.0, 0.13556990027427673, 0.1133490800857544, 0.5266481041908264, 0.1640864759683609, 1.5095182657241821, 0.01406151708215475, 0.078098826110363, 4.848648548126221, 0.0, 0.39268264174461365, 2.425201416015625, 0.04915305972099304, 0.0038783526979386806, 0.9014312028884888, 0.016595961526036263, 0.2295679897069931, 0.22844888269901276, 0.0, 0.6440727710723877, 0.044891007244586945, 0.001080403570085764, 0.44690731167793274, 0.0004372475086711347, 0.07608772814273834, 0.02222314663231373, 0.03716124966740608, 0.047005027532577515, 0.6698841452598572, 0.1905371993780136, 1.2226494550704956, 0.48779210448265076, 3.2250959873199463, 0.003722305176779628, 0.0, 0.029227575287222862, 0.9980828166007996, 0.0, 0.04039660096168518, 1.657488465309143, 0.016600187867879868, 0.14778856933116913, 0.002626511501148343, 0.07189275324344635, 0.1598242223262787, 0.1509871929883957, 0.0, 0.05941174551844597, 0.03669758141040802, 0.06433731317520142, 0.0, 0.6784031987190247, 0.026900092139840126, 0.3865776062011719, 0.0, 0.9068471193313599, 0.2731150686740875, 0.03688858821988106, 0.3669097423553467, 0.0, 0.0, 2.2059574127197266, 0.712245523929596, 0.10448066890239716, 0.0, 0.006487649399787188, 0.05631273612380028, 0.22541974484920502, 0.13161155581474304, 0.08925410360097885, 0.004627305548638105, 0.7481420636177063, 0.09202219545841217, 0.08266381174325943, 0.0, 0.16843058168888092, 0.2918427884578705, 0.19726033508777618, 0.003161773318424821, 0.12500640749931335, 0.11662518233060837, 0.01568925380706787, 0.03718823939561844, 0.3517124652862549, 2.3378818035125732, 1.001477599143982, 0.0, 0.06595490872859955, 1.8468469381332397, 0.0, 0.006649061106145382, 0.018352601677179337, 0.08262796700000763, 0.0, 0.08883511275053024, 0.2703540325164795, 0.006497657857835293, 0.012766269035637379, 0.029982473701238632, 0.0, 0.1448085606098175, 0.0, 0.040357813239097595, 0.0, 1.0909059047698975, 0.0, 0.11202624440193176, 0.2691085934638977, 0.8900190591812134, 0.1533062756061554, 0.0, 1.730912446975708, 0.7241735458374023, 0.04635407030582428, 0.5021842122077942, 0.24267959594726562, 0.08297799527645111, 1.6760244369506836, 0.3185301423072815, 0.022984972223639488, 0.07834549248218536, 0.0, 0.15795579552650452, 0.7561301589012146, 0.2503677010536194, 0.8665910959243774, 0.08084766566753387, 0.24940641224384308, 0.3883584439754486, 0.2682398855686188, 0.17517147958278656, 0.0, 0.04023111239075661, 0.6178818345069885, 0.23074336349964142, 0.3364570438861847, 0.27414610981941223, 0.532408595085144, 0.4458371698856354, 0.8753629326820374, 0.14149191975593567, 0.0, 0.0, 0.0, 0.10919710993766785, 0.0, 1.4524534940719604, 0.07236980646848679, 0.0, 0.0, 0.0, 0.041196536272764206, 0.7424306869506836, 0.13640716671943665, 0.010116993449628353, 0.05744880437850952, 0.0, 0.08803074061870575, 0.16342392563819885, 0.0, 0.16065683960914612, 3.54951548576355, 0.0, 0.5004663467407227, 0.0, 0.057392608374357224, 0.1727188527584076, 0.06513796746730804, 0.01970469206571579, 0.0, 0.9416341781616211, 0.24492155015468597, 0.35735490918159485, 0.2114480882883072, 0.0523674301803112, 2.5031991004943848, 0.2505849003791809, 0.19241301715373993, 0.7657209038734436, 0.011176216416060925, 0.0, 0.0, 0.0031922203488647938, 0.7137100696563721, 2.211491584777832, 0.040726520121097565, 0.5029070973396301, 1.6889739036560059, 0.0, 0.104584701359272, 0.02550865150988102, 1.1050266027450562, 1.524404764175415, 0.4741004705429077, 0.14689049124717712, 0.013888947665691376, 0.4260907471179962, 0.5186731815338135, 5.8547258377075195, 0.0, 0.0, 0.16066953539848328, 0.0, 0.5091421008110046, 0.10748053342103958, 0.03155454993247986, 0.05401604622602463, 0.109494149684906, 0.026987353339791298, 0.0557803213596344, 0.42387908697128296, 0.37976178526878357, 0.4907112121582031, 0.044580407440662384, 0.1215600073337555, 0.053546205163002014, 0.007935375906527042, 0.0, 0.2034701555967331, 0.003927306272089481, 0.10225830972194672, 0.0, 0.19840861856937408, 0.0, 1.2499184608459473, 0.09939967095851898, 0.4722496271133423, 0.154862642288208, 0.0, 0.1328660547733307, 0.7514437437057495, 0.07391513884067535, 0.0014573335647583008, 0.0, 0.009589411318302155, 0.09470480680465698, 0.16831974685192108, 1.640008568763733, 0.0, 0.007034065667539835, 0.5673248767852783, 0.026854708790779114, 0.04750576615333557, 0.36152052879333496, 0.0, 0.012357614934444427, 2.2161319255828857, 0.0, 0.06676623970270157, 0.0, 0.0, 0.0, 0.5491142868995667, 0.07537297904491425, 0.1052788719534874, 0.0, 0.008728762157261372, 0.0, 2.336251974105835, 0.0059846811927855015, 0.01484067365527153, 0.19555087387561798, 0.0, 1.2824678421020508, 0.0, 0.0, 0.026279592886567116, 0.1450701206922531, 0.4688669443130493, 0.045289862900972366, 0.6942015886306763, 0.015556223690509796, 0.07958187162876129, 0.01302399206906557, 0.41775959730148315, 0.0, 0.0, 0.0, 0.0, 0.18812237679958344, 0.0, 0.5275149345397949, 0.04814976081252098, 1.4269994497299194, 0.026876935735344887, 0.0, 0.0, 0.0, 0.017148630693554878, 0.0041877469047904015, 0.42768487334251404, 1.490451455116272, 0.03765274956822395, 0.04523343965411186, 0.9852673411369324, 0.007051390130072832, 0.09348229318857193, 0.08365405350923538, 0.14395646750926971, 0.5820271372795105, 0.4521564543247223, 0.021320046856999397, 0.12565042078495026, 0.0029308723751455545, 0.4071917235851288, 0.0, 0.21867242455482483, 1.0873596668243408, 0.049595244228839874, 0.0, 0.3410801291465759, 0.166448712348938, 0.02487315610051155, 0.17909732460975647, 1.366207242012024, 0.0, 0.02274434268474579, 0.3544650971889496, 0.0, 0.0, 0.018665708601474762, 0.08822204917669296, 0.16120325028896332, 0.1305985301733017, 2.5613582134246826, 0.09615620970726013, 0.002396250143647194, 1.1389113664627075, 0.1267021745443344, 0.20095282793045044, 0.08772189915180206, 0.22750931978225708, 0.06910567730665207, 0.002649080939590931, 0.0004674950323533267, 0.15821003913879395, 0.04660530388355255, 3.881740093231201, 0.045410461723804474, 0.26641085743904114, 0.030172698199748993, 0.0005782745429314673, 0.5671038627624512, 0.5300306081771851, 0.72652667760849, 0.0, 0.4515064060688019, 1.2919206619262695, 0.04001873359084129, 0.036251239478588104, 0.0, 0.0032321482431143522, 0.4684879779815674, 0.12205417454242706, 0.03030780330300331, 1.8616231679916382, 0.32368284463882446, 0.04012720286846161, 0.04568008333444595, 0.0, 1.068688988685608, 0.0, 0.0, 0.0158323273062706, 0.003075412241742015, 0.07722963392734528, 0.6558570265769958, 0.930842399597168, 0.0845087394118309, 0.5256894826889038, 0.37411901354789734, 0.6150218844413757, 0.027303526178002357, 0.010410657152533531, 0.14351239800453186, 0.012654177844524384, 0.48805665969848633, 0.11808346956968307, 0.09021539241075516, 0.04269161820411682, 0.409623384475708, 0.08244282752275467, 0.0, 0.3612023890018463, 0.07280010730028152, 0.14710558950901031, 0.013745497912168503, 0.4216669797897339, 0.25431931018829346, 0.5982483625411987, 0.046483661979436874, 0.32808682322502136, 0.2079056203365326, 1.4332457780838013, 0.13794481754302979, 0.04092476889491081, 0.11203721165657043, 0.0, 0.0, 0.01848265528678894, 0.10297679901123047, 0.42357054352760315, 0.031107116490602493, 0.008588978089392185, 0.7837887406349182, 0.08726084232330322, 0.48773980140686035, 0.6254416704177856, 0.0, 0.11579564213752747, 0.6735466122627258, 0.17435137927532196, 0.38250723481178284, 3.741946220397949, 0.29701173305511475, 0.0033982577733695507, 0.3722911775112152, 0.044874876737594604, 0.29232317209243774, 0.1150086298584938, 0.0, 0.018930993974208832, 0.06894977390766144, 3.0341105461120605, 2.071558952331543, 0.9549729228019714, 0.2241252213716507, 0.019056739285588264, 0.12055975198745728, 0.0, 0.04051363095641136, 0.0, 0.4201982319355011, 0.11683771759271622, 0.02868575230240822, 0.8724572062492371, 0.31040501594543457, 0.009286029264330864, 0.22305910289287567, 0.11507900059223175, 0.5493049025535583, 0.0, 0.5380619764328003, 1.7193868160247803, 0.3654688894748688, 0.15704099833965302, 0.06464901566505432, 0.0, 0.010788735002279282, 1.3748352527618408, 0.0, 0.5771090984344482, 0.016024647280573845, 0.07520899921655655, 0.46385133266448975, 0.06709110736846924, 0.606503963470459, 0.0, 0.9464452862739563, 0.00536692887544632, 0.0, 0.25721535086631775, 0.1601734608411789, 0.05603853613138199, 0.17264850437641144, 0.6154083609580994, 0.0, 0.19677798449993134, 0.0, 0.28059694170951843, 0.03073415532708168, 0.5199810862541199, 0.013400182127952576, 0.03206256404519081, 0.26445111632347107, 0.1399625986814499, 0.18519389629364014, 0.0, 3.4297869205474854, 0.3929896354675293, 0.0, 0.005127242766320705, 0.04509487748146057, 0.0, 3.5367157459259033, 0.846890926361084, 0.0877956822514534, 0.8667805194854736, 0.35939714312553406, 0.045907292515039444, 0.3317147195339203, 0.49310973286628723, 0.04750745743513107, 0.0, 0.0, 0.0, 0.330852210521698, 0.0, 0.031246758997440338, 0.047490283846855164, 0.001486520399339497, 5.426698684692383, 0.11139564216136932, 0.3460991084575653, 0.007786118425428867, 1.275745153427124, 0.051338549703359604, 0.6426271796226501, 0.5291294455528259, 0.0, 0.04194784536957741, 0.6258425116539001, 0.7680378556251526, 0.063719242811203, 0.7677685618400574, 0.07513655722141266, 0.004307955969125032, 0.2520579695701599, 0.015534712001681328, 0.38350996375083923, 0.016830522567033768, 0.0007039186893962324, 0.007749211974442005, 0.0, 0.03563254699110985, 0.0, 0.00047623866703361273, 0.7708954215049744, 0.00795784778892994, 0.027046196162700653, 0.14338074624538422, 0.0, 0.24649277329444885, 2.2752296924591064, 0.002317392034456134, 0.011709463782608509, 0.0, 0.030262518674135208, 0.09224428236484528, 0.0, 0.0, 0.0, 1.2596635818481445, 0.40951040387153625, 0.3903920650482178, 0.13946063816547394, 2.1182634830474854, 0.0108998017385602, 0.20148099958896637, 0.0, 0.2631579339504242, 0.006256792228668928, 0.18234272301197052, 0.044744763523340225, 0.057515949010849, 0.2019973248243332, 0.0439891517162323, 0.17888134717941284, 0.0, 0.0, 0.3083438575267792, 0.0, 0.0, 0.13940201699733734, 0.8662633299827576, 0.0, 0.0, 0.6252891421318054, 1.605733871459961, 3.742236375808716, 0.7151560187339783, 0.8955477476119995, 0.21895350515842438, 0.0, 0.9130858778953552, 1.3280954360961914, 0.8933273553848267, 0.11965461820363998, 2.4846818447113037, 0.0, 3.0219244956970215, 0.04023267701268196, 1.34980046749115, 0.1322626918554306, 0.1818094253540039, 0.032204415649175644, 0.016137132421135902, 0.008164381608366966, 0.04548511281609535, 0.22648440301418304, 0.0, 0.4493838846683502, 0.24876870214939117, 0.010413403622806072, 0.040005844086408615, 2.370349645614624, 0.06032280996441841, 0.23686981201171875, 0.44745996594429016, 0.0004634419165086001, 1.949109435081482, 0.8959676027297974, 0.0, 1.571737289428711, 0.34973499178886414, 1.129634976387024, 0.4150979518890381, 1.273581862449646, 1.8193225860595703, 0.16318391263484955, 0.21242989599704742, 0.0023674501571804285, 1.0489683151245117, 0.012621896341443062, 0.13727207481861115, 2.1065592765808105, 0.07571989297866821, 1.2604660987854004, 0.005725269205868244, 0.0023673796094954014, 0.2970450520515442, 0.422467440366745, 0.0, 0.007326520048081875, 0.025279361754655838, 0.027892112731933594, 0.024806898087263107, 1.5040205717086792, 0.5472894906997681, 0.05884701758623123, 0.029266610741615295, 0.19593214988708496, 0.42348217964172363, 3.1282613277435303, 0.06677844375371933, 0.0, 0.04032893478870392, 0.04153311997652054, 0.0, 0.0, 0.0615016408264637, 0.2171509563922882, 0.034420307725667953, 0.0, 0.3337041139602661, 0.004685020074248314, 0.0, 0.14240717887878418, 0.11013675481081009, 0.0, 0.06480952352285385, 0.1078418642282486, 0.1538703441619873, 0.22343455255031586, 0.70561683177948, 0.4585598111152649, 0.0021432661451399326, 0.0033862979616969824, 0.3847024142742157, 2.040046453475952, 0.6268265247344971, 4.620620250701904, 0.07601723819971085, 0.4020788371562958, 0.5240057110786438, 0.0, 0.01824308931827545, 0.13650065660476685, 0.010040446184575558, 0.37887153029441833, 0.0, 0.07986731082201004, 0.0193324014544487, 0.4079563319683075, 0.16366250813007355, 0.2159469574689865, 2.050659418106079, 0.285270094871521, 0.06465588510036469, 0.006959696300327778, 0.39388400316238403, 0.20173557102680206, 0.8034421801567078, 0.0, 0.21500477194786072, 0.013876107521355152, 0.7514618635177612, 0.004348830319941044, 0.0, 0.05488239601254463, 0.0, 1.0383027791976929, 0.3420044183731079, 0.09201040118932724, 0.010930844582617283, 0.0, 0.0, 0.3585681617259979, 1.3780417442321777, 0.0035341321490705013, 0.22837135195732117, 0.0002978237171191722, 1.6184704303741455, 0.23179207742214203, 0.1662386804819107, 0.8702633380889893, 0.02654249779880047, 0.37253886461257935, 0.013429340906441212, 0.0840589851140976, 0.5262042284011841, 0.1833985447883606, 0.04484843090176582, 0.9431124925613403, 0.0, 0.5110668540000916, 0.16133169829845428, 0.031200477853417397, 0.0, 0.4310225248336792, 0.10160529613494873, 0.0065879919566214085, 0.35113561153411865, 0.08460219949483871, 0.0, 0.11769742518663406, 0.6360376477241516, 0.3080155551433563, 0.4456218481063843, 1.5141196250915527, 1.0416269302368164, 2.220414400100708, 0.0, 0.0, 0.0, 1.1117117404937744, 0.006312727928161621, 0.025515157729387283, 0.0, 0.9222907423973083, 0.09857858717441559, 0.5994422435760498, 0.010102763772010803, 0.24260064959526062, 0.14077337086200714, 1.3542898893356323, 0.6558112502098083, 0.6012857556343079, 0.0, 1.8178514242172241, 0.0, 0.010953377932310104, 2.7496681213378906, 0.055439531803131104, 0.046854302287101746, 0.619939386844635, 0.9316812753677368, 0.06361797451972961, 0.14268021285533905, 0.0712694600224495, 0.08907092362642288, 0.0, 0.012622351758182049, 0.04403270408511162, 0.0, 0.01656312681734562, 0.0, 0.05235901102423668, 0.0, 0.5670389533042908, 1.106093168258667, 0.04797002673149109, 0.0, 0.13067421317100525, 0.0, 0.2359917312860489, 0.13003626465797424, 0.0, 0.0, 0.2080087661743164, 0.18378257751464844, 0.35236138105392456, 0.27485549449920654, 0.09358453750610352, 0.0, 0.16373229026794434, 0.21726596355438232, 0.11034339666366577, 0.0, 0.8547302484512329, 0.0, 0.3240351676940918, 0.9887693524360657, 0.04990573972463608, 0.011173032224178314, 0.02072811871767044, 0.020610012114048004, 0.009027522057294846, 0.0, 0.023833017796278, 0.0437825508415699, 0.0014702872140333056, 0.671903669834137, 0.0, 0.16176994144916534, 0.2987651824951172, 0.9340499043464661, 0.010019350796937943, 0.046174243092536926, 0.27176281809806824, 0.008271078579127789, 0.325539767742157, 0.000840807450003922, 0.0, 0.026534976437687874, 0.7132280468940735, 0.06722930818796158, 0.18223774433135986, 0.0, 0.0, 0.6854190230369568, 0.0, 0.0, 0.0012555608991533518, 1.1382588148117065, 0.0, 1.5663888454437256, 0.0, 0.01001058891415596, 0.0, 0.035520218312740326, 0.05399401858448982, 0.3524623513221741, 0.0767001062631607, 0.8000971078872681, 0.07903115451335907, 0.5349316000938416, 0.1647498458623886, 0.5232555866241455, 1.1752448081970215, 0.14484165608882904, 1.0200272798538208, 1.3015245199203491, 3.367549419403076, 0.0, 0.0, 0.0, 0.31008434295654297, 0.0, 0.09380301833152771, 0.4781147837638855, 0.22784480452537537, 0.08456797152757645, 0.1316196620464325, 1.2838001251220703, 0.03530590981245041, 0.0, 0.21680131554603577, 0.4788547456264496, 0.2998296916484833, 0.026893815025687218, 0.23134656250476837, 0.0, 0.0, 0.00022836121206637472, 0.11204200983047485, 0.0, 0.12543700635433197, 0.0693022683262825, 0.11906082928180695, 2.029717445373535, 0.8523790836334229, 0.0025068740360438824, 0.676082193851471, 0.08456625044345856, 0.08629941195249557, 0.0, 0.005762703716754913, 0.06217922642827034, 0.014288016594946384, 0.3149336278438568, 0.4223417043685913, 0.34655675292015076, 0.17608532309532166, 0.17704243957996368, 0.0, 0.2882734537124634, 0.8877838850021362, 0.0, 1.2686338424682617, 0.0, 0.03324497118592262, 0.2763625383377075, 0.026355013251304626, 0.25214728713035583, 0.02858433499932289, 0.09390799701213837, 0.004257498774677515, 0.0036016192752867937, 0.021502742543816566, 0.0, 0.07674446702003479, 0.0, 0.5608134865760803, 1.7113763093948364, 0.04208366200327873, 0.057203225791454315, 0.0, 0.04893884062767029, 0.0, 1.0891343355178833, 0.30292144417762756, 0.0, 0.34088119864463806, 0.018282698467373848, 0.7857459187507629, 0.0003344294964335859, 0.05257965996861458, 0.4626794159412384, 1.7282770872116089, 0.12645505368709564, 0.05879233777523041, 1.0558608770370483, 0.151274636387825, 1.0591694116592407, 0.04915071651339531, 7.571365833282471, 0.13426600396633148, 0.0, 0.14580495655536652, 0.1731278896331787, 0.016235288232564926, 0.025110838934779167, 2.0105020999908447, 0.0, 0.9191181659698486, 0.0, 1.7884758710861206, 0.044290512800216675, 0.0026801752392202616, 0.054560743272304535, 0.44335952401161194, 0.17224638164043427, 0.036421533674001694, 0.0, 0.21540486812591553, 0.48334410786628723, 0.01945054717361927, 0.01938273012638092, 0.30149826407432556, 0.08198868483304977, 0.3770501911640167, 0.12576283514499664, 0.10334799438714981, 0.0, 0.0, 0.10497916489839554, 0.1381320208311081, 0.5690797567367554, 0.24996323883533478, 1.619441270828247, 0.03228803351521492, 0.24160411953926086, 0.05676523596048355, 0.04202927276492119, 0.7176839709281921, 0.0, 0.0035735052078962326, 2.4556832313537598, 0.23084722459316254, 0.4229695796966553, 0.12216126173734665, 0.1392858624458313, 0.09928242117166519, 0.0995684266090393, 0.2883125841617584, 1.6141594648361206, 0.0070681278593838215, 0.9241157174110413, 0.723008930683136, 0.21461918950080872, 0.0, 0.17894332110881805, 0.5977752804756165, 0.04100771248340607, 0.21263548731803894, 0.14808224141597748, 0.5572695732116699, 1.8063950538635254, 0.3595733344554901, 0.0, 0.0053329807706177235, 0.13346613943576813, 0.23105177283287048, 0.0, 0.3349408209323883, 5.822743892669678, 0.6115373373031616, 0.040060557425022125, 0.34395474195480347, 1.2551090717315674, 0.4560965597629547, 0.6990602612495422, 0.010435262694954872, 0.6828358173370361, 0.01375819742679596, 0.3060767948627472, 0.5238367319107056, 0.013990200124680996, 0.03708959370851517, 0.7321217656135559, 0.061215389519929886, 0.0, 0.0, 0.014481564052402973, 0.006537940818816423, 0.0, 0.30851981043815613, 0.013912142254412174, 0.0, 1.7514311075210571, 0.05936117097735405, 0.0, 0.40072038769721985, 0.09879451990127563, 0.0, 0.0, 0.011814716272056103, 0.0, 0.5059404969215393, 0.4195025563240051, 1.067341685295105, 0.0, 0.16794104874134064, 0.8686073422431946, 0.08907323330640793, 0.38646674156188965, 0.0, 0.01576492190361023, 0.21255123615264893, 0.20100939273834229, 0.0, 2.3789093494415283, 0.0, 0.04400108754634857, 0.17962409555912018, 0.02142290398478508, 0.0, 2.810194969177246, 0.04603298380970955, 2.0431783199310303, 0.02688787505030632, 0.06560272723436356, 0.10975388437509537, 0.8426399230957031, 0.0, 0.0, 0.0021437869872897863, 0.004352024756371975, 0.05395825207233429, 1.096604347229004, 2.744720458984375, 0.0, 0.4790755808353424, 0.01745341531932354, 0.018593184649944305, 0.0, 0.0, 0.012713797390460968, 0.8949777483940125, 0.49979516863822937, 0.08317161351442337, 1.712968111038208, 0.026544922962784767, 0.007867097854614258, 0.16132476925849915, 0.9008557200431824, 0.02615867555141449, 0.004727439023554325, 0.786273717880249, 0.0, 0.017519624903798103, 0.03207825496792793, 0.0, 0.00727688055485487, 0.0, 0.020676610991358757, 0.7977169752120972, 0.3317989408969879, 1.1845569610595703, 0.09922822564840317, 0.5134316682815552, 1.0242000818252563, 0.15450675785541534, 0.0, 0.0892140343785286, 0.02028118260204792, 0.10757939517498016, 0.0, 0.0, 0.1437479555606842, 0.41352754831314087, 1.5269652605056763, 0.053818050771951675, 2.2003936767578125, 0.3229498267173767, 1.8072805404663086, 0.004257282242178917, 4.807453155517578, 0.4675590395927429, 2.921787738800049, 0.29526299238204956, 0.4023113548755646, 0.09914203733205795, 0.6599034070968628, 1.9635188579559326, 0.5032594799995422, 0.02851075492799282, 0.0794815942645073, 0.07848180830478668, 0.03706261143088341, 0.6767349243164062, 0.23339983820915222, 1.1358999013900757, 0.4608461856842041, 0.0, 0.0046299113892018795, 0.012955368496477604, 0.0, 0.15785841643810272, 0.07524942606687546, 1.1526137590408325, 0.0, 0.011735819280147552, 0.012830836698412895, 0.8086206912994385, 0.0006828600307926536, 0.16735243797302246, 0.003873625537380576, 0.520768940448761, 0.08020146191120148, 0.3549547791481018, 0.00926674623042345, 0.0, 0.0, 0.5945178270339966, 0.008948786184191704, 0.0, 0.007467817515134811, 0.2087848037481308, 4.289211273193359, 0.16476821899414062]",Testing/glioma_tumor/image(83).jpg
"[0.5672425031661987, 1.6499152183532715, 0.027491671964526176, 1.1605983972549438, 0.9521117210388184, 0.07597295939922333, 2.3711130619049072, 0.5819761753082275, 0.15448445081710815, 0.0, 0.0030429435428231955, 0.15722514688968658, 0.0, 0.3898449242115021, 0.29225945472717285, 0.008552317507565022, 0.6222413182258606, 1.3244308233261108, 0.0596630685031414, 0.16383768618106842, 0.35286790132522583, 0.2604420781135559, 2.756016254425049, 0.1408202201128006, 0.1171225905418396, 0.13327345252037048, 1.7166814804077148, 0.06513290852308273, 0.5625689029693604, 0.021431606262922287, 0.10302668064832687, 0.2209310084581375, 0.06753567606210709, 0.5219845771789551, 0.7677246928215027, 1.2662959098815918, 0.027374934405088425, 0.3357603847980499, 0.0, 0.17861886322498322, 1.1015046834945679, 3.5661206245422363, 0.1830720454454422, 0.011716044507920742, 0.18220700323581696, 0.04419676586985588, 0.08430594205856323, 0.049191590398550034, 0.02738756313920021, 0.0028441729955375195, 0.7380890846252441, 0.2833591103553772, 0.9214184880256653, 0.03883877024054527, 0.83908611536026, 0.012018855661153793, 2.5808327198028564, 0.13479085266590118, 0.7779316306114197, 0.06108541414141655, 1.0384242534637451, 1.341336965560913, 0.08286304771900177, 0.06669014692306519, 0.8721256852149963, 0.0, 0.5466808676719666, 0.6811241507530212, 0.015319021418690681, 0.06490911543369293, 0.4477739930152893, 0.00841076485812664, 0.07964405417442322, 0.6592949032783508, 0.023599322885274887, 0.0036235731095075607, 0.07762805372476578, 0.15124650299549103, 0.2953992187976837, 0.049875397235155106, 1.1208624839782715, 0.017786050215363503, 0.8948235511779785, 0.023603780195116997, 0.34061339497566223, 0.056300580501556396, 0.2100571244955063, 0.09703432768583298, 0.02986464649438858, 0.08633697032928467, 1.458340048789978, 0.04803849384188652, 0.3158653974533081, 3.072990894317627, 0.1009160578250885, 0.0045070406049489975, 0.004310082644224167, 0.2564874291419983, 0.20786802470684052, 0.05275283381342888, 0.31530261039733887, 0.7784969806671143, 0.8276151418685913, 2.233337879180908, 1.0614259243011475, 0.0, 0.25513264536857605, 1.0401647090911865, 0.30351102352142334, 2.123236894607544, 0.27778106927871704, 0.5573288798332214, 0.0, 0.0, 0.21091154217720032, 0.0, 0.018669378012418747, 0.16296614706516266, 0.2924864888191223, 0.4027876555919647, 0.008398241363465786, 0.0, 0.0, 0.04247467964887619, 0.32339194416999817, 0.4162338078022003, 0.09176721423864365, 0.44748544692993164, 0.9337892532348633, 0.0, 0.0025636954233050346, 1.380748987197876, 0.03654484823346138, 0.0, 1.0766117572784424, 0.0061639281921088696, 0.18151596188545227, 0.040875375270843506, 0.0, 0.13326701521873474, 0.8459196090698242, 0.5484841465950012, 0.08234570175409317, 0.27392759919166565, 0.05007413029670715, 0.6348971724510193, 0.5834598541259766, 0.48160773515701294, 0.22222885489463806, 0.036353908479213715, 2.2064733505249023, 0.4327756464481354, 0.7606215476989746, 0.017217855900526047, 0.12449455261230469, 1.9422837495803833, 0.011298739351332188, 0.17900210618972778, 1.5580862760543823, 0.03952100872993469, 1.0224487781524658, 0.07744442671537399, 0.03945261240005493, 1.3274335861206055, 0.028676049783825874, 0.0, 1.782760500907898, 0.0, 0.11511952430009842, 8.662847518920898, 0.7553083300590515, 0.1992640644311905, 0.01880975067615509, 0.1594158262014389, 1.5095864534378052, 0.804905354976654, 0.38928186893463135, 0.20744267106056213, 0.3644406795501709, 0.3407360911369324, 0.6599240303039551, 0.020251980051398277, 0.9094340205192566, 0.0, 0.4868376553058624, 0.8741093873977661, 0.38150304555892944, 3.4610483646392822, 0.1096624955534935, 0.08538143336772919, 0.040062304586172104, 0.03338341414928436, 0.022791998460888863, 0.0, 1.2918051481246948, 0.9469461441040039, 0.17195212841033936, 0.15056665241718292, 0.03111884742975235, 0.28780725598335266, 2.8367927074432373, 0.3492041528224945, 0.3565077483654022, 0.0, 0.697685956954956, 0.6717012524604797, 1.012222170829773, 0.0, 0.7974551320075989, 0.2744547128677368, 0.5875152945518494, 1.1473684310913086, 0.11896584182977676, 0.9764816761016846, 0.10172013193368912, 0.03747619315981865, 1.1961562633514404, 0.43869879841804504, 0.019112946465611458, 0.06436280161142349, 0.5244805216789246, 0.0032451541628688574, 1.8311370611190796, 0.2507322132587433, 0.10688021034002304, 1.7978061437606812, 0.07257839292287827, 0.0022539787460118532, 0.31018489599227905, 0.48715752363204956, 0.11703529953956604, 0.37423834204673767, 0.7560638785362244, 0.4412928521633148, 0.2294989824295044, 0.6858407855033875, 0.48121175169944763, 0.30864644050598145, 0.12460263073444366, 0.03786842152476311, 0.08004619926214218, 0.4055509865283966, 0.804273784160614, 0.9457706809043884, 0.04463262856006622, 1.5518910884857178, 0.47323912382125854, 2.1965551376342773, 0.0, 1.5423495769500732, 0.28910955786705017, 0.30452781915664673, 0.17511804401874542, 0.5336638689041138, 0.5473436117172241, 0.05983970686793327, 0.2630755305290222, 0.6495202779769897, 0.001490816823206842, 0.04666664078831673, 0.07648224383592606, 0.11484558880329132, 0.8801662921905518, 0.03205673024058342, 0.0, 0.7718254327774048, 0.06910725682973862, 0.05245670676231384, 0.0, 0.026810789480805397, 0.6802330613136292, 0.14776761829853058, 0.36559194326400757, 0.19228880107402802, 1.6671717166900635, 0.22778619825839996, 1.0917719602584839, 0.2364540845155716, 0.07974052429199219, 0.12245792150497437, 0.49023351073265076, 0.30716270208358765, 2.4199657440185547, 1.1198601722717285, 0.1555858552455902, 3.790001153945923, 0.9547866582870483, 0.25368693470954895, 0.2900734841823578, 0.13223424553871155, 0.09542474150657654, 0.023568591102957726, 0.04337577894330025, 0.17922483384609222, 0.35333147644996643, 1.8916722536087036, 0.0, 0.025853130966424942, 0.004856559913605452, 1.0705221891403198, 0.4796714782714844, 0.029138682410120964, 1.9489283561706543, 1.2184606790542603, 0.24854113161563873, 0.9008700847625732, 0.003373501356691122, 0.0, 0.37729769945144653, 0.15478147566318512, 0.21161259710788727, 0.8730416297912598, 0.032370809465646744, 0.3872917592525482, 0.8095978498458862, 0.7348713874816895, 0.6195091009140015, 0.46235984563827515, 0.0, 0.06554876267910004, 0.1480160504579544, 3.9691224098205566, 0.010757346637547016, 0.0020685705821961164, 0.3520774841308594, 0.001064675161615014, 0.0, 0.30403751134872437, 5.762054443359375, 0.9680510759353638, 1.0057142972946167, 0.35975974798202515, 0.8275543451309204, 0.6965138912200928, 0.007491787895560265, 0.016595110297203064, 0.8124029040336609, 0.5285825133323669, 0.025099145248532295, 0.8698274493217468, 0.9388654828071594, 0.01133537758141756, 0.045198552310466766, 0.08410237729549408, 0.0751788541674614, 0.11351702362298965, 0.0320616215467453, 0.05236835032701492, 0.2834595739841461, 1.0540566444396973, 0.0, 0.1661975234746933, 0.4190261960029602, 0.0, 2.0448737144470215, 0.061392493546009064, 0.3565526306629181, 0.0, 0.38464128971099854, 0.9256367683410645, 0.007653415203094482, 0.6196224689483643, 0.0022134343162178993, 0.15845929086208344, 0.005031381268054247, 0.6471173167228699, 0.22017617523670197, 0.1354328989982605, 5.01533842086792, 0.3986775279045105, 0.0, 0.5536287426948547, 0.08943458646535873, 1.897555947303772, 0.053246334195137024, 0.36338794231414795, 1.7535709142684937, 2.674589157104492, 0.0, 0.011708208359777927, 0.34155747294425964, 0.3841889500617981, 0.34026676416397095, 0.009364108555018902, 0.2385452836751938, 0.0, 0.2691490352153778, 1.409911036491394, 0.05805940181016922, 0.22837112843990326, 0.002928038127720356, 0.15342144668102264, 0.021320849657058716, 0.02803017385303974, 0.0009319392847828567, 5.078361511230469, 0.08051110804080963, 1.2208621501922607, 0.4081878662109375, 0.936863362789154, 0.7353663444519043, 0.09237813204526901, 0.030676549300551414, 0.0021630744449794292, 0.015482216142117977, 0.4266762137413025, 0.9240288138389587, 0.08977294713258743, 1.1142232418060303, 0.3194290101528168, 0.23435437679290771, 0.3903637230396271, 1.2045832872390747, 0.04723288118839264, 0.30527621507644653, 2.538874626159668, 0.0, 0.09807449579238892, 0.5921430587768555, 0.33122190833091736, 1.1787744760513306, 0.04201327636837959, 0.9087207317352295, 0.3813925087451935, 0.4001336395740509, 0.0, 0.0, 0.827811598777771, 0.39715707302093506, 0.053819794207811356, 1.751877784729004, 0.03972843661904335, 1.3955059051513672, 0.0, 2.0546627044677734, 0.6550756692886353, 0.020988965407013893, 0.2147745043039322, 0.20427820086479187, 0.11400467902421951, 0.031219730153679848, 0.21586453914642334, 1.4939483404159546, 0.05350077524781227, 0.3963821530342102, 0.09435264766216278, 0.0, 0.8294714093208313, 0.12080872058868408, 0.5662041306495667, 0.504648745059967, 0.18264642357826233, 0.11106784641742706, 0.05868750065565109, 0.26216477155685425, 0.005065341480076313, 0.006539070047438145, 0.0, 1.4288018941879272, 0.7018228769302368, 0.22640609741210938, 0.6202071309089661, 0.7859888672828674, 0.02149897627532482, 0.05383729934692383, 0.5406147241592407, 0.02440253086388111, 0.8107259273529053, 0.7445515394210815, 0.30328354239463806, 0.23546499013900757, 0.017645273357629776, 0.003909402992576361, 1.425263524055481, 0.2214030772447586, 0.08134838193655014, 3.5714638233184814, 0.0, 0.020251676440238953, 0.5435080528259277, 1.1670233011245728, 0.28305158019065857, 1.2380614280700684, 0.15440018475055695, 0.16502366960048676, 0.04595411196351051, 0.0, 0.1642000377178192, 0.32969292998313904, 0.004038012586534023, 4.088790416717529, 0.09449896216392517, 0.10145115107297897, 0.7710713148117065, 0.9420033097267151, 0.0866800919175148, 0.0077441418543457985, 0.5260522961616516, 0.5879592299461365, 0.008745347149670124, 0.052010778337717056, 1.4647297859191895, 0.09852339327335358, 1.8688933849334717, 0.08200277388095856, 0.15490594506263733, 0.0676860585808754, 0.6782715320587158, 0.07399709522724152, 0.07111300528049469, 0.015749527141451836, 0.5659168362617493, 0.14323166012763977, 0.3852507174015045, 0.075214684009552, 1.2917946577072144, 1.202110767364502, 0.030875112861394882, 0.06017908826470375, 0.054667726159095764, 0.0, 0.31232285499572754, 0.0, 0.0033508101478219032, 0.1983630359172821, 0.11543655395507812, 0.0, 0.04351968318223953, 0.11755774170160294, 0.03563773259520531, 0.09515289217233658, 0.05269058421254158, 0.9817461371421814, 1.0475142002105713, 0.48746392130851746, 0.5136145949363708, 2.0494513511657715, 0.03977162018418312, 0.9236704111099243, 0.061338912695646286, 0.14623941481113434, 0.22331397235393524, 1.452040433883667, 0.20857448875904083, 0.014333559200167656, 0.33756154775619507, 0.39131101965904236, 0.49197110533714294, 1.4462610483169556, 0.46786659955978394, 0.5460258722305298, 0.3462368845939636, 0.014706332236528397, 0.12834608554840088, 0.5724880695343018, 2.135033130645752, 0.18660640716552734, 0.0, 0.2042870819568634, 0.02885822206735611, 0.3181178867816925, 0.35039401054382324, 0.7082443237304688, 0.7684349417686462, 0.0, 0.01571483351290226, 2.9629106521606445, 0.05987195670604706, 0.9692174792289734, 0.12153961509466171, 1.3860965967178345, 0.07609512656927109, 0.02959802933037281, 0.6266393661499023, 0.2559386193752289, 0.1019565612077713, 0.021434539929032326, 1.0255018472671509, 0.4738003611564636, 0.3902486562728882, 1.8873072862625122, 0.0, 0.039161112159490585, 0.21025040745735168, 0.5183190107345581, 0.1633663922548294, 0.05617610737681389, 0.05069899186491966, 0.1258070468902588, 0.0, 0.0, 0.2538466155529022, 0.0, 0.0, 0.11191990971565247, 0.01189508754760027, 0.6078197956085205, 0.4337598383426666, 0.008159812539815903, 0.7430859208106995, 0.10104793310165405, 0.5533564686775208, 0.8391298651695251, 0.18739871680736542, 0.04008523374795914, 0.13613903522491455, 0.8865600228309631, 1.1294152736663818, 1.6455048322677612, 4.543248176574707, 1.2815423011779785, 2.0848467350006104, 0.6818187236785889, 0.20356068015098572, 0.02413053624331951, 0.02176859974861145, 0.0, 0.018146270886063576, 0.0, 0.21666385233402252, 0.22184258699417114, 0.4509507119655609, 0.6832801699638367, 0.26386716961860657, 0.6179289817810059, 0.14091147482395172, 0.18049384653568268, 0.11184537410736084, 0.0, 0.3321688175201416, 0.233266681432724, 0.0, 0.12048819661140442, 0.4159860908985138, 0.3287861943244934, 0.05262771248817444, 0.003340835450217128, 0.5316981077194214, 0.18751482665538788, 0.006642584688961506, 1.384935975074768, 0.02408878691494465, 0.517885148525238, 0.49929720163345337, 0.0, 0.45619985461235046, 0.487945020198822, 0.48803165555000305, 0.014331010170280933, 0.015744203701615334, 0.21611641347408295, 0.6784793138504028, 0.006747712846845388, 0.0, 0.8424491286277771, 0.504642903804779, 0.00819859653711319, 0.47106054425239563, 0.0, 0.0, 0.7575639486312866, 0.45840856432914734, 0.589790403842926, 0.08407106250524521, 1.6573028564453125, 0.15971781313419342, 1.766059398651123, 0.14197780191898346, 0.005407476797699928, 0.4439500570297241, 0.6786972284317017, 0.03958696871995926, 0.05437656491994858, 0.28031185269355774, 1.2440458536148071, 0.034250278025865555, 0.014124957844614983, 0.003511857008561492, 1.2303200960159302, 0.5984359383583069, 0.7133628726005554, 0.09126996248960495, 0.019363410770893097, 0.05883076786994934, 2.963031768798828, 0.3996812403202057, 0.0, 0.5873158574104309, 0.2346348613500595, 0.02753315679728985, 0.257163405418396, 0.0, 0.20117753744125366, 0.08821683377027512, 0.27673932909965515, 0.17577502131462097, 0.5713546276092529, 0.13250021636486053, 0.4790542423725128, 0.3934552073478699, 0.35834601521492004, 0.07000657916069031, 0.15224850177764893, 0.030879877507686615, 0.01861303113400936, 0.9324477314949036, 2.2211225032806396, 0.017612259835004807, 1.765486717224121, 0.1731821894645691, 4.877788543701172, 0.060159314423799515, 0.2693880796432495, 0.0, 0.11717075109481812, 0.35897067189216614, 0.40789225697517395, 0.0, 0.02046131156384945, 0.0445411242544651, 0.5950851440429688, 1.682874083518982, 1.0043935775756836, 0.034002721309661865, 0.21880695223808289, 1.8156375885009766, 0.5889058113098145, 0.17886869609355927, 0.09898398071527481, 0.7991572618484497, 0.0, 0.45849570631980896, 0.0, 0.32854294776916504, 0.16975486278533936, 0.2992430031299591, 0.10736013948917389, 0.22579684853553772, 0.944694995880127, 0.03469288349151611, 0.01623779907822609, 0.5171187520027161, 0.025862421840429306, 0.4081631898880005, 0.04021306335926056, 1.428371787071228, 0.014802793972194195, 0.0, 0.4752548635005951, 1.304649829864502, 0.5209915041923523, 0.23321005702018738, 0.764766275882721, 0.21680255234241486, 1.3365447521209717, 0.03723882883787155, 1.3288178443908691, 0.3691597878932953, 0.031015833839774132, 0.35087141394615173, 0.6068071126937866, 0.018366312608122826, 0.15927492082118988, 2.644432544708252, 0.06247429922223091, 0.01744898036122322, 0.09684368222951889, 0.04680066555738449, 2.506235122680664, 1.9302359819412231, 0.3224641680717468, 0.033849697560071945, 0.3979452848434448, 0.969831645488739, 0.12284266948699951, 0.018715698271989822, 0.40708792209625244, 0.11397629231214523, 1.3232110738754272, 0.37685102224349976, 0.4495113790035248, 0.0680868998169899, 0.20375823974609375, 0.2427869588136673, 0.23539859056472778, 0.029978403821587563, 0.02456195093691349, 0.007647767197340727, 0.2972303330898285, 0.6611157059669495, 0.3530295491218567, 0.020782992243766785, 0.33180710673332214, 0.09712615609169006, 1.0706720352172852, 0.5135016441345215, 0.20250490307807922, 0.0, 0.630821168422699, 0.3650590479373932, 0.0, 0.05555320158600807, 0.009771833196282387, 2.260436534881592, 0.0, 0.5911216735839844, 2.1922717094421387, 1.6874276399612427, 0.7271074652671814, 0.4266397953033447, 0.09550832957029343, 0.09825483709573746, 1.2888786792755127, 0.005205237306654453, 0.8434370160102844, 0.1157982125878334, 2.5751242637634277, 0.06203708052635193, 0.33746498823165894, 0.07197334617376328, 0.028368989005684853, 0.2286839783191681, 0.9110382199287415, 0.1351850926876068, 0.052268221974372864, 0.3626422882080078, 0.8738452196121216, 0.18648062646389008, 0.4722885191440582, 1.8167539834976196, 0.02548878826200962, 0.16611449420452118, 0.1614563912153244, 0.0, 0.11120101064443588, 3.5180256366729736, 0.0, 0.4954221546649933, 0.0, 0.20809940993785858, 0.04052659496665001, 0.03645056113600731, 1.4069559574127197, 1.0249624252319336, 0.4902665615081787, 0.020267585292458534, 0.01331396959722042, 0.17254212498664856, 0.1762680858373642, 0.0011208689538761973, 0.0, 0.2930375635623932, 1.8064988851547241, 0.016748180612921715, 0.0, 1.779555082321167, 0.29729005694389343, 0.02428918518126011, 0.3419545590877533, 0.6290346384048462, 1.0729103088378906, 0.8780760765075684, 0.38690173625946045, 0.13620619475841522, 0.5490952134132385, 0.0, 1.3694413900375366, 0.22419224679470062, 0.03962311893701553, 4.576475143432617, 0.42526766657829285, 0.029105395078659058, 0.0, 0.2443622648715973, 0.9374287128448486, 0.3450641632080078, 0.12599718570709229, 0.047035444527864456, 1.9659568071365356, 0.1290513128042221, 0.1872675120830536, 0.25770920515060425, 1.2434786558151245, 0.03081873059272766, 0.006113974377512932, 0.2674812078475952, 0.6580398082733154, 0.3670359253883362, 0.23001599311828613, 0.053477656096220016, 0.18005312979221344, 0.1710379272699356, 0.04959186166524887, 0.25177332758903503, 0.08932135999202728, 0.003431373741477728, 0.0, 0.4267139434814453, 0.12765777111053467, 0.2571493983268738, 0.40564751625061035, 0.6958443522453308, 0.0, 0.48544561862945557, 2.9250314235687256, 0.014310676604509354, 0.5402091145515442, 1.1660826206207275, 0.7620680928230286, 0.6500066518783569, 0.2832460403442383, 0.245864599943161, 0.645275354385376, 0.7636869549751282, 0.0, 0.6706498861312866, 1.0511137247085571, 0.0, 0.06881624460220337, 0.15709377825260162, 0.12153778970241547, 0.680396556854248, 0.03504687547683716, 0.025386350229382515, 0.7479001879692078, 0.23063603043556213, 0.04382386431097984, 1.364058017730713, 0.015177342109382153, 0.0, 0.08475266396999359, 0.21478763222694397, 0.6645424365997314, 0.06132166087627411, 0.0813082903623581, 1.8386887311935425, 0.005661930423229933, 0.014681455679237843, 0.19689534604549408, 0.0, 0.24331270158290863, 0.18990987539291382, 0.02873309515416622, 0.5537364482879639, 0.4734615385532379, 0.15086381137371063, 0.0, 0.33233892917633057, 0.014365359209477901, 0.02620391920208931, 0.0, 0.07360915839672089, 0.10023017972707748, 0.5714336037635803, 0.21641598641872406, 0.0, 2.3972408771514893, 0.057066965848207474, 0.6703234314918518, 0.19112706184387207, 0.020191121846437454, 0.01487037818878889, 0.3358551263809204, 1.782143473625183, 0.30539822578430176, 0.9303787350654602, 0.6802594065666199, 0.0, 0.45116496086120605, 0.38416460156440735, 0.0, 0.004643116611987352, 0.05202433466911316, 0.3916759490966797, 0.04858684167265892, 0.05190587416291237, 0.29589200019836426, 0.0072165606543421745, 1.5209416151046753, 0.1315835863351822, 0.8706464767456055, 1.4747862815856934, 0.04613569751381874, 0.06375959515571594, 0.11626336723566055, 0.02492646872997284, 0.062487874180078506, 0.0026536572258919477, 0.018394557759165764, 0.169102743268013, 0.39892515540122986, 0.038194868713617325, 0.0, 0.16548028588294983, 0.6305744647979736, 1.1181265115737915, 0.15603546798229218, 0.0, 0.2474660724401474, 0.012030372396111488, 0.6710910201072693, 1.015626072883606, 0.12922698259353638, 0.2007455825805664, 0.276327908039093, 0.9894976615905762, 0.2646498680114746, 0.22064264118671417, 1.9870753288269043, 0.21286314725875854, 0.012534097768366337, 0.0, 0.19416606426239014, 2.1430811882019043, 0.08130422979593277, 0.44160881638526917, 0.18281668424606323, 0.0, 0.2579137086868286, 0.3208603858947754, 0.2727785110473633, 0.0, 0.052185360342264175, 0.010558247566223145, 0.04418504983186722, 0.41426414251327515, 0.0597899965941906, 0.17381241917610168, 0.12812694907188416, 0.028023526072502136, 0.009349528700113297, 1.3430637121200562, 0.054477106779813766, 0.292490154504776, 0.02210093103349209, 0.1289670169353485, 0.4616966247558594, 0.0, 0.218238964676857, 0.0, 0.06423917412757874, 0.08326210081577301, 0.44840186834335327, 0.025060605257749557, 0.08671289682388306, 0.1090146005153656, 0.09604397416114807, 0.08245168626308441, 0.012956147082149982, 0.2571091949939728, 0.0, 0.45119455456733704, 0.0, 0.023856163024902344, 0.07739996910095215, 0.17674416303634644, 0.005235808435827494, 1.8572489023208618, 0.41925692558288574, 0.1638442575931549, 1.3184784650802612, 0.03869757056236267, 0.2737542390823364, 0.0747125968337059, 0.09226818382740021, 0.0, 0.4709410071372986, 0.009797889739274979, 0.027529064565896988, 0.6448914408683777, 0.22764916718006134, 2.9601056575775146, 0.34881913661956787, 0.07823498547077179, 0.7790801525115967, 0.05556928738951683, 0.040154263377189636, 0.22474728524684906, 0.0, 0.4545978605747223, 0.20758891105651855, 0.5155470967292786, 1.5337127447128296, 1.4477853775024414, 0.1450420469045639, 0.11780014634132385, 1.8440947542330832e-06, 0.11183363199234009, 2.721153974533081, 0.1863269954919815, 0.0, 0.1315692812204361, 0.0, 0.19195277988910675, 3.028048038482666, 0.04881754145026207, 0.13869893550872803, 0.01954122632741928, 0.0077162617817521095, 0.6219659447669983, 0.001506837084889412, 0.029831502586603165, 0.41464483737945557, 0.002658031415194273, 0.23882845044136047, 0.028693601489067078, 0.49690693616867065, 0.07215233892202377, 0.020446140319108963, 0.06587734818458557, 0.0, 0.30506429076194763, 0.031214771792292595, 0.21321021020412445, 0.5454443693161011, 2.1078109741210938, 0.7554939985275269, 0.0, 0.23342175781726837, 0.40669670701026917, 1.2519211769104004, 0.6261196732521057, 0.28905507922172546, 0.5855293273925781, 0.09198128432035446, 0.10213591903448105, 0.23064804077148438, 0.36157160997390747, 0.1393117755651474, 0.13839057087898254, 0.06232980638742447, 0.1661929041147232, 0.03369539603590965, 0.3004607856273651, 0.3046681880950928, 0.0, 0.01880890503525734, 0.07193101942539215, 0.31848207116127014, 0.49789491295814514, 0.022973518818616867, 0.21830393373966217, 0.7130839228630066, 0.4339614808559418, 0.03642881289124489, 0.0, 0.0, 0.025187235325574875, 0.04890754446387291, 0.011247566901147366, 0.1809871792793274, 0.10651206970214844, 0.0306415855884552, 0.0, 0.3995380699634552, 0.2545299828052521, 0.0493130087852478, 2.3179991245269775, 0.0, 0.2442440539598465, 0.7791259288787842, 0.24232839047908783, 0.15009339153766632, 0.21659037470817566, 0.0, 0.26821380853652954, 0.1287967562675476, 0.03739018365740776, 0.34975284337997437, 0.07102984935045242, 0.01119075994938612, 0.0, 0.27584320306777954, 0.008583477698266506, 0.21083880960941315, 0.4068528711795807, 0.019851014018058777, 0.14906840026378632, 0.10002396255731583, 1.0802392959594727, 0.055717833340168, 0.22136695683002472, 0.0, 0.002165122888982296, 0.02619282528758049, 0.048430122435092926, 0.007109048310667276, 0.6747429370880127, 0.549679696559906, 0.285585880279541, 0.4664571285247803, 0.8368901014328003, 0.8215377330780029, 0.00468848692253232, 0.11563373357057571, 0.5900267958641052, 0.5034689903259277, 0.0, 0.4932043254375458, 0.5632175207138062, 0.2958940267562866, 0.4541524350643158, 0.07005039602518082, 0.20469003915786743, 0.19541417062282562, 0.2510976493358612, 0.0, 0.5971067547798157, 1.9151647090911865, 0.22886569797992706, 1.8811166286468506, 0.0, 0.07834802567958832, 0.99600750207901, 0.13788211345672607, 0.16401442885398865, 0.0, 0.14292269945144653, 0.21765011548995972, 0.10894422978162766, 0.3620589077472687, 0.32209035754203796, 0.14633385837078094, 0.4062820076942444, 0.6851635575294495, 0.04364576190710068, 0.8064109086990356, 0.35597702860832214, 1.244271993637085, 0.015728218480944633, 0.00787813775241375, 0.0, 0.018415940925478935, 1.4894309043884277, 0.0, 0.43456903100013733, 0.03017309494316578, 0.686119019985199, 0.04057740420103073, 0.1407478153705597, 1.4379665851593018, 3.704292058944702, 0.5842311382293701, 3.422281265258789, 1.5984729528427124, 0.8137454390525818, 0.01485604140907526, 0.0, 0.004967276006937027, 0.2052503377199173, 0.27854642271995544, 0.5956697463989258, 0.5953893661499023, 0.08306929469108582, 0.1558624505996704, 0.0, 1.4215333461761475, 0.03307437524199486, 0.01052514836192131, 0.001676861080341041, 0.6941507458686829, 0.015216929838061333, 0.026533959433436394, 0.0634998083114624, 0.26788657903671265, 0.4768345057964325, 0.9548093676567078, 0.01481624785810709, 1.9521819353103638, 0.997741162776947, 0.19823797047138214, 0.08985904604196548, 0.002729566767811775, 1.3316086530685425, 0.12523624300956726, 0.1267247349023819, 0.16510628163814545, 0.10572400689125061, 0.29579809308052063, 3.524468183517456, 0.267932265996933, 0.058129455894231796, 0.28173401951789856, 0.49909594655036926, 0.028543440625071526, 0.8411430716514587, 0.24454377591609955, 0.36674997210502625, 2.346752882003784, 1.8509430885314941, 0.024812892079353333, 0.41582921147346497, 0.10753672569990158, 0.2768412232398987, 0.010420726612210274, 1.8328447341918945, 0.09428651630878448, 1.1372300386428833, 8.196246926672757e-05, 0.0032928159926086664, 0.04729022830724716, 0.19985166192054749, 0.18942178785800934, 1.736330270767212, 0.6792707443237305, 0.028172045946121216, 0.16181610524654388, 0.0, 0.5781535506248474, 2.5797505378723145, 0.0, 0.13522471487522125, 0.2603163421154022, 0.37146055698394775, 0.11300437152385712, 0.0, 0.8022881150245667, 0.009152981452643871, 1.3747425079345703, 2.1793582439422607, 0.027220414951443672, 0.6503139138221741, 0.18575726449489594, 0.37693357467651367, 0.2780419886112213, 0.29127275943756104, 0.13440415263175964, 0.06206774339079857, 4.535117149353027, 0.3591897189617157, 0.2645093500614166, 0.08885826170444489, 1.410927653312683, 1.0137996673583984, 0.006511941086500883, 0.023731548339128494, 1.0350760221481323, 1.1469027996063232, 0.02941286377608776, 0.08973684906959534, 0.39027634263038635, 0.034943122416734695, 0.03706851229071617, 0.05425969883799553, 0.0, 2.5159506797790527, 0.1430833339691162, 0.2987121343612671, 0.1200835257768631, 0.021424343809485435, 0.49913308024406433, 0.0, 0.006445410195738077, 0.6600092649459839, 7.896399021148682, 1.9760915040969849, 0.0, 0.3426167964935303, 0.047174982726573944, 0.0, 0.5300573110580444, 0.02781490609049797, 0.012739667668938637, 0.003994428552687168, 0.0, 0.20541653037071228, 0.15453825891017914, 0.12607529759407043, 0.2309619039297104, 0.04377279430627823, 0.1155502051115036, 0.0731504037976265, 0.2873397767543793, 0.0, 0.9282473921775818, 0.39432603120803833, 0.44650334119796753, 0.010113436728715897, 0.0, 0.08115286380052567, 0.5325415730476379, 0.9180774092674255, 0.03419887647032738, 0.7569065690040588, 0.17469251155853271, 0.21313928067684174, 0.788055956363678, 0.5696433186531067, 0.030359959229826927, 0.08411405235528946, 0.5102704167366028, 0.3511304259300232, 0.0, 0.13667036592960358, 0.0, 0.2715360224246979, 0.004763705190271139, 0.0555826872587204, 0.03806164115667343, 0.18501274287700653, 0.0, 0.6010250449180603, 0.5643132925033569, 0.9293265342712402, 0.9304410815238953, 0.02709616906940937, 0.0038512141909450293, 0.3706817626953125, 0.40972280502319336, 0.0016073620645329356, 0.011260594241321087, 0.5897822976112366, 0.3707111179828644, 0.020898811519145966, 0.059404950588941574, 0.5543243885040283, 0.13684184849262238, 1.1179572343826294, 0.09339030832052231, 0.017820749431848526, 0.34022143483161926, 0.7007704973220825, 0.0, 1.247758150100708, 0.0, 0.2975015938282013, 0.0019112557638436556, 0.0, 0.024622464552521706, 4.546453952789307, 1.2855585813522339, 0.0731273964047432, 0.0, 0.2692716419696808, 0.5647947192192078, 0.041232600808143616, 0.013012676499783993, 0.06261485815048218, 0.10836983472108841, 0.8334961533546448, 0.020300155505537987, 0.5402555465698242, 0.4051389992237091, 0.0, 0.010783757083117962, 0.016224661841988564, 0.6035322546958923, 0.0, 1.0847389698028564, 0.19560883939266205, 0.22023934125900269, 0.13239623606204987, 0.09578253328800201, 0.15106338262557983, 0.0, 0.0, 0.0, 0.053871117532253265, 0.05032757297158241, 1.3992379903793335, 0.542696475982666, 0.28720369935035706, 1.516933560371399, 0.0330069474875927, 2.7972323894500732, 2.7027273178100586, 0.18360565602779388, 0.8952484130859375, 0.25501999258995056, 0.0, 0.7047880291938782, 0.2027290314435959, 0.6961341500282288, 0.0, 0.5246340036392212, 0.0019718529656529427, 0.5324777364730835, 1.7007893323898315, 2.4104676246643066, 0.14585106074810028, 0.3346504271030426, 0.05151893571019173, 0.0, 1.2350624799728394, 0.3767356872558594, 0.0, 0.0, 0.3592868745326996, 0.7173133492469788, 0.02043978124856949, 0.08655232191085815, 0.940238356590271, 0.5823594927787781, 0.0, 0.18622715771198273, 0.04625331237912178, 0.570993185043335, 0.13391484320163727, 0.0, 0.4773022532463074, 0.04583344981074333, 0.0, 0.02843603491783142, 1.2502964735031128, 1.4272642135620117, 0.3628038167953491, 0.2726585268974304, 0.0, 0.1337573230266571, 0.06070297211408615, 0.0, 2.8647284507751465, 0.6339579820632935, 0.20060425996780396, 0.11878350377082825, 0.004824317060410976, 0.005935839377343655, 0.6534139513969421, 0.23094262182712555, 0.028888829052448273, 0.1496087908744812, 0.0, 0.2000834047794342, 0.015683602541685104, 0.39202120900154114, 0.05978686362504959, 0.008856534957885742, 0.021228553727269173, 0.0, 0.8676592707633972, 0.7280029058456421, 0.04701835289597511, 0.0, 0.11366774141788483, 0.0009089075610972941, 0.0476856529712677, 0.43227219581604004, 0.0, 0.24250225722789764, 0.15874572098255157, 2.070504903793335, 0.0, 0.1985081285238266, 0.0, 0.2142472118139267, 0.10749311745166779, 0.2490176558494568, 0.06788846105337143, 1.8363382816314697, 0.0, 0.4726989269256592, 0.15914121270179749, 0.08215320110321045, 0.08788462728261948, 0.00958947278559208, 1.006181240081787, 1.825283169746399, 3.680633544921875, 0.06331754475831985, 0.14888907968997955, 1.4091628789901733, 0.0, 0.06925758719444275, 0.9504344463348389, 0.27449503540992737, 0.1285286396741867, 0.11443129181861877, 0.32800424098968506, 1.546833872795105, 0.3473012447357178, 0.023965708911418915, 0.1416570544242859, 0.1451459527015686, 0.22561761736869812, 0.03629666566848755, 0.10481659322977066, 0.028509067371487617, 0.06568103283643723, 0.48520001769065857, 0.15976378321647644, 0.0, 0.0, 2.742550849914551, 0.47189217805862427, 0.11300958693027496, 0.07463143020868301, 0.1788371205329895, 0.012608206830918789, 0.44078296422958374, 0.14941099286079407, 0.12002627551555634, 0.0, 1.4639317989349365, 0.1298450380563736, 0.20194295048713684, 1.9138065576553345, 0.008021627552807331, 0.1158154159784317, 1.2361639738082886, 0.0, 0.08373663574457169, 0.14618369936943054, 0.012212364003062248, 0.3024396598339081, 0.08347674459218979, 0.0, 1.000346064567566, 0.02708892524242401, 1.1194703578948975, 2.958887815475464, 0.011257682926952839, 0.0022263696882873774, 2.5440456867218018, 0.07366151362657547, 0.2569344639778137, 0.2581266462802887, 0.1109459325671196, 0.07920806109905243, 0.3053947389125824, 0.0, 0.39071741700172424, 0.37375885248184204, 0.0839463323354721, 0.12650123238563538, 0.07425138354301453, 1.1006349325180054, 0.008599095977842808, 1.2114112377166748, 0.011810136958956718, 0.2860497832298279, 1.116214394569397, 0.29047295451164246, 0.13752184808254242, 0.0, 0.0, 1.3225483894348145, 0.0, 0.04862268641591072, 0.11231882870197296, 0.030938750132918358, 0.23439040780067444, 0.01571839675307274, 0.2108258605003357, 0.08033116906881332, 0.15876179933547974, 0.045652903616428375, 0.943621039390564, 0.009219593368470669, 0.7642211318016052, 0.9613535404205322, 0.005845171865075827, 2.0411930084228516, 0.7521148920059204, 1.7146457433700562, 0.0, 0.0053956215269863605, 0.0, 0.058533258736133575, 0.4869157075881958, 0.22612598538398743, 0.02780209295451641, 0.5747021436691284, 0.29778948426246643, 0.04866067320108414, 1.0289356708526611, 0.24288445711135864, 0.3951355218887329, 0.1727755218744278, 0.05513237416744232, 0.03361920267343521, 0.0, 1.9086673259735107, 0.23519253730773926, 0.22559265792369843, 0.0010011852718889713, 0.11156222224235535, 0.017331402748823166, 1.5693120956420898, 0.007934399880468845, 0.1164509654045105, 0.10278964787721634, 0.035091154277324677, 0.027887655422091484, 0.6396139860153198, 0.16897816956043243, 0.9236332774162292, 0.08293028920888901, 0.0, 1.9387506246566772, 0.24565722048282623, 0.0, 0.11780386418104172, 1.8653819561004639, 0.09199711680412292, 0.08814118802547455, 0.008567932061851025, 0.5477918386459351, 0.036619000136852264, 1.6751443147659302, 0.0032104982528835535, 0.22085916996002197, 0.577409029006958, 0.7174705862998962, 0.3212083876132965, 0.15891388058662415, 2.1049797534942627, 0.005807774607092142, 0.891965389251709, 0.1276140660047531, 0.0, 0.013054847717285156, 0.029798831790685654, 0.01806558482348919, 0.07403906434774399, 0.4742982089519501, 0.0, 0.6899507641792297, 0.8401331305503845, 0.014591971412301064, 0.08158256113529205, 1.7101709842681885, 0.47269871830940247, 0.12454283237457275, 0.02744987979531288, 0.0, 0.850280225276947, 0.888042151927948, 1.8047794103622437, 0.12914583086967468, 0.4374782145023346, 0.4738413095474243, 0.46195143461227417, 0.8612249493598938, 0.12804406881332397, 0.14874409139156342, 1.4310331344604492, 1.3015072345733643, 0.2839801609516144, 0.0, 1.5718460083007812, 0.08256752789020538, 0.020583011209964752, 0.0026318978052586317, 0.38848620653152466, 0.0, 0.015690995380282402, 0.0, 0.14806093275547028, 0.0009232053998857737, 0.397477388381958, 0.23004679381847382, 0.0, 0.08524976670742035, 0.42181268334388733, 0.49623262882232666, 0.3334018886089325, 0.17696094512939453, 1.1373473405838013, 0.027772873640060425, 0.0, 0.17354716360569, 0.48434799909591675, 0.0, 1.2187703847885132, 0.17696692049503326, 0.19690902531147003, 0.014379289932549, 6.046874523162842, 0.18541721999645233, 0.033565763384103775, 0.2742331027984619, 0.360642671585083, 0.07560012489557266, 0.41910117864608765, 0.0, 0.7320621013641357, 0.10712175816297531, 0.059653058648109436, 0.07355062663555145, 0.03289660066366196, 0.0664689764380455, 0.2305910587310791, 0.0, 4.383256435394287, 1.927385926246643, 0.06371783465147018, 0.0, 0.4263046383857727, 1.0461702346801758, 0.21546562016010284, 0.7460821270942688, 0.014299524016678333, 0.2586482763290405, 0.24655038118362427, 0.12428442388772964, 2.5396318435668945, 0.03443004563450813, 0.03316742181777954, 0.0, 0.2526601552963257, 0.9087717533111572, 0.26081937551498413, 0.021314086392521858, 0.09515603631734848, 0.14773520827293396, 0.021853314712643623, 0.6739117503166199, 0.04315176233649254, 0.09735526144504547, 0.04571368917822838, 0.0359424464404583, 4.2751851081848145, 0.4375627934932709, 0.12654858827590942, 0.37160781025886536, 0.3748096227645874, 0.521429717540741, 0.0, 0.9181135296821594, 0.7778757810592651, 0.14082054793834686, 0.6128976345062256, 7.134250164031982, 0.002239850116893649, 0.1280519962310791, 0.8534804582595825, 0.08615480363368988, 0.0, 0.14993514120578766, 1.4600199460983276, 0.21291619539260864, 0.635639488697052, 0.029557593166828156, 0.35474419593811035, 0.3551779091358185, 0.3291817009449005, 1.1931447982788086, 0.03766057267785072, 0.0, 0.14590692520141602, 0.33494874835014343, 0.35311487317085266, 0.5779560804367065, 0.3885371685028076, 0.009987583383917809, 0.043478332459926605, 0.07681872695684433, 0.04184342548251152, 0.002234845655038953, 0.21514616906642914, 0.03361768275499344, 0.17265930771827698, 0.0, 0.30881038308143616, 0.16702917218208313, 0.06703423708677292, 2.684774875640869, 0.005169844254851341, 0.305865615606308, 0.43734726309776306, 0.2964532971382141, 0.241037517786026, 0.43110334873199463, 0.32010817527770996, 2.601132869720459, 0.1954435557126999, 0.011715833097696304, 0.34451356530189514, 0.22973772883415222, 0.0, 0.0026327786035835743, 0.029671624302864075, 1.8823922872543335, 0.6687735915184021, 2.6386992931365967, 0.5479103326797485, 0.4189554452896118, 0.105162113904953, 0.3287285268306732, 0.283307820558548, 0.29652735590934753, 0.08607432246208191, 0.1064101830124855, 1.5248295068740845, 0.8771905899047852, 0.8010872006416321, 0.0, 0.0, 0.0, 0.1591208577156067, 0.0, 0.07596226036548615, 1.3432413339614868, 0.0830533355474472, 0.5343619585037231, 0.003149723634123802, 2.178931474685669, 0.7818642258644104, 0.03163992241024971, 0.44353002309799194, 0.4778948724269867, 0.120992511510849, 0.36839473247528076, 0.2093285322189331, 0.06439041346311569, 0.11246989667415619, 0.5600207448005676, 0.3507475256919861, 0.047655295580625534, 0.02013179287314415, 0.0, 0.2533428370952606, 0.01267954520881176, 0.08023286610841751, 0.9131665825843811, 0.18510323762893677, 1.0681264400482178, 1.000038743019104, 0.0, 0.00919849332422018, 0.6963112354278564, 0.04173148050904274, 0.013910726644098759, 0.17336583137512207, 0.1559048891067505, 0.4133997857570648, 0.4234943091869354, 0.15271686017513275, 0.0, 0.3414176106452942, 2.6659278869628906, 1.0781376361846924, 0.14293424785137177, 0.5906688570976257, 0.012707868590950966, 0.2633098363876343, 0.19458547234535217, 0.005530785769224167, 1.5304346084594727, 0.7950844168663025, 0.04017292708158493, 0.3888866901397705, 0.6776109933853149, 0.12293799966573715, 0.7188928723335266, 0.7003990411758423, 0.4775570034980774, 0.6110168695449829, 0.5544881224632263, 0.12199946492910385, 0.7565053701400757, 0.22977314889431, 0.2460465282201767, 0.0019205881981179118, 0.001041444018483162, 0.015324567444622517, 0.020175952464342117, 1.37537682056427, 0.020561907440423965, 1.3118280172348022, 0.0, 0.68768310546875, 0.022249475121498108, 0.5419449806213379, 0.0033356170170009136, 0.12417049705982208, 0.5289403200149536, 0.2555173635482788, 0.18113303184509277, 0.6960848569869995, 0.15265262126922607, 0.015646707266569138, 0.5869128108024597, 0.2911870777606964, 0.11364556103944778, 0.14946343004703522, 0.012311561033129692, 0.007073188200592995, 2.6867501735687256, 0.1763087809085846, 0.24139422178268433, 0.6148421764373779, 0.2848893702030182, 0.04793168976902962, 1.2042425870895386, 0.8781715631484985, 0.09310318529605865, 1.7747933864593506, 0.02542724832892418, 0.1571688950061798, 0.007693091407418251, 1.8138083219528198, 0.21788425743579865, 0.12293405085802078, 0.02280351333320141, 0.6634668707847595, 0.4691314995288849, 2.147524118423462, 0.011154660023748875, 0.8421615958213806, 0.6500579714775085, 0.6151670217514038, 0.0010589725570753217, 0.05974213778972626, 0.23346278071403503, 0.06350623071193695, 3.398099422454834, 0.06911445409059525, 0.057536251842975616, 0.011808103881776333, 0.2045794576406479, 1.8290990591049194, 0.22494015097618103, 0.004977498669177294, 0.043178632855415344, 0.29676616191864014, 0.11375341564416885, 0.7485307455062866, 0.0, 0.2776164710521698, 0.411886602640152, 1.2355761528015137, 0.0, 1.9675321578979492, 0.0, 0.2506279945373535, 0.0010005454532802105, 0.8960772156715393, 0.07746484130620956, 0.11515302211046219, 0.12301221489906311, 0.5626716017723083, 0.04864988848567009, 1.6848244667053223, 0.0, 0.04024351015686989, 0.11983554065227509, 0.3033851385116577, 0.041847024112939835, 0.0, 0.7225616574287415, 0.2258697748184204, 0.14111202955245972, 2.8704328536987305, 0.0, 0.04468361288309097, 1.3098998069763184, 0.18201567232608795]",Testing/glioma_tumor/image(10).jpg
"[0.5378595590591431, 0.9482073187828064, 0.0, 1.347079873085022, 0.8795714378356934, 0.2756635546684265, 4.913218975067139, 0.008885607123374939, 0.09591862559318542, 0.0, 0.0, 0.11525434255599976, 0.21122927963733673, 1.4063208103179932, 0.06822937726974487, 0.4933014214038849, 0.7650365829467773, 1.3616156578063965, 0.06531143188476562, 0.012508740648627281, 0.16229148209095, 0.38883182406425476, 0.6361435055732727, 0.006257027853280306, 0.40483516454696655, 0.09008057415485382, 1.3028130531311035, 0.306504487991333, 0.28190311789512634, 0.0, 0.040747806429862976, 0.8377845883369446, 0.8094678521156311, 0.35030022263526917, 0.8655949831008911, 0.8837608098983765, 0.05766523629426956, 0.15768960118293762, 0.15627238154411316, 0.344521164894104, 1.5446394681930542, 0.7524539232254028, 0.11565754562616348, 0.09253062307834625, 0.10497009754180908, 0.0, 0.0, 0.0, 0.03701868653297424, 0.15947110950946808, 0.7815706729888916, 1.4165934324264526, 1.4226069450378418, 0.2942087948322296, 0.41266751289367676, 1.7670693397521973, 1.400718092918396, 0.561310887336731, 1.6414293050765991, 0.08203957974910736, 0.11027555912733078, 0.9479197263717651, 0.5667942762374878, 0.5058337450027466, 0.0, 0.03305970877408981, 0.7950174808502197, 0.0, 0.0, 0.0567515529692173, 0.37910521030426025, 0.0, 0.15038104355335236, 3.7649929523468018, 0.8401464223861694, 0.07078679651021957, 3.2026588916778564, 0.34730416536331177, 0.0, 0.3234316110610962, 0.02838597074151039, 0.14612174034118652, 1.2538167238235474, 0.0, 0.9220535159111023, 0.4324004054069519, 1.9835706949234009, 0.021780699491500854, 0.02107641100883484, 0.03063097782433033, 2.3991658687591553, 0.5444265007972717, 0.09153033047914505, 1.9248207807540894, 0.14883780479431152, 0.7684417963027954, 0.4314866364002228, 0.06398230046033859, 0.0, 0.2141065001487732, 0.13106703758239746, 0.5684083700180054, 0.4432550072669983, 0.3115731477737427, 2.542508125305176, 0.05441360920667648, 0.4580964744091034, 0.43791431188583374, 0.2623513638973236, 0.9511326551437378, 0.0, 0.9419270753860474, 0.011016490869224072, 0.033647969365119934, 1.1934661865234375, 0.04666011035442352, 0.03323013335466385, 1.6328976154327393, 0.039869822561740875, 0.3737257719039917, 0.006001204717904329, 0.042060401290655136, 0.008903242647647858, 0.20336158573627472, 0.3717819154262543, 0.5531872510910034, 0.005371458828449249, 0.7782750725746155, 1.4301846027374268, 0.0, 0.016000596806406975, 1.0029579401016235, 0.16281758248806, 0.006680984981358051, 0.3653913140296936, 0.0, 0.418893963098526, 0.03478527069091797, 0.0, 0.5480461716651917, 0.051852427423000336, 0.4037041962146759, 0.013001451268792152, 0.24686527252197266, 0.08149293065071106, 1.5129799842834473, 0.2795332968235016, 2.3294014930725098, 0.6717385053634644, 0.6707858443260193, 1.142274260520935, 0.061476267874240875, 0.3466167449951172, 0.04743171110749245, 0.121421679854393, 0.6149535775184631, 0.0, 0.207309290766716, 1.9308674335479736, 0.04849637299776077, 0.4875474274158478, 2.5841071605682373, 0.0, 1.0661667585372925, 0.22018252313137054, 0.0076127126812934875, 2.612758159637451, 0.5887786149978638, 0.23055072128772736, 8.866625785827637, 1.2338330745697021, 0.0484737753868103, 0.0828171819448471, 1.516989827156067, 1.0724055767059326, 1.7243149280548096, 0.2783873677253723, 0.02994425594806671, 0.7191428542137146, 0.5125482678413391, 0.790367603302002, 0.0, 0.9287376999855042, 0.001957713393494487, 0.44236794114112854, 0.43808889389038086, 0.03707427904009819, 0.5371581315994263, 0.14535313844680786, 0.49072709679603577, 0.08768679201602936, 0.04366876184940338, 0.12162681668996811, 0.01508032064884901, 1.1823433637619019, 0.19023093581199646, 0.20915845036506653, 0.1454518735408783, 0.09056571871042252, 0.4837169349193573, 1.5377658605575562, 0.19259235262870789, 0.054705288261175156, 1.1291937828063965, 2.627223014831543, 0.06910699605941772, 0.0, 0.18042965233325958, 1.1345162391662598, 0.8854947090148926, 1.2210814952850342, 3.9270517826080322, 0.36375412344932556, 3.0240862369537354, 0.11030013859272003, 0.7763316631317139, 0.07695247232913971, 0.6290162801742554, 0.21783128380775452, 0.0, 0.43614161014556885, 0.003727187868207693, 0.7404309511184692, 0.0, 0.49023398756980896, 3.2472639083862305, 0.5585108995437622, 0.018013661727309227, 1.0763559341430664, 0.9988921284675598, 0.25236988067626953, 0.12958931922912598, 0.22068142890930176, 1.4226970672607422, 0.6251979470252991, 1.038440465927124, 0.05846557766199112, 0.5738167762756348, 0.3316247761249542, 0.0, 0.5554739236831665, 0.1393747627735138, 1.4189621210098267, 0.0, 0.13846522569656372, 0.5583993792533875, 0.3196273446083069, 0.4083337187767029, 0.20617035031318665, 0.6450225114822388, 1.5565530061721802, 0.02730655111372471, 2.4540011882781982, 0.8553906679153442, 0.1679151952266693, 0.014039131812751293, 0.40988850593566895, 0.6688593029975891, 0.00026789490948431194, 0.30245187878608704, 0.019851045683026314, 0.5143640637397766, 2.717170000076294, 0.0035262741148471832, 0.0, 0.010588468052446842, 0.043137531727552414, 0.29594480991363525, 0.0, 0.2490829974412918, 0.2615700662136078, 0.007094813976436853, 1.06563138961792, 0.295153945684433, 5.292685508728027, 0.10346894711256027, 0.37257540225982666, 0.47087493538856506, 0.15347348153591156, 0.5213434100151062, 2.035627841949463, 0.21041147410869598, 5.005943298339844, 0.5352094769477844, 0.4540036618709564, 0.5759317278862, 0.6439467668533325, 0.004956228192895651, 0.0, 0.04413949325680733, 0.04052964597940445, 0.1193457543849945, 0.13837774097919464, 0.06391321122646332, 0.3697846829891205, 3.3515987396240234, 0.6045852303504944, 0.15998554229736328, 0.026588479056954384, 0.7734891176223755, 1.4357916116714478, 0.03690209239721298, 4.768284320831299, 0.5746381282806396, 2.3852357864379883, 0.4884265959262848, 0.0478782132267952, 0.43269091844558716, 0.5582922101020813, 0.5124897956848145, 0.6434377431869507, 0.46924835443496704, 0.6966618299484253, 0.5401180386543274, 0.06021694839000702, 2.30119252204895, 0.45532456040382385, 0.40673497319221497, 0.03554270789027214, 1.0606871843338013, 0.04156374931335449, 3.4416708946228027, 0.24001964926719666, 0.41132012009620667, 0.04686432331800461, 0.15921790897846222, 0.9499809145927429, 0.0, 7.202066421508789, 0.07254235446453094, 0.5986202955245972, 0.06854785233736038, 0.1901715099811554, 2.3363664150238037, 0.0, 0.14426013827323914, 3.845689058303833, 0.4026623070240021, 2.3354902267456055, 0.14251799881458282, 2.2827024459838867, 0.1830156445503235, 0.0, 0.025659799575805664, 0.0, 1.0564675331115723, 0.0683094710111618, 0.6238385438919067, 0.0, 0.15604916214942932, 0.0, 0.9745643138885498, 0.4648456275463104, 0.0, 1.5405386686325073, 0.1570502370595932, 0.003193998709321022, 0.0023515711072832346, 0.33329352736473083, 0.8337186574935913, 0.15566204488277435, 2.9381160736083984, 0.0, 0.9692366719245911, 0.29910191893577576, 0.24505801498889923, 0.2488703578710556, 0.025129303336143494, 2.3619518280029297, 0.6330573558807373, 0.2588207423686981, 0.04807557910680771, 2.6577649116516113, 3.110133171081543, 0.7394381165504456, 0.2714930474758148, 2.205662250518799, 1.8835479021072388, 0.0, 0.2130027562379837, 0.5455954670906067, 0.026039011776447296, 0.1369587779045105, 0.3749814033508301, 0.2470530867576599, 0.2836306095123291, 2.277104616165161, 1.268967628479004, 0.12942911684513092, 0.5511171221733093, 0.0, 0.28817814588546753, 1.107717514038086, 0.03689485043287277, 0.4862076938152313, 2.9993863105773926, 0.0, 1.9841623306274414, 0.0, 0.9752528071403503, 1.2019104957580566, 0.033911336213350296, 0.011444349773228168, 0.0, 0.0020589001942425966, 0.4308032691478729, 0.10411776602268219, 0.0, 0.051607128232717514, 0.5300641059875488, 0.5896853804588318, 0.13377594947814941, 0.37231507897377014, 0.07710997760295868, 0.006326385773718357, 2.404921293258667, 0.0007068673148751259, 0.5394867658615112, 0.1450544148683548, 1.4794846773147583, 1.2423579692840576, 0.5462215542793274, 0.39961695671081543, 0.9862704873085022, 0.4289119243621826, 0.0006081352476030588, 0.023471929132938385, 0.20622622966766357, 1.0093445777893066, 0.054782457649707794, 0.24297815561294556, 0.6273221969604492, 0.914664626121521, 0.08012516796588898, 1.9158761501312256, 0.1317179948091507, 0.011966501362621784, 3.6166181564331055, 0.7126188278198242, 0.03179478645324707, 0.0, 0.14061617851257324, 3.0520853996276855, 1.7864516973495483, 0.3575449287891388, 0.5717487335205078, 0.09287670999765396, 0.5412437915802002, 0.19902892410755157, 1.0452697277069092, 0.9806478023529053, 0.038742948323488235, 0.16322346031665802, 0.0, 0.06761040538549423, 1.748763918876648, 0.3210300803184509, 0.03113081492483616, 0.0, 3.8187742233276367, 0.6216509342193604, 1.9916731119155884, 0.405280202627182, 1.2959593534469604, 0.19565056264400482, 1.5557994842529297, 0.09320703893899918, 0.2881326377391815, 0.7450588941574097, 0.015837963670492172, 0.25618529319763184, 0.0, 0.4462379813194275, 0.19210584461688995, 0.027578257024288177, 0.029848486185073853, 3.0145180225372314, 0.005016764625906944, 0.1427123248577118, 0.6896231770515442, 0.2382267564535141, 0.32993748784065247, 0.18832893669605255, 0.1266566812992096, 0.12350626289844513, 0.4659278690814972, 0.18461167812347412, 0.0, 0.913029670715332, 0.0, 0.19546706974506378, 0.7687742114067078, 0.34424665570259094, 0.33002564311027527, 1.4272602796554565, 0.1578616052865982, 0.0, 0.32441747188568115, 1.4596548080444336, 0.7140511274337769, 0.6386648416519165, 0.49456822872161865, 0.0, 4.504872798919678, 0.08594206720590591, 0.25723686814308167, 0.16744056344032288, 0.908643901348114, 0.029474440962076187, 1.1553846597671509, 0.2798454761505127, 0.3634882867336273, 0.06893426179885864, 0.2266937494277954, 0.4571375250816345, 0.08857227861881256, 0.8431530594825745, 0.0, 0.15025152266025543, 0.07250750809907913, 0.07742638885974884, 0.9348365664482117, 0.0113566555082798, 0.32167157530784607, 0.0, 0.0, 0.06974615156650543, 0.0, 0.1485859453678131, 1.3748265504837036, 0.5938188433647156, 0.21693478524684906, 1.4515810012817383, 2.316276788711548, 0.01657857932150364, 1.1141544580459595, 1.432658314704895, 0.25375673174858093, 0.6628074049949646, 0.001411851611919701, 0.1034630760550499, 0.8370198607444763, 0.16225847601890564, 0.6515569090843201, 3.179680585861206, 1.9543365240097046, 0.027791578322649002, 0.29532623291015625, 1.3034437894821167, 0.0, 0.6862357258796692, 0.03301588445901871, 0.008925603702664375, 0.13213856518268585, 0.24897846579551697, 2.517212152481079, 0.6809212565422058, 0.0, 0.5289123058319092, 0.0, 2.921769857406616, 0.30558720231056213, 0.12408377230167389, 0.2417748123407364, 0.1403295397758484, 1.7271473407745361, 0.7592076063156128, 0.24583837389945984, 2.4279394149780273, 0.16219858825206757, 0.4812255799770355, 0.47613415122032166, 0.2642526924610138, 0.2956683337688446, 0.07928024232387543, 0.24144713580608368, 0.0, 1.2192414999008179, 0.0, 0.0, 1.415693759918213, 0.0, 0.20882637798786163, 0.31786274909973145, 0.014270723797380924, 0.10106388479471207, 0.5522480010986328, 0.07978977262973785, 0.0, 0.0, 0.7250106930732727, 0.3435850441455841, 1.1041290760040283, 0.012178357690572739, 0.20151610672473907, 0.17897357046604156, 0.0, 0.0, 0.028765767812728882, 0.7869533896446228, 0.35992154479026794, 0.808282196521759, 4.092353820800781, 0.08863987028598785, 0.005187949165701866, 0.5640296936035156, 1.0484610795974731, 0.13725635409355164, 0.9114914536476135, 3.1115593910217285, 4.0428667068481445, 0.12063939869403839, 0.7720772624015808, 0.2727559804916382, 0.0038711903616786003, 0.0, 0.0070672230795025826, 0.9023101925849915, 0.10211130976676941, 0.1289999634027481, 0.27239611744880676, 0.16713058948516846, 1.4932069778442383, 0.2259111851453781, 1.4638580083847046, 0.26160597801208496, 0.5060250163078308, 0.0, 0.02887958101928234, 0.538750171661377, 0.478948175907135, 0.058017805218696594, 0.005303726065903902, 0.0010047300020232797, 0.11057941615581512, 0.026158727705478668, 0.45422348380088806, 0.004836861044168472, 0.0, 0.8124997019767761, 0.12236594408750534, 0.34816861152648926, 0.00017763157666195184, 0.6871864199638367, 0.0038562428671866655, 0.08050873130559921, 2.3762264251708984, 0.1734878420829773, 0.007120091002434492, 0.0, 0.1779312789440155, 0.1189110204577446, 0.12305450439453125, 0.0, 1.2926406860351562, 0.11330687999725342, 0.6099705696105957, 0.390654981136322, 1.2957093715667725, 0.0, 0.616722822189331, 0.4301752746105194, 0.16170547902584076, 0.15133628249168396, 0.5240748524665833, 0.6897157430648804, 3.6051270961761475, 0.43633851408958435, 0.9337310791015625, 0.021418001502752304, 0.09133908152580261, 0.6440978050231934, 0.8108431696891785, 1.706260323524475, 0.4228252172470093, 0.21963757276535034, 0.06305896490812302, 0.5211299061775208, 1.216462254524231, 2.056117057800293, 0.9074957966804504, 0.058296140283346176, 0.0, 0.1391909271478653, 1.3820881843566895, 0.9186505079269409, 0.2084098905324936, 0.21118073165416718, 0.09075572341680527, 0.872328519821167, 1.6093008518218994, 0.0, 0.22783595323562622, 0.43688318133354187, 0.11171888560056686, 1.373749852180481, 0.9238804578781128, 0.0, 0.011118280701339245, 0.11247991025447845, 0.043875787407159805, 0.0, 0.2056073099374771, 0.15563423931598663, 0.1412954181432724, 0.6039827466011047, 1.0468266010284424, 0.624534010887146, 2.9235036373138428, 0.0, 1.3578567504882812, 0.6384745240211487, 0.1420716792345047, 0.6230741739273071, 0.07560732215642929, 0.011426018550992012, 0.02173214964568615, 0.0, 0.22262725234031677, 0.06315004825592041, 0.6815451979637146, 1.8098863363265991, 0.12437034398317337, 0.43883657455444336, 0.08111684769392014, 2.869792938232422, 0.5562048554420471, 1.6026474237442017, 0.04632628709077835, 0.640670120716095, 0.10568985342979431, 0.40712472796440125, 0.009140041656792164, 0.6949628591537476, 2.484696388244629, 0.04321317374706268, 0.029141370207071304, 1.1439324617385864, 1.647666096687317, 0.009143590927124023, 0.5324795842170715, 0.021995075047016144, 5.830967903137207, 0.24622364342212677, 0.0, 0.269372820854187, 0.04995715245604515, 0.0, 0.7688680291175842, 0.28868940472602844, 0.7737253904342651, 0.3435617983341217, 0.04072804003953934, 0.04811053350567818, 0.6268761157989502, 0.17421504855155945, 0.4198273718357086, 0.2022247314453125, 0.09669511020183563, 0.07181806117296219, 0.603809654712677, 1.1948156356811523, 1.2434533834457397, 1.7018139362335205, 7.113388710422441e-05, 0.01695960946381092, 0.10110756754875183, 0.24706821143627167, 0.5318174958229065, 1.598523497581482, 0.19986878335475922, 0.02045784518122673, 0.566612720489502, 0.2692059874534607, 0.5764018297195435, 0.04552905261516571, 0.07530258595943451, 0.008838235400617123, 1.0098956823349, 0.6114487051963806, 0.5197914242744446, 1.5088491439819336, 1.4122648239135742, 0.2895488142967224, 1.8996257781982422, 0.22532646358013153, 0.8216479420661926, 0.2116100937128067, 0.2197626680135727, 0.357764333486557, 0.4402262270450592, 0.05860421434044838, 0.5049207806587219, 0.18845868110656738, 0.14688502252101898, 0.26895424723625183, 0.02561379410326481, 0.0, 0.8747301697731018, 1.504642367362976, 1.1701154708862305, 0.004473783541470766, 0.5278227925300598, 0.19303493201732635, 0.0, 0.5950466990470886, 1.1931031942367554, 2.2891910076141357, 0.02943485602736473, 0.3252354860305786, 0.08486483246088028, 0.0, 2.2532460689544678, 0.0, 1.2164256572723389, 0.09379186481237411, 2.8805716037750244, 0.5391601324081421, 0.14789323508739471, 0.030356811359524727, 0.07440169155597687, 0.8890956044197083, 0.8518717288970947, 0.3393309414386749, 0.21040406823158264, 0.708446741104126, 0.12203391641378403, 0.03281527757644653, 0.8323943614959717, 1.014607310295105, 0.22468110918998718, 2.098098039627075, 0.591005265712738, 0.1856067031621933, 0.19298869371414185, 1.0581128597259521, 0.001220817444846034, 0.297031968832016, 0.05840661749243736, 0.2354668378829956, 0.0, 0.029964057728648186, 0.22797493636608124, 0.36217576265335083, 1.634476900100708, 0.1765417754650116, 0.034038156270980835, 0.04965437576174736, 0.6618937253952026, 0.6498626470565796, 0.031005995348095894, 0.5400794148445129, 1.5330003499984741, 0.14353041350841522, 0.0, 0.28397998213768005, 0.040280234068632126, 0.03084402158856392, 1.753230094909668, 1.1442140340805054, 0.7953649163246155, 0.56968754529953, 0.1544235646724701, 0.0, 0.43587642908096313, 0.02665555663406849, 1.0372216701507568, 0.8429538011550903, 0.006796394009143114, 5.103970050811768, 1.2437376976013184, 0.3898170590400696, 0.0, 0.7716484069824219, 0.5431128144264221, 0.7579126954078674, 0.15487627685070038, 0.05500283092260361, 1.8530960083007812, 0.2752189040184021, 0.16599027812480927, 1.2607454061508179, 0.3600853979587555, 0.0, 0.7713809013366699, 0.4668327569961548, 1.4894704818725586, 0.7785278558731079, 0.2281085103750229, 0.029168330132961273, 0.052384406328201294, 0.11579412966966629, 0.0, 0.060683540999889374, 0.00040198833448812366, 0.002985803410410881, 0.0, 0.7352955341339111, 0.10467768460512161, 3.542356252670288, 0.0027306736446917057, 0.9386665225028992, 0.03297533839941025, 0.6222314834594727, 2.537365436553955, 0.027831872925162315, 0.013159000314772129, 1.5398746728897095, 0.15069711208343506, 0.08175187557935715, 0.0880017802119255, 0.3028722405433655, 0.030430348590016365, 1.4799808263778687, 0.0, 0.6005421280860901, 0.3123796284198761, 0.07923330366611481, 0.6814770698547363, 0.0, 0.0771232396364212, 0.9777579307556152, 0.02642730250954628, 0.08902902901172638, 0.23210613429546356, 0.2431926280260086, 0.5608830451965332, 1.9962111711502075, 2.2122182846069336, 0.0605020709335804, 0.23828183114528656, 1.90550696849823, 1.982001781463623, 0.06516226381063461, 0.07493165880441666, 0.21764761209487915, 0.6467646956443787, 0.1525743007659912, 0.2662586271762848, 0.0286030825227499, 0.570476233959198, 0.34754878282546997, 0.0, 0.07561054080724716, 0.49377089738845825, 0.006609181873500347, 0.12149697542190552, 0.6761107444763184, 0.06116841733455658, 0.8191355466842651, 0.01581488363444805, 2.186990737915039, 0.17844055593013763, 0.9303146600723267, 1.1020811796188354, 0.0011155045358464122, 2.0742313861846924, 0.7502684593200684, 0.33431726694107056, 0.0, 0.10633406043052673, 0.46546056866645813, 0.0, 1.540432333946228, 0.6772896647453308, 0.7636539936065674, 0.6275869607925415, 0.028018059208989143, 0.08495903015136719, 0.21038129925727844, 0.0, 0.05391966179013252, 0.006889041513204575, 0.2928367853164673, 0.2124888300895691, 0.0, 0.11380619555711746, 0.06907905638217926, 1.2253212928771973, 0.06078413501381874, 1.0072098970413208, 0.587425172328949, 0.31565937399864197, 0.06695646792650223, 2.3475046157836914, 0.0, 0.01490947138518095, 0.0, 0.1447398066520691, 0.41576245427131653, 0.16548673808574677, 0.3759220242500305, 0.020049327984452248, 0.06400658935308456, 0.03215963393449783, 1.0898785591125488, 0.2763477861881256, 0.308441698551178, 0.21725140511989594, 0.08526191115379333, 3.173023223876953, 1.8608602285385132, 0.9971275925636292, 0.4360896050930023, 0.7937347888946533, 1.4586354494094849, 0.29609641432762146, 0.4639948606491089, 1.382697582244873, 0.08205696195363998, 0.5444252490997314, 0.014002061448991299, 0.9279006719589233, 0.6443784236907959, 0.0633392184972763, 1.075109839439392, 0.7688956260681152, 0.3444804847240448, 0.3146713078022003, 3.4054150581359863, 0.2561682164669037, 0.2639755308628082, 0.5381293892860413, 0.22256621718406677, 0.5242317914962769, 0.0, 0.022646835073828697, 0.364536315202713, 0.04222558066248894, 0.8311436176300049, 0.12826232612133026, 0.2847941815853119, 0.16554109752178192, 1.2136374711990356, 0.07521658390760422, 0.5403992533683777, 0.5183359384536743, 0.0775868222117424, 0.03954395279288292, 0.07645207643508911, 0.012120889499783516, 0.0, 0.9119250178337097, 0.07841077446937561, 1.01573646068573, 0.08363846689462662, 0.04589028283953667, 0.062168020755052567, 0.04144338518381119, 0.005565784405916929, 0.04246647655963898, 0.0, 0.285328209400177, 0.29999440908432007, 0.011757767759263515, 0.46444016695022583, 0.007229571230709553, 1.7911123037338257, 0.3714407980442047, 0.12821635603904724, 0.271120548248291, 0.005876278504729271, 0.059291739016771317, 0.13806945085525513, 0.16173860430717468, 0.07251694053411484, 2.2707931995391846, 0.931635856628418, 0.10272945463657379, 0.3719727396965027, 0.14696566760540009, 3.0300753116607666, 0.10389400273561478, 0.023218626156449318, 1.0337982177734375, 0.003677324391901493, 0.00924069993197918, 0.2129310518503189, 0.0035419343039393425, 0.03312522545456886, 0.3907047212123871, 0.6907747387886047, 0.3150366544723511, 0.43830162286758423, 0.17175224423408508, 2.206726312637329, 1.587966799736023, 2.3141870498657227, 1.605520248413086, 0.1665647029876709, 0.0, 0.4736088216304779, 0.05291973426938057, 0.024781158193945885, 1.5477910041809082, 0.0, 0.16243121027946472, 0.0845685675740242, 0.0, 0.9424655437469482, 0.011787096038460732, 0.17723827064037323, 0.3879972994327545, 0.2131740003824234, 0.5343538522720337, 0.6642582416534424, 1.0991803407669067, 0.041925933212041855, 0.016749504953622818, 0.37324076890945435, 0.00015390649787150323, 0.044731851667165756, 2.841231346130371, 0.19732291996479034, 0.07050076127052307, 0.19536732137203217, 0.45742353796958923, 0.053459201008081436, 0.508461594581604, 0.2725478708744049, 1.5303893089294434, 0.7337061166763306, 0.1732172816991806, 0.35092446208000183, 0.2773098051548004, 0.3460270166397095, 0.25448480248451233, 0.008131328970193863, 1.5612832307815552, 0.4462065100669861, 0.09930504858493805, 0.4594733715057373, 0.0, 0.08422758430242538, 0.23437313735485077, 0.2596262991428375, 0.18714720010757446, 0.0, 0.1712547093629837, 0.19022539258003235, 0.1341317743062973, 0.003023785073310137, 1.4168386459350586, 0.0008346110116690397, 0.34607788920402527, 0.06208622083067894, 0.01065769512206316, 0.0, 0.26280513405799866, 0.0625687688589096, 0.049313418567180634, 0.2266284078359604, 0.06286901980638504, 0.04240290820598602, 1.7927697896957397, 0.33318912982940674, 0.018829666078090668, 0.43356820940971375, 0.17622752487659454, 0.9405710101127625, 0.0006753376801498234, 0.38731837272644043, 0.284954309463501, 0.0, 0.0757983922958374, 0.4344955384731293, 0.1759912073612213, 0.01636773720383644, 0.6020516157150269, 0.015659429132938385, 0.11860498040914536, 0.4397597014904022, 0.5857304334640503, 0.022672098129987717, 0.0, 0.2964027523994446, 0.11875700205564499, 0.0, 0.0230050478130579, 1.834637999534607, 0.14310389757156372, 0.008462696336209774, 0.03385491669178009, 0.23439574241638184, 0.0, 0.13326556980609894, 0.09257205575704575, 1.1212271451950073, 0.31335508823394775, 0.4630977511405945, 1.071755290031433, 0.0, 0.10195840895175934, 0.024684447795152664, 0.0389472134411335, 1.7824219465255737, 0.6437382102012634, 1.2412344217300415, 0.15290452539920807, 0.24396871030330658, 1.2962102890014648, 0.07731952518224716, 0.29863205552101135, 0.15494504570960999, 0.6384316086769104, 0.002474867505952716, 0.006795160472393036, 0.012271134182810783, 2.344452142715454, 2.2130048274993896, 0.8097277283668518, 0.11664924025535583, 1.4383000135421753, 1.5947035551071167, 0.46593716740608215, 0.09198618680238724, 0.0, 0.05130346864461899, 0.48909106850624084, 0.11952292919158936, 0.23871923983097076, 0.17335167527198792, 0.03653114661574364, 0.9617833495140076, 1.7496185302734375, 0.3996070921421051, 0.17117591202259064, 0.3166118264198303, 0.0, 1.429429054260254, 0.20828884840011597, 0.036795008927583694, 0.03140518441796303, 0.6188977956771851, 0.029139956459403038, 0.11149895191192627, 0.16888421773910522, 0.0530138798058033, 0.22923384606838226, 0.28275805711746216, 0.12120597064495087, 1.3271211385726929, 0.2335459291934967, 3.0774295330047607, 0.6972944140434265, 0.062324948608875275, 0.08989276736974716, 0.00787551049143076, 0.23800164461135864, 0.12224890291690826, 0.027423860505223274, 0.12466979771852493, 0.19294075667858124, 0.5294018983840942, 0.18725667893886566, 0.0, 0.7624896168708801, 0.018520092591643333, 0.0, 0.0012704450637102127, 1.0209401845932007, 0.03560914471745491, 0.25850358605384827, 0.7534942030906677, 1.3485006093978882, 0.2618732750415802, 2.9544014930725098, 0.8659403920173645, 0.8597045540809631, 0.35389408469200134, 0.07445268332958221, 0.2925688624382019, 0.020883584395051003, 1.9821841716766357, 0.4141235053539276, 0.005991633981466293, 0.3830348551273346, 0.20448912680149078, 0.24510037899017334, 1.4005296230316162, 0.11997749656438828, 1.5004682540893555, 0.6936635375022888, 0.0036345841363072395, 0.0833001360297203, 1.0778902769088745, 0.4447236657142639, 0.3663003742694855, 0.5817423462867737, 1.093544840812683, 0.11008904129266739, 0.6914960741996765, 0.8512129783630371, 0.0938078984618187, 0.0, 0.07943866401910782, 0.0, 3.3025825023651123, 0.0, 0.011880507692694664, 0.757818877696991, 0.0, 0.498839408159256, 0.2635067105293274, 0.17013218998908997, 0.03482849523425102, 0.8307258486747742, 0.16303695738315582, 0.11986123025417328, 1.7864412069320679, 0.14436230063438416, 0.0887967050075531, 0.2150953859090805, 0.33301299810409546, 0.3143457770347595, 0.8212380409240723, 0.07252130657434464, 0.06150774657726288, 1.239180564880371, 0.38926902413368225, 0.5376699566841125, 0.009284742176532745, 0.1990165114402771, 0.6187573075294495, 0.10891588032245636, 0.0, 0.0435183085501194, 0.006871004588901997, 0.39763984084129333, 0.03335452452301979, 0.6910032033920288, 0.1588594615459442, 0.8267362713813782, 0.767412006855011, 0.1364733874797821, 0.42824283242225647, 0.600742757320404, 0.30209672451019287, 0.24351373314857483, 0.6045295596122742, 0.02341437339782715, 1.036537766456604, 0.019612407311797142, 0.0, 0.04237246885895729, 2.5583584308624268, 0.22062936425209045, 0.01864529214799404, 0.5162313580513, 0.1734592467546463, 0.3618777394294739, 0.0975300520658493, 0.8580532670021057, 0.541260838508606, 3.375673294067383, 0.27036333084106445, 0.11321397870779037, 0.05227711796760559, 0.2829176187515259, 0.5191609859466553, 0.32544341683387756, 0.0, 0.0, 0.11473081260919571, 0.0, 3.0301718711853027, 0.5116835832595825, 0.7864674925804138, 0.3724703788757324, 0.07570001482963562, 0.1755703091621399, 0.8547027707099915, 0.0, 0.0, 2.3205461502075195, 0.9237114191055298, 0.11597993224859238, 0.4871262013912201, 0.08492740243673325, 0.0, 1.0534037351608276, 0.7379921078681946, 0.02170650288462639, 1.2162187099456787, 0.016010109335184097, 0.05490083992481232, 0.3835947811603546, 0.2505050599575043, 0.5924886465072632, 0.05779324844479561, 0.0, 0.035441309213638306, 0.14842867851257324, 0.0750894844532013, 0.02138073556125164, 0.0, 0.40804147720336914, 0.6809987425804138, 0.00342251337133348, 0.9359629154205322, 0.05295947194099426, 1.0530073642730713, 0.0892866775393486, 2.012671709060669, 0.2753611207008362, 0.08586543798446655, 0.2710339426994324, 0.31378886103630066, 0.6838526129722595, 0.016735782846808434, 0.6204563975334167, 0.3608277440071106, 0.009374348446726799, 0.14704164862632751, 0.7319259643554688, 0.48700177669525146, 0.008161544799804688, 2.2833452224731445, 0.3222821354866028, 0.6458262205123901, 0.03364412486553192, 0.008761955425143242, 0.05293106660246849, 0.6176193356513977, 0.0, 0.0, 0.13048619031906128, 0.2726028263568878, 2.890481472015381, 1.1967312097549438, 1.7284557819366455, 0.017447438091039658, 1.028404712677002, 0.5888156294822693, 0.3155547082424164, 0.0, 0.1658727526664734, 0.0, 0.0282288771122694, 0.3189760744571686, 0.4106975793838501, 0.0, 0.580510139465332, 0.1354522854089737, 0.32513290643692017, 0.011083479039371014, 0.718792200088501, 0.0, 1.1832339763641357, 0.45042315125465393, 1.3270882368087769, 0.3086729943752289, 0.06962035596370697, 0.04944957047700882, 0.0, 0.0514974407851696, 0.0, 1.769204020500183, 0.01419589202851057, 0.6656954288482666, 0.30046960711479187, 0.20121443271636963, 0.9194985032081604, 0.6160333752632141, 4.5607428550720215, 5.2539448738098145, 0.2615145146846771, 2.2836062908172607, 0.08497817814350128, 0.10130113363265991, 0.11954949796199799, 0.22835665941238403, 1.0566816329956055, 0.01654748059809208, 3.2213096618652344, 0.07125957310199738, 2.3692126274108887, 1.1450140476226807, 0.8629531860351562, 0.056077729910612106, 1.0041238069534302, 0.337711364030838, 0.0077010514214634895, 0.864658772945404, 0.16470716893672943, 0.0, 0.11404946446418762, 0.28173157572746277, 0.3557175099849701, 0.01811332069337368, 0.1538645476102829, 1.4348530769348145, 0.050909388810396194, 0.06489329785108566, 1.0934635400772095, 0.017001064494252205, 0.8627880811691284, 0.1501416116952896, 0.6020415425300598, 0.6669036746025085, 0.0997295007109642, 1.2106187343597412, 0.26192769408226013, 1.1551315784454346, 0.9269150495529175, 0.12617595493793488, 0.3746985197067261, 0.00369467306882143, 2.8618345260620117, 0.24695941805839539, 0.0001731162192299962, 2.921328544616699, 0.27334895730018616, 1.4650089740753174, 1.6191229820251465, 0.07731680572032928, 0.0, 0.036871906369924545, 0.17429643869400024, 0.0, 0.1254681795835495, 0.9742065668106079, 0.0, 2.880943775177002, 0.2423320710659027, 0.05352504923939705, 0.008032020181417465, 0.1838444471359253, 0.5910429954528809, 0.641844630241394, 0.005871213041245937, 0.0687878206372261, 0.21152275800704956, 0.10909143090248108, 0.0, 0.0, 0.5649137496948242, 0.0, 0.31439030170440674, 0.0, 5.333772659301758, 0.096023328602314, 0.11924531310796738, 0.44665396213531494, 0.4440280497074127, 0.25429093837738037, 0.026260463520884514, 0.40934833884239197, 1.309968113899231, 0.004118622746318579, 0.7684345841407776, 1.4693220853805542, 1.8300806283950806, 0.010031101293861866, 0.25458014011383057, 0.4046795070171356, 3.800307273864746, 4.531505584716797, 0.0, 0.9926669001579285, 0.23570135235786438, 0.05233260989189148, 0.06135077401995659, 0.2348112016916275, 0.4709791839122772, 0.10003545135259628, 0.0, 0.04012129828333855, 0.038436632603406906, 0.2061990648508072, 0.1351795196533203, 0.2497151643037796, 1.6587146520614624, 0.045798275619745255, 0.006507700774818659, 0.22317682206630707, 0.0, 0.23986345529556274, 0.26371416449546814, 0.28456488251686096, 0.010446889325976372, 0.0, 0.5364423394203186, 0.15210211277008057, 0.08596630394458771, 0.07135801762342453, 0.4248248040676117, 0.005806494504213333, 1.3880555629730225, 0.05476287007331848, 0.1036859080195427, 0.0, 0.48017245531082153, 0.09717170894145966, 0.45577937364578247, 0.7354845404624939, 0.34400421380996704, 0.0, 1.9367903470993042, 0.0, 0.08017461001873016, 1.0848689079284668, 0.12027577310800552, 0.1040324941277504, 0.18506306409835815, 0.08143246918916702, 3.1528146266937256, 0.5573110580444336, 1.7966006994247437, 1.1894344091415405, 0.00851085688918829, 0.8992340564727783, 1.6656742095947266, 0.06238865852355957, 0.0033623003400862217, 0.11929807811975479, 0.04360618069767952, 0.00175474863499403, 0.44759276509284973, 0.20300763845443726, 0.03958412632346153, 0.12061358243227005, 0.0067343078553676605, 1.013753056526184, 1.0828155279159546, 0.287977933883667, 0.922853946685791, 5.47314453125, 0.0, 0.07404370605945587, 0.19838270545005798, 1.8144704103469849, 0.3901386559009552, 0.0, 0.0, 2.536052942276001, 0.21933643519878387, 0.21302005648612976, 0.1198720932006836, 0.5064811110496521, 0.1474159210920334, 0.4095790684223175, 0.14537981152534485, 0.07105856388807297, 0.11909821629524231, 0.41418471932411194, 0.2882777750492096, 0.06208612024784088, 0.32784923911094666, 1.1630061864852905, 0.016030412167310715, 0.6808664798736572, 3.563961982727051, 1.216273307800293, 0.08957415074110031, 0.0, 0.003065873170271516, 0.06831470131874084, 0.01050111185759306, 0.3723263144493103, 0.07641512155532837, 0.09117507934570312, 0.7009375691413879, 0.0, 0.20275458693504333, 0.8734611868858337, 0.36479124426841736, 0.003272170899435878, 0.0, 0.617247462272644, 0.03877578303217888, 0.7721653580665588, 0.5873696804046631, 0.46130627393722534, 0.02466183714568615, 0.09695060551166534, 0.18463434278964996, 0.9110919237136841, 0.406993567943573, 0.0, 0.6640873551368713, 0.14736853539943695, 0.06379082053899765, 1.1582175493240356, 0.0, 0.7613359689712524, 0.15811163187026978, 0.6848334670066833, 0.5774096250534058, 0.1498154103755951, 0.0, 0.031959082931280136, 0.20529155433177948, 0.0, 0.0, 1.4804998636245728, 0.6192999482154846, 0.023432161659002304, 0.10333335399627686, 0.019809897989034653, 0.08997736871242523, 0.20743772387504578, 0.4798840582370758, 0.1057598739862442, 0.4962538182735443, 0.7423149943351746, 2.7596495151519775, 0.17924818396568298, 0.27064356207847595, 0.0423915721476078, 0.0, 0.2312638759613037, 0.052743908017873764, 0.050482574850320816, 0.5206387042999268, 0.0999341756105423, 0.5408774614334106, 0.730383574962616, 0.021697677671909332, 0.7111994624137878, 1.8619242906570435, 0.08916360139846802, 0.5282018184661865, 0.018725775182247162, 0.00023586288443766534, 0.19557154178619385, 0.023019593209028244, 0.2470720261335373, 0.8495228290557861, 0.21034757792949677, 0.9575534462928772, 0.846112072467804, 1.0652318000793457, 0.13887923955917358, 0.11212530732154846, 0.2981298863887787, 0.1646585613489151, 1.3776708841323853, 2.711465835571289, 3.69394850730896, 0.10784474015235901, 0.004898818209767342, 0.6861006021499634, 0.1533525437116623, 0.0, 0.0242643840610981, 0.5468372106552124, 0.5724009275436401, 0.0, 0.10516684502363205, 0.24576836824417114, 0.10205989331007004, 0.67636638879776, 1.0193132162094116, 0.7136707901954651, 0.21391111612319946, 0.16594377160072327, 1.2353708744049072, 0.0, 0.4121595621109009, 0.0, 0.40926891565322876, 0.07477229833602905, 0.5668268203735352, 1.0005762577056885, 0.14442096650600433, 1.5125569105148315, 3.002530574798584, 0.05754042789340019, 1.392284631729126, 0.13875038921833038, 1.2268487215042114, 0.43769192695617676, 0.44015005230903625, 0.11285121738910675, 0.046294163912534714, 0.65509432554245, 0.0055299922823905945, 0.3419433534145355, 0.037039872258901596, 0.0, 0.3310137689113617, 0.048615168780088425, 1.7760497331619263, 0.1270315945148468, 0.062253061681985855, 0.12869451940059662, 0.07372608035802841, 1.373287320137024, 1.0694092512130737, 0.11975444108247757, 0.4426646828651428, 0.9556132555007935, 0.021020792424678802, 0.08467642217874527, 0.8576763868331909, 0.0018079159781336784, 0.06142080947756767, 0.49275192618370056, 0.08130929619073868, 3.141141414642334, 0.016620563343167305, 0.2758675515651703, 1.2760305404663086, 0.11864874511957169, 0.19180843234062195, 0.9314915537834167, 0.07519347220659256, 0.008760598488152027, 0.15142709016799927, 0.16699981689453125, 3.1815197467803955, 0.3191816210746765, 0.3014925718307495, 1.147661805152893, 0.38942399621009827, 0.3404168486595154, 0.002341119572520256, 2.386096477508545, 0.8086687326431274, 2.1010494232177734, 0.010960360057651997, 4.241798400878906, 0.02442234940826893, 0.7766443490982056, 0.11467332392930984, 0.111749067902565, 0.10775823891162872, 0.22985157370567322, 0.8106544017791748, 0.005000060889869928, 0.42249804735183716, 0.6591477394104004, 0.3015080392360687, 0.18564699590206146, 0.012206291779875755, 0.4516092538833618, 0.25352784991264343, 0.0550205372273922, 0.018942339345812798, 0.0, 0.17172951996326447, 0.2265355885028839, 0.13946233689785004, 0.0, 0.02269885316491127, 0.010810939595103264, 1.028646469116211, 0.010771887376904488, 0.1580624133348465, 0.12755317986011505, 0.024554602801799774, 0.14873404800891876, 0.01296740397810936, 0.16213195025920868, 0.0, 2.135681390762329, 0.23294268548488617, 2.3176639080047607, 0.3140336573123932, 0.0, 0.16820335388183594, 0.0, 0.1409960240125656, 0.6915349960327148, 0.3478379547595978, 0.12215408682823181, 0.53911954164505, 0.14643797278404236, 0.03408220782876015, 0.38447320461273193, 0.5220112204551697, 1.4552775621414185, 0.06151280179619789, 0.9532737135887146, 0.1855047047138214, 0.039600249379873276, 0.08522605895996094, 0.020091915503144264, 0.8241620063781738, 0.0, 0.7680786848068237, 0.0, 1.627406358718872, 3.128821611404419, 0.5039744973182678, 0.03262285143136978, 0.19231648743152618, 0.0023563809227198362, 0.058773186057806015, 0.0018677273765206337, 0.035686008632183075, 1.5568139553070068, 0.196487158536911, 0.8654905557632446, 0.3418811857700348, 3.839552164077759, 0.4454135000705719, 0.0, 0.34932568669319153, 0.45187997817993164, 0.14881090819835663, 0.1685507446527481, 0.14416596293449402, 0.0, 0.07328695803880692, 0.7049844861030579, 0.07188473641872406, 0.32054540514945984, 0.10160601884126663, 0.2503593862056732, 0.47662901878356934, 0.0, 0.5802292823791504, 0.39550045132637024, 0.14227856695652008, 0.531944215297699, 0.3308611810207367, 0.0, 0.14786039292812347, 0.0, 0.0, 0.048520807176828384, 0.6553005576133728, 0.16437694430351257, 0.7509797811508179, 1.6734410524368286, 1.814597249031067, 0.0, 0.47039833664894104, 0.47870945930480957, 0.8394526839256287, 0.23058147728443146, 0.19669242203235626, 0.03784406930208206, 0.0, 0.13115309178829193, 0.02349681220948696, 0.1885867565870285, 0.30246925354003906, 0.23271197080612183, 0.03350546583533287, 0.19419899582862854, 0.16817304491996765, 3.8439736366271973, 0.2311207503080368, 0.11346928775310516, 2.1609270572662354, 0.5294854044914246, 0.034964971244335175, 0.6453931927680969, 1.3015085458755493, 1.4549652338027954, 0.0, 0.0, 0.04819963499903679, 0.06648802012205124, 0.42448365688323975, 0.05313269793987274, 0.19954447448253632, 0.052923884242773056, 0.00499980803579092, 0.3277491331100464, 0.06527290493249893, 0.08802445232868195, 0.46261531114578247, 2.5859017372131348, 0.8317133784294128, 0.1907605528831482, 0.2846093475818634, 0.39720845222473145, 2.177145004272461, 2.263064384460449, 0.0, 0.15832555294036865, 2.21623158454895, 0.0, 0.02050171047449112, 1.5157135725021362, 0.006117356009781361, 0.48690131306648254, 0.30470767617225647, 1.1008760929107666, 0.17866721749305725, 0.0, 0.018148308619856834, 0.2192882001399994, 3.174424171447754, 0.9145336747169495, 0.9742481708526611, 0.13859307765960693, 0.44397345185279846, 1.1277289390563965, 0.2214576005935669, 0.0028616555500775576, 0.10282222926616669, 0.2740582525730133, 1.4985058307647705, 0.2439660280942917, 0.1225820928812027, 2.9954731464385986, 0.004407169762998819, 0.7386406064033508, 0.5750346779823303, 2.351569652557373, 0.6036349534988403, 4.483951568603516, 0.3134870231151581, 0.13514269888401031, 0.11011084914207458, 0.16540391743183136, 0.3849700689315796, 0.7021918296813965, 0.017403485253453255, 1.8120752573013306, 0.046532582491636276, 0.39865273237228394, 0.3280982971191406, 0.027857940644025803, 0.037331245839595795, 0.49176836013793945, 0.5523249506950378, 0.006173659116029739, 0.04135700687766075, 0.007737050298601389, 0.8903164863586426, 0.6047242879867554, 1.1802079677581787, 0.060891278088092804, 0.1957491636276245, 0.1305524706840515, 0.42137810587882996, 0.11955338716506958, 1.2319458723068237, 0.0, 0.020212873816490173, 0.1257304549217224, 0.1402645707130432, 0.041337206959724426, 0.03636954352259636, 0.5364603400230408, 0.7512061595916748, 0.0, 0.6978185772895813, 0.012340606190264225, 0.02040131203830242, 1.0133590698242188, 1.1875479221343994]",Testing/glioma_tumor/image(14).jpg
"[1.829898476600647, 0.04965798556804657, 0.0, 0.1919761598110199, 0.5185137987136841, 0.3948327600955963, 1.0280156135559082, 0.012992863543331623, 0.0013485660310834646, 0.0, 0.01554417610168457, 0.01690998300909996, 0.13483113050460815, 0.4714973568916321, 0.1635669469833374, 0.3696361482143402, 0.229188472032547, 0.5093257427215576, 0.3772139549255371, 0.16418692469596863, 0.45635613799095154, 0.08548450469970703, 0.34694904088974, 0.21685422956943512, 0.8262410759925842, 0.8024575114250183, 1.8951997756958008, 0.0, 0.0, 0.07064180821180344, 1.2911759614944458, 0.3346574604511261, 0.4294682443141937, 0.23616525530815125, 0.0014541635755449533, 0.9437019228935242, 0.0, 0.3925269842147827, 0.023868713527917862, 0.015820899978280067, 0.4054371118545532, 0.7001296281814575, 0.004525252617895603, 0.07254447788000107, 0.13958574831485748, 0.47676947712898254, 0.0, 0.0, 0.117064468562603, 0.733582079410553, 1.8205803632736206, 0.05911056324839592, 1.973997950553894, 0.0622575581073761, 0.6889231204986572, 3.010791063308716, 0.34615492820739746, 0.24040311574935913, 0.4895099699497223, 0.0, 0.6321123242378235, 0.31929102540016174, 0.6792625784873962, 1.4215840101242065, 0.2256603240966797, 0.0007100324146449566, 1.2720216512680054, 0.005625440273433924, 0.3478897511959076, 0.0, 0.4031270742416382, 0.13507062196731567, 0.232532799243927, 2.1305747032165527, 1.9749808311462402, 0.16962160170078278, 1.5356786251068115, 0.003315477864816785, 0.0, 0.32599973678588867, 0.0, 0.21585394442081451, 0.6275367140769958, 0.09142161160707474, 1.146146535873413, 0.14464440941810608, 3.231552839279175, 0.0, 0.37667176127433777, 0.8248646855354309, 0.15063485503196716, 0.06273982673883438, 0.0, 1.0594488382339478, 0.7033259272575378, 0.0, 0.24912962317466736, 0.37619611620903015, 0.13683092594146729, 0.20024023950099945, 0.10914462804794312, 1.359011173248291, 0.12298079580068588, 0.027125470340251923, 1.5049904584884644, 0.825465202331543, 0.20026901364326477, 2.267700433731079, 0.3713245391845703, 2.6921255588531494, 0.44710931181907654, 0.09941691905260086, 0.049570102244615555, 0.0, 0.0, 0.36751630902290344, 0.0, 2.106990337371826, 0.05357327684760094, 0.0, 0.043134961277246475, 0.03792219236493111, 0.0, 0.0, 0.09333986788988113, 1.964435338973999, 0.05275866016745567, 0.8221208453178406, 1.6822490692138672, 0.0, 0.10037317126989365, 2.798903465270996, 0.03948533907532692, 0.0, 0.010011736303567886, 0.9782699346542358, 0.942743718624115, 0.07027168571949005, 0.4601629078388214, 0.05329307168722153, 0.13011237978935242, 0.3055116534233093, 0.005044007673859596, 0.0, 0.0, 0.4153921902179718, 0.03499620035290718, 1.230934739112854, 0.22454425692558289, 0.0, 2.5946030616760254, 0.5090500712394714, 0.456116646528244, 0.0, 0.031405434012413025, 0.4754100441932678, 0.0, 0.0, 0.9906781315803528, 0.00201464188285172, 0.0, 1.028872013092041, 0.0, 0.0, 0.0, 0.11210484057664871, 0.24694208800792694, 0.012803476303815842, 0.36418214440345764, 5.152369499206543, 1.0736141204833984, 0.0, 0.0, 0.0, 1.9915858507156372, 0.04481701925396919, 0.026042021811008453, 1.2322534322738647, 0.17074841260910034, 0.9065111875534058, 0.31574055552482605, 0.0, 0.024285215884447098, 0.04490332677960396, 0.45203548669815063, 0.2538275718688965, 0.5455990433692932, 0.6808088421821594, 0.18565930426120758, 0.14980684220790863, 0.011295679025352001, 0.05536922812461853, 0.0, 0.4855455160140991, 0.0, 0.12362762540578842, 0.38370293378829956, 0.5644652247428894, 0.15106603503227234, 0.3832702934741974, 0.6482864618301392, 0.0, 1.2522883415222168, 0.27685636281967163, 1.4900709390640259, 1.2284313440322876, 0.15255805850028992, 0.006341467145830393, 0.03213687613606453, 0.6289414167404175, 1.3709514141082764, 0.6869796514511108, 0.0, 0.5650365948677063, 0.44616392254829407, 0.9146547913551331, 0.2177160233259201, 0.0, 0.16175827383995056, 0.09239823371171951, 0.462200790643692, 0.0, 3.812045097351074, 0.28677865862846375, 0.0, 2.524293899536133, 0.12223958224058151, 0.023943297564983368, 1.7033699750900269, 0.09096953272819519, 0.604976236820221, 0.4108997583389282, 0.2865827679634094, 0.04828350991010666, 1.2203242778778076, 0.032073188573122025, 0.0, 0.006096762139350176, 0.06031566858291626, 0.032992199063301086, 0.0, 0.30665338039398193, 0.6085768938064575, 0.03546859696507454, 0.0036805844865739346, 0.08015093207359314, 0.06415053457021713, 0.6736267805099487, 0.0, 1.0009922981262207, 0.431325763463974, 0.0, 0.291055828332901, 0.18586941063404083, 0.6147697567939758, 0.14956818521022797, 0.22682049870491028, 0.657842218875885, 0.0018568671075627208, 1.068503975868225, 0.0, 0.011067287996411324, 0.131597638130188, 0.41060566902160645, 0.0, 0.21482300758361816, 0.7792267203330994, 0.0, 0.10081173479557037, 0.0, 1.987174153327942, 0.0, 0.7046600580215454, 0.003113318467512727, 3.4325010776519775, 0.4328311085700989, 0.5406712889671326, 0.49266621470451355, 0.39866140484809875, 0.0, 2.9214301109313965, 1.4553524255752563, 1.9635844230651855, 0.0, 0.054461557418107986, 1.6699103116989136, 0.266269326210022, 0.06480053812265396, 0.0, 0.05252789333462715, 0.11911700665950775, 0.4121808111667633, 0.0, 0.2542746663093567, 1.5064111948013306, 1.151120901107788, 0.16623196005821228, 0.028797456994652748, 0.1674262285232544, 0.4209612309932709, 0.21984925866127014, 0.10979330539703369, 3.2179558277130127, 0.05762618035078049, 1.0279960632324219, 1.1097379922866821, 0.0, 0.4454715847969055, 0.13335353136062622, 0.06957251578569412, 0.3637486696243286, 1.2381397485733032, 0.19752396643161774, 0.37266790866851807, 1.5090540647506714, 0.0243387371301651, 1.005755066871643, 0.03087737038731575, 0.0, 0.062248121947050095, 0.03981270268559456, 0.43196845054626465, 0.1308208703994751, 0.00020220328588038683, 0.2549075186252594, 0.0, 0.0, 0.29894012212753296, 0.6629425883293152, 1.297987699508667, 0.2253803312778473, 0.0, 1.5799765586853027, 0.19931906461715698, 0.0, 0.04963808134198189, 0.16030438244342804, 1.8028666973114014, 1.7043697834014893, 0.6259011030197144, 0.09865554422140121, 0.4852558970451355, 0.09353528916835785, 0.016592469066381454, 0.0, 0.0019909727852791548, 0.07038797438144684, 0.0, 0.016172904521226883, 0.39114782214164734, 0.0, 0.0, 1.088430643081665, 0.14363503456115723, 0.037786517292261124, 0.02675151824951172, 0.5147913694381714, 0.08988797664642334, 0.049715567380189896, 0.26446136832237244, 0.0, 0.28935182094573975, 0.28755515813827515, 1.1208165884017944, 0.008020547218620777, 0.12684667110443115, 0.5399255752563477, 0.01487015001475811, 0.809288501739502, 0.38299471139907837, 0.052781738340854645, 0.0, 5.197690486907959, 0.5221600532531738, 0.18774160742759705, 0.10686969757080078, 1.2081133127212524, 0.03121514618396759, 0.03266434371471405, 0.08913183957338333, 0.023772822692990303, 0.15773478150367737, 0.2634628415107727, 0.0, 0.18565824627876282, 0.19559167325496674, 1.1629421710968018, 0.3708977997303009, 0.0, 0.020894192159175873, 0.0, 0.19335322082042694, 0.13971897959709167, 0.12063691765069962, 0.28806182742118835, 4.887397766113281, 0.02409326285123825, 0.9463762044906616, 0.029469206929206848, 0.0, 0.03558586910367012, 0.009492210112512112, 0.03811236843466759, 0.09940402209758759, 0.002416907576844096, 3.882204055786133, 0.0, 0.1168421134352684, 0.11002980172634125, 0.27299103140830994, 0.0, 0.04859423637390137, 0.03267700597643852, 0.012386010959744453, 0.033813390880823135, 0.9771032333374023, 0.0, 0.0, 0.0, 0.3161594569683075, 0.17812199890613556, 0.005007539410144091, 0.007842682301998138, 0.027888966724276543, 0.0, 0.016104523092508316, 0.03310873731970787, 0.0, 0.23024576902389526, 0.0, 0.737884521484375, 0.0, 1.0911319255828857, 0.15335483849048615, 1.301906943321228, 0.94666588306427, 0.14140455424785614, 4.0707268714904785, 0.21481652557849884, 0.0, 0.04148716479539871, 0.0, 0.0, 0.04549921676516533, 0.3770407736301422, 0.0, 0.035340018570423126, 0.3994580805301666, 0.13008347153663635, 0.1407194286584854, 0.3595283031463623, 0.028074560686945915, 0.011935080401599407, 0.051375068724155426, 0.0, 0.3924766182899475, 1.8380519151687622, 0.7171330451965332, 0.004700164310634136, 0.7886808514595032, 0.0, 1.0584399700164795, 0.3226145803928375, 0.08489096164703369, 0.06409889459609985, 0.17963436245918274, 0.10191638767719269, 0.7218506336212158, 0.8223124742507935, 0.3373558521270752, 0.26221656799316406, 0.05658281221985817, 0.05018152669072151, 0.15743044018745422, 0.18087464570999146, 0.004328944254666567, 0.0, 0.014601167291402817, 0.20835557579994202, 1.7659001350402832, 0.0, 0.0, 0.10676171630620956, 0.9701835513114929, 0.0, 0.0, 0.0, 0.0, 0.7167050242424011, 2.221185241069179e-06, 0.27718600630760193, 1.788238525390625, 1.8895949125289917, 0.0, 0.8785458207130432, 0.12350603938102722, 0.5142884254455566, 0.3687050938606262, 0.11214565485715866, 0.25458598136901855, 0.0, 0.11157960444688797, 0.05816591903567314, 7.456485748291016, 0.30533692240715027, 0.46613261103630066, 0.22249455749988556, 0.0037552095018327236, 0.23712971806526184, 0.2981913387775421, 0.0, 0.26749691367149353, 0.2439643293619156, 0.8271388411521912, 0.1168718934059143, 0.16525369882583618, 0.3618736267089844, 0.006654717493802309, 0.19662755727767944, 0.050231222063302994, 0.0, 0.03903244808316231, 0.024042056873440742, 0.01710454747080803, 0.047406721860170364, 0.15108796954154968, 0.0, 0.0, 0.1430792510509491, 0.9843342304229736, 0.0, 1.528794765472412, 0.17293816804885864, 2.230109930038452, 0.03865309804677963, 0.3855993449687958, 2.6721861362457275, 0.1759042888879776, 0.0, 0.19226965308189392, 0.0, 0.41370871663093567, 0.05203043669462204, 0.07051088660955429, 0.2031203657388687, 0.10054736584424973, 0.0, 0.0, 0.2518996596336365, 0.05314148589968681, 0.40104442834854126, 0.00370686873793602, 0.0, 0.01106057595461607, 1.5662717819213867, 2.1167991161346436, 0.4034132659435272, 0.0, 0.5153583288192749, 0.34004756808280945, 3.533634662628174, 1.3426448106765747, 0.7014516592025757, 0.0, 0.0, 0.0156893040984869, 1.1272355318069458, 0.0, 1.0463658571243286, 0.6699272990226746, 1.0870730876922607, 0.09608572721481323, 0.11448757350444794, 0.08009236305952072, 0.20122681558132172, 0.9658162593841553, 0.23415179550647736, 0.4662186801433563, 0.24247558414936066, 0.033973902463912964, 1.1867127418518066, 0.0, 0.015347150154411793, 0.004921132232993841, 0.0, 0.1812780350446701, 0.011269603855907917, 0.17603231966495514, 0.23738475143909454, 0.0, 0.04813563451170921, 0.10704675316810608, 0.012104161083698273, 0.0, 0.014824852347373962, 0.0, 0.48998111486434937, 0.3322044312953949, 0.017038853839039803, 0.14094112813472748, 0.5449233055114746, 0.02080794982612133, 4.172607421875, 0.28576263785362244, 0.24940408766269684, 0.008565966039896011, 0.20759718120098114, 0.17581215500831604, 0.22470881044864655, 2.6368513107299805, 0.004776390269398689, 0.03549008443951607, 0.4853111505508423, 0.2543192207813263, 0.15138010680675507, 0.02999698929488659, 0.021039260551333427, 0.0, 0.0, 0.9797677993774414, 0.0, 0.02522258087992668, 0.7989857792854309, 0.8190409541130066, 0.9528846144676208, 0.3269025385379791, 0.04330741986632347, 0.014527992345392704, 0.0, 0.22454223036766052, 0.1903117597103119, 0.2776004374027252, 0.3653729557991028, 0.0005080310511402786, 0.08990341424942017, 0.0, 0.00010135952470591292, 0.0, 0.6961778402328491, 0.09604030102491379, 0.14660418033599854, 0.0980401560664177, 0.3823046088218689, 0.32718774676322937, 0.0, 0.4945276081562042, 1.1100009679794312, 0.13392958045005798, 0.03914352506399155, 0.02155504934489727, 1.9373499155044556, 0.018040617927908897, 0.0023227541241794825, 0.0, 0.35954922437667847, 0.0003801049024332315, 0.06129111722111702, 0.6459541916847229, 0.20981508493423462, 0.0, 0.25460851192474365, 0.5651298761367798, 0.17378073930740356, 0.31901368498802185, 2.0758557319641113, 0.018780358135700226, 2.135775566101074, 0.09287364780902863, 0.0, 0.6460111737251282, 0.04700659215450287, 0.06591919809579849, 0.0, 0.06535569578409195, 0.2464744597673416, 0.2609792947769165, 0.042159270495176315, 0.015674415975809097, 0.4447905123233795, 0.8627286553382874, 0.1620400846004486, 0.03422372043132782, 0.0, 0.3386836051940918, 0.458086758852005, 0.2577311396598816, 0.16107353568077087, 0.0, 1.524239420890808, 0.7705146670341492, 0.0, 0.0, 0.011326313018798828, 0.7537315487861633, 0.0011858015786856413, 0.007372379302978516, 0.8426413536071777, 1.0168956518173218, 0.0742003321647644, 0.0, 0.5185198783874512, 0.0037725213915109634, 0.3737008273601532, 0.0, 0.04586600139737129, 0.08712740987539291, 0.7256218791007996, 0.7959442734718323, 0.9317731261253357, 0.0, 1.6327738761901855, 0.0010457184398546815, 0.4407472312450409, 0.0, 0.046208906918764114, 0.009562166407704353, 0.38248422741889954, 0.0, 0.12786242365837097, 0.0, 0.2808240056037903, 1.8070474863052368, 0.8360192179679871, 0.0, 0.18535646796226501, 3.0137860774993896, 0.3385031521320343, 0.08485560864210129, 0.0, 0.026139885187149048, 0.002537688473239541, 1.2819736003875732, 0.6081902384757996, 1.088320016860962, 0.3829537332057953, 0.0, 1.257847785949707, 0.49312010407447815, 0.6584327220916748, 0.009011730551719666, 0.0, 0.1869923323392868, 0.35980215668678284, 0.033610355108976364, 0.0, 0.06175966560840607, 0.1172049418091774, 0.0, 0.00531610194593668, 0.15571366250514984, 2.3181464672088623, 0.8792648315429688, 1.1177250146865845, 0.029506338760256767, 0.7965517640113831, 0.0, 0.9011852741241455, 0.4655435383319855, 0.0030251205898821354, 0.22491824626922607, 0.6422904133796692, 0.3781721591949463, 0.3053531348705292, 1.0594356060028076, 0.06447633355855942, 0.03786809369921684, 0.0, 1.4715479612350464, 0.009831036441028118, 1.0924829244613647, 0.0544261671602726, 0.0, 0.0, 0.07894764840602875, 0.0, 0.003963429015129805, 0.0, 0.0, 2.361250638961792, 0.3272233307361603, 1.1104521751403809, 0.3565007448196411, 0.3971841633319855, 0.16254882514476776, 0.023423124104738235, 0.0, 1.640566110610962, 0.37043270468711853, 0.27572527527809143, 0.0, 1.6799051761627197, 0.6377434134483337, 0.12046641856431961, 0.0, 0.521300196647644, 0.0880209282040596, 0.1548488736152649, 0.0, 0.20737120509147644, 0.17663449048995972, 0.0, 0.10379978269338608, 0.0518016517162323, 0.5153147578239441, 0.0, 0.31486189365386963, 1.0100038051605225, 1.9676274061203003, 1.6877796649932861, 0.13238349556922913, 0.06358253210783005, 0.18346919119358063, 1.8644890785217285, 0.0, 0.9585906267166138, 0.4053831696510315, 1.749586582183838, 0.9173435568809509, 0.0, 0.0, 0.0752888023853302, 0.021312275901436806, 0.7290205955505371, 0.3128795325756073, 0.017258040606975555, 1.4820724725723267, 0.0, 0.0, 0.02571599744260311, 4.508033752441406, 0.25026586651802063, 0.42438048124313354, 0.14096643030643463, 0.8641542792320251, 0.5431973934173584, 2.9651405811309814, 0.0, 0.02905208058655262, 0.0, 0.18037274479866028, 0.09198103845119476, 0.04276569187641144, 0.808544933795929, 1.724861741065979, 1.8561018705368042, 0.4111047387123108, 0.66768878698349, 0.08890583366155624, 0.061269599944353104, 0.40658214688301086, 0.051271889358758926, 0.06639770418405533, 0.1611448973417282, 0.03401505574584007, 0.033778827637434006, 0.6097187399864197, 0.2305106371641159, 0.026115918532013893, 0.12848547101020813, 1.5511785745620728, 0.12727278470993042, 0.0003643157542683184, 1.209669589996338, 0.0173170268535614, 0.40678659081459045, 0.0, 0.26743772625923157, 0.05921002849936485, 0.7206614017486572, 6.86912202835083, 0.10864940285682678, 0.2705468535423279, 0.0013503347290679812, 0.35862505435943604, 0.0263645239174366, 1.629334568977356, 0.03257857635617256, 0.19691097736358643, 1.4563233852386475, 0.4326048195362091, 0.2691844701766968, 0.9411484003067017, 0.9810096621513367, 0.0, 0.2502056360244751, 0.044895559549331665, 2.0376641750335693, 2.3798787593841553, 0.7311729788780212, 0.0012575120199471712, 0.0488801971077919, 0.08796758204698563, 0.17897547781467438, 0.0019410703098401427, 0.03072051703929901, 0.0, 0.1150747686624527, 0.0, 0.053195521235466, 0.1051081046462059, 0.032911114394664764, 0.044285714626312256, 0.0003551025874912739, 0.0, 4.308883190155029, 0.01089826412498951, 0.7175084948539734, 2.2441842555999756, 0.023233827203512192, 0.03009091131389141, 3.332662582397461, 0.6408515572547913, 0.4081474542617798, 0.005127478390932083, 0.018840575590729713, 0.14273357391357422, 0.013362860307097435, 0.0118565047159791, 0.2446202039718628, 0.0, 0.0, 0.24142391979694366, 0.23946376144886017, 0.0, 2.5142955780029297, 0.2942172884941101, 0.5491034984588623, 0.16285842657089233, 2.258883237838745, 0.0, 0.22234177589416504, 0.14175909757614136, 0.4374808371067047, 0.0, 0.3378773629665375, 0.2573574185371399, 0.0, 0.18304480612277985, 0.027442211285233498, 0.37821757793426514, 0.0, 0.452759712934494, 0.05923616513609886, 0.018162408843636513, 0.0, 0.6899701356887817, 0.0, 0.5171252489089966, 0.010813494212925434, 0.41652971506118774, 0.0, 0.7181225419044495, 0.01674237847328186, 0.020800838246941566, 0.600440263748169, 0.0, 0.1929444819688797, 1.2057170867919922, 0.06152062863111496, 0.40878117084503174, 0.0, 0.0005919519462622702, 0.0, 1.2899174690246582, 0.3526993989944458, 2.305189371109009, 0.2896508276462555, 0.37621408700942993, 0.0, 0.04548448324203491, 0.11436906456947327, 0.05806044116616249, 0.7196450233459473, 0.11927022784948349, 0.0, 0.13900449872016907, 0.589513897895813, 0.0, 0.1914398968219757, 0.0, 1.528544545173645, 3.2587058544158936, 0.06432824581861496, 0.0, 1.5996310710906982, 0.0, 0.027694353833794594, 0.0, 0.18108195066452026, 0.034849196672439575, 0.020412562415003777, 0.5582324266433716, 0.8069785237312317, 0.0, 0.1335342526435852, 0.025490527972579002, 0.06877666711807251, 0.0, 0.043666139245033264, 0.0, 1.161285400390625, 0.0, 0.0, 0.9235021471977234, 1.4421210289001465, 0.7913765907287598, 0.04466710239648819, 1.4498770236968994, 0.7534204721450806, 0.03234921768307686, 0.5380574464797974, 0.04724055901169777, 1.0382952690124512, 1.8741788864135742, 0.059459540992975235, 0.0019597667269408703, 0.18173155188560486, 0.008268864825367928, 0.02905595302581787, 0.004068797919899225, 0.28702735900878906, 0.012197053991258144, 0.04424615949392319, 0.37948063015937805, 0.21039040386676788, 1.4629501104354858, 0.0, 0.0, 0.0018141854088753462, 0.1693335622549057, 0.012773842550814152, 0.009800740517675877, 0.4298385977745056, 0.7195160388946533, 0.0372944176197052, 0.18213887512683868, 0.0, 0.0, 0.040883153676986694, 0.2650254964828491, 0.1399727314710617, 0.0, 1.5644733905792236, 0.07596641778945923, 0.0, 0.23791006207466125, 0.0, 0.01807301864027977, 0.19506290555000305, 0.41488558053970337, 0.02996841073036194, 0.07779563218355179, 0.03480154648423195, 0.04929434135556221, 0.12659421563148499, 0.0, 0.2788568437099457, 1.4427897930145264, 0.20102457702159882, 0.5606318712234497, 0.07104069739580154, 0.0951322615146637, 0.4963260293006897, 0.0, 0.0, 0.0, 0.13433080911636353, 0.42040011286735535, 0.08841181546449661, 0.4251119792461395, 0.6808176636695862, 1.7873033285140991, 0.0, 0.3802216947078705, 0.3195664584636688, 0.0, 0.11802459508180618, 0.0, 0.0, 0.22739733755588531, 2.307220697402954, 0.3257986903190613, 0.4060935974121094, 2.8698620796203613, 0.12479623407125473, 0.8944458961486816, 0.0, 2.5855274200439453, 4.0183634757995605, 0.6543050408363342, 0.0, 0.0, 1.4028656482696533, 0.04945436120033264, 4.362090587615967, 0.0, 0.016081493347883224, 0.0, 0.030216366052627563, 0.38489672541618347, 0.0396440364420414, 0.3075160086154938, 0.5924308896064758, 0.13300153613090515, 0.22959265112876892, 0.01050626952201128, 0.4443405270576477, 0.41019174456596375, 1.1429474353790283, 0.5725268125534058, 0.21178044378757477, 0.0, 0.0, 0.07139117270708084, 0.5904274582862854, 0.11623598635196686, 0.09622113406658173, 0.021181736141443253, 0.0026278155855834484, 1.012154459953308, 0.4569527804851532, 0.2373305708169937, 0.01699027419090271, 0.592573344707489, 0.0, 0.03385069593787193, 0.5827875137329102, 0.0, 0.0032538005616515875, 0.1621890366077423, 0.0, 0.0, 0.13338519632816315, 0.39199894666671753, 0.0, 0.007740395609289408, 0.009773025289177895, 0.0, 0.11269543319940567, 0.01682002656161785, 0.0, 0.5259032249450684, 0.5476688742637634, 0.06100335344672203, 0.04608343169093132, 0.0, 0.010880577377974987, 0.0, 0.0, 0.03418895974755287, 0.33437982201576233, 0.011734614148736, 0.0, 0.0, 1.053817868232727, 0.16535153985023499, 0.197560116648674, 0.10166739672422409, 0.03273560106754303, 0.0, 0.0, 0.0, 0.0, 0.7950760722160339, 0.447955459356308, 0.20018130540847778, 0.8667100667953491, 0.3976276218891144, 0.2679586112499237, 0.38198214769363403, 0.14505887031555176, 0.002807952929288149, 0.0855737254023552, 0.07599721103906631, 0.0, 0.6275259852409363, 0.1227046549320221, 0.17937664687633514, 0.0, 1.823718786239624, 0.13146057724952698, 0.0, 0.362885445356369, 0.0, 0.0, 0.023045215755701065, 0.0, 1.0173304080963135, 0.6097050905227661, 0.0, 1.392868995666504, 0.21976514160633087, 0.3814013600349426, 0.0, 0.18392620980739594, 0.06226862594485283, 0.18036958575248718, 0.229605570435524, 0.11016491800546646, 0.05789388343691826, 0.6885195374488831, 0.03257058560848236, 1.821139931678772, 0.28717392683029175, 0.35567399859428406, 0.0, 0.38964441418647766, 1.2924940586090088, 0.034097861498594284, 0.3811083436012268, 1.5332741737365723, 0.0, 0.004555459134280682, 0.7775444388389587, 0.0, 0.0, 0.008234758861362934, 0.0, 0.0049403393641114235, 0.16683854162693024, 1.5446115732192993, 0.0, 0.10655457526445389, 0.5753303170204163, 0.0803532674908638, 0.8160512447357178, 0.6596475839614868, 0.5884222388267517, 0.008009414188563824, 0.0, 0.026857033371925354, 0.05636093020439148, 0.0, 0.4363882839679718, 0.0022234332282096148, 0.0693822130560875, 0.31414180994033813, 0.010729278437793255, 0.6049622297286987, 0.054708510637283325, 0.32566049695014954, 0.0, 2.1314713954925537, 0.39880457520484924, 0.3604605495929718, 0.9608490467071533, 0.047541167587041855, 0.018390363082289696, 0.3429878056049347, 0.2265131026506424, 0.1525568813085556, 0.9400296211242676, 0.3629400432109833, 0.12206157296895981, 0.029393790289759636, 0.0, 0.019288603216409683, 0.07749267667531967, 0.0, 0.011635865084826946, 0.017529169097542763, 0.23633113503456116, 0.24615953862667084, 0.11518100649118423, 0.31168246269226074, 1.662237524986267, 0.04101360961794853, 0.6068606376647949, 0.10668766498565674, 0.5404137372970581, 0.4422004222869873, 0.0, 0.0, 0.23429088294506073, 0.12285175919532776, 0.06515373289585114, 0.4401286244392395, 0.1826000213623047, 0.37505316734313965, 0.30131280422210693, 0.09763359278440475, 0.22622814774513245, 0.5524114370346069, 0.10454463958740234, 0.07883716374635696, 0.4418216347694397, 0.052261222153902054, 0.6273800730705261, 0.5737353563308716, 1.4504450559616089, 0.03560160472989082, 0.9722552299499512, 0.2548684775829315, 0.0, 0.2762954533100128, 0.5409355163574219, 0.013122268952429295, 0.4168497323989868, 0.040410980582237244, 0.046456478536129, 0.4973079264163971, 0.1840299367904663, 0.4797841012477875, 0.13148848712444305, 0.0, 0.41532033681869507, 0.4307721257209778, 0.0, 1.4130553007125854, 1.2327311038970947, 0.13585591316223145, 0.0, 0.047815341502428055, 0.0, 0.08190518617630005, 1.6882604360580444, 0.24365437030792236, 0.002232980914413929, 0.0, 1.2697993516921997, 1.169004201889038, 0.16387614607810974, 0.05477134510874748, 0.03436633571982384, 0.0, 0.0, 0.7019768357276917, 0.0, 1.7954187393188477, 0.19785040616989136, 0.6304529309272766, 0.31043699383735657, 0.4772493541240692, 0.012678111903369427, 0.13193561136722565, 0.06998555362224579, 0.3350257873535156, 0.12777040898799896, 0.4000750184059143, 0.0839216560125351, 0.006098649930208921, 0.921497106552124, 0.0, 0.007066094316542149, 0.0, 4.17385721206665, 0.0, 0.0, 0.018802857026457787, 1.0897170305252075, 0.36570116877555847, 0.0, 0.023159263655543327, 0.06368333101272583, 2.4589521884918213, 0.002253787824884057, 0.0, 0.2360525280237198, 0.011231607757508755, 0.18694303929805756, 0.7298998236656189, 0.04918931797146797, 0.0, 0.5052189230918884, 0.0, 2.19467830657959, 0.16093558073043823, 0.0677221417427063, 0.3806294798851013, 0.04543917998671532, 0.36374157667160034, 0.204898402094841, 0.8934954404830933, 0.0, 2.0336132049560547, 1.013929843902588, 0.7763001322746277, 0.0, 0.4947483241558075, 0.09940002113580704, 2.229734420776367, 1.3680195808410645, 0.06634900718927383, 0.8599771857261658, 0.25057488679885864, 0.0, 0.13349007070064545, 0.43775925040245056, 0.0, 0.0, 0.0025286455638706684, 0.0, 0.00907884817570448, 0.0, 0.0, 0.13979555666446686, 0.0, 2.294581890106201, 0.04662100598216057, 0.0, 0.0, 0.10297512263059616, 0.2153526097536087, 1.6369479894638062, 0.0, 0.023166388273239136, 0.0, 0.8697945475578308, 0.2641373872756958, 0.0, 1.46333909034729, 0.032195087522268295, 0.0, 0.0, 0.13296577334403992, 1.032857894897461, 0.05097582936286926, 0.7509398460388184, 0.06585586071014404, 1.0085538625717163, 0.5405066609382629, 0.16173189878463745, 0.10999861359596252, 0.7179896235466003, 0.001267292071133852, 0.1467021405696869, 0.0, 0.00785977952182293, 0.23488381505012512, 1.7892452478408813, 0.12082946300506592, 0.5578679442405701, 0.11344651877880096, 0.029852494597434998, 0.0007468291441909969, 0.0, 0.0, 0.04949530214071274, 0.5196309089660645, 0.08204309642314911, 0.35662901401519775, 0.0, 2.1267812252044678, 0.0062424116767942905, 0.0, 0.1790781170129776, 0.21993321180343628, 0.0281539224088192, 0.012543260119855404, 0.05279895290732384, 0.13433295488357544, 0.0, 0.009030687622725964, 0.07526756078004837, 0.0, 0.027231357991695404, 0.052748654037714005, 0.05668122321367264, 0.0, 0.0, 0.8478072285652161, 0.06308480352163315, 0.7814396619796753, 0.022867785766720772, 0.5738295912742615, 1.9981842041015625, 0.06774705648422241, 1.0058294534683228, 0.06332997232675552, 0.0, 0.7838678359985352, 0.02422310784459114, 3.6166727542877197, 0.6276472210884094, 0.22062541544437408, 0.009536122903227806, 0.551307737827301, 0.32904812693595886, 1.3490855693817139, 0.007380972150713205, 0.0, 0.14594699442386627, 0.11351733654737473, 0.0, 0.2665603458881378, 0.0, 0.04709084704518318, 0.04184308275580406, 0.0, 0.0, 0.0, 4.069113254547119, 0.017281537875533104, 0.11229163408279419, 2.2071900367736816, 0.0, 0.31064730882644653, 0.33485740423202515, 0.0007488289847970009, 1.80368971824646, 0.01991940103471279, 0.8535687923431396, 0.0, 1.5536009073257446, 1.5090898275375366, 0.6079915761947632, 0.0, 0.0, 0.0639883279800415, 0.15819375216960907, 0.0, 1.2395949363708496, 0.055212222039699554, 0.7707270383834839, 0.0, 0.0, 0.047852400690317154, 0.5979349613189697, 0.1358576864004135, 0.0, 0.1562938243150711, 0.14039039611816406, 0.13971112668514252, 0.8521604537963867, 0.10683368891477585, 0.2602235972881317, 0.009246118366718292, 0.011855388060212135, 0.05055036023259163, 3.321486473083496, 0.03070550039410591, 0.0, 0.0, 0.022496357560157776, 0.0, 0.0, 0.1486314833164215, 0.004214763641357422, 0.04303223639726639, 0.10134387761354446, 0.649412214756012, 0.0, 0.01964649371802807, 0.0, 0.20798687636852264, 0.14717386662960052, 0.18813152611255646, 0.3096730411052704, 1.3444122076034546, 0.10151965171098709, 0.8572818040847778, 0.3095826208591461, 0.005620936863124371, 0.0908547192811966, 0.5395791530609131, 0.6015874743461609, 0.0, 3.3984622955322266, 0.0, 0.0, 0.5570939183235168, 0.00114415620919317, 1.2913234233856201, 0.32590264081954956, 0.1878158152103424, 0.14364176988601685, 1.828211784362793, 0.6003250479698181, 0.1090964674949646, 0.42529839277267456, 0.6364169120788574, 0.0034610542934387922, 0.6351711750030518, 0.4447554647922516, 0.0, 1.7075600624084473, 0.47642043232917786, 0.01648634858429432, 1.1285697221755981, 0.0, 0.10813332349061966, 0.014888067729771137, 0.3920915424823761, 0.05955052748322487, 0.0, 0.3982779383659363, 0.3352833688259125, 0.0, 1.5674917697906494, 0.1964583545923233, 0.6744009256362915, 0.09333112090826035, 0.0986512303352356, 0.17058536410331726, 0.31333062052726746, 0.48767992854118347, 0.0, 0.13544824719429016, 3.350350856781006, 0.0088754091411829, 1.3597040176391602, 0.04791431128978729, 0.0, 2.1032042503356934, 0.13625912368297577, 0.1416623890399933, 0.8551668524742126, 0.10469400882720947, 0.09757023304700851, 3.0101840496063232, 0.0, 2.123652458190918, 1.243243932723999, 0.0, 0.04313986748456955, 0.29086676239967346, 0.15734855830669403, 0.0658302828669548, 0.001854317495599389, 0.0, 0.17533332109451294, 0.40485358238220215, 0.08988255262374878, 1.3891735076904297, 0.0966019406914711, 0.015362707898020744, 0.006016166880726814, 1.5458180904388428, 0.0, 0.0, 0.04403425380587578, 0.346642404794693, 0.0, 0.0, 0.011221167631447315, 0.7228708267211914, 0.0, 0.15651561319828033, 1.7025283575057983, 0.8114349246025085, 0.2442263960838318, 0.0, 1.4423214197158813, 0.16180434823036194, 0.11172428727149963, 1.3606021404266357, 0.41062790155410767, 0.3504268229007721, 0.7594645023345947, 0.4228312373161316, 0.0, 1.9984699487686157, 5.662789344787598, 0.625120222568512, 0.0, 0.0, 0.0, 0.10825684666633606, 0.0, 0.05761274695396423, 0.058926139026880264, 0.0, 0.011983954347670078, 0.0, 0.44863393902778625, 0.6522634625434875, 1.362076997756958, 0.468481183052063, 0.0, 0.0859575867652893, 0.07010432332754135, 0.4857167899608612, 0.5614737272262573, 0.1854615956544876, 0.0, 0.027289224788546562, 0.021433232352137566, 0.0, 0.09497492760419846, 0.13299182057380676, 0.0, 0.0, 0.13962861895561218, 1.0023391246795654, 0.0, 0.712243914604187, 0.0, 0.016077207401394844, 0.7646338939666748, 0.051850687712430954, 0.008373321034014225, 0.1988760083913803, 0.3500746190547943, 0.0, 0.8431801795959473, 0.5244754552841187, 0.011842246167361736, 0.047485653311014175, 1.4219074249267578, 0.0, 0.08246444910764694, 0.011644874699413776, 1.8061025142669678, 0.03273254632949829, 0.03979530557990074, 0.6219105124473572, 1.1492114067077637, 0.019159363582730293, 0.0, 0.02676604688167572, 0.03613124415278435, 0.0184367336332798, 0.02091827243566513, 0.02187471091747284, 0.06047242507338524, 0.0, 1.1659786701202393, 0.019697364419698715, 0.009237357415258884, 0.11761435866355896, 1.3262450695037842, 0.2572399973869324, 0.19577224552631378, 0.0, 0.03582210838794708, 0.07881122082471848, 0.007991854101419449, 0.25399649143218994, 0.0, 0.7255492210388184, 1.483778715133667, 0.0, 0.7973932027816772, 0.04429909959435463, 0.592689573764801, 1.3049662113189697, 0.1402217298746109, 1.7058547735214233, 0.3961547613143921, 2.0508525371551514, 0.0, 0.0, 0.08893179148435593, 1.4675477743148804, 0.0, 0.025573723018169403, 0.1791272908449173, 0.10127653181552887, 0.0, 0.12034095078706741, 0.29901671409606934, 0.27919504046440125, 0.0, 0.12219105660915375, 0.1984902173280716, 0.12147654592990875, 0.2144470363855362, 0.06814426183700562, 0.0, 0.0032483339309692383, 0.0, 0.06986765563488007, 0.0, 0.018302032724022865, 0.2421460896730423, 0.0, 0.3335396945476532, 3.6304359436035156, 0.0, 0.0008812486194074154, 0.01525357086211443, 0.0034753887448459864, 0.030290093272924423, 0.0, 0.0, 0.12696188688278198, 0.0, 0.2857408821582794, 0.5654059648513794, 0.0, 0.0, 0.05977603793144226, 0.0006859594723209739, 1.182844877243042, 0.0, 0.7476145625114441, 0.0, 0.3703581392765045, 0.6682044267654419, 0.14737674593925476, 0.7276734113693237, 0.007264473009854555, 0.5796533823013306, 0.0, 0.0, 0.02059479057788849, 0.3027597963809967, 0.15434397757053375, 0.0, 0.06510849297046661, 3.2580432891845703, 0.04968923330307007, 0.02150537446141243, 0.0, 0.6686899662017822, 0.018984463065862656, 1.7385263442993164, 0.07953675091266632, 0.0, 0.09401872009038925, 0.2866385579109192, 1.605348825454712, 0.13337595760822296, 0.2099980115890503, 0.1704479157924652, 0.4989718198776245, 1.759799838066101, 0.16298289597034454, 0.42922863364219666, 0.626014232635498, 0.7255032658576965, 1.0180946588516235, 10.667774200439453, 0.0, 0.007261826191097498, 0.09622938930988312, 0.17502976953983307, 0.0, 0.0220197681337595, 1.0967085361480713, 0.06562333554029465, 0.4335949122905731, 0.012524979189038277, 0.4121588170528412, 0.2913564443588257, 0.1036253571510315, 0.0005931367632001638, 0.3907891809940338, 0.41658324003219604, 0.06107756868004799, 0.004208691418170929, 0.0, 0.04760166257619858, 0.06094862148165703, 0.026069369167089462, 0.06144631654024124, 0.1173006147146225, 0.20205293595790863, 0.0, 0.6738467812538147, 0.0, 0.0, 0.21147213876247406, 0.05248068645596504, 0.5383934378623962, 0.06109938398003578, 4.025397300720215, 0.08299122750759125, 0.035768669098615646, 0.07764016836881638, 0.11697238683700562, 0.49473389983177185, 0.047800950706005096, 0.3534468114376068, 2.330738067626953, 0.0037891766987740993, 0.7067220211029053, 0.0, 0.19964630901813507, 0.01605812832713127, 0.0, 0.9197772145271301, 1.1433337926864624, 0.0, 2.0028598308563232, 0.03985198214650154, 0.026718446984887123, 0.0, 0.24479244649410248, 0.861732006072998, 0.1581885814666748, 0.04737475886940956, 0.0, 2.076427936553955, 0.5375523567199707, 0.3075302541255951, 0.0, 0.0009216289035975933, 0.07603546977043152, 0.2516847550868988, 0.06674308329820633, 0.2500937581062317, 0.7787987589836121, 0.015278135426342487, 0.0, 0.0, 0.6973870992660522, 1.1330331563949585, 0.1327454149723053, 0.8063308000564575, 0.0, 0.0013630269095301628, 0.12630851566791534, 0.0873006209731102, 0.0, 0.0, 0.06383732706308365, 0.16551712155342102, 0.0, 0.05736705660820007, 0.0, 0.0, 0.055543333292007446, 0.6093496084213257, 0.0, 0.06123652681708336, 3.140263795852661, 0.1211686059832573, 0.0, 0.03123544156551361, 0.4761539399623871, 0.0, 0.03153844177722931, 0.0, 0.25703760981559753, 0.7318784594535828, 0.27137646079063416, 1.459092617034912, 0.0, 0.04947325959801674, 0.13059476017951965, 0.7432681322097778, 0.02030426822602749, 0.0, 0.47577592730522156, 0.22361378371715546, 0.01925605908036232, 0.0, 0.8041449785232544, 0.0, 0.0, 0.0, 0.3460557162761688, 0.0, 1.3638584613800049, 1.0696290731430054, 0.48118162155151367, 0.5549501180648804, 0.08936996757984161, 0.007749839685857296, 0.008360616862773895, 0.06720691919326782, 0.007223708089441061, 0.027566879987716675, 0.0, 0.09454609453678131, 0.12602871656417847, 0.41727906465530396, 0.09234311431646347, 0.15459668636322021, 0.0, 0.20780691504478455, 0.0, 0.01647450029850006, 0.0, 0.8763136863708496, 1.1332613229751587, 0.24171753227710724, 0.025265177711844444, 0.23055796325206757, 0.0, 0.36785420775413513, 0.8501675128936768, 0.23657944798469543, 0.1540430188179016, 0.9116226434707642, 0.35663288831710815, 0.03261711820960045, 0.022569647058844566, 0.05063282325863838, 0.5901591181755066, 0.0, 0.9816976189613342, 0.1170133501291275, 0.753393292427063, 0.19834938645362854, 0.0025317473337054253, 0.03376224264502525, 0.6058778166770935, 0.17283909022808075, 0.0, 0.7615808248519897, 0.0, 0.5427703857421875, 0.010305007919669151, 0.0, 0.22950555384159088, 0.35826316475868225, 2.062467336654663, 0.11977939307689667, 3.0747463703155518, 0.011287200264632702, 0.18201953172683716, 0.028501560911536217, 3.5768160820007324, 0.0, 2.8406553268432617, 0.06849411129951477, 0.27533194422721863, 0.04756944999098778, 0.35920727252960205, 0.5369885563850403, 0.23728932440280914, 0.3603537082672119, 0.026926452293992043, 0.0, 0.10321826487779617, 0.26356884837150574, 0.10182022303342819, 0.2788217067718506, 0.4334396719932556, 0.4704989194869995, 0.0, 0.04198480769991875, 0.0, 0.0, 0.0, 0.671233594417572, 0.0, 0.0916910395026207, 0.26016467809677124, 0.5472100973129272, 0.16998064517974854, 0.12934568524360657, 0.0, 1.6256341934204102, 0.0, 0.030799100175499916, 0.00342868291772902, 0.29036563634872437, 0.0, 0.0431155227124691, 0.0, 1.5418074131011963, 0.000330044305883348, 0.011145107448101044, 3.1131317615509033, 0.043049346655607224]",Testing/glioma_tumor/image(88).jpg
"[0.13140594959259033, 0.7360382080078125, 0.021153036504983902, 0.2486814260482788, 1.216658353805542, 0.0, 3.63417649269104, 0.22067077457904816, 0.0, 0.0, 0.31504321098327637, 0.0792204737663269, 0.6653492450714111, 0.48224619030952454, 0.07820197194814682, 0.10685291141271591, 0.5395979881286621, 1.2664943933486938, 1.757798671722412, 0.0, 0.2774522602558136, 0.2048068344593048, 0.16971465945243835, 0.006431428715586662, 0.7099408507347107, 0.32990506291389465, 1.2660548686981201, 1.2718229293823242, 0.1095951497554779, 0.00031346690957434475, 0.564974308013916, 0.5071749687194824, 0.5920284986495972, 0.4650152623653412, 0.5305654406547546, 0.32082661986351013, 0.8689320683479309, 0.3307642340660095, 0.3420124351978302, 0.8844113945960999, 0.5854726433753967, 0.6651734113693237, 0.1794072389602661, 0.04085038602352142, 0.5445868372917175, 0.0, 0.4478168189525604, 0.8770167231559753, 0.0, 0.037319593131542206, 3.1753692626953125, 0.5265880823135376, 1.5877083539962769, 0.2234407663345337, 1.175373911857605, 0.17908266186714172, 0.739323079586029, 0.024167468771338463, 0.3996562659740448, 0.543633222579956, 1.1690014600753784, 0.4131014347076416, 0.018867962062358856, 0.9651163816452026, 0.15912902355194092, 0.032511740922927856, 0.27027401328086853, 0.27824902534484863, 0.18771043419837952, 0.33598268032073975, 0.29762202501296997, 0.041666366159915924, 0.3185184895992279, 1.1012604236602783, 0.1319538950920105, 0.0, 0.4881976842880249, 0.1583329439163208, 0.0, 0.7897598147392273, 0.1578785479068756, 1.396584391593933, 1.469375729560852, 1.1042461395263672, 0.3051149845123291, 0.07303493469953537, 1.0701900720596313, 0.25193947553634644, 0.8968889117240906, 0.0, 0.2981788218021393, 0.36294084787368774, 0.0996919646859169, 0.9564976096153259, 0.05750464275479317, 1.2379469871520996, 0.029590509831905365, 1.566487193107605, 0.8720693588256836, 0.6691860556602478, 0.2890363335609436, 0.19236843287944794, 0.08167636394500732, 0.5126763582229614, 0.8226118087768555, 1.9791046380996704, 1.3020257949829102, 1.11258065700531, 0.24598026275634766, 0.8490651845932007, 0.008488187566399574, 0.2339829057455063, 0.034762442111968994, 0.010686886496841908, 0.14570412039756775, 0.036630116403102875, 0.22858764231204987, 0.2824847102165222, 0.41009652614593506, 0.21977750957012177, 0.05155255272984505, 0.2678198218345642, 0.1819065511226654, 0.0, 0.7547987103462219, 0.7382687330245972, 0.7533218860626221, 0.9476898312568665, 2.8992116451263428, 0.6784569621086121, 0.14748692512512207, 0.9954479932785034, 0.5715118050575256, 0.38151270151138306, 0.0816749632358551, 0.0, 0.5177364945411682, 0.1502101570367813, 0.4411242604255676, 0.10307660698890686, 0.2626155912876129, 1.155984878540039, 0.4923414885997772, 1.212746500968933, 0.3214992582798004, 0.28880101442337036, 0.09245360642671585, 2.113941192626953, 1.1213815212249756, 0.05675714462995529, 1.3012281656265259, 1.2799838781356812, 0.138347789645195, 0.09481025487184525, 0.4895993769168854, 1.166239619255066, 1.168828010559082, 0.0, 0.8166000247001648, 0.19719064235687256, 0.3627128303050995, 0.09656471759080887, 0.5711946487426758, 0.0024439801927655935, 0.1399291306734085, 0.31763389706611633, 0.7458706498146057, 0.2710261046886444, 0.3131670355796814, 9.474952697753906, 0.7102211713790894, 0.6011058688163757, 0.002609343035146594, 1.0297902822494507, 1.2540395259857178, 0.02751203253865242, 0.2684538662433624, 1.7944179773330688, 0.05246603116393089, 2.7714884281158447, 0.09641971439123154, 0.23976299166679382, 0.12168043851852417, 0.23812013864517212, 0.15073291957378387, 0.0, 0.16070915758609772, 0.29186517000198364, 0.19611775875091553, 0.22710247337818146, 0.0032151134219020605, 1.0806266069412231, 0.22912158071994781, 0.017979320138692856, 0.3317587971687317, 0.42708203196525574, 0.12304302304983139, 0.58086097240448, 0.1811848133802414, 0.17252396047115326, 0.38473883271217346, 1.2393311262130737, 0.14200876653194427, 0.25549232959747314, 0.8465164303779602, 0.436481237411499, 0.04972311109304428, 0.009699524380266666, 0.6963075995445251, 0.9879401326179504, 0.025867532938718796, 0.059073761105537415, 0.22758351266384125, 0.2351740598678589, 0.723366379737854, 0.2761083245277405, 0.33295565843582153, 0.24414722621440887, 0.2745964229106903, 0.078155517578125, 0.28071972727775574, 0.8812257647514343, 1.4914849996566772, 0.07788698375225067, 0.19238686561584473, 1.1643991470336914, 0.02541143260896206, 0.016805849969387054, 1.7938439846038818, 0.7079765200614929, 0.8964008688926697, 0.01098771020770073, 0.07347908616065979, 0.9881401062011719, 0.015476197935640812, 1.237924337387085, 0.27773192524909973, 1.6755616664886475, 0.3153054118156433, 0.6049368977546692, 0.18451593816280365, 0.0, 0.41732609272003174, 6.665502587566152e-05, 0.4150066673755646, 0.22570043802261353, 0.7150166034698486, 1.2195731401443481, 0.6538174152374268, 0.08843415230512619, 4.875218391418457, 0.046462804079055786, 0.12955333292484283, 1.0681090354919434, 1.8027286529541016, 0.12975694239139557, 0.8051318526268005, 1.5821120738983154, 0.16736838221549988, 2.65966796875, 0.7910298109054565, 0.18770533800125122, 0.7058382034301758, 0.03747498616576195, 0.00029832732980139554, 0.008872129023075104, 0.025037448853254318, 0.0, 0.0, 0.22290505468845367, 1.5884474515914917, 0.0, 0.10876189172267914, 0.19933444261550903, 0.774231493473053, 0.668931782245636, 0.056445688009262085, 0.8223757147789001, 0.6958126425743103, 0.3769945502281189, 0.28319746255874634, 0.47506842017173767, 2.1150553226470947, 0.12394144386053085, 0.19649551808834076, 0.4268093407154083, 0.36357003450393677, 0.04487209767103195, 0.052721165120601654, 0.8293888568878174, 0.9689237475395203, 1.0468107461929321, 0.02857370674610138, 0.7246268391609192, 0.15895456075668335, 2.981684446334839, 0.7398225665092468, 0.1982623189687729, 0.13372460007667542, 0.11671264469623566, 0.5410827398300171, 0.8701390624046326, 3.125505208969116, 0.07120265811681747, 0.04383527860045433, 0.1448885053396225, 1.9194756746292114, 0.017610806971788406, 0.5880447030067444, 0.7873721718788147, 0.07008590549230576, 0.4494114816188812, 0.45358386635780334, 0.29204052686691284, 0.005230857525020838, 0.5631855130195618, 1.045907735824585, 1.0487393140792847, 0.13428328931331635, 0.11589958518743515, 0.6371582746505737, 0.6750330328941345, 0.6235272288322449, 0.2015371173620224, 0.6779778003692627, 0.09422490000724792, 0.026653075590729713, 0.02897881716489792, 3.2888925075531006, 0.4984911382198334, 0.19870880246162415, 0.09507866948843002, 1.8686045408248901, 0.3359811007976532, 0.0019315237877890468, 0.5936969518661499, 0.9501556754112244, 0.5719752311706543, 0.5969341993331909, 0.28556472063064575, 1.4199695587158203, 0.04672613367438316, 0.2486942708492279, 0.9213430285453796, 0.23099258542060852, 0.302137166261673, 0.3512495458126068, 0.0, 0.011581574566662312, 1.0636307001113892, 0.0, 0.10016167163848877, 0.06787317991256714, 0.025631533935666084, 0.2549004852771759, 0.01583356224000454, 0.007456244435161352, 0.17067590355873108, 0.19665369391441345, 0.6920209527015686, 0.0, 0.023334214463829994, 0.9218979477882385, 0.08311347663402557, 2.2120628356933594, 2.2535200119018555, 0.07311389595270157, 0.08513536304235458, 0.4901578426361084, 0.9278771281242371, 0.10562452673912048, 0.007874724455177784, 1.0916764736175537, 2.002436637878418, 0.0430036261677742, 0.40128543972969055, 0.8427760004997253, 1.0939182043075562, 0.025198819115757942, 0.08486957848072052, 0.47889959812164307, 0.0, 0.40554505586624146, 0.5495271682739258, 0.03590508550405502, 0.04005806893110275, 0.9453296065330505, 0.36477842926979065, 0.09365284442901611, 1.5385938882827759, 0.024868009611964226, 0.16449744999408722, 0.20057126879692078, 1.8900470733642578, 0.4107086658477783, 2.990748882293701, 0.1545296162366867, 2.4522321224212646, 0.3116203248500824, 0.4992789328098297, 0.1596437692642212, 0.0, 0.2307298630475998, 0.8013984560966492, 0.3875223994255066, 2.5330252647399902, 0.03897979483008385, 0.016404710710048676, 0.4016292989253998, 0.10341416299343109, 0.2877298593521118, 0.25136426091194153, 0.557583749294281, 0.17122609913349152, 0.0, 2.0124146938323975, 0.2571812570095062, 0.18621280789375305, 0.1481245458126068, 0.003106482094153762, 1.8063298463821411, 0.11440744996070862, 0.2821192145347595, 0.13300645351409912, 0.05805891379714012, 0.003338869661092758, 0.48404017090797424, 0.2746880054473877, 0.22894854843616486, 0.08196281641721725, 0.06356052309274673, 0.055010680109262466, 0.37187764048576355, 1.4726718664169312, 0.45777350664138794, 0.14832282066345215, 0.0, 1.6007707118988037, 1.331073522567749, 0.01142273098230362, 0.01992204040288925, 0.020384054630994797, 0.7874811887741089, 0.3826216161251068, 0.33419275283813477, 0.3723128139972687, 0.24475327134132385, 0.6353121995925903, 0.3572104573249817, 0.05893117934465408, 0.42903000116348267, 0.03352633863687515, 1.1580084562301636, 0.0035466004628688097, 0.09169384092092514, 0.16301369667053223, 0.33935123682022095, 0.455029159784317, 0.585438072681427, 0.1273283213376999, 0.0, 0.32943251729011536, 0.04976819455623627, 0.3305920958518982, 0.8019366264343262, 0.40236884355545044, 0.05335476994514465, 2.125495433807373, 2.19419527053833, 0.23918595910072327, 0.12175541371107101, 0.0807565301656723, 0.043665509670972824, 0.9051483273506165, 0.32602518796920776, 0.03469206020236015, 1.2113527059555054, 0.27451351284980774, 0.008915791288018227, 0.30227580666542053, 3.303917169570923, 0.15422147512435913, 0.7041865587234497, 0.1421545147895813, 0.0, 0.8429039716720581, 0.4100175201892853, 0.11229556053876877, 0.10204018652439117, 0.21214091777801514, 0.049348149448633194, 1.6957762241363525, 0.7047916054725647, 0.00719954539090395, 0.585696280002594, 0.3951375484466553, 0.00694431085139513, 0.4526187777519226, 0.3247411251068115, 0.4739910364151001, 0.0, 1.295805811882019, 0.12288965284824371, 1.282530665397644, 0.09420141577720642, 0.14587104320526123, 0.09450115263462067, 0.25361984968185425, 0.15556378662586212, 0.06515443325042725, 0.13483862578868866, 0.19792084395885468, 0.43259480595588684, 0.3803447484970093, 0.03713330626487732, 0.3196006119251251, 0.2058783322572708, 0.7527791261672974, 0.07300183922052383, 0.010165869258344173, 0.013036581687629223, 0.5328537821769714, 0.0090331444516778, 0.2841608226299286, 0.15453146398067474, 0.5265361070632935, 0.0, 0.08707936853170395, 1.1254339218139648, 0.07908900827169418, 0.04777475818991661, 1.741684913635254, 0.7223447561264038, 2.0291481018066406, 0.06313785910606384, 1.2650939226150513, 2.2367801666259766, 0.3317793309688568, 0.08911965042352676, 0.15677355229854584, 0.26904216408729553, 0.1077960655093193, 1.635671854019165, 0.033489905297756195, 2.44663405418396, 1.2546626329421997, 0.004127273801714182, 0.10359404236078262, 0.5692331790924072, 0.00459594139829278, 0.0, 0.07181962579488754, 0.04202931374311447, 0.2766938805580139, 0.11531304568052292, 0.6180332899093628, 0.35945993661880493, 0.038885511457920074, 0.08894897252321243, 0.07323819398880005, 0.24377325177192688, 0.5926579833030701, 0.25472790002822876, 0.0748991072177887, 0.513178288936615, 0.24753409624099731, 0.21162667870521545, 0.0945548340678215, 1.0274066925048828, 0.6059163808822632, 0.02969188056886196, 0.14998206496238708, 0.15177372097969055, 0.35232114791870117, 0.0, 0.4356629550457001, 0.4003281891345978, 0.32639092206954956, 0.06819942593574524, 0.3123559355735779, 1.4224470853805542, 0.09513981640338898, 0.0448606051504612, 0.28842034935951233, 0.43709343671798706, 0.033386312425136566, 0.5626335740089417, 0.0, 0.005216844379901886, 0.45959165692329407, 0.0, 0.007170013152062893, 1.3917052745819092, 0.0, 0.05844636261463165, 0.07631462812423706, 0.07683342695236206, 0.0013598860241472721, 0.0, 0.35442277789115906, 1.5893632173538208, 0.37619858980178833, 3.141829490661621, 0.2055596262216568, 0.12606249749660492, 0.007282697595655918, 0.08528929948806763, 0.5589420795440674, 0.13857439160346985, 3.282777786254883, 0.668347954750061, 0.4986117482185364, 0.17396420240402222, 0.002291204873472452, 0.053638096898794174, 0.28097736835479736, 0.39417511224746704, 0.032629940658807755, 1.0736314058303833, 0.7643999457359314, 0.8018932938575745, 0.1841096431016922, 2.465222120285034, 1.3252625465393066, 1.512123465538025, 0.14261600375175476, 0.02711893990635872, 0.008135704323649406, 0.03630847483873367, 0.1371084302663803, 0.0, 0.921838641166687, 0.013543527573347092, 2.0700321197509766, 0.9814911484718323, 0.2603176236152649, 0.35962316393852234, 0.0, 0.6736865043640137, 1.589217185974121, 0.38588353991508484, 0.09064792096614838, 0.0, 0.07480812072753906, 0.07486671954393387, 1.0454370975494385, 0.8796716928482056, 1.6354689598083496, 0.11948439478874207, 0.0, 0.04122571647167206, 1.018816590309143, 0.11298824101686478, 0.0, 1.534489393234253, 0.0, 1.7096787691116333, 0.10258785635232925, 0.23031246662139893, 0.06223287805914879, 2.1243302822113037, 0.6440576314926147, 0.3587646782398224, 0.05839620158076286, 3.816382884979248, 0.5963010787963867, 2.362159490585327, 0.0, 0.9789077639579773, 1.5592901706695557, 0.22626535594463348, 0.08162587136030197, 0.0005684750503860414, 0.6217692494392395, 0.7998629808425903, 1.8866212368011475, 0.2159256786108017, 0.24051041901111603, 2.3946831226348877, 2.971792459487915, 0.2902412712574005, 0.17589326202869415, 0.02364395186305046, 0.1772024929523468, 1.0224733352661133, 0.16899867355823517, 0.041207604110240936, 0.7160943746566772, 0.19310499727725983, 1.09431791305542, 0.0, 0.10418231785297394, 0.01744350604712963, 0.44864022731781006, 0.1823967546224594, 0.6289438009262085, 1.5184446573257446, 1.921631932258606, 0.01867087185382843, 0.0, 0.08044984936714172, 0.8206341862678528, 0.5890858173370361, 0.22906997799873352, 0.8543299436569214, 0.11481822282075882, 4.548420429229736, 0.006112337112426758, 0.31865599751472473, 0.07913188636302948, 1.384260654449463, 0.0, 0.1146661639213562, 0.16278044879436493, 0.287537544965744, 0.7967439889907837, 0.0, 0.0697469487786293, 0.17465415596961975, 0.0039272247813642025, 2.067385673522949, 2.378655195236206, 0.37259748578071594, 0.1276336908340454, 0.563386857509613, 2.087970733642578, 1.1918647289276123, 0.054842445999383926, 0.7300893068313599, 0.6452206373214722, 0.09109169989824295, 0.08848712593317032, 0.31075161695480347, 0.8562413454055786, 0.05173385888338089, 0.10832121968269348, 0.04773281142115593, 0.9098454713821411, 0.9879905581474304, 0.7661915421485901, 0.002282527042552829, 0.4194154441356659, 0.29477986693382263, 0.9778012633323669, 0.12990088760852814, 1.5483808517456055, 0.002139247255399823, 0.0, 0.7581879496574402, 0.25950074195861816, 0.6324943900108337, 2.0820152759552, 0.16304326057434082, 1.39476478099823, 0.3891787528991699, 0.16338002681732178, 0.7256131172180176, 0.18844389915466309, 0.4280607998371124, 0.07983878999948502, 0.02426956221461296, 0.6521730422973633, 1.1031098365783691, 1.3451365232467651, 1.2113264799118042, 0.8904757499694824, 0.5759029388427734, 0.20529711246490479, 0.3783431947231293, 1.0003632307052612, 0.070706307888031, 0.0, 0.23245877027511597, 0.02085324190557003, 0.4288479685783386, 0.3699539601802826, 0.023308739066123962, 0.154253751039505, 0.5903485417366028, 0.6680421829223633, 0.08226022124290466, 0.2149284929037094, 2.5410654544830322, 0.004926243796944618, 0.2678125202655792, 0.09225959330797195, 0.6052126884460449, 0.0, 0.0, 0.0, 0.3996444344520569, 0.6191535592079163, 0.34148991107940674, 0.6674710512161255, 3.295743942260742, 0.4394628703594208, 0.03215986490249634, 0.014570255763828754, 0.29848596453666687, 0.204698383808136, 0.10971172153949738, 0.29333555698394775, 0.21744289994239807, 0.01861496828496456, 0.4641014039516449, 0.33534544706344604, 0.166975200176239, 0.3639853298664093, 0.5286328196525574, 0.3338192105293274, 0.20762930810451508, 0.5437514781951904, 3.0704731941223145, 0.22826053202152252, 0.8196899890899658, 0.1403503268957138, 0.6523874402046204, 2.5289039611816406, 0.10567576438188553, 0.012212196364998817, 0.26708555221557617, 0.044286537915468216, 0.42251214385032654, 0.06231295317411423, 0.4187197685241699, 1.4139899015426636, 0.20507454872131348, 0.07679297775030136, 0.12486503273248672, 0.6434921026229858, 0.3127357065677643, 0.07916159182786942, 0.6071325540542603, 0.5641325116157532, 0.2742854654788971, 1.7153295278549194, 0.0, 0.6682096123695374, 0.003414027625694871, 0.1041748896241188, 0.23350319266319275, 0.04045576602220535, 0.07737548649311066, 1.110600471496582, 0.10982833802700043, 0.005947823636233807, 0.5765946507453918, 0.06402863562107086, 0.1123393103480339, 0.4259294271469116, 0.0, 0.13356554508209229, 0.151306614279747, 0.19710977375507355, 0.7468138933181763, 0.0, 0.06645701825618744, 0.014180227182805538, 1.6771951913833618, 2.9176025390625, 0.4094661772251129, 0.4885103702545166, 0.224489226937294, 0.134308859705925, 1.6882120370864868, 0.2735239267349243, 0.3138602077960968, 0.19524982571601868, 1.1513803005218506, 2.5055296421051025, 0.4267406165599823, 0.0, 0.008701523765921593, 0.3225034177303314, 0.8600908517837524, 0.7491754293441772, 0.0253301989287138, 0.7385750412940979, 1.4377424716949463, 0.4148879945278168, 0.07814257591962814, 0.5494591593742371, 0.6712468862533569, 0.031247898936271667, 0.03297527879476547, 0.04482460394501686, 0.9539429545402527, 0.11227158457040787, 0.2865527868270874, 0.30779293179512024, 0.013219991698861122, 0.6091343760490417, 0.01942296326160431, 0.15091592073440552, 0.5270785093307495, 0.583128035068512, 0.13025574386119843, 0.416267991065979, 0.16155807673931122, 1.0533338785171509, 0.04982195049524307, 0.5168178677558899, 0.44273850321769714, 0.24693749845027924, 3.186282157897949, 0.15198677778244019, 0.08957398682832718, 1.1758663654327393, 0.1320679783821106, 0.29462575912475586, 0.2606922686100006, 0.004504656419157982, 0.07506562769412994, 0.0277770534157753, 0.0, 0.8330322504043579, 0.05068858340382576, 1.0452936887741089, 0.11160792410373688, 0.0009549466776661575, 0.16308516263961792, 0.5805573463439941, 0.055976949632167816, 0.018830981105566025, 1.1258972883224487, 0.011400663293898106, 0.6840456128120422, 0.5220549702644348, 3.7942564487457275, 0.9956631064414978, 0.7129167318344116, 0.7507847547531128, 1.4490505456924438, 0.047451697289943695, 0.4001815617084503, 0.32373952865600586, 0.015202819369733334, 0.15631572902202606, 0.11730829626321793, 0.6292473673820496, 1.6213901042938232, 0.35617774724960327, 0.22163550555706024, 0.2261011302471161, 0.15556514263153076, 0.02010687254369259, 0.31268325448036194, 0.02830587513744831, 0.053570427000522614, 1.6578068733215332, 0.08486369252204895, 0.028579767793416977, 0.5051235556602478, 0.28871315717697144, 0.06386339664459229, 0.05702861398458481, 0.19913916289806366, 1.162476897239685, 0.4540303349494934, 0.03626703843474388, 0.13107186555862427, 0.11810405552387238, 0.0, 0.052476152777671814, 1.3710765838623047, 0.5714802742004395, 1.7023615837097168, 0.0, 0.13401497900485992, 0.6172059774398804, 0.04656413197517395, 0.9448630809783936, 0.6576087474822998, 0.09872431308031082, 0.19744382798671722, 0.9019956588745117, 0.0, 0.0, 1.2168776988983154, 0.9508528709411621, 0.5663607120513916, 1.0887492895126343, 0.0388074666261673, 0.09777024388313293, 0.43532419204711914, 0.2344912737607956, 1.3105249404907227, 0.2006903886795044, 0.09316181391477585, 0.059442173689603806, 0.27978020906448364, 0.028052549809217453, 0.360436350107193, 0.4203394651412964, 1.211000680923462, 0.2635440230369568, 0.18352201581001282, 0.029133878648281097, 0.7472239136695862, 0.05141352489590645, 0.7736674547195435, 0.5204499959945679, 0.21241921186447144, 0.12944437563419342, 0.8937128782272339, 0.5228621363639832, 0.8342678546905518, 0.11147070676088333, 1.7687331438064575, 0.0, 0.2671471834182739, 0.018756847828626633, 0.066997230052948, 1.081540584564209, 0.26929131150245667, 0.28142064809799194, 0.47603386640548706, 0.6488537788391113, 0.1937573254108429, 1.0176340341567993, 0.8613994121551514, 0.04830070585012436, 0.03559154272079468, 0.3141096234321594, 0.9585877060890198, 0.17909985780715942, 0.0, 0.8691420555114746, 0.08434805274009705, 0.1162165030837059, 0.9489648938179016, 0.22974993288516998, 0.15448594093322754, 0.007212716620415449, 0.09574230015277863, 0.294248104095459, 0.8869859576225281, 0.11316846311092377, 0.036708857864141464, 0.8004156351089478, 0.311945378780365, 0.0, 0.2806078791618347, 0.0, 0.4767240881919861, 0.10129614919424057, 0.042240094393491745, 0.0009731127065606415, 0.2754387855529785, 0.003434533951804042, 1.0007405281066895, 0.22445525228977203, 0.02960929088294506, 0.3441224694252014, 0.12006540596485138, 0.11312274634838104, 0.0, 1.3744525909423828, 1.3359731435775757, 1.0760895013809204, 0.6068983674049377, 0.061526209115982056, 0.06628140807151794, 0.293594092130661, 0.028652293607592583, 0.005990118253976107, 0.6478374600410461, 0.1358843743801117, 1.6866450309753418, 0.3965242803096771, 0.4941980838775635, 0.2705443501472473, 0.45663022994995117, 0.0023400832433253527, 0.36530688405036926, 0.051831454038619995, 0.09436038136482239, 1.0122150182724, 0.2500172555446625, 0.18277186155319214, 0.19899196922779083, 0.8876157999038696, 0.6758427619934082, 0.676993727684021, 0.13207930326461792, 0.22838371992111206, 0.14431366324424744, 0.2111576646566391, 1.1615043878555298, 0.49809351563453674, 0.06620746850967407, 0.2941009998321533, 0.4223656952381134, 0.07150692492723465, 1.5854202508926392, 0.053622644394636154, 0.7332021594047546, 0.0, 0.0, 0.14922510087490082, 0.10792557895183563, 0.17180407047271729, 1.1008775234222412, 0.7185322642326355, 0.42956453561782837, 0.6293148994445801, 2.8627676963806152, 0.2029484361410141, 0.12551480531692505, 1.2664213180541992, 1.0728180408477783, 1.3709763288497925, 0.19898128509521484, 0.23806209862232208, 0.5843802094459534, 0.0872136726975441, 0.6390820741653442, 0.2106214463710785, 0.49041062593460083, 0.046763960272073746, 0.4417491853237152, 0.2771507501602173, 0.024523161351680756, 0.5695358514785767, 2.3452768325805664, 1.116213321685791, 0.2929767966270447, 0.2951934337615967, 0.6606138348579407, 0.22904492914676666, 0.02216850221157074, 0.9120325446128845, 0.2917197346687317, 0.4221556484699249, 0.04377409815788269, 0.18719042837619781, 0.2843163013458252, 0.046630505472421646, 0.928228497505188, 0.06201684847474098, 0.06987184286117554, 0.4697536528110504, 1.8431631326675415, 0.042388711124658585, 0.34443986415863037, 0.13116633892059326, 0.06177600473165512, 0.21624833345413208, 0.12794062495231628, 0.10425423830747604, 0.0, 0.0, 0.5555091500282288, 1.4090315103530884, 0.3541529178619385, 1.5482478141784668, 1.2211641073226929, 0.5536728501319885, 0.07758540660142899, 0.0, 0.24340751767158508, 0.3939376771450043, 0.2376689463853836, 0.17621445655822754, 0.10859527438879013, 0.332268625497818, 1.7507175207138062, 0.07314681261777878, 0.9619752764701843, 0.21555645763874054, 0.255709707736969, 0.3943047821521759, 0.020468968898057938, 0.10397414118051529, 0.31654074788093567, 0.5138606429100037, 0.013446415774524212, 0.1825983077287674, 0.07182643562555313, 4.034012317657471, 0.0, 0.1098194494843483, 0.0031528035178780556, 0.19867992401123047, 0.0, 0.13322116434574127, 0.4242936074733734, 0.12916342914104462, 0.2655690908432007, 1.5133075714111328, 0.2806645929813385, 0.8822364807128906, 0.6665934920310974, 0.008434120565652847, 0.09397494047880173, 1.6626876592636108, 0.0, 0.7561109066009521, 0.0002749963605310768, 0.7634300589561462, 0.9763397574424744, 0.13385751843452454, 0.0028498489409685135, 0.008723370730876923, 2.0747432708740234, 0.13972483575344086, 0.4635588228702545, 0.21260103583335876, 1.2031877040863037, 0.4288244843482971, 0.03633563220500946, 0.16449379920959473, 3.7975151538848877, 0.737977147102356, 0.08961022645235062, 0.3068101108074188, 0.11103798449039459, 0.7164881825447083, 0.023082168772816658, 0.17056947946548462, 0.4435235559940338, 0.06393498927354813, 0.24568191170692444, 1.0044434070587158, 0.6171656847000122, 0.2305852770805359, 0.41071590781211853, 0.10595563799142838, 0.34705182909965515, 0.3657951354980469, 0.1376730501651764, 0.5467481017112732, 0.10965994745492935, 1.2964204549789429, 0.3528410792350769, 0.09983963519334793, 0.02593238465487957, 0.5241913199424744, 0.2472347766160965, 0.5469289422035217, 0.010136732831597328, 1.7631844282150269, 0.6709485650062561, 0.9038965702056885, 0.10011491924524307, 1.3788646459579468, 0.31964462995529175, 0.32664525508880615, 0.019320085644721985, 0.3021490275859833, 0.01997763104736805, 0.6631031632423401, 0.10464765876531601, 0.0, 0.18964309990406036, 0.015347597189247608, 1.872151255607605, 0.04758971929550171, 0.3264928162097931, 0.1332373470067978, 1.358153223991394, 0.014580955728888512, 0.19103948771953583, 0.2287331372499466, 0.10469060391187668, 0.759166419506073, 3.7875211238861084, 1.2519333362579346, 0.6573826670646667, 1.3440053462982178, 0.034668244421482086, 0.15889135003089905, 0.4038209319114685, 0.6336889266967773, 1.5964733362197876, 0.2413959503173828, 0.1727479100227356, 1.0158408880233765, 0.07102151215076447, 1.700458288192749, 0.00842184666544199, 0.9558762311935425, 0.4424392580986023, 0.2001749575138092, 0.0007490649586543441, 1.2872017621994019, 0.2536700367927551, 1.2103099822998047, 0.3808175325393677, 0.37595486640930176, 0.36436447501182556, 1.016901969909668, 0.34952443838119507, 0.3297766149044037, 0.036972690373659134, 0.16387346386909485, 0.24110057950019836, 0.5393059253692627, 0.13123789429664612, 0.07265264540910721, 0.9270732402801514, 0.15249177813529968, 0.0638466477394104, 0.23439952731132507, 0.6613313555717468, 0.0, 0.07370179891586304, 1.0011322498321533, 0.39017656445503235, 1.5490362644195557, 0.0686645656824112, 0.04017570614814758, 0.06117711216211319, 0.6121044754981995, 0.09767141193151474, 0.31997665762901306, 1.5093317031860352, 0.04587487131357193, 0.6596287488937378, 1.0059767961502075, 0.07086804509162903, 0.01867799460887909, 0.09265045076608658, 0.14219002425670624, 0.9922134280204773, 0.10137846320867538, 1.0705748796463013, 0.035355694591999054, 1.8807759284973145, 0.6739324331283569, 0.03372594714164734, 0.1909705251455307, 1.5711132287979126, 0.49003222584724426, 0.2846764922142029, 0.076024129986763, 0.08199479430913925, 0.033938247710466385, 0.0, 1.115936279296875, 0.003033039625734091, 0.15562929213047028, 0.2551766335964203, 0.0588410347700119, 0.17392103374004364, 2.537673234939575, 0.0, 0.17944495379924774, 0.07274563610553741, 0.4795133173465729, 0.706807017326355, 0.4962862432003021, 0.515955924987793, 0.21602338552474976, 1.0389823913574219, 0.0, 0.12218745797872543, 0.3844015598297119, 0.3950498104095459, 0.0887453705072403, 0.728386640548706, 0.4253583550453186, 0.008473260328173637, 0.5328930020332336, 0.19494247436523438, 0.7474573254585266, 0.11532706767320633, 0.5562818646430969, 0.24375762045383453, 0.06383171677589417, 0.34327223896980286, 0.06502927094697952, 0.056870538741350174, 0.0, 2.6863410472869873, 0.06949471682310104, 0.22958248853683472, 0.13753364980220795, 0.0, 0.20805217325687408, 0.48708686232566833, 0.6951172351837158, 0.09383449703454971, 0.3186034858226776, 0.1702250838279724, 0.04325293377041817, 0.24884171783924103, 0.2332143783569336, 0.45518478751182556, 0.002410572487860918, 0.8175679445266724, 0.006532761733978987, 0.0307023823261261, 0.012195158749818802, 0.48022356629371643, 0.5899484753608704, 0.007427939213812351, 1.112973690032959, 0.34777897596359253, 0.7165533304214478, 0.0, 1.1907422542572021, 0.12208378314971924, 1.3245258331298828, 0.03813397139310837, 0.0, 0.1829419881105423, 0.08287142962217331, 0.6709638833999634, 0.4136839509010315, 0.043961651623249054, 0.699255645275116, 0.16224601864814758, 1.0312525033950806, 0.038344331085681915, 0.3389906883239746, 0.144906148314476, 1.1523878574371338, 0.058689430356025696, 0.023758040741086006, 0.63400799036026, 0.24470792710781097, 0.0, 1.281402587890625, 0.3074316382408142, 0.0019368274370208383, 0.007973184809088707, 0.1513207107782364, 0.033145152032375336, 2.5964460372924805, 0.5488682985305786, 0.649925172328949, 0.04677923396229744, 0.40561556816101074, 0.17593969404697418, 0.0695936381816864, 0.038018520921468735, 0.23095695674419403, 0.005919826216995716, 0.6487114429473877, 0.1304103434085846, 0.010690014809370041, 0.938414454460144, 0.0, 0.7396257519721985, 0.8216394782066345, 0.14132510125637054, 0.049711596220731735, 0.4454590976238251, 0.1522637903690338, 0.42413875460624695, 0.7479535341262817, 0.0846324935555458, 0.8196790814399719, 0.20847958326339722, 0.356305867433548, 0.26400449872016907, 0.12073133140802383, 0.09252946078777313, 0.6976127028465271, 0.26836061477661133, 0.15025489032268524, 0.16537314653396606, 0.785611629486084, 2.8428633213043213, 0.22624675929546356, 0.34164920449256897, 0.13330292701721191, 2.5243961811065674, 0.21133656799793243, 0.9630277156829834, 0.5982626676559448, 0.818848729133606, 0.5237915515899658, 1.494447946548462, 0.14846155047416687, 0.3156582713127136, 0.1656588762998581, 1.381230354309082, 0.0, 0.7726208567619324, 0.13437680900096893, 0.19626933336257935, 0.7014636397361755, 0.07346651703119278, 0.047156061977148056, 0.004980466794222593, 1.2278101444244385, 0.0, 0.007981686852872372, 0.05891682207584381, 1.3976647853851318, 0.5109912157058716, 1.2816683053970337, 0.38218849897384644, 0.04811392351984978, 0.6429640054702759, 0.25200483202934265, 0.0859554186463356, 1.3017843961715698, 1.5499755144119263, 0.19908376038074493, 0.008152691647410393, 1.284713625907898, 0.718681812286377, 0.2616101801395416, 0.16944754123687744, 0.010085833258926868, 0.7955307960510254, 0.0, 0.004652743227779865, 0.9009535908699036, 0.18220850825309753, 0.04995298385620117, 1.5078808069229126, 0.1869497299194336, 0.05431284382939339, 0.0396384559571743, 0.4177709221839905, 0.04963577166199684, 0.3266734182834625, 0.08941163867712021, 0.05611097067594528, 0.5756047368049622, 0.09991959482431412, 1.2597324848175049, 0.3119654655456543, 0.0, 0.1302971988916397, 1.2111680507659912, 1.3921271562576294, 0.014480948448181152, 0.009815240278840065, 0.021541079506278038, 0.16926422715187073, 0.6779855489730835, 0.9733545184135437, 0.0, 0.3825007975101471, 0.14569683372974396, 0.3257821798324585, 0.022436287254095078, 0.2340385615825653, 0.044625937938690186, 0.1462407261133194, 0.5624919533729553, 0.006954801268875599, 1.0154380798339844, 0.003971603233367205, 0.12718084454536438, 2.1152477264404297, 0.07640379667282104, 0.9627009630203247, 0.1769733875989914, 0.2374563366174698, 0.021754786372184753, 0.25217917561531067, 1.588550329208374, 0.39621469378471375, 0.04534535855054855, 1.8323084115982056, 0.016173105686903, 0.09145984053611755, 0.07942335307598114, 0.3312569856643677, 0.7478072643280029, 0.0, 0.0556916818022728, 0.4883419871330261, 0.06954486668109894, 0.12484484910964966, 0.9498885273933411, 0.011016936041414738, 0.8986821174621582, 0.09647224098443985, 0.009533621370792389, 0.192683607339859, 0.025153160095214844, 0.3410651981830597, 0.09344157576560974, 0.3363531827926636, 0.13099218904972076, 0.9931265115737915, 0.12647995352745056, 0.9388633966445923, 0.028036655858159065, 1.7216359376907349, 0.12579350173473358, 0.6233444213867188, 0.2906187176704407, 0.16542665660381317, 0.10149465501308441, 0.2940598726272583, 0.22301563620567322, 0.19562079012393951, 1.778066635131836, 0.7671388387680054, 0.1398613452911377, 0.42037200927734375, 0.1665274202823639, 0.2873671054840088, 0.2574804127216339, 0.2970399558544159, 0.15537720918655396, 0.07106374204158783, 0.074408158659935, 0.7451263666152954, 0.04335201531648636, 0.38465744256973267, 1.5734312534332275, 0.4363260865211487, 0.03199363127350807, 1.0527900457382202, 0.05166644603013992, 0.16863739490509033, 0.2311943769454956, 0.34000787138938904, 0.0, 2.098403215408325, 0.004160825163125992, 0.18806032836437225, 0.10862474888563156, 2.28105092048645, 0.06541970372200012, 1.4238437414169312, 0.8488386273384094, 1.423689365386963, 1.1187386512756348, 0.028153834864497185, 0.5579134821891785, 0.0, 1.1810532808303833, 0.1256013959646225, 0.04047144576907158, 0.0, 7.2580246925354, 0.2779121994972229, 0.04054983705282211, 0.8641863465309143, 1.1604905128479004, 0.7405686378479004, 0.13485731184482574, 3.016099214553833, 0.010313519276678562, 0.023385271430015564, 0.5543570518493652, 0.13302211463451385, 0.16843833029270172, 0.5976603031158447, 0.7676165103912354, 0.005923879332840443, 0.7478083968162537, 0.7120349407196045, 0.3803447484970093, 0.29073718190193176, 0.16916368901729584, 0.0, 0.5435777902603149, 0.06386573612689972, 0.031186653301119804, 0.0, 0.11719199270009995, 0.4392949342727661, 0.0013196225045248866, 0.8883662223815918, 0.008454590104520321, 0.3164944648742676, 0.14964424073696136, 0.043066851794719696, 0.3443509340286255, 0.03882542997598648, 2.3574986457824707, 0.16610348224639893, 0.07747532427310944, 0.013651750981807709, 1.2090377807617188, 0.32235145568847656, 0.02612335979938507, 0.017350196838378906, 0.011899517849087715, 0.12508262693881989, 0.12293926626443863, 0.0, 0.26010116934776306, 0.0, 1.4582940340042114, 0.7286652326583862, 0.04876186326146126, 1.0450739860534668, 0.05969935655593872, 0.6794723272323608, 0.023418499156832695, 0.499390184879303, 0.6422035694122314, 0.14865896105766296, 0.06924083083868027, 1.1129614114761353, 0.0, 0.45397645235061646, 0.0, 0.03922448679804802, 0.718505859375, 0.7713467478752136, 0.418751060962677, 0.14395438134670258, 2.402503728866577, 0.0244975034147501, 0.4998752176761627, 0.3689194917678833, 0.12482224404811859, 0.3194327652454376, 0.22906436026096344, 0.20879721641540527, 0.24310612678527832, 1.7087528705596924, 0.941178560256958, 1.232308030128479, 0.0, 0.04069748520851135, 0.051847904920578, 0.3648260533809662, 0.053618498146533966, 0.961757242679596, 0.4009118378162384, 0.3592405617237091, 0.6276079416275024, 0.07903671264648438, 0.08041004091501236, 1.1035635471343994, 0.033837996423244476, 1.0771005153656006, 1.014817476272583, 0.8436311483383179, 0.30801787972450256, 0.00816443469375372, 0.4008941948413849, 0.23213817179203033, 1.075190544128418, 1.8667173385620117, 2.743738889694214, 0.18774566054344177, 0.07564250379800797, 1.2918007373809814, 0.05726465582847595, 0.4394678473472595, 0.15496240556240082, 0.08544682711362839, 0.7965583205223083, 0.027480505406856537, 0.1552363634109497, 0.3541397452354431, 0.6529160737991333, 0.009273789823055267, 0.058362845331430435, 0.11072120815515518, 0.6716222763061523, 0.4878407418727875, 1.2626183032989502, 0.011938693933188915, 0.37570813298225403, 0.07968410849571228, 0.11604974418878555, 0.10045816749334335, 1.05034601688385, 1.447159767150879, 0.3250114321708679, 0.0, 0.3317936360836029, 1.4788204431533813, 1.576439380645752, 0.039622724056243896, 0.21184790134429932, 0.0316539891064167, 0.181954026222229, 0.17588044703006744, 0.0805668756365776, 1.24107825756073, 0.2728748619556427, 0.542585551738739, 0.09461330622434616, 0.10723789036273956, 0.0, 0.01915569417178631, 2.3331844806671143, 0.47170591354370117, 0.0028208030853420496, 0.010893622413277626, 0.09975875169038773, 0.48419466614723206, 0.22576400637626648, 0.8346420526504517, 0.27459993958473206, 0.1485821008682251, 0.36213913559913635, 0.03566814959049225, 2.1969499588012695, 0.017744088545441628, 0.005057356785982847, 0.07721737772226334, 0.17329396307468414, 1.6019117832183838, 0.3712742030620575, 0.23113849759101868, 0.2074214071035385, 0.08754730224609375, 0.16622188687324524, 0.00265098107047379, 0.12341160327196121, 0.08778411149978638, 0.47056517004966736, 0.3631672263145447, 0.14224129915237427, 0.29198235273361206, 0.007936307229101658, 0.21209068596363068, 1.3291316032409668, 0.08755960315465927, 0.204275444149971, 0.7359440922737122, 0.6478918194770813, 0.44597622752189636, 0.7677221298217773, 4.468851089477539, 0.0541607104241848, 0.14767085015773773, 0.3531435430049896, 0.1766623854637146, 0.18039360642433167, 0.5151118040084839, 0.17936807870864868, 0.06354332715272903, 0.6091826558113098, 0.19321195781230927, 0.19961000978946686, 0.3104570806026459, 0.21270596981048584, 0.13958273828029633, 0.13784794509410858, 1.2153562307357788, 0.35684576630592346, 0.0020366590470075607, 1.2502444982528687, 0.06316632032394409, 0.6607398390769958, 0.13063092529773712, 0.14020752906799316, 0.14845682680606842, 0.08821607381105423, 0.13598671555519104, 2.0236451625823975, 0.7009891867637634, 0.1293569803237915, 0.0, 0.1374550312757492, 0.051964838057756424, 0.6887214779853821, 2.215792417526245, 0.1974082738161087, 0.04131496697664261, 0.13504919409751892, 0.0, 0.15490853786468506, 1.103196144104004, 0.5114188194274902, 1.3994253873825073, 0.4614284336566925, 0.107314333319664, 1.4237900972366333, 0.016823576763272285, 0.490351140499115, 0.541467010974884, 0.7833712100982666, 1.1910346746444702, 0.0965411439538002, 0.5539881587028503, 0.025007890537381172, 0.009896638803184032, 0.014460773207247257, 0.3921654224395752, 2.571399688720703, 0.4517284035682678, 0.18508346378803253, 0.12837615609169006, 1.6787551641464233, 1.2260111570358276, 0.02814626134932041, 0.024381885305047035, 0.21605271100997925, 0.16768093407154083, 0.07164037227630615, 0.11598015576601028, 0.5764175057411194, 2.6932952404022217, 0.23833388090133667, 0.0603511780500412, 0.3955784738063812, 2.067884683609009, 0.3338322937488556, 0.7159411311149597, 0.029237784445285797, 0.6173374652862549, 0.38987812399864197, 0.3118968605995178, 1.430904507637024, 0.10735871642827988, 0.04695030301809311, 0.0999525710940361, 0.479625940322876, 0.0530582070350647, 0.08913630247116089, 0.025556005537509918, 0.09617963433265686, 0.0017103030113503337, 0.05809113383293152, 0.34005892276763916, 1.0582865797914565e-05, 0.7129154801368713, 1.8218570947647095, 0.03827885538339615, 0.03628445789217949, 0.42118921875953674, 1.1557897329330444, 0.034547172486782074, 0.799065113067627, 0.208291158080101, 0.7517266273498535, 0.9688248634338379, 1.177444338798523, 0.004946596920490265, 0.459479421377182, 0.6202399134635925, 0.7249063849449158, 0.039172686636447906, 0.4375893473625183, 0.15565504133701324, 0.12371556460857391, 0.20304806530475616, 0.028506532311439514, 0.28657758235931396, 1.15121591091156, 0.0, 0.025662248954176903, 0.008319375105202198, 1.2743782997131348, 0.08508433401584625, 0.9750961065292358, 0.6222095489501953, 0.017348144203424454, 0.7961806654930115, 0.33974146842956543, 0.6509329676628113, 0.6511694192886353, 1.9650161266326904, 0.3519674837589264, 0.4645737111568451, 0.17791828513145447, 0.23612499237060547, 2.449551582336426, 0.06189698725938797, 0.06661325693130493, 0.009001950733363628, 0.6225257515907288, 0.03933129832148552, 0.3263872563838959, 1.4676308631896973, 0.13044607639312744, 1.3711999654769897, 0.006392504554241896, 1.3250304460525513, 0.4296075403690338, 0.5964643359184265, 0.838736891746521, 1.006186842918396, 0.6290315985679626, 0.32242754101753235, 1.2383038997650146, 0.0, 0.004402642138302326, 0.742637574672699, 0.8827186226844788, 0.37449148297309875, 0.032465122640132904, 0.01984136924147606, 0.0, 0.19156156480312347, 3.7594828605651855, 0.013819062151014805, 0.3817588686943054, 0.14470550417900085, 0.9253081679344177, 0.095906101167202, 0.9120233654975891, 0.9119046926498413, 0.6562485694885254, 0.10218967497348785, 0.17074215412139893, 0.08943995833396912, 0.1929555982351303, 1.0019068717956543, 0.2322215884923935, 0.42981576919555664, 0.05988376960158348, 0.06982368230819702, 1.2014710903167725, 3.305152654647827, 0.48973873257637024, 0.3337676525115967, 0.0020483999978750944, 0.5814028382301331, 0.259951114654541, 0.19088923931121826, 0.8536058664321899, 0.26085954904556274, 0.24222740530967712, 1.9343221187591553, 0.71494060754776, 0.08237504214048386, 0.10501106083393097, 0.11442947387695312, 0.23722223937511444, 0.0763312354683876, 0.0, 0.0, 1.0098687410354614, 0.0, 0.5773360729217529, 0.2836301326751709, 0.32973477244377136, 0.01031581498682499, 0.04266094043850899, 0.14420302212238312, 1.5153889656066895, 0.6130155324935913, 2.076918840408325, 0.24535278975963593, 0.23840317130088806, 0.3116072416305542, 0.27379515767097473, 0.0, 0.11376147717237473, 0.8442328572273254, 0.8117167353630066, 0.17395396530628204, 1.0999705791473389, 0.0, 0.03196489438414574, 0.9311823844909668, 1.317050576210022]",Testing/glioma_tumor/image(25).jpg
"[0.21870268881320953, 1.2896193265914917, 0.2253490686416626, 1.1526238918304443, 1.7443492412567139, 0.4454821050167084, 2.3963496685028076, 0.015631772577762604, 0.878502368927002, 0.0, 0.00526433065533638, 0.0, 0.07276719808578491, 0.5445213317871094, 0.030462970957159996, 0.0716002807021141, 0.11051380634307861, 0.5461037158966064, 0.9275853633880615, 0.002244623377919197, 0.5215552449226379, 0.49841320514678955, 1.4277502298355103, 0.10740529000759125, 0.16012991964817047, 0.05265463516116142, 1.7111430168151855, 0.09561268240213394, 0.0, 0.015455460175871849, 0.008581502363085747, 0.3461880683898926, 0.2873263359069824, 0.36993762850761414, 0.597657322883606, 1.1332286596298218, 0.3777332603931427, 1.0131012201309204, 0.014375698752701283, 0.016278963536024094, 1.8388553857803345, 2.507873296737671, 0.20164252817630768, 0.6750999093055725, 0.029212143272161484, 0.48404234647750854, 0.01423332653939724, 0.0052132997661828995, 0.23092888295650482, 0.8445553183555603, 0.5419908761978149, 1.352195382118225, 0.6218128800392151, 0.05426831170916557, 0.2543822228908539, 3.3300869464874268, 0.6591687798500061, 0.5805984735488892, 1.0185624361038208, 0.27621766924858093, 0.3236779272556305, 0.35434699058532715, 1.0360932350158691, 1.487905740737915, 0.08727709203958511, 0.15095502138137817, 0.4282456636428833, 0.22805431485176086, 0.3134489357471466, 0.0, 0.9391157031059265, 0.23447240889072418, 0.09110963344573975, 1.4320591688156128, 0.5387417674064636, 0.10014627128839493, 2.4668214321136475, 0.0485629066824913, 0.0, 0.13851869106292725, 0.1477237492799759, 0.0058320979587733746, 0.11190976947546005, 0.0777619257569313, 1.1319876909255981, 0.09005378186702728, 0.9447927474975586, 0.12371267378330231, 0.2611033022403717, 0.0, 1.3406322002410889, 0.29402390122413635, 0.07198215276002884, 2.410250663757324, 0.046859025955200195, 0.23925979435443878, 0.40479815006256104, 0.11766846477985382, 0.42049354314804077, 0.5422229170799255, 0.6681391596794128, 0.9240419268608093, 0.04551297798752785, 0.16074693202972412, 1.3953828811645508, 0.05156071484088898, 0.2716509997844696, 0.2207065373659134, 0.07897724211215973, 2.120037078857422, 0.0, 3.581214189529419, 0.24521416425704956, 0.18583333492279053, 0.321190744638443, 0.016711002215743065, 0.013763679191470146, 0.12969888746738434, 0.2455366551876068, 0.11064039170742035, 0.22459940612316132, 0.0, 0.0, 0.03356676921248436, 0.908284068107605, 0.9003984332084656, 0.0, 0.23767109215259552, 0.6341995000839233, 0.0, 0.007617763243615627, 1.112081527709961, 0.114485003054142, 0.0, 0.9870656132698059, 0.07730670273303986, 0.0, 0.06914527714252472, 0.0, 0.11184138059616089, 0.12285257130861282, 1.6536415815353394, 0.6404560804367065, 0.008476383984088898, 0.4169728755950928, 0.08244127780199051, 0.49718931317329407, 2.697598934173584, 0.19883695244789124, 0.5373424291610718, 0.5523956418037415, 0.3522920310497284, 0.16974374651908875, 0.02214151993393898, 0.5019877552986145, 0.09161670506000519, 0.08144630491733551, 0.10834363847970963, 2.9105172157287598, 0.10195372253656387, 0.029953589662909508, 1.3893283605575562, 0.03619157895445824, 1.0820519924163818, 0.2143086940050125, 0.4190082252025604, 0.22551994025707245, 0.2028777301311493, 0.18761122226715088, 8.94746208190918, 1.2962579727172852, 0.08252476900815964, 0.6355772018432617, 1.425315022468567, 0.5977845191955566, 1.2320977449417114, 0.05981293320655823, 0.2531815469264984, 0.17354685068130493, 0.41541555523872375, 0.375519722700119, 0.01991179957985878, 1.383139729499817, 0.05101267993450165, 0.05815253034234047, 0.2869047522544861, 0.07795979827642441, 0.4594326317310333, 0.2854941487312317, 0.9110652208328247, 0.020869098603725433, 0.04692473262548447, 0.19412678480148315, 0.0, 0.08866101503372192, 0.7328658699989319, 0.11126609891653061, 0.11673121899366379, 0.07750285416841507, 0.3361668884754181, 0.5896117687225342, 0.1579018086194992, 0.19353848695755005, 0.09473355114459991, 1.0651683807373047, 0.5300208926200867, 0.3268567621707916, 0.0, 0.8342803120613098, 1.312300682067871, 0.5713717341423035, 0.7503975629806519, 0.0, 0.5720447897911072, 0.12458524107933044, 1.1682685613632202, 0.12579868733882904, 0.1726047545671463, 0.3285467326641083, 0.0, 0.21080785989761353, 0.15013855695724487, 0.6249156594276428, 0.1397245228290558, 1.5375277996063232, 2.261873483657837, 0.08811629563570023, 0.036422330886125565, 0.9872095584869385, 0.18715974688529968, 0.0, 0.3247443735599518, 0.20262020826339722, 0.7321942448616028, 1.1213018894195557, 1.542611837387085, 0.14357464015483856, 1.100490689277649, 0.3227880001068115, 0.02865944616496563, 0.4199422001838684, 0.5443350076675415, 2.690896987915039, 0.03295372799038887, 0.11294583231210709, 1.057839274406433, 0.6080358624458313, 0.7461631894111633, 0.5498614311218262, 0.23837248980998993, 0.08054004609584808, 0.6037790179252625, 0.9723877310752869, 0.08089760690927505, 0.08983109891414642, 0.21931172907352448, 0.028408639132976532, 0.7804355025291443, 0.0, 0.2693707346916199, 0.3255822956562042, 0.26509740948677063, 1.136694312095642, 0.1993856430053711, 0.00934999343007803, 0.0, 0.0, 0.0, 0.0, 0.0, 0.5034461617469788, 0.7651417255401611, 1.146305799484253, 0.0, 3.7614552974700928, 0.16703930497169495, 0.1374523639678955, 0.6224578619003296, 0.06282279640436172, 0.049510736018419266, 0.5778598189353943, 0.11957747489213943, 2.4768776893615723, 0.27423134446144104, 0.45489072799682617, 2.7962100505828857, 1.4320253133773804, 1.121450424194336, 0.4607833921909332, 0.12339302152395248, 0.012721886858344078, 0.14552092552185059, 0.042496807873249054, 0.22551633417606354, 0.2940048277378082, 1.7417618036270142, 0.18834982812404633, 0.1632925570011139, 0.0, 0.189670130610466, 0.009152015671133995, 0.026952140033245087, 3.671520709991455, 0.5094745755195618, 2.1037678718566895, 0.02852332405745983, 0.0, 1.2624270915985107, 0.0, 0.09516986459493637, 0.0661637932062149, 0.10192606598138809, 0.0, 0.0352545790374279, 0.41424039006233215, 1.2824088335037231, 0.5973452925682068, 0.0, 0.00900585763156414, 0.23426683247089386, 0.005847770255059004, 1.0422024726867676, 0.029802117496728897, 6.355071673169732e-05, 0.0, 0.0, 1.790626049041748, 0.10134373605251312, 2.4534108638763428, 0.3137095272541046, 0.5090233087539673, 0.13275158405303955, 0.12787093222141266, 2.442107677459717, 0.07683739066123962, 0.11350245028734207, 2.3512325286865234, 0.4591633677482605, 0.6973026990890503, 1.6975085735321045, 0.1475290060043335, 0.0496511347591877, 0.3213214874267578, 0.044904619455337524, 0.0, 0.6526656150817871, 0.004964400082826614, 0.014572372660040855, 0.042688969522714615, 0.2506761848926544, 0.1796119511127472, 0.33196160197257996, 0.21193037927150726, 0.0002391240996075794, 0.03724000230431557, 0.0, 0.2573084235191345, 0.07356054335832596, 0.7746714949607849, 0.11629018932580948, 0.20310816168785095, 1.8065290451049805, 0.0, 0.08114702999591827, 0.26173481345176697, 0.3502049446105957, 0.0656530037522316, 0.0348488911986351, 2.3002266883850098, 0.4349096715450287, 0.028516191989183426, 0.2604878544807434, 1.507448434829712, 3.976438522338867, 0.06459785252809525, 0.43387719988822937, 4.130107879638672, 3.056394577026367, 1.1468887329101562, 0.3508549630641937, 0.2999906837940216, 0.5063105821609497, 0.905914306640625, 0.14862866699695587, 0.13374653458595276, 0.002322946209460497, 0.18214981257915497, 0.06912875175476074, 0.19101810455322266, 0.044999174773693085, 0.0, 0.1005048155784607, 1.6601626873016357, 0.0, 0.7158349752426147, 2.318753719329834, 0.0, 1.81085205078125, 0.15646834671497345, 0.14015179872512817, 1.0800658464431763, 0.4785487651824951, 0.027499914169311523, 0.2267388105392456, 0.06870940327644348, 1.3579163551330566, 0.3563968539237976, 0.004699667915701866, 0.2483178973197937, 0.3451291024684906, 0.0014213225804269314, 0.0, 2.207145929336548, 0.007549329660832882, 0.12840405106544495, 2.6958320140838623, 0.011462459340691566, 0.14791487157344818, 0.07401014864444733, 0.3868268132209778, 0.6056829690933228, 0.10419339686632156, 0.33475661277770996, 0.273372620344162, 0.048833031207323074, 0.03981676697731018, 0.09865912795066833, 1.2579166889190674, 0.08025947958230972, 0.4364357888698578, 0.7057074904441833, 0.9735419750213623, 1.233891487121582, 1.6253820657730103, 0.4582769572734833, 0.9033132791519165, 0.0007948072743602097, 2.237433910369873, 1.513901948928833, 0.0036981396842747927, 0.09630466997623444, 0.012174314819276333, 0.4910060465335846, 0.15805001556873322, 0.25346639752388, 0.0023610251955688, 0.015315624885261059, 0.14540483057498932, 0.2209433764219284, 0.6308472156524658, 0.0, 0.01986624300479889, 0.2884773015975952, 0.014257910661399364, 0.32938331365585327, 1.0178683996200562, 0.6294775009155273, 0.0, 0.0, 4.138121128082275, 0.428367018699646, 2.7908856868743896, 0.3030896484851837, 0.09735020995140076, 0.06753513962030411, 0.003506803885102272, 0.006916479207575321, 0.06192432716488838, 0.33024901151657104, 0.016827799379825592, 0.4013688862323761, 0.5332968831062317, 0.09718587249517441, 0.9705472588539124, 0.07820567488670349, 0.15410491824150085, 1.8733636140823364, 0.0, 0.07056888937950134, 0.05524842441082001, 0.4073929786682129, 0.014186807908117771, 1.5493587255477905, 0.023040788248181343, 0.048920173197984695, 0.8838938474655151, 0.019563183188438416, 0.25670918822288513, 0.23810172080993652, 0.06322265416383743, 0.6101523637771606, 1.600917935371399, 0.27319207787513733, 0.018761644139885902, 0.7995003461837769, 0.003581124823540449, 0.03416622802615166, 0.2078513354063034, 0.640479564666748, 0.07283227145671844, 0.019002588465809822, 0.8171951770782471, 0.0677151158452034, 1.9247127771377563, 0.2183111160993576, 0.13388298451900482, 0.9003081321716309, 0.04348814859986305, 0.008347287774085999, 0.04597873240709305, 0.03470326587557793, 1.5898842811584473, 0.2966729998588562, 0.5766248106956482, 0.4694494903087616, 0.07320476323366165, 0.403638631105423, 0.03236202150583267, 0.09996815770864487, 0.19515185058116913, 0.0, 1.7232463359832764, 0.08461779356002808, 0.03409484773874283, 0.06188026815652847, 0.1230662614107132, 0.028173023834824562, 0.0, 0.014747113920748234, 0.7608621716499329, 0.2067832201719284, 0.3157694339752197, 1.3234872817993164, 2.1101696491241455, 0.6408054828643799, 0.24433447420597076, 1.5409200191497803, 0.15523381531238556, 0.01096143014729023, 0.016607489436864853, 0.001960216788575053, 0.3633567690849304, 0.00881926342844963, 0.3520304560661316, 1.3954116106033325, 0.06050029397010803, 0.09362088143825531, 0.3430344760417938, 0.8019670844078064, 0.8650107979774475, 0.04158838838338852, 0.08367826789617538, 0.04082324728369713, 0.30342984199523926, 0.11325929313898087, 1.577977180480957, 0.20397694408893585, 0.014169327914714813, 0.012680725194513798, 0.07075489312410355, 3.822035551071167, 0.05192450061440468, 0.5808137655258179, 0.025540288537740707, 0.02125724032521248, 0.18236497044563293, 1.4553157091140747, 0.14933691918849945, 0.7453035116195679, 0.08220444619655609, 0.2871783971786499, 1.0241081714630127, 0.06419038772583008, 0.02734638750553131, 0.006865411531180143, 0.18010392785072327, 0.004654069431126118, 0.7975771427154541, 0.008281965740025043, 0.07456830143928528, 1.4045058488845825, 0.0, 0.08423278480768204, 0.06839966028928757, 0.3043014705181122, 0.16730856895446777, 0.1287919133901596, 0.04834752157330513, 0.0, 0.0, 0.21177229285240173, 0.25493401288986206, 1.1073335409164429, 0.0, 0.502734363079071, 0.06376399099826813, 0.318724125623703, 0.9401334524154663, 0.0, 0.6682800054550171, 1.7215479612350464, 0.0, 1.7775272130966187, 0.25146088004112244, 0.1596662998199463, 0.11319711059331894, 3.257169485092163, 1.634602427482605, 0.5670949220657349, 1.9495972394943237, 0.21136809885501862, 0.1302468478679657, 0.21092236042022705, 0.8064188957214355, 0.0, 0.0, 0.0, 0.1185624971985817, 0.03491903468966484, 0.05561375990509987, 0.07580909878015518, 0.6201539039611816, 1.5717393159866333, 0.014774993993341923, 0.31260791420936584, 0.20142535865306854, 0.21450282633304596, 0.18903854489326477, 0.060310520231723785, 0.010646151378750801, 0.04183618351817131, 0.7462802529335022, 0.03710748255252838, 0.06253889948129654, 0.0, 0.1808495968580246, 0.06851961463689804, 0.1617804765701294, 0.03177020326256752, 0.473153293132782, 0.37508049607276917, 0.14693166315555573, 0.20282518863677979, 0.48388203978538513, 0.0, 1.3796484470367432, 3.006010055541992, 0.03847381845116615, 0.0, 0.0, 0.08911570906639099, 0.10486042499542236, 0.049832817167043686, 0.0011958808172494173, 1.2470977306365967, 0.1958545744419098, 2.536339044570923, 0.07976890355348587, 0.6205044388771057, 0.0055373176001012325, 0.06328979134559631, 0.7315558791160583, 0.09443677216768265, 0.0, 0.7933998703956604, 0.2137405276298523, 0.7584376931190491, 0.14790835976600647, 0.095051608979702, 0.0, 0.8724334239959717, 0.04813425987958908, 0.4704340696334839, 1.1143015623092651, 0.0, 0.2152821123600006, 0.09842373430728912, 0.15446250140666962, 0.11688610166311264, 1.8036326169967651, 1.2152246236801147, 0.34213948249816895, 0.0, 0.03705213591456413, 2.8222756385803223, 0.22170193493366241, 0.18620817363262177, 0.38893696665763855, 0.06898908317089081, 0.2846204936504364, 0.8776514530181885, 0.0, 0.08484486490488052, 0.0, 0.07314880192279816, 1.0367894172668457, 0.27976760268211365, 0.2826257050037384, 0.017560046166181564, 0.047214582562446594, 0.1954282820224762, 0.20428048074245453, 0.008819949813187122, 0.17286750674247742, 0.0, 0.37085676193237305, 0.30853572487831116, 0.983695387840271, 1.261387825012207, 0.07279184460639954, 2.482971429824829, 0.45522525906562805, 0.8475080132484436, 0.39564695954322815, 0.40094515681266785, 2.1026673316955566, 0.12057933956384659, 0.00922650471329689, 0.0, 0.048344533890485764, 0.0, 1.364105224609375, 0.4184098243713379, 0.45183196663856506, 0.12581689655780792, 2.0171844959259033, 0.4160677492618561, 1.1823525428771973, 0.13235722482204437, 0.9849772453308105, 0.07450241595506668, 0.20271456241607666, 0.07077658176422119, 0.2468966692686081, 1.300850510597229, 0.009525459259748459, 0.029194872826337814, 0.20151734352111816, 0.08618316054344177, 0.007658068090677261, 0.6624364256858826, 0.18478818237781525, 2.420058012008667, 0.5567722916603088, 0.0, 0.20719072222709656, 0.12546829879283905, 0.4730106592178345, 0.22693927586078644, 1.0692981481552124, 0.1086316704750061, 0.3561265468597412, 0.720594048500061, 0.581453263759613, 0.3940461277961731, 0.10187295079231262, 1.4844316244125366, 0.06184970960021019, 0.2511439621448517, 0.06724242866039276, 1.204047679901123, 0.05955801531672478, 0.06998859345912933, 2.255295753479004, 0.0, 0.0, 0.0019007313530892134, 0.7428215146064758, 0.6067151427268982, 1.0265685319900513, 0.0006752597982995212, 0.042131949216127396, 1.5029298067092896, 0.9261229634284973, 0.01534118503332138, 0.14052903652191162, 1.7910221815109253, 0.037107113748788834, 0.9962021708488464, 2.3938820362091064, 0.4023177921772003, 1.3939288854599, 0.1838814616203308, 0.09696511179208755, 1.565036416053772, 0.10553865879774094, 2.411162853240967, 1.232211709022522, 0.4630235433578491, 0.24694612622261047, 1.202012538909912, 0.03933500871062279, 0.9455350041389465, 0.021255023777484894, 0.7318560481071472, 0.02544121816754341, 0.024746816605329514, 0.0, 0.33065804839134216, 0.933790385723114, 0.05685649439692497, 0.07010982185602188, 0.28510963916778564, 0.5439138412475586, 0.0, 0.6582664847373962, 3.3643321990966797, 0.907604455947876, 0.45923444628715515, 0.726396918296814, 0.0239628367125988, 0.05935518443584442, 0.49488767981529236, 0.14118459820747375, 1.28947913646698, 0.17652593553066254, 2.8459174633026123, 0.6993888020515442, 0.12811926007270813, 0.0, 0.18673312664031982, 0.11077754199504852, 2.8040099143981934, 0.0, 0.06025295332074165, 0.3953005075454712, 0.0, 0.3437863290309906, 2.1123788356781006, 3.375211238861084, 0.04200490564107895, 0.4535983204841614, 0.0, 0.09105955064296722, 0.052726130932569504, 1.4759870767593384, 0.008516861125826836, 0.0, 0.005016409792006016, 0.29887673258781433, 0.002126829931512475, 0.0, 0.7258137464523315, 0.40661492943763733, 0.45175668597221375, 0.012239103205502033, 0.9003912210464478, 0.05713329836726189, 0.5939446091651917, 0.09534584730863571, 0.04831605404615402, 0.23382943868637085, 3.3134024143218994, 0.16923803091049194, 0.07683128863573074, 0.10961364209651947, 0.10955240577459335, 0.0, 0.8527035117149353, 3.7232015132904053, 1.052669644355774, 0.17011943459510803, 0.23976905643939972, 0.0, 0.05551430210471153, 0.5466699600219727, 0.24777334928512573, 1.038935661315918, 0.05302147567272186, 3.851729393005371, 1.072579026222229, 0.23834583163261414, 0.004871713928878307, 0.06688635796308517, 0.07983694970607758, 1.5555200576782227, 0.20188158750534058, 0.29217082262039185, 0.7314442992210388, 0.885401725769043, 0.0028601642698049545, 0.0, 0.4232952296733856, 0.0, 1.5769524574279785, 0.13655366003513336, 0.7165924310684204, 0.12178394943475723, 0.01959928125143051, 0.15895994007587433, 0.08967572450637817, 0.0011185528710484505, 0.035810139030218124, 0.01262823399156332, 0.1318511664867401, 0.0, 0.015099771320819855, 0.99733966588974, 0.0, 0.6599770188331604, 0.4558098018169403, 1.443668007850647, 0.2427654266357422, 0.31634634733200073, 0.9757009148597717, 0.006692166440188885, 0.09544163942337036, 1.8584283590316772, 0.0, 0.3031318187713623, 0.09306827932596207, 0.32394182682037354, 1.7798806428909302, 2.011721611022949, 0.0, 0.2967304587364197, 0.07130348682403564, 0.19253596663475037, 0.5553361773490906, 0.03544478118419647, 0.1185382530093193, 0.5204717516899109, 0.21883976459503174, 0.12445606291294098, 0.24726983904838562, 1.2505296468734741, 0.9045432209968567, 1.5671850442886353, 0.06158773601055145, 0.20112499594688416, 0.28492337465286255, 0.25682511925697327, 0.6513765454292297, 0.0, 0.2448640614748001, 2.5429258346557617, 0.14406609535217285, 0.015731491148471832, 0.15637092292308807, 0.11656753718852997, 0.5180937647819519, 0.3614485561847687, 0.13104960322380066, 0.17840521037578583, 1.059302568435669, 0.007054591551423073, 0.20569567382335663, 1.0717767477035522, 0.4321313202381134, 0.18476010859012604, 0.0, 1.802817463874817, 0.1576480120420456, 0.17454172670841217, 0.8315608501434326, 0.0, 0.5900769233703613, 1.150145411491394, 0.0643412321805954, 0.3960006833076477, 0.0, 0.0, 0.0, 1.2502754926681519, 0.0772734060883522, 1.384718894958496, 0.32796502113342285, 0.2320176661014557, 0.23027002811431885, 0.026122083887457848, 0.09571094810962677, 0.07852184772491455, 0.028037190437316895, 0.2050725519657135, 0.1503489911556244, 0.010185129940509796, 0.40813812613487244, 0.05079450458288193, 0.7466486692428589, 0.021443618461489677, 1.7653652429580688, 0.4308505952358246, 0.1959737241268158, 0.01403704471886158, 0.45554983615875244, 0.07845678925514221, 0.739452600479126, 0.12225062400102615, 1.0334798097610474, 0.0, 0.08612091839313507, 0.009037328884005547, 0.006840978283435106, 0.020037343725562096, 0.09221290796995163, 0.0, 0.20910309255123138, 0.011042142286896706, 0.031919509172439575, 0.36443406343460083, 0.6879348158836365, 1.048820972442627, 0.0, 0.04524097591638565, 0.9575632810592651, 0.4618048667907715, 0.32686078548431396, 0.4502120912075043, 1.8009278774261475, 0.10681631416082382, 0.0, 0.030849648639559746, 0.052820827811956406, 0.3017963767051697, 0.07428250461816788, 0.0, 1.0005407333374023, 0.19854488968849182, 0.383283406496048, 3.0883145332336426, 0.008414535783231258, 0.5760402679443359, 0.008954675868153572, 0.21452867984771729, 0.01095487643033266, 0.37216824293136597, 0.0, 0.0, 0.07291208207607269, 0.5359064340591431, 0.014840126037597656, 0.22910791635513306, 0.03359891474246979, 0.35445672273635864, 0.26560747623443604, 0.6934769153594971, 0.3298356831073761, 0.06549186259508133, 0.06442266702651978, 0.1856153905391693, 0.043446656316518784, 0.007154729682952166, 2.552137613296509, 0.0, 1.0213524103164673, 0.2050633281469345, 0.15711061656475067, 0.01634797267615795, 0.22525426745414734, 0.09852845221757889, 0.028983043506741524, 0.0, 0.061984188854694366, 0.29484373331069946, 0.0, 0.06106443703174591, 0.3299974203109741, 1.1032044887542725, 0.0, 0.22630061209201813, 0.03551635146141052, 0.09751835465431213, 0.12360063195228577, 0.11722292006015778, 0.5142094492912292, 0.0, 0.8148984909057617, 0.7865636944770813, 0.0012954254634678364, 0.08278113603591919, 0.05553630366921425, 4.807476043701172, 0.20952236652374268, 0.10536486655473709, 0.5096469521522522, 0.11525874584913254, 0.0, 0.07609851658344269, 0.1526409387588501, 0.45351141691207886, 0.17142973840236664, 0.2619853615760803, 0.361430823802948, 1.5583698749542236, 0.09810450673103333, 0.2324094921350479, 0.5607523918151855, 0.46128860116004944, 1.7431626319885254, 0.057770684361457825, 0.04835648834705353, 0.008681832812726498, 0.07129135727882385, 0.18292726576328278, 2.0340535640716553, 0.06981837749481201, 0.2160157412290573, 0.029766080901026726, 0.0, 1.1068897247314453, 0.022840367630124092, 0.0, 0.1567264348268509, 0.7890470623970032, 0.0323704294860363, 0.12574565410614014, 0.058860886842012405, 0.002530983416363597, 0.20151673257350922, 0.377930611371994, 0.0022217107471078634, 0.041519906371831894, 0.16461849212646484, 0.19267964363098145, 0.3366939425468445, 0.41897091269493103, 0.0672968178987503, 0.0, 0.13135428726673126, 0.007094874512404203, 2.0814099311828613, 1.1916462182998657, 0.20584924519062042, 0.32986027002334595, 0.27279794216156006, 0.48999178409576416, 0.6483936905860901, 0.05890115350484848, 0.03748296946287155, 1.9824237823486328, 0.011855811811983585, 0.0, 0.0, 0.725928783416748, 0.24720628559589386, 0.01834728568792343, 0.0, 0.07673825323581696, 0.05399186909198761, 0.37548118829727173, 0.12010152637958527, 0.015342294238507748, 0.1483154594898224, 0.01686953566968441, 0.01845621131360531, 0.0, 0.28420984745025635, 0.0, 0.2215825617313385, 0.04903241991996765, 0.09191694855690002, 0.0, 0.06010739505290985, 0.1233782097697258, 2.4133358001708984, 0.09417164325714111, 4.879795596934855e-05, 0.3728482127189636, 0.0, 0.25613391399383545, 0.592384397983551, 0.08207003772258759, 0.048139095306396484, 0.010311562567949295, 0.03626953810453415, 0.10788252204656601, 0.4056946933269501, 0.005071280058473349, 0.1699061542749405, 0.031561821699142456, 0.013685688376426697, 1.5297542810440063, 0.2732519507408142, 0.06612104177474976, 0.0, 0.47073209285736084, 0.019008424133062363, 0.0, 0.00299936905503273, 0.7003624439239502, 0.7869061827659607, 0.0, 0.03336401283740997, 0.029258299618959427, 0.002045621629804373, 0.09006716310977936, 0.3766940236091614, 0.38538694381713867, 0.37725830078125, 0.949185848236084, 0.3519001007080078, 0.0, 0.1587321162223816, 0.16982606053352356, 0.036736954003572464, 0.18722975254058838, 0.5307101607322693, 0.027255136519670486, 0.5209670066833496, 0.0, 0.5116627216339111, 1.4852100610733032, 0.6372504234313965, 0.09762921929359436, 1.2046462297439575, 0.006566675379872322, 0.12909452617168427, 0.3681613504886627, 1.673856258392334, 0.9225759506225586, 2.3187527656555176, 0.05265253409743309, 0.2815631628036499, 0.9244430065155029, 0.09823089838027954, 0.012427615001797676, 0.0, 0.19145594537258148, 0.1376822143793106, 0.18492579460144043, 0.20564602315425873, 0.6515434980392456, 0.0020683687180280685, 0.6816862225532532, 0.668982207775116, 0.2897678017616272, 0.19078890979290009, 0.059384267777204514, 0.36566683650016785, 0.3455159366130829, 0.07521522045135498, 0.026678722351789474, 0.027317175641655922, 1.7600655555725098, 0.02449474111199379, 0.3819875419139862, 0.16259777545928955, 0.746071457862854, 0.23896221816539764, 0.6884017586708069, 0.17349550127983093, 0.32101020216941833, 0.10482463240623474, 2.3028171062469482, 0.4763028919696808, 0.3376716673374176, 0.04762091860175133, 0.0, 0.055962610989809036, 0.06601116806268692, 0.01307414285838604, 0.2927277684211731, 0.4978916049003601, 0.12462840974330902, 0.07674763351678848, 0.0, 0.6353552937507629, 0.09063179790973663, 0.0, 0.0, 0.022504527121782303, 0.12469442188739777, 0.362804651260376, 1.1539926528930664, 0.20475773513317108, 0.77468341588974, 0.26062583923339844, 0.39992162585258484, 5.134617328643799, 0.415356308221817, 0.35460150241851807, 0.0, 0.14147214591503143, 0.0659712702035904, 0.7127968668937683, 0.027359554544091225, 0.4676229655742645, 0.0, 0.8578904867172241, 0.6383722424507141, 1.363541603088379, 0.21745504438877106, 0.03150574117898941, 0.2189812809228897, 0.024833591654896736, 0.3583846092224121, 0.043076612055301666, 0.38499364256858826, 0.14683346450328827, 0.09228944778442383, 0.005543905775994062, 0.16005298495292664, 0.013677159324288368, 0.2741195261478424, 0.24948421120643616, 0.9749161601066589, 0.8162834048271179, 1.8541698455810547, 0.0, 0.0, 0.8945378661155701, 0.0, 0.6142905950546265, 1.3528125286102295, 0.021989107131958008, 0.0, 0.21422380208969116, 0.15286469459533691, 0.2009326070547104, 1.970049500465393, 0.5375488996505737, 0.0, 0.11636307835578918, 0.07643144577741623, 0.23192253708839417, 0.6884104013442993, 2.7804150581359863, 0.040052562952041626, 1.6058354377746582, 1.7626951932907104, 1.0616780519485474, 0.0, 0.07154969871044159, 0.39916303753852844, 0.034012846648693085, 0.2930040657520294, 0.21346570551395416, 0.0, 1.7055721282958984, 0.22833099961280823, 0.7418965101242065, 0.19344641268253326, 1.4139080047607422, 0.2900155484676361, 0.09975805878639221, 0.5178653001785278, 0.44754931330680847, 3.223099708557129, 0.2908915877342224, 0.6129517555236816, 0.0, 0.29925596714019775, 0.007144344039261341, 0.0, 0.03125928342342377, 2.0382373332977295, 0.23187674582004547, 0.0589863657951355, 0.025323420763015747, 1.823600172996521, 0.9796196818351746, 0.5369551777839661, 1.3924195766448975, 1.7147085666656494, 5.901300430297852, 0.127802774310112, 0.05770282447338104, 0.04984520748257637, 0.1527683138847351, 0.018911555409431458, 0.9021183848381042, 0.44247347116470337, 0.0, 0.06957569718360901, 0.0, 1.7226917743682861, 0.1125825047492981, 0.3968754708766937, 0.5932604670524597, 0.07902230322360992, 0.0022862760815769434, 0.1611373871564865, 0.16155610978603363, 0.0670139268040657, 2.407242774963379, 0.5547338128089905, 0.15577471256256104, 0.029179325327277184, 0.16984519362449646, 0.05051741376519203, 2.119568109512329, 1.2771084308624268, 0.02544288896024227, 0.698148787021637, 0.18468743562698364, 0.13772639632225037, 0.1350010633468628, 1.343375325202942, 0.6271021366119385, 0.0, 0.14853215217590332, 0.00035599785041995347, 0.0, 0.036726828664541245, 0.004689810331910849, 0.0007906933315098286, 0.0, 2.5821170806884766, 0.1440832018852234, 1.6986706256866455, 0.05462008714675903, 0.3300818204879761, 0.23287247121334076, 0.6745121479034424, 1.0161068439483643, 0.016436824575066566, 0.0018258945783600211, 0.23872701823711395, 1.1451716423034668, 0.13697268068790436, 0.24833372235298157, 0.5101275444030762, 0.0, 0.29003387689590454, 0.018148615956306458, 0.20291616022586823, 0.6011098027229309, 0.11035698652267456, 0.20661257207393646, 0.21055176854133606, 0.0, 0.0, 0.0, 0.22540096938610077, 0.3310287594795227, 0.07392804324626923, 0.8827147483825684, 0.0, 1.0430532693862915, 0.6915596723556519, 0.3879556357860565, 0.0, 0.0, 0.2066504955291748, 0.2138703167438507, 0.0, 0.0, 0.15283378958702087, 0.02998250164091587, 0.011937443166971207, 0.09866872429847717, 0.06343314051628113, 0.8483270406723022, 0.1924283504486084, 0.02449655532836914, 0.09540363401174545, 0.41528499126434326, 0.0, 1.60422682762146, 0.055586665868759155, 0.09026762843132019, 0.019067594781517982, 0.06722170114517212, 0.022455167025327682, 0.0, 0.009631173685193062, 0.013903859071433544, 0.12775245308876038, 0.1486256867647171, 0.0, 0.19041472673416138, 0.010869826190173626, 0.8069134950637817, 1.2596650123596191, 2.2566301822662354, 3.5802619457244873, 1.4957729578018188, 0.26782017946243286, 0.4825579524040222, 0.10320907086133957, 0.12682344019412994, 0.7206851243972778, 0.9073410034179688, 0.007214745506644249, 2.2859652042388916, 0.14574652910232544, 0.7719296216964722, 0.8389095664024353, 1.0394532680511475, 0.301690936088562, 0.20922832190990448, 0.024242963641881943, 0.18759344518184662, 0.4100072383880615, 1.1050912141799927, 0.09458821266889572, 0.008187191560864449, 0.24499255418777466, 1.0714610815048218, 0.034190405160188675, 0.0, 1.6793804168701172, 0.0, 0.0, 0.15726515650749207, 0.00985475443303585, 0.9645703434944153, 0.14483241736888885, 0.013056531548500061, 0.45311495661735535, 1.4166406393051147, 0.3348279595375061, 1.1310278177261353, 0.9199338555335999, 2.3622446060180664, 0.12584497034549713, 0.6060318946838379, 0.2538524866104126, 0.45404404401779175, 0.3595554828643799, 0.11465568840503693, 0.41266515851020813, 0.2105095535516739, 2.8004791736602783, 0.1145026907324791, 0.060458119958639145, 0.007154669146984816, 0.22277653217315674, 0.12481126189231873, 0.08318550884723663, 0.03132043033838272, 0.6045204997062683, 0.00748240202665329, 1.3791143894195557, 0.7046951055526733, 0.022619053721427917, 0.09807001799345016, 0.03627666085958481, 0.1761227697134018, 0.5962423086166382, 0.39591941237449646, 0.033521220088005066, 0.0, 0.10973866283893585, 0.0, 0.0, 0.0768691897392273, 0.0, 0.2427869588136673, 0.10264775902032852, 1.7666670083999634, 0.0006493183900602162, 0.0, 0.35429075360298157, 0.8035878539085388, 0.04728323221206665, 0.016817506402730942, 0.07016829401254654, 0.3284144103527069, 0.016788745298981667, 0.2022392451763153, 0.0601799450814724, 0.057562749832868576, 0.08851870894432068, 0.09792429208755493, 0.42579400539398193, 0.8839794993400574, 1.7310632467269897, 0.08615633100271225, 0.7672833800315857, 0.24741604924201965, 0.01660032384097576, 0.5236546993255615, 0.31899234652519226, 0.31956928968429565, 0.19791677594184875, 0.0, 0.6214385628700256, 0.325006365776062, 0.0, 0.03675199672579765, 0.03497925028204918, 1.7317073345184326, 0.7202791571617126, 0.5902250409126282, 0.3526698052883148, 0.10088293999433517, 0.6836585402488708, 0.10261605679988861, 0.22507716715335846, 0.0, 0.0, 1.744911789894104, 0.7018261551856995, 0.009019005112349987, 0.18220317363739014, 1.0077818632125854, 0.0, 0.028831729665398598, 0.22217980027198792, 0.02993989735841751, 0.0, 0.15873408317565918, 0.25566354393959045, 0.22811025381088257, 1.0168826580047607, 1.1191082000732422, 0.0, 1.557645559310913, 0.0, 0.1508609652519226, 0.053502414375543594, 0.05186959356069565, 0.3312559425830841, 0.12215881049633026, 0.009859895333647728, 0.20328326523303986, 0.02360425889492035, 0.3575950860977173, 1.147921085357666, 0.07411874830722809, 0.7733686566352844, 0.2601674795150757, 0.1081996038556099, 0.0, 0.21898028254508972, 0.09371782839298248, 0.0, 0.7790900468826294, 1.442173957824707, 0.01549072191119194, 0.2592695355415344, 0.5140165686607361, 0.4000867009162903, 0.9088442921638489, 0.0760965570807457, 1.2426496744155884, 2.604438543319702, 0.022994715720415115, 0.1803525984287262, 0.40253978967666626, 1.08670973777771, 0.25432324409484863, 0.0, 0.0, 0.7204398512840271, 0.11713940650224686, 0.8522989749908447, 0.0, 0.3558197021484375, 0.521000862121582, 0.7024539113044739, 0.01708083227276802, 0.4002341330051422, 0.024468041956424713, 0.5613424181938171, 0.012248457409441471, 0.0, 1.3086131811141968, 0.2588912546634674, 0.02842406928539276, 1.0172972679138184, 2.676081418991089, 0.12234773486852646, 0.08699287474155426, 0.00995278637856245, 0.0, 0.0, 0.4387834072113037, 0.17040550708770752, 0.004122101701796055, 0.25462621450424194, 0.48485374450683594, 0.0, 0.0, 0.20574887096881866, 0.17723847925662994, 0.057090483605861664, 0.08200371265411377, 0.5341851115226746, 0.0, 0.50546795129776, 0.1617049127817154, 0.0, 0.12080120295286179, 1.1452078819274902, 0.05801592022180557, 1.9171340465545654, 0.1125585213303566, 0.03432636335492134, 0.0, 0.3923289179801941, 0.1720900684595108, 0.04773687198758125, 0.0, 1.258952021598816, 0.0, 0.5622100830078125, 0.05966545641422272, 0.0, 0.06331652402877808, 0.1205935999751091, 0.6839448809623718, 0.0, 0.0, 0.30223238468170166, 0.8131373524665833, 0.017807507887482643, 0.3758019506931305, 0.0, 0.2202027142047882, 0.0, 0.6111504435539246, 0.5510653853416443, 0.03245296701788902, 1.2947568893432617, 0.6755510568618774, 0.18381279706954956, 0.0, 0.022942470386624336, 0.0, 0.1392057090997696, 0.01819751039147377, 0.05006217956542969, 0.019994137808680534, 0.07138828188180923, 0.3641766905784607, 0.23257340490818024, 0.03457515686750412, 0.08848067373037338, 1.0369106531143188, 0.09639749675989151, 0.2284976840019226, 0.011596368625760078, 0.07823477685451508, 0.8876253366470337, 0.10000207275152206, 0.4977291524410248, 0.8015637993812561, 0.734129011631012, 0.7585248947143555, 0.03949829563498497, 0.958598792552948, 0.0, 0.17501729726791382, 0.8557935357093811, 2.178619384765625, 1.5515893697738647, 1.914992332458496, 1.7525066137313843, 0.0, 0.13615861535072327, 1.086611270904541, 0.429231733083725, 0.0, 0.02087143436074257, 0.08356227725744247, 0.34606513381004333, 0.0, 0.121333546936512, 0.17423579096794128, 0.06847206503152847, 0.23830193281173706, 0.3679748475551605, 0.14975705742835999, 0.030198214575648308, 0.09380599111318588, 1.656386375427246, 0.0, 0.14661628007888794, 0.06212984770536423, 0.46599307656288147, 0.28331631422042847, 0.17854472994804382, 0.1362234503030777, 0.3982284963130951, 2.0885322093963623, 2.2198030948638916, 0.0020119755063205957, 0.12517188489437103, 0.4390392601490021, 0.6097590327262878, 0.1195225790143013, 0.28966647386550903, 0.0, 0.24420714378356934, 0.8906334638595581, 0.47880545258522034, 0.24659641087055206, 0.1844857633113861, 0.10299429297447205, 0.08079183101654053, 0.0, 1.8981207609176636, 1.3681097030639648, 0.07548554986715317, 0.0, 0.0, 0.013445372693240643, 0.2576357126235962, 0.16870824992656708, 0.43004438281059265, 0.29530999064445496, 0.07410228252410889, 0.044556859880685806, 1.637690544128418, 0.0, 0.1311393529176712, 0.003765602596104145, 0.21444173157215118, 0.6444610953330994, 0.0513945110142231, 0.002355522010475397, 0.5765828490257263, 0.05152203515172005, 0.4885837137699127, 0.34344035387039185, 0.010560215450823307, 0.0, 0.45780450105667114, 0.09810084849596024, 0.6871302127838135, 0.04272768273949623, 0.0018029067432507873, 0.28773730993270874, 0.2609948515892029, 0.1580348163843155, 0.7008394002914429, 0.9196332097053528, 0.22816665470600128, 1.2704617977142334, 0.1426371932029724, 3.5671305656433105, 0.006686692126095295, 0.4726913571357727, 0.4118433892726898, 0.7865695357322693, 0.11204413324594498, 1.0264612436294556, 1.0066554546356201, 0.005384581629186869, 0.0725594162940979, 0.2150086611509323, 0.9528701901435852, 0.32109808921813965, 0.02715994603931904, 0.3363553285598755, 0.5587484836578369, 0.46826112270355225, 0.7600871324539185, 0.004464412108063698, 0.5604413151741028, 0.3720264136791229, 1.6900317668914795, 0.0, 0.2271547168493271, 0.33388519287109375, 0.4081672728061676, 0.0, 0.12250760197639465, 0.06457427144050598, 0.030788851901888847, 0.014835837297141552, 0.04576365649700165, 0.08524977415800095, 0.09859393537044525, 0.7526994943618774, 0.16077250242233276, 0.14443790912628174, 0.2122112512588501, 0.10381980985403061, 0.3657163083553314, 0.18929213285446167, 0.20435239374637604, 1.1174081563949585, 0.6440408825874329, 0.08805055171251297, 0.1063210740685463, 0.2364187091588974, 0.0, 1.21253502368927, 0.19359351694583893, 0.8830413222312927, 0.08574201911687851, 1.361292839050293, 0.27777114510536194, 0.0023598135448992252, 0.010487088933587074, 0.3361797630786896, 0.6884381771087646, 1.2046867609024048, 0.1983654797077179, 1.3988627195358276, 1.0484232902526855, 1.2503060102462769, 0.21193629503250122, 0.0, 0.05261904001235962, 0.06136731803417206, 0.016151322051882744, 0.0, 0.05798770487308502, 1.7242511510849, 0.0452723503112793, 1.3745441436767578, 0.8392713665962219, 1.9330605268478394, 0.3715919852256775, 0.15924909710884094, 0.45652228593826294, 1.373084545135498, 0.14155952632427216, 0.15731167793273926, 0.09215281903743744, 0.0, 0.0, 0.35655903816223145, 0.26905274391174316, 0.05478083714842796, 0.0, 0.7029711604118347, 0.4492981433868408, 0.27280688285827637, 1.0325863361358643, 0.4155063331127167, 0.0, 0.6203609704971313, 0.05468166992068291, 0.1822005808353424, 0.14889901876449585, 0.056881655007600784, 0.0, 0.0, 0.013936607167124748, 0.05527324974536896, 0.6466728448867798, 0.550930380821228, 2.9853932857513428, 0.2608061730861664, 0.40588584542274475, 2.929905414581299, 0.31841421127319336, 0.14287111163139343, 0.2281518280506134, 0.10930909216403961, 0.1708323210477829, 0.18011321127414703, 0.018181664869189262, 0.06419359892606735, 0.9031426310539246, 0.10631831735372543, 2.2219722270965576, 0.21298128366470337, 0.3131437599658966, 3.90736722946167, 0.2947794795036316, 0.5179756879806519, 0.3934449255466461, 0.10172531753778458, 0.47181764245033264, 0.7413685917854309, 0.5465204119682312, 0.5353875756263733, 0.019349053502082825, 0.015960322692990303, 0.41351091861724854, 0.8412537574768066, 0.27775317430496216, 0.0, 0.02785688079893589, 0.01624148152768612, 0.07712167501449585, 0.0, 0.052413612604141235, 0.028013385832309723, 0.0031444928608834743, 0.47179925441741943, 0.09994897246360779, 1.5880086421966553, 0.323787659406662, 0.0, 0.6507092714309692, 0.4540424644947052, 0.04584861174225807, 0.04513942822813988, 0.9512431621551514, 0.0, 0.06866789609193802, 0.8103525042533875, 0.0, 0.15486524999141693, 0.537132740020752, 0.02751343324780464, 1.4525717496871948, 0.0, 0.06588734686374664, 0.0, 1.0776170492172241, 1.0075619220733643, 0.06260194629430771, 0.0, 1.0007961988449097, 0.18591850996017456, 0.2549819052219391, 0.10171909630298615, 0.3517574071884155, 1.3276301622390747, 0.5756248235702515, 0.40898397564888, 0.08702582865953445, 2.669680118560791, 0.5364857912063599, 0.27823740243911743, 0.13367217779159546, 2.476058006286621, 0.1958356648683548, 2.1924822330474854, 0.3269999623298645, 0.03624960407614708, 0.12820935249328613, 0.13517791032791138, 1.3213014602661133, 0.16358189284801483, 0.0, 0.6571429371833801, 0.0, 0.2580680549144745, 0.45099055767059326, 0.08664242178201675, 0.16074156761169434, 0.1677214354276657, 2.000845193862915, 0.13726603984832764, 0.05496835708618164, 0.0019006608054041862, 0.08679234236478806, 0.7586926817893982, 1.2168707847595215, 0.10911466926336288, 0.0, 0.2824971675872803, 0.11071838438510895, 0.2393113374710083, 0.48751476407051086, 0.008762169629335403, 0.13365718722343445, 0.10372946411371231, 0.4856577515602112, 0.12168074399232864, 0.00524440361186862, 0.011051608249545097, 0.3498696982860565, 0.08437522500753403, 0.5446187853813171, 0.01635093428194523, 0.0, 2.8500211238861084, 0.2007245570421219]",Testing/glioma_tumor/image(90).jpg
"[0.24449259042739868, 0.6921477317810059, 0.02038748189806938, 0.4056263267993927, 0.8177624344825745, 1.738431692123413, 2.631929636001587, 0.21889761090278625, 0.021672574803233147, 0.0, 0.26631638407707214, 0.496123343706131, 0.04672219976782799, 0.2767564356327057, 0.597731351852417, 0.042154643684625626, 0.11913695931434631, 2.41615629196167, 1.1335077285766602, 0.13036011159420013, 0.16287381947040558, 0.5109370350837708, 0.08037304133176804, 0.138452410697937, 0.5391597151756287, 0.6859803199768066, 1.1587464809417725, 0.11342582106590271, 0.0, 0.30083975195884705, 0.06636931002140045, 2.08161997795105, 0.17747364938259125, 0.3085697591304779, 1.80500066280365, 1.213382601737976, 0.35108235478401184, 0.1227276474237442, 0.06892859935760498, 0.6781260967254639, 0.4764162302017212, 0.13259431719779968, 0.01919666677713394, 0.5597378611564636, 0.13275116682052612, 0.6362583637237549, 0.11618766188621521, 0.6973932981491089, 0.15643411874771118, 0.2863615155220032, 0.8290174603462219, 0.14055079221725464, 1.5951590538024902, 0.3093704283237457, 0.8176602721214294, 1.6703643798828125, 0.8788782358169556, 0.48924520611763, 0.6562756299972534, 0.0, 0.7253319621086121, 0.9885383248329163, 0.314644455909729, 0.01143498346209526, 0.021359071135520935, 0.2708020508289337, 0.5399022698402405, 0.017594177275896072, 0.07360167056322098, 0.8273388743400574, 0.17662417888641357, 0.0, 0.0983375757932663, 2.606456995010376, 0.0, 0.0709308385848999, 2.849733829498291, 0.2726652920246124, 0.07755832374095917, 0.971818745136261, 0.003168305614963174, 0.11321862041950226, 0.4597001075744629, 0.18360672891139984, 0.6494796276092529, 0.16464385390281677, 2.119246006011963, 0.06868065893650055, 0.011398646049201488, 0.02745889686048031, 1.6295994520187378, 0.12725730240345, 2.1649250984191895, 1.4122775793075562, 0.3032180964946747, 0.249458447098732, 0.007416424807161093, 0.7355005741119385, 0.15100274980068207, 0.4958376884460449, 1.4527270793914795, 0.13795709609985352, 0.2723000645637512, 0.05401862785220146, 1.4729344844818115, 0.03427460789680481, 1.3899873495101929, 0.49887615442276, 0.23913346230983734, 1.0566421747207642, 0.3498789668083191, 0.08613833785057068, 0.3294216990470886, 0.1308787316083908, 0.4067497253417969, 0.2078285813331604, 0.013536210171878338, 0.24609248340129852, 0.5322835445404053, 0.6675946116447449, 0.005004425533115864, 0.15687598288059235, 0.03685292974114418, 0.15638601779937744, 0.1873902529478073, 0.45987024903297424, 0.5606410503387451, 0.27182191610336304, 1.9267123937606812, 0.0, 0.001453171018511057, 0.3631017208099365, 0.17559950053691864, 0.6857451796531677, 0.22384269535541534, 0.23054087162017822, 0.18451912701129913, 0.08378203213214874, 0.501372218132019, 0.4990067780017853, 0.4734419882297516, 1.8342870473861694, 0.48437178134918213, 0.3814343810081482, 1.0799660682678223, 1.271660566329956, 0.04530051350593567, 3.241044759750366, 0.7255207896232605, 0.10870002210140228, 0.8885741233825684, 0.21528029441833496, 0.23056571185588837, 0.10025139153003693, 0.15902896225452423, 0.7177838683128357, 0.07438917458057404, 0.5894768238067627, 3.1927287578582764, 0.008020790293812752, 1.0605443716049194, 0.22299355268478394, 0.06874830275774002, 0.2649577260017395, 0.07564093917608261, 0.4064091145992279, 0.46747004985809326, 0.1660453826189041, 0.6373006701469421, 7.0344438552856445, 1.546470284461975, 0.2118997722864151, 0.0, 1.7340248823165894, 0.7107032537460327, 1.0632426738739014, 0.11157980561256409, 0.478598415851593, 0.482831209897995, 0.12914079427719116, 0.0728558674454689, 0.18186849355697632, 0.01257934421300888, 0.0835791602730751, 0.10413581132888794, 0.0, 0.030198028311133385, 0.9196144938468933, 0.22876915335655212, 0.054623350501060486, 0.1459752917289734, 1.2677377462387085, 0.030788101255893707, 0.06475776433944702, 0.8066597580909729, 0.1132529005408287, 2.3042843341827393, 0.2621957063674927, 0.04021095857024193, 0.1771981567144394, 0.002859093714505434, 0.44497236609458923, 1.960785984992981, 0.31294819712638855, 1.688697338104248, 0.09464002400636673, 0.042540840804576874, 0.03457411378622055, 0.20571696758270264, 0.17839843034744263, 0.1251695454120636, 1.7541834115982056, 0.0017355120508000255, 0.8009200096130371, 0.39283323287963867, 0.5757346749305725, 1.5528620481491089, 0.07418034225702286, 0.19491349160671234, 0.0011385362595319748, 0.9014073014259338, 0.34226229786872864, 0.9951000809669495, 0.5163566470146179, 0.00728512043133378, 0.3518652319908142, 0.07351178675889969, 0.31142204999923706, 2.3679540157318115, 0.0533992238342762, 0.2834237515926361, 0.6702404618263245, 0.18327607214450836, 0.0, 0.04146059229969978, 0.440274178981781, 0.06086408719420433, 0.10175181180238724, 0.28260064125061035, 0.12670175731182098, 0.48190367221832275, 2.234546184539795, 2.538710832595825, 0.08143813908100128, 0.36832186579704285, 0.5176216959953308, 2.241314172744751, 2.346205949783325, 0.19187690317630768, 0.6702649593353271, 1.1342426538467407, 0.381762832403183, 0.20961813628673553, 0.7888692021369934, 0.46049046516418457, 0.6509695053100586, 0.526417076587677, 2.972954273223877, 0.18992926180362701, 1.0473793745040894, 0.2476639300584793, 0.2523438632488251, 0.10888613760471344, 0.14826133847236633, 0.0, 0.10831139981746674, 0.0, 0.045476313680410385, 0.05923953279852867, 0.03456529602408409, 0.7269042730331421, 0.0, 0.6700721979141235, 0.17456017434597015, 2.1760122776031494, 0.5897155404090881, 0.10335250943899155, 0.6104870438575745, 1.012919545173645, 0.36521264910697937, 1.342538595199585, 2.071500778198242, 0.6377817988395691, 0.25549495220184326, 0.11434455960988998, 0.8394993543624878, 0.04512850195169449, 0.06879068911075592, 0.33731064200401306, 0.6753659844398499, 0.43603476881980896, 1.0207351446151733, 0.02230897732079029, 0.2552473247051239, 0.10350185632705688, 0.5808870792388916, 0.5057527422904968, 0.034267835319042206, 0.2763659656047821, 2.1980648040771484, 0.145374596118927, 0.00472411559894681, 3.815418243408203, 0.1035291776061058, 2.8032000064849854, 1.2323259115219116, 1.1659964323043823, 0.1926051527261734, 0.904585599899292, 0.2659376859664917, 0.7598448991775513, 1.0164369344711304, 0.45714661478996277, 0.011045173741877079, 0.2814770042896271, 0.5523722767829895, 1.124350905418396, 0.05009593814611435, 0.12433376163244247, 0.16749358177185059, 1.0793561935424805, 1.7677903175354004, 0.33770766854286194, 0.26207172870635986, 0.36940956115722656, 0.10584210604429245, 0.12390346825122833, 0.209822416305542, 2.5922164916992188, 0.6722414493560791, 0.0513007678091526, 0.5007622241973877, 1.1663484573364258, 0.06397746503353119, 0.014952019788324833, 0.006688984110951424, 2.0900261402130127, 0.45374375581741333, 1.2122081518173218, 0.18051578104496002, 1.545494556427002, 8.957240061135963e-05, 0.0, 0.15263229608535767, 0.0, 0.48078984022140503, 0.3781683146953583, 0.09317906945943832, 0.0881238579750061, 1.687845230102539, 0.012479468248784542, 0.6591209769248962, 0.22522252798080444, 0.06937462836503983, 0.0451839342713356, 0.052291933447122574, 0.16669026017189026, 0.0034649712033569813, 0.11231797933578491, 1.963994026184082, 0.02266574464738369, 0.7065865397453308, 0.7915694713592529, 0.14741329848766327, 1.205701231956482, 0.8661549687385559, 0.15383309125900269, 0.01965729147195816, 1.6485185623168945, 0.8129994869232178, 0.4525609612464905, 0.06744469702243805, 0.6659757494926453, 0.034704145044088364, 0.7966901063919067, 0.38925856351852417, 1.073246955871582, 2.6820058822631836, 0.05896194279193878, 0.0006991503178142011, 0.1291038542985916, 0.24391818046569824, 0.20013047754764557, 0.10792101919651031, 0.1418672353029251, 0.6164794564247131, 5.30330753326416, 0.8988597393035889, 0.044461339712142944, 0.6589096784591675, 0.000747471465729177, 0.36425745487213135, 1.054133415222168, 1.9946802854537964, 0.8519085645675659, 1.1070255041122437, 0.039112139493227005, 1.461949348449707, 0.7568275928497314, 3.618865728378296, 0.6062708497047424, 0.0021611209958791733, 0.02502765879034996, 0.9167771339416504, 0.0, 3.5372068881988525, 0.1348438709974289, 0.14452305436134338, 0.39101535081863403, 0.07928445190191269, 0.36933183670043945, 0.051473651081323624, 0.12436714768409729, 0.06738050282001495, 0.1286746859550476, 0.8568059206008911, 0.02186407893896103, 1.3862524032592773, 0.15973147749900818, 0.008203888311982155, 0.6207036972045898, 0.07981668412685394, 0.512719988822937, 1.7999672889709473, 0.13495197892189026, 0.2230219542980194, 1.1986744403839111, 0.6539359092712402, 0.17462202906608582, 0.1517987698316574, 1.5510820150375366, 0.0, 0.8643167614936829, 0.6193629503250122, 4.1885175704956055, 0.051842834800481796, 0.011224517598748207, 2.3101046085357666, 1.5835682153701782, 0.19072411954402924, 0.2769155502319336, 0.15509019792079926, 0.9073283672332764, 0.42935359477996826, 0.30901506543159485, 0.3020433485507965, 2.220717668533325, 0.7846851944923401, 0.3217674791812897, 0.2958003282546997, 0.5757098197937012, 0.1818389892578125, 0.3437246084213257, 0.0058958702720701694, 0.061631642282009125, 0.7893387079238892, 0.6860265135765076, 0.24292470514774323, 0.033594146370887756, 2.1970767974853516, 0.5336334109306335, 2.5172183513641357, 0.1004767119884491, 0.24176868796348572, 0.7331074476242065, 1.2314916849136353, 0.031535133719444275, 1.328110933303833, 0.2264307141304016, 0.3735017478466034, 0.8489589095115662, 0.01938461698591709, 0.010941675864160061, 0.3369310200214386, 0.42364728450775146, 0.051401276141405106, 0.7105423212051392, 0.15646101534366608, 0.00900421291589737, 2.7707207202911377, 1.8284913301467896, 0.4345315098762512, 0.6073703765869141, 0.8276864886283875, 0.07151641696691513, 1.219490647315979, 0.04898461699485779, 0.03557905927300453, 0.2414608746767044, 0.0, 1.6329402923583984, 2.110456705093384, 0.4001038074493408, 0.05451567843556404, 1.2800902128219604, 0.03810909017920494, 0.0, 0.16501395404338837, 0.13033902645111084, 0.16495001316070557, 0.47565412521362305, 0.6262584328651428, 0.10630965977907181, 4.102722644805908, 0.18642190098762512, 0.09362708032131195, 0.7926933765411377, 0.0, 0.1100139319896698, 0.036379292607307434, 0.10974500328302383, 0.5339609384536743, 0.31795182824134827, 0.13151371479034424, 0.7781254649162292, 0.3171548545360565, 1.5272579193115234, 0.19567643105983734, 0.23583818972110748, 0.20840898156166077, 0.015532685443758965, 1.5030453205108643, 0.556172251701355, 0.543942928314209, 0.020894072949886322, 0.5155921578407288, 0.25336357951164246, 0.0, 3.977541446685791, 3.4274532794952393, 0.11533947288990021, 3.1450583934783936, 0.29834941029548645, 0.9144625663757324, 0.0, 0.06769904494285583, 8.720573425292969, 0.12872901558876038, 1.3178023099899292, 0.5253576040267944, 0.0419093556702137, 0.2787402272224426, 0.26615309715270996, 0.46243417263031006, 0.6282612681388855, 1.9957667589187622, 0.023674918338656425, 0.08592539280653, 1.1400107145309448, 0.004757992923259735, 0.7995551824569702, 0.13689732551574707, 0.07723869383335114, 0.028288064524531364, 0.002251065568998456, 1.3637455701828003, 0.9163742065429688, 0.1633089929819107, 0.18268826603889465, 0.258678138256073, 1.2745769023895264, 0.7123659253120422, 0.38311344385147095, 0.08021043241024017, 0.06543290615081787, 0.31456446647644043, 0.27072393894195557, 0.22306792438030243, 3.70721435546875, 0.5623267889022827, 0.002932519419118762, 0.13500097393989563, 1.3362483978271484, 0.060873694717884064, 0.06835025548934937, 0.3804013729095459, 0.11326564103364944, 0.12972597777843475, 0.7305323481559753, 0.2128581553697586, 1.7143614292144775, 0.0, 0.15450981259346008, 0.15151731669902802, 0.0, 0.0, 0.9037842750549316, 0.016126887872815132, 0.0, 0.09348789602518082, 0.027943868190050125, 0.6933544874191284, 0.537581741809845, 0.011941958218812943, 0.11295903474092484, 0.04045937582850456, 0.30289167165756226, 0.03575805947184563, 0.006261657923460007, 0.7309322953224182, 0.09096352010965347, 0.1575251817703247, 2.097050428390503, 1.9894964694976807, 0.3854282796382904, 0.0, 0.9744301438331604, 0.2568231225013733, 0.6604382395744324, 1.7162988185882568, 1.0971628427505493, 0.5608269572257996, 0.5789669156074524, 0.022467896342277527, 0.0035716562997549772, 0.6976743936538696, 0.0, 0.26784342527389526, 0.10260642319917679, 0.6424486041069031, 1.0402777194976807, 0.10627616196870804, 0.2994815707206726, 1.4564621448516846, 0.07918678969144821, 0.5426183342933655, 0.18457596004009247, 0.0349414087831974, 0.050664786249399185, 0.06418517976999283, 0.06149579957127571, 0.10805121064186096, 0.07683175057172775, 0.6879318952560425, 0.045064084231853485, 0.057977866381406784, 0.3280039429664612, 0.0, 0.0, 0.033020906150341034, 0.43201664090156555, 0.11115831136703491, 0.0, 0.504868745803833, 0.0, 1.0354983806610107, 2.891772508621216, 1.3626612424850464, 0.1709578037261963, 0.0, 0.5712850689888, 0.40083274245262146, 0.039658281952142715, 0.0, 3.023695230484009, 0.6856637001037598, 0.38237303495407104, 0.8518277406692505, 0.02755552902817726, 0.050209760665893555, 2.2708280086517334, 0.21252389252185822, 0.29773515462875366, 1.6846745014190674, 0.8386545181274414, 0.5058934092521667, 3.0523624420166016, 0.2774409353733063, 0.22049181163311005, 0.014719539321959019, 0.22934578359127045, 0.5662682056427002, 0.15141081809997559, 0.4549753665924072, 0.33650121092796326, 0.09600986540317535, 0.21473661065101624, 0.5034533739089966, 0.26326650381088257, 2.927371025085449, 0.5611144304275513, 0.1141558289527893, 0.030415337532758713, 0.009798233397305012, 0.9117724895477295, 0.48349544405937195, 0.2714203894138336, 0.26432809233665466, 1.6780805587768555, 0.16106314957141876, 0.28199782967567444, 0.23069323599338531, 0.0, 0.10364625602960587, 0.009306124411523342, 0.10298340022563934, 2.0253491401672363, 1.1682623624801636, 0.1439306139945984, 0.33229610323905945, 0.310377299785614, 0.03578456491231918, 0.6200076341629028, 0.45274221897125244, 0.16865640878677368, 0.24547365307807922, 0.4962036609649658, 1.694223165512085, 0.8607673645019531, 0.0025436319410800934, 2.953892230987549, 0.06606883555650711, 2.3341290950775146, 0.0, 0.5445597171783447, 0.6130012273788452, 0.04741285368800163, 0.0, 0.0, 0.0007275050738826394, 1.5467692613601685, 1.6627205610275269, 0.24972382187843323, 0.636504054069519, 0.8334432244300842, 1.3527109622955322, 0.079337939620018, 0.798882007598877, 0.34751322865486145, 0.565704345703125, 1.0062716007232666, 0.012689911760389805, 1.0633512735366821, 0.09731754660606384, 0.5985797643661499, 0.3893836736679077, 0.7673957943916321, 0.693693995475769, 0.4597317576408386, 0.20257416367530823, 0.10808604955673218, 1.3732787370681763, 1.4711271524429321, 2.1504721641540527, 0.2611013650894165, 0.3139583468437195, 0.006715729366987944, 0.0, 0.24095027148723602, 0.005260333884507418, 1.241324782371521, 0.9594951272010803, 0.9819591045379639, 0.0023268850054591894, 1.7817250490188599, 0.466318279504776, 0.33804064989089966, 0.20052826404571533, 0.1538284569978714, 0.2015475183725357, 0.8716901540756226, 0.6725265979766846, 0.15517646074295044, 0.8702353835105896, 0.09705150127410889, 0.62977534532547, 0.34312716126441956, 0.8585414290428162, 1.057596206665039, 1.380796194076538, 0.21120187640190125, 0.0, 0.3939436674118042, 0.022036269307136536, 0.1323728859424591, 0.5984168648719788, 0.000799283676315099, 0.059858761727809906, 0.606303334236145, 2.6376798152923584, 0.38636457920074463, 2.277338981628418, 1.0018771886825562, 0.0310331042855978, 0.4071919620037079, 0.6202166080474854, 4.8581976890563965, 0.21112096309661865, 0.2853679656982422, 0.14459443092346191, 0.37995389103889465, 0.3806080222129822, 0.04253039136528969, 0.21240611374378204, 1.284056544303894, 1.2196569442749023, 0.1550789624452591, 0.0, 0.4784257709980011, 0.3368573784828186, 0.2646803855895996, 0.0, 0.224527046084404, 0.48899462819099426, 0.0, 1.8933900594711304, 1.05784010887146, 0.21146433055400848, 0.29706358909606934, 0.5299981832504272, 0.1887034922838211, 0.14040639996528625, 0.7346740365028381, 0.05614640936255455, 0.6822363138198853, 0.0, 1.4135819673538208, 1.280549168586731, 0.08986601233482361, 0.028690829873085022, 0.0013863821513950825, 0.2588026225566864, 1.810678243637085, 0.0, 0.3939763009548187, 1.4401865005493164, 0.07403410971164703, 0.8340891599655151, 0.4229377508163452, 2.0281405448913574, 0.04416614770889282, 0.4719425439834595, 0.3320414423942566, 0.07535277307033539, 0.1742740124464035, 3.579868793487549, 0.12114722281694412, 0.01389206200838089, 0.062302116304636, 0.910062849521637, 0.02367669716477394, 0.17747080326080322, 0.17015215754508972, 0.5383380055427551, 2.143724203109741, 0.43218159675598145, 0.338787704706192, 0.5461599230766296, 0.0026120799593627453, 1.6547257900238037, 0.0, 0.380185604095459, 0.6126160025596619, 0.2456417828798294, 0.0, 0.44973841309547424, 0.008604205213487148, 0.201241597533226, 1.2416939735412598, 2.230847120285034, 0.513136088848114, 0.11053014546632767, 0.4458465278148651, 0.0177815742790699, 0.7364202737808228, 0.2639240324497223, 1.0160655975341797, 0.5450084209442139, 0.939837634563446, 5.149497032165527, 1.155334234237671, 0.1301167607307434, 0.0, 0.06070330739021301, 2.1708829402923584, 1.1041326522827148, 0.08231619745492935, 0.30303138494491577, 0.3639208674430847, 1.1422598361968994, 0.5700868368148804, 3.2079904079437256, 0.2104385793209076, 0.07452841848134995, 0.4458186626434326, 0.07408354431390762, 1.317163109779358, 0.8084663152694702, 0.7007239460945129, 0.057416390627622604, 0.0, 0.6372414827346802, 0.17651371657848358, 0.01755002699792385, 0.153208926320076, 0.035456378012895584, 1.466343879699707, 0.06856919080018997, 0.1319814920425415, 0.24411951005458832, 0.06824520975351334, 1.0040932893753052, 0.054527271538972855, 0.5400809645652771, 3.443302631378174, 0.19164007902145386, 0.07222598791122437, 1.4805216789245605, 0.07694737613201141, 0.2503902316093445, 0.06017044931650162, 0.057638805359601974, 0.10777943581342697, 1.1505928039550781, 0.01860238052904606, 1.0443745851516724, 0.8506999611854553, 1.017971396446228, 0.25889140367507935, 0.0036804992705583572, 0.04271985962986946, 0.36009737849235535, 0.14502468705177307, 0.34543243050575256, 0.016968097537755966, 0.007815074175596237, 0.6303675770759583, 1.0214838981628418, 1.3525638580322266, 0.480121374130249, 0.5762466788291931, 0.5020344257354736, 0.4299118220806122, 0.016619253903627396, 1.1947691440582275, 0.8236932754516602, 0.0859544649720192, 1.3460111618041992, 0.06837757676839828, 0.0, 0.3492969572544098, 0.009852779097855091, 0.07810382544994354, 0.34496012330055237, 0.3345942199230194, 0.023014165461063385, 0.7190810441970825, 1.2266939878463745, 0.0, 1.261646032333374, 0.0, 0.0, 0.007878018543124199, 0.0028303861618041992, 0.35299161076545715, 0.10331284254789352, 0.024424031376838684, 0.6101984977722168, 0.0546221062541008, 0.23938927054405212, 0.031415291130542755, 0.0, 0.0, 0.32217732071876526, 0.2928152084350586, 1.7953290939331055, 0.28085947036743164, 0.5572652220726013, 0.00279437517747283, 0.0, 0.05116209760308266, 0.7002789378166199, 0.0016090237768366933, 0.2191915363073349, 0.06169643625617027, 0.2602633237838745, 0.3076002597808838, 0.03155731409788132, 1.4438508749008179, 0.2763059437274933, 0.08514562249183655, 0.5406898856163025, 0.31212157011032104, 1.341455101966858, 1.5930932760238647, 0.06894801557064056, 0.6347358822822571, 0.0, 0.3265766203403473, 0.2004924714565277, 0.0, 0.16352488100528717, 0.00048658798914402723, 0.3552253246307373, 0.12542138993740082, 0.0, 0.0, 0.037192780524492264, 0.29389816522598267, 0.09795447438955307, 3.1594908237457275, 1.7730815410614014, 1.5856815576553345, 1.325667142868042, 0.6470670700073242, 4.630041599273682, 1.0382757186889648, 0.3183092474937439, 2.1999595165252686, 0.002705795457586646, 0.6671183705329895, 0.0, 3.364154815673828, 0.8324793577194214, 0.09716689586639404, 0.3257448077201843, 0.3277352750301361, 0.07237209379673004, 0.6595072746276855, 1.5412338972091675, 0.014420635998249054, 0.42884624004364014, 0.016301749274134636, 0.012639009393751621, 1.0161356925964355, 0.01293164398521185, 0.49012523889541626, 0.6205763816833496, 0.30153393745422363, 0.9075639843940735, 0.39607691764831543, 0.03909700736403465, 0.029150722548365593, 1.41148841381073, 0.03439735993742943, 0.14159315824508667, 0.0, 0.14235830307006836, 0.03385655954480171, 0.6375935077667236, 0.46848490834236145, 0.24078284204006195, 1.4833663702011108, 0.0, 0.08117420226335526, 0.04228163883090019, 0.4532690644264221, 0.008146151900291443, 0.03780358284711838, 0.012227722443640232, 0.006727359723299742, 0.19101358950138092, 0.1310735046863556, 1.1883480548858643, 0.7325652837753296, 0.2630893290042877, 0.23993130028247833, 1.1241321563720703, 2.0976200103759766, 0.3865090608596802, 0.0765179693698883, 0.2787936329841614, 0.0, 0.025087911635637283, 0.3636603355407715, 0.04621506854891777, 0.9960527420043945, 0.03176574409008026, 0.0, 0.26978278160095215, 0.407926082611084, 0.6341646313667297, 0.18288588523864746, 0.013208379969000816, 0.2787018418312073, 0.2833065390586853, 0.05994059145450592, 0.2059374451637268, 0.08363217860460281, 0.505327045917511, 1.1866137981414795, 0.6894562244415283, 0.10474659502506256, 0.6852096915245056, 0.09335464984178543, 0.07519868016242981, 2.0804483890533447, 1.2993295192718506, 4.749785900115967, 0.0, 0.13554070889949799, 0.23178713023662567, 0.2619169056415558, 0.4060283303260803, 2.085834264755249, 0.05421815440058708, 0.0, 0.03988554701209068, 0.008075548335909843, 0.05522214248776436, 0.031973738223314285, 0.22635725140571594, 0.5087173581123352, 0.4855327308177948, 0.4565877616405487, 0.2829339802265167, 0.126569002866745, 0.02024363912642002, 0.0, 1.7282646894454956, 0.0877322182059288, 0.645026445388794, 0.7641893625259399, 0.1844080537557602, 0.837895393371582, 0.531694233417511, 0.02166222222149372, 0.0, 0.6066402792930603, 0.0, 1.036989450454712, 0.6353581547737122, 0.021415438503026962, 0.47482016682624817, 0.0025336546823382378, 0.12233531475067139, 0.028268616646528244, 0.7553472518920898, 0.5390722155570984, 1.9519270658493042, 0.0, 0.48171567916870117, 0.29920804500579834, 0.5639494061470032, 0.1224171370267868, 0.0, 0.0018326457357034087, 0.0, 0.13888798654079437, 0.20196321606636047, 0.035009801387786865, 1.1883738040924072, 2.105405330657959, 0.0, 0.0002067040477413684, 0.0, 0.18418781459331512, 0.0, 0.10598370432853699, 0.27951765060424805, 0.8385356068611145, 0.39902612566947937, 0.5868591070175171, 1.1789530515670776, 1.8030059337615967, 0.08841434866189957, 0.07565860450267792, 0.010670389048755169, 0.12179096043109894, 0.7025228142738342, 0.26743701100349426, 0.36474257707595825, 0.11224008351564407, 0.22689270973205566, 0.6458450555801392, 0.0, 1.0453969240188599, 0.05636455491185188, 0.10765756666660309, 0.21150487661361694, 0.7608342170715332, 0.014427690766751766, 0.06498560309410095, 0.024830691516399384, 0.23805081844329834, 0.4922303855419159, 0.05950941890478134, 0.10980460047721863, 0.13593868911266327, 0.6052871942520142, 0.04918606951832771, 0.21130947768688202, 0.14288544654846191, 0.15619060397148132, 0.05562688037753105, 0.07867972552776337, 0.04427868127822876, 1.09210205078125, 0.38683462142944336, 0.05720099061727524, 1.4205920696258545, 0.08115176856517792, 0.5606738328933716, 0.09511032700538635, 0.1358589082956314, 1.2140456438064575, 0.30907633900642395, 0.425158828496933, 0.11172591149806976, 0.2547365427017212, 0.5394812226295471, 0.08439919352531433, 0.32978448271751404, 0.03091447241604328, 1.3781671524047852, 0.38791921734809875, 0.4299451410770416, 0.27259498834609985, 0.8678181171417236, 1.0484892129898071, 1.3686283826828003, 0.002653676550835371, 3.212881326675415, 0.5413720607757568, 0.0, 0.1385183334350586, 0.02758852392435074, 0.024120759218931198, 0.0, 0.35167691111564636, 0.04718395322561264, 1.08918297290802, 0.06546009331941605, 0.5534940361976624, 0.9246165156364441, 0.06202096492052078, 0.34568116068840027, 0.42819735407829285, 0.2275783121585846, 0.44578078389167786, 0.332717627286911, 0.04231433570384979, 0.03083825297653675, 1.0719070434570312, 0.04557094722986221, 0.0, 0.019268197938799858, 0.0, 1.2832533121109009, 0.41390088200569153, 0.6268649101257324, 1.7215536832809448, 1.230820655822754, 3.1570534706115723, 0.948376476764679, 0.014200001023709774, 0.07287069410085678, 0.6925468444824219, 0.030241355299949646, 0.14895083010196686, 0.5625515580177307, 0.5082027912139893, 0.0, 0.0026961127296090126, 0.6457362174987793, 0.017186680808663368, 0.7497075796127319, 0.1843622922897339, 0.2863712012767792, 0.32139819860458374, 0.5549825429916382, 0.008127725683152676, 0.42323723435401917, 1.101733922958374, 0.6782073974609375, 2.091200828552246, 2.2326934337615967, 6.013774871826172, 1.5760679244995117, 0.5911095142364502, 0.06444381177425385, 1.2722139358520508, 1.9362844228744507, 1.349003791809082, 0.13854774832725525, 0.1566053032875061, 0.0690150186419487, 1.26642906665802, 0.20527228713035583, 0.24756203591823578, 0.6758483648300171, 1.0257349014282227, 3.1315906047821045, 0.11533685773611069, 0.013843142427504063, 1.7016844749450684, 0.12684257328510284, 0.45356202125549316, 0.36519575119018555, 0.24149596691131592, 0.3378332555294037, 0.05894333869218826, 0.47966355085372925, 0.2955910563468933, 0.4018005132675171, 0.17154771089553833, 0.06260630488395691, 0.8831024169921875, 0.0, 0.0, 2.2052359580993652, 0.2912151515483856, 0.1572696566581726, 0.6015426516532898, 0.07546717673540115, 0.0, 0.017049092799425125, 0.11411945521831512, 0.028285153210163116, 1.2660362720489502, 0.5933454036712646, 0.04781447723507881, 0.09653138369321823, 0.01736229844391346, 1.447567105293274, 0.11980654299259186, 0.32204681634902954, 0.0183570459485054, 0.561635434627533, 0.9518416523933411, 1.7535604238510132, 0.07618550956249237, 0.09519273042678833, 0.0, 0.5550480484962463, 0.30229848623275757, 0.279767245054245, 0.0, 0.2097146362066269, 0.12333155423402786, 1.1477866172790527, 0.016984445974230766, 0.73676598072052, 1.191980242729187, 0.006323824170976877, 0.11099265515804291, 0.4634284973144531, 0.8981150984764099, 0.07074970006942749, 0.21216988563537598, 0.2906930446624756, 0.48650431632995605, 0.3511033356189728, 0.0, 0.10866397619247437, 0.9042107462882996, 0.030696941539645195, 0.10168225318193436, 0.7630745768547058, 0.715339183807373, 0.19096459448337555, 0.7919631600379944, 1.895096778869629, 0.2559788227081299, 0.7673978209495544, 0.24807898700237274, 0.08169446885585785, 0.6437878012657166, 0.679747462272644, 0.10118728131055832, 0.9921935796737671, 0.6080924272537231, 0.06395034492015839, 0.3003031611442566, 0.12115547806024551, 1.4745014905929565, 0.05338892713189125, 0.03979061171412468, 1.3542290925979614, 0.26239213347435, 0.33800700306892395, 0.6428806185722351, 0.4135451912879944, 0.0015724654076620936, 3.3453989028930664, 1.4566740989685059, 0.3567159175872803, 0.0, 0.06412190198898315, 0.0, 1.9505378007888794, 1.0678905248641968, 0.04626959562301636, 1.0191705226898193, 0.023953786119818687, 0.030173350125551224, 0.31176215410232544, 0.5265088677406311, 0.1177743524312973, 0.06878083944320679, 0.10964900255203247, 0.0, 0.19237378239631653, 0.031839802861213684, 0.0, 0.16971047222614288, 0.030427884310483932, 0.6227415204048157, 0.33038532733917236, 0.2403041124343872, 0.179498553276062, 0.745246946811676, 0.28679558634757996, 0.9975120425224304, 0.44228604435920715, 0.0, 0.12878628075122833, 0.5087944865226746, 0.23483093082904816, 0.002901926403865218, 0.9424033761024475, 0.3421117067337036, 0.6732574701309204, 0.002069013426080346, 0.01928575709462166, 0.6740541458129883, 0.08757145702838898, 3.520803689956665, 0.5327858328819275, 1.312203049659729, 2.1218197345733643, 1.4261045455932617, 0.0, 0.2714950442314148, 0.07109876722097397, 0.10308526456356049, 0.8241184949874878, 0.04813126102089882, 1.746964693069458, 2.3613431453704834, 0.7220399975776672, 0.03413328900933266, 0.0, 1.6756128072738647, 0.09655442833900452, 0.0, 0.0, 0.0, 0.015052955597639084, 0.2810738980770111, 0.5578709244728088, 0.0, 1.53055739402771, 0.11516736447811127, 0.2311229556798935, 0.09097032994031906, 1.004277229309082, 0.0038390038534998894, 0.24916808307170868, 0.0, 0.19654585421085358, 0.01024109497666359, 0.44373247027397156, 0.46386808156967163, 0.0, 0.053568337112665176, 0.19206243753433228, 0.12157948315143585, 0.05634450539946556, 0.8050094246864319, 0.5130068063735962, 0.3698996305465698, 0.6064580082893372, 0.4555985927581787, 1.1620535850524902, 0.754706621170044, 1.0904484987258911, 0.12834233045578003, 0.48534074425697327, 0.010060301050543785, 0.048258062452077866, 0.03636370971798897, 1.1633635759353638, 0.15910875797271729, 0.45825955271720886, 0.1849658340215683, 2.671928882598877, 0.09838110208511353, 1.0509408712387085, 0.11472377181053162, 0.3716433346271515, 0.12890422344207764, 0.014450482092797756, 1.5452146530151367, 0.3360753655433655, 0.01249648816883564, 0.0, 0.2910851836204529, 0.3632420003414154, 0.04087167978286743, 0.11234980076551437, 0.031674206256866455, 0.03762998431921005, 0.35111871361732483, 2.1980090141296387, 0.019418463110923767, 2.3060946464538574, 0.5057878494262695, 0.013799905776977539, 1.5322656631469727, 0.0037417046260088682, 0.3880222737789154, 0.09697306156158447, 2.4760847091674805, 2.6740760803222656, 0.3664480745792389, 0.0, 0.06606940925121307, 1.313891053199768, 0.04935900866985321, 0.029414638876914978, 2.7040228843688965, 0.044045787304639816, 1.5519944429397583, 0.0764702633023262, 0.0, 0.21254515647888184, 0.38486507534980774, 0.21716223657131195, 0.14462780952453613, 0.30970126390457153, 0.0010958740022033453, 0.05080513656139374, 1.9669712781906128, 0.33070769906044006, 0.3435893952846527, 0.43893346190452576, 0.15490734577178955, 0.19817204773426056, 2.3589529991149902, 0.3805733025074005, 0.03758052736520767, 0.0, 0.23190149664878845, 0.060290124267339706, 0.0, 0.8591666221618652, 0.2772084176540375, 0.017925817519426346, 0.07364661246538162, 0.8750496506690979, 0.0, 0.004325404297560453, 0.2536674737930298, 0.034305427223443985, 1.4002965688705444, 0.04895966500043869, 0.4883185923099518, 0.6138799786567688, 0.0, 1.8873484134674072, 0.6843149662017822, 0.5793284177780151, 0.034901369363069534, 0.26569846272468567, 0.26634398102760315, 1.2278223037719727, 2.4887025356292725, 1.5752373933792114, 0.0, 0.0989702120423317, 0.24131081998348236, 0.043835222721099854, 0.09778697043657303, 0.15019378066062927, 0.4621559977531433, 0.07065507024526596, 0.0526658371090889, 0.2261645793914795, 0.0, 0.06615812331438065, 0.9583684206008911, 0.08178815990686417, 0.29241079092025757, 0.02100432850420475, 1.0542891025543213, 0.9641475081443787, 0.2075089067220688, 0.12902690470218658, 1.590762734413147, 0.002189256716519594, 0.12123419344425201, 0.8280099630355835, 0.7507146000862122, 0.2797722816467285, 0.3646319508552551, 2.6086621284484863, 0.13689863681793213, 1.2310764789581299, 0.37402671575546265, 0.09495626389980316, 0.3824905455112457, 0.978937029838562, 0.3528865873813629, 0.2776540219783783, 0.2341809719800949, 0.4099680483341217, 0.07697323709726334, 1.2232002019882202, 0.09177291393280029, 0.7837122082710266, 0.4649074971675873, 1.0391837358474731, 0.3107120096683502, 0.09849056601524353, 0.08480162173509598, 0.31117895245552063, 0.09287659823894501, 0.23007729649543762, 1.4953287839889526, 0.10460851341485977, 1.1431629657745361, 1.487089991569519, 0.061859238892793655, 0.1448289155960083, 0.0, 0.0009809562470763922, 0.0, 0.12002836167812347, 0.0, 0.10491059720516205, 0.02742905355989933, 0.8643247485160828, 1.5580174922943115, 0.33975091576576233, 0.5188645720481873, 0.14015567302703857, 0.8878212571144104, 0.0, 0.09186092019081116, 0.060122426599264145, 1.2507039308547974, 0.3112605810165405, 0.6581530570983887, 0.016965899616479874, 1.7728898525238037, 0.18081626296043396, 0.6099278926849365, 0.6658983826637268, 0.2069758176803589, 0.6850817799568176, 0.48543718457221985, 1.6586683988571167, 0.17106881737709045, 0.035351116210222244, 0.6492351293563843, 0.2432495653629303, 0.028054382652044296, 0.9235382080078125, 0.7904761433601379, 0.6632013916969299, 0.05642746388912201, 4.292380332946777, 3.947352170944214, 0.21045613288879395, 0.012242852710187435, 0.0, 0.4273459315299988, 0.06737298518419266, 0.031849175691604614, 0.0, 0.06810568273067474, 0.445141464471817, 0.47407111525535583, 0.8684237003326416, 0.1427328884601593, 0.16296494007110596, 0.5401501059532166, 0.005509654060006142, 0.3281741738319397, 0.0, 0.14970621466636658, 0.754020631313324, 0.0, 0.0, 2.6909191608428955, 2.4937727451324463, 0.1822916567325592, 0.3945237100124359, 0.09717559069395065, 0.09050130099058151, 0.1926230937242508, 0.003611795837059617, 0.07498109340667725, 0.02074235863983631, 0.9321120977401733, 0.03762955591082573, 1.0750809907913208, 0.8233919739723206, 0.15944917500019073, 0.15279965102672577, 0.10556396096944809, 0.4498845338821411, 0.0, 0.9869799017906189, 1.9304722547531128, 0.3343340754508972, 0.0, 2.161036491394043, 0.0, 0.06840693950653076, 0.30220434069633484, 0.2744852900505066, 0.46283507347106934, 0.0, 1.3352878093719482, 0.480278879404068, 1.8733505010604858, 0.0016371839446946979, 0.006623102817684412, 0.0, 0.07755928486585617, 0.0, 0.13136976957321167, 0.43861767649650574, 0.009561271406710148, 0.16623055934906006, 0.4484328329563141, 0.041104014962911606, 0.0475458987057209, 0.7522484064102173, 0.09041780233383179, 0.0581224299967289, 0.04762653261423111, 0.40421080589294434, 1.1199955940246582, 0.5634879469871521, 0.1195102110505104, 0.03097120113670826, 1.4424282312393188, 0.04635530710220337, 1.893837332725525, 2.047633409500122, 0.003353683277964592, 0.33683496713638306, 0.9363188743591309, 0.04847372695803642, 2.5758543014526367, 0.39467981457710266, 1.680452823638916, 0.005932294763624668, 0.03411576524376869, 0.060266368091106415, 0.47535207867622375, 1.0625560283660889, 0.12312588095664978, 1.2149473428726196, 0.22755642235279083, 0.07345855236053467, 1.4829107522964478, 1.2547763586044312, 0.16833052039146423, 0.03020932897925377, 0.20528435707092285, 0.08507391065359116, 0.22428500652313232, 0.2472420483827591, 0.5592694282531738, 0.0, 0.4830704629421234, 0.03408726677298546, 1.8530421257019043, 0.0037927457597106695, 0.40891507267951965, 0.44785064458847046, 0.14016778767108917, 0.6587892770767212, 0.7958211898803711, 0.0, 0.5656289458274841, 0.5287615060806274, 0.8127538561820984, 0.07329972088336945, 0.09530855715274811, 0.062042172998189926, 0.03904262185096741, 8.067627906799316, 1.7963136434555054, 1.5121346712112427, 0.1629774123430252, 0.02405259758234024, 0.04460255056619644, 0.1772940456867218, 0.9200844168663025, 0.15025551617145538, 0.12546975910663605, 0.046218834817409515, 0.16712495684623718, 3.2359566688537598, 0.522591233253479, 0.3830762207508087, 0.5389477014541626, 0.1664937287569046, 0.5386545658111572, 0.0951613038778305, 0.03578990325331688, 0.1249132826924324, 0.11059070378541946, 0.014518244192004204, 0.1711588054895401, 1.3313171863555908, 0.7390104532241821, 0.2526998817920685, 0.25275298953056335, 0.0, 0.30293193459510803, 0.6486194729804993, 0.08715610206127167, 0.0, 0.1170465499162674, 0.822349488735199, 2.2518720626831055, 0.2838277220726013, 0.9685167670249939, 1.163298487663269, 1.6090052127838135, 0.5843561291694641, 0.05909813567996025, 0.45662015676498413, 0.7124400734901428, 1.5434672832489014, 0.01841847598552704, 2.359309196472168, 0.008403228595852852, 0.2973342537879944, 0.029990877956151962, 0.9302510023117065, 0.23389960825443268, 0.12366962432861328, 0.28927019238471985, 0.0, 0.5408140420913696, 0.14101430773735046, 1.4968992471694946, 0.1664283573627472, 0.25077855587005615, 0.14910846948623657, 0.3825570046901703, 0.1378665417432785, 0.3283313512802124, 0.028269590809941292, 0.24023467302322388, 0.8928632140159607, 0.5819920301437378, 0.9101972579956055, 0.05837206915020943, 0.4733632206916809, 0.029560189694166183, 0.13197371363639832, 0.869378387928009, 0.11807851493358612, 0.007599212694913149, 0.003538270480930805, 0.3338897228240967, 0.0024757045321166515, 0.6523771286010742, 1.523592233657837, 0.12533977627754211, 0.17532481253147125, 0.05899154767394066, 0.13129204511642456, 0.020447863265872, 0.38112351298332214, 0.2997872531414032, 0.37663984298706055, 0.3854159414768219, 0.23910978436470032, 0.26904797554016113, 0.09525497257709503, 0.12431732565164566, 0.02407226711511612, 0.19881223142147064, 2.469468116760254, 0.20860892534255981, 1.315677523612976, 0.06396416574716568, 2.289583206176758, 0.0, 0.734047532081604, 1.1703263521194458, 0.8871372938156128, 0.06919015198945999, 0.25719159841537476, 0.8503031134605408, 3.20987868309021, 0.015563853085041046, 0.0, 0.03450297191739082, 0.14222855865955353, 0.1390669345855713, 0.15058761835098267, 0.06313448399305344, 1.3280900716781616, 0.07249630987644196, 0.18960794806480408, 1.291403889656067, 1.1961582899093628, 0.09327322244644165, 0.7112222909927368, 0.3317256569862366, 0.48894771933555603, 0.1656850278377533, 0.01940452866256237, 0.24646201729774475, 0.22726981341838837, 0.03704804927110672, 0.599504292011261, 0.3838627338409424, 0.08581720292568207, 0.578680157661438, 0.04334590956568718, 0.2992059290409088, 0.2631562352180481, 0.21000297367572784, 0.390056312084198, 0.05128353089094162, 1.6368992328643799, 0.8493441343307495, 0.037528861314058304, 0.0, 0.17391228675842285, 4.4540483941091225e-05, 0.012175941839814186, 0.11085034161806107, 0.19003009796142578, 0.16209664940834045, 1.1018856763839722, 1.3205353021621704, 0.6689310669898987, 0.35397669672966003, 1.7316399812698364, 0.4875587821006775, 0.07767985016107559, 0.26213109493255615, 0.2762972414493561, 0.4745056629180908, 0.0, 0.08736199140548706, 0.024820849299430847, 0.3962153494358063, 0.034449197351932526, 0.14527738094329834, 0.03623965010046959, 0.0, 3.081476926803589, 0.18168024718761444, 0.3827030658721924, 0.25971150398254395, 0.288287490606308, 0.5597456097602844, 0.0, 0.964270830154419, 0.09806432574987411, 0.03370460867881775, 0.1316048502922058, 0.014216359704732895, 0.2820954918861389, 1.8324583768844604, 0.08340079337358475, 0.22511741518974304, 0.0, 0.06797626614570618, 0.455642968416214, 0.3466135561466217, 0.4086324870586395, 0.4243301451206207, 0.27352431416511536, 0.172488272190094, 0.5873906016349792, 0.6636499166488647, 0.09452144801616669, 0.9999644756317139, 1.0542796850204468, 0.19604657590389252, 0.3351723849773407, 3.1905744075775146, 0.5983507037162781, 0.8180180788040161, 1.4748338460922241, 0.0, 0.5834674835205078, 0.5455195903778076, 0.07212428003549576, 0.06530719995498657, 0.04927827790379524, 0.7047983407974243, 0.0, 2.4962964057922363, 0.33404067158699036, 0.280709445476532, 1.3998360633850098, 1.1570807695388794, 0.7240086793899536, 0.02627764455974102, 0.0, 0.9929898977279663, 0.10237035900354385, 0.6774556636810303, 0.9099159836769104, 0.2155911922454834, 0.6802476644515991, 0.17217577993869781, 1.2528629302978516, 0.26549404859542847, 2.8484599590301514, 0.08788111805915833, 1.3544906377792358, 0.3153780996799469, 0.11020460724830627, 0.21328112483024597, 3.3194775581359863, 0.3265857398509979, 0.31323593854904175, 0.2327648401260376, 1.5388215780258179, 0.915844202041626, 0.1423739194869995, 0.27476948499679565, 0.413869708776474, 0.3351576328277588, 0.22142936289310455, 0.3892960548400879, 0.03145425766706467, 0.2892867624759674, 0.0, 1.072933554649353, 0.09139831364154816, 0.6996935606002808, 0.05796940624713898, 0.2144857943058014, 0.8115953803062439, 0.4560337960720062, 1.5320907831192017, 0.1677640974521637, 0.07189960777759552, 1.7604252099990845, 0.0, 0.19058576226234436, 0.052833858877420425, 0.30084776878356934, 1.5733824968338013, 0.07094414532184601, 0.13315682113170624, 1.5292861461639404, 0.02838943526148796, 0.008837960660457611, 1.7337048053741455, 0.27253249287605286]",Testing/glioma_tumor/image(92).jpg
"[0.5721679925918579, 1.8990650177001953, 0.03877386450767517, 1.1125235557556152, 0.6501677632331848, 0.5973362326622009, 2.3334240913391113, 0.3091484308242798, 0.010922271758317947, 0.0, 0.07844776660203934, 0.36354777216911316, 0.07771199941635132, 0.705234944820404, 0.9021837115287781, 0.015435505658388138, 0.07300670444965363, 1.5194859504699707, 1.4424279928207397, 0.30723580718040466, 0.0, 1.089034914970398, 0.2886728048324585, 0.0, 0.11478181928396225, 0.40723901987075806, 1.3676530122756958, 0.5265701413154602, 0.4826338291168213, 0.04328007996082306, 0.007261473219841719, 0.025901593267917633, 1.9985004663467407, 1.2316917181015015, 0.8112344741821289, 3.8166391849517822, 0.6963455080986023, 0.0, 0.04795330390334129, 1.667207956314087, 0.5323985815048218, 2.9183340072631836, 0.5750151872634888, 0.08308380842208862, 0.35643553733825684, 0.022324372082948685, 0.22292129695415497, 0.06672732532024384, 1.2069748640060425, 0.08252442628145218, 1.4250646829605103, 0.49993041157722473, 0.5808489918708801, 0.33050626516342163, 2.812074899673462, 1.1297893524169922, 7.426523685455322, 0.10406094789505005, 1.0192097425460815, 0.05158320069313049, 0.12041711807250977, 1.2862367630004883, 0.11633719503879547, 0.11643927544355392, 0.07121946662664413, 0.0, 0.604957640171051, 0.2966797649860382, 0.8003732562065125, 0.11003026366233826, 0.01177765429019928, 0.0, 0.1319722980260849, 2.2586252689361572, 0.318437784910202, 0.02529410645365715, 0.029573019593954086, 0.24071307480335236, 0.014433113858103752, 0.10468211770057678, 0.0, 0.09718776494264603, 2.9253551959991455, 0.28296351432800293, 0.8165212869644165, 0.03314147889614105, 2.136941432952881, 0.18372982740402222, 0.0, 0.09715773165225983, 2.1049039363861084, 1.1355676651000977, 1.4237854480743408, 1.3304558992385864, 0.08813939988613129, 0.16106975078582764, 0.22576574981212616, 0.3926534950733185, 0.5275645852088928, 0.0, 0.0661291852593422, 0.231838658452034, 0.6702855229377747, 0.24296124279499054, 1.3844006061553955, 0.08293696492910385, 0.6317363381385803, 2.1462104320526123, 0.08646497875452042, 0.13547584414482117, 0.5221848487854004, 0.32728955149650574, 0.013071702793240547, 0.5735764503479004, 1.365314245223999, 0.004067048896104097, 0.20019958913326263, 0.6721490621566772, 2.192025661468506, 0.3837420344352722, 0.0026398873887956142, 0.27877306938171387, 0.20736102759838104, 0.15501202642917633, 1.3260703086853027, 0.24894528090953827, 0.027403824031352997, 1.2177079916000366, 2.6507151126861572, 0.0536411814391613, 0.03641398251056671, 1.6347336769104004, 0.4163985848426819, 1.053922414779663, 0.5409014821052551, 0.18076546490192413, 0.1497415453195572, 0.020701013505458832, 1.1229408979415894, 0.16350072622299194, 0.10021129250526428, 0.2475050687789917, 0.01369624212384224, 0.26577064394950867, 1.1513159275054932, 0.3056197166442871, 0.06409988552331924, 3.7206764221191406, 1.7809091806411743, 0.08876825869083405, 1.016893982887268, 0.16531115770339966, 1.4268418550491333, 0.6647160053253174, 0.10615934431552887, 1.1066726446151733, 0.0, 0.7166885137557983, 0.2132795751094818, 0.05277956649661064, 0.8510276079177856, 0.243721142411232, 0.0, 0.9010295271873474, 0.12040970474481583, 0.3633580207824707, 0.6018210053443909, 0.0, 0.1716054230928421, 11.836856842041016, 0.05823725461959839, 1.0441808700561523, 0.0, 1.6036900281906128, 3.5491878986358643, 0.9865606427192688, 0.14856956899166107, 0.25282517075538635, 1.1401188373565674, 0.10268786549568176, 0.884929895401001, 0.04979291185736656, 0.545911967754364, 0.04565712809562683, 0.39994290471076965, 0.6389955282211304, 1.4319955110549927, 1.9146844148635864, 0.3068932592868805, 0.0, 0.191665381193161, 0.6069830060005188, 0.0, 0.07824641466140747, 0.8876246213912964, 0.2000880390405655, 0.8675902485847473, 1.4052327871322632, 0.0, 0.0, 0.968995213508606, 0.3588910698890686, 1.0012829303741455, 1.6841751337051392, 1.5602998733520508, 0.09011723846197128, 0.07112129032611847, 0.021203897893428802, 2.4504597187042236, 0.012661532498896122, 0.9114128947257996, 1.519574522972107, 0.05225549265742302, 0.2502449154853821, 0.45729386806488037, 0.0029641827568411827, 0.721477746963501, 1.143998146057129, 0.28939709067344666, 0.16323734819889069, 0.7165621519088745, 0.0017421975499019027, 0.51007080078125, 0.07979489117860794, 0.006407594308257103, 0.7027429938316345, 0.019651833921670914, 0.019494205713272095, 1.2217811346054077, 0.1192394345998764, 0.4428310692310333, 0.07425165176391602, 0.9242479205131531, 0.10382169485092163, 0.14606615900993347, 0.2616177499294281, 0.3177664279937744, 0.5838635563850403, 0.11619597673416138, 0.5778226852416992, 0.14684560894966125, 1.1711485385894775, 0.11335236579179764, 0.38827624917030334, 0.19728940725326538, 0.9071940183639526, 0.19662787020206451, 0.7415821552276611, 0.052678439766168594, 0.3659420311450958, 2.8861563205718994, 0.02165287360548973, 1.5322738885879517, 0.3693070411682129, 1.0197211503982544, 0.09085690975189209, 0.06438137590885162, 0.5391238331794739, 0.3992736339569092, 1.2119029760360718, 0.025853151455521584, 0.41359975934028625, 1.0556919574737549, 0.051629241555929184, 0.0, 3.4611213207244873, 0.07419010251760483, 0.3348208963871002, 0.0, 0.12321796268224716, 0.13831770420074463, 0.4898781180381775, 0.32173389196395874, 0.16290955245494843, 1.0419976711273193, 1.0927809476852417, 0.8455511331558228, 0.25508686900138855, 0.5027413368225098, 1.0613447427749634, 0.529689610004425, 2.1988937854766846, 2.126783847808838, 0.4209536015987396, 0.12240216881036758, 0.43360745906829834, 1.4419361352920532, 0.05876700580120087, 0.3475491404533386, 0.3465474247932434, 0.33642375469207764, 0.13969983160495758, 0.0, 0.16260308027267456, 0.09059331566095352, 3.052656888961792, 0.19441208243370056, 0.0764070600271225, 0.004425618331879377, 0.8034645915031433, 1.0986075401306152, 0.39664652943611145, 0.867390513420105, 0.33325842022895813, 0.18326981365680695, 2.211320638656616, 0.2952984869480133, 0.07896576821804047, 0.8791192770004272, 0.13899347186088562, 0.27014821767807007, 0.07014352083206177, 1.8216445446014404, 0.031033409759402275, 0.2697349786758423, 0.6213976740837097, 0.5647495985031128, 0.4818762540817261, 0.12346328049898148, 0.0233283843845129, 0.615595817565918, 1.3117793798446655, 1.6436643600463867, 0.0, 2.0457122325897217, 0.2477961629629135, 0.12389665096998215, 0.19666053354740143, 6.124151706695557, 1.766486644744873, 0.7043523788452148, 0.19599667191505432, 0.17146913707256317, 0.016041988506913185, 0.4031546711921692, 0.029478009790182114, 1.4270273447036743, 0.70833820104599, 0.41065576672554016, 0.08456221222877502, 1.388993263244629, 0.08051861077547073, 0.022050024941563606, 1.3452727794647217, 0.015271591022610664, 1.2469784021377563, 0.5762631297111511, 0.5669459700584412, 0.15481644868850708, 1.1730828285217285, 0.0, 0.9022652506828308, 1.1346889734268188, 0.07207764685153961, 2.1078591346740723, 0.14484409987926483, 0.0376090332865715, 0.13455364108085632, 0.4017699956893921, 1.5138767957687378, 0.09981540590524673, 0.17276819050312042, 0.7879424691200256, 0.08083788305521011, 0.977846086025238, 1.016484022140503, 0.02907719835639, 0.12974560260772705, 7.037156581878662, 1.1718955039978027, 0.12182058393955231, 0.36284536123275757, 0.265243798494339, 1.5167661905288696, 0.034645192325115204, 1.678585410118103, 0.1923554539680481, 3.5784761905670166, 0.00992064829915762, 0.013382692821323872, 1.4714890718460083, 0.04318271204829216, 0.3753387928009033, 1.088892936706543, 0.012316051870584488, 0.5797488689422607, 1.2184200286865234, 3.2335197925567627, 0.0, 0.16513575613498688, 0.08002062886953354, 0.5083315968513489, 0.047049280256032944, 1.4762365818023682, 0.3378240168094635, 0.32860511541366577, 0.4499790370464325, 1.2016836404800415, 0.07785213738679886, 1.856122374534607, 1.4489208459854126, 0.06456151604652405, 0.07313418388366699, 0.3036063313484192, 0.03978697583079338, 0.5687654614448547, 1.8378113508224487, 0.04148690402507782, 0.3821336328983307, 0.010048051364719868, 1.6379567384719849, 0.11772042512893677, 0.016280876472592354, 0.3628986179828644, 0.12923245131969452, 3.153336524963379, 0.03359837830066681, 0.3211008608341217, 1.5768239498138428, 0.26927193999290466, 1.6521484851837158, 0.06205577403306961, 0.07189011573791504, 0.18411566317081451, 0.6326046586036682, 0.009090029634535313, 0.8485318422317505, 0.45471081137657166, 0.37927043437957764, 0.21679483354091644, 0.7377949953079224, 0.5878031849861145, 0.9777861833572388, 0.2992219924926758, 1.8732267618179321, 0.5694522261619568, 0.01742948777973652, 1.5652871131896973, 2.013824701309204, 0.012325841933488846, 0.0, 0.24477127194404602, 0.5882133841514587, 0.25969061255455017, 0.21293742954730988, 0.29181355237960815, 0.1898489147424698, 0.43798092007637024, 0.0, 1.0440963506698608, 0.16361598670482635, 0.32059016823768616, 0.20515753328800201, 0.014267322607338428, 0.5853066444396973, 0.5506574511528015, 0.13314960896968842, 0.7326462268829346, 0.036762088537216187, 1.1710008382797241, 0.2689609229564667, 0.8896952867507935, 0.03899775445461273, 0.5261932015419006, 0.010685852728784084, 0.3288247585296631, 1.271909475326538, 0.9863831400871277, 0.34929680824279785, 0.6283509731292725, 0.6631849408149719, 0.0, 1.6291528940200806, 1.1318551301956177, 0.5052945613861084, 0.11548186093568802, 1.0482044219970703, 0.0783042460680008, 0.0, 0.5969688892364502, 0.9542543292045593, 0.43829095363616943, 3.309169292449951, 0.19486446678638458, 0.07558254152536392, 0.0, 0.23894938826560974, 0.011294647119939327, 0.0, 0.01079561747610569, 0.3880695104598999, 0.18980538845062256, 0.4419111907482147, 0.0, 0.15868337452411652, 0.506996750831604, 0.142777681350708, 0.05665100738406181, 0.5290353894233704, 0.3131612539291382, 0.18328642845153809, 1.3989810943603516, 0.019382422789931297, 2.6407859325408936, 0.011776112020015717, 1.0791269540786743, 0.33276763558387756, 0.08842195570468903, 0.35571375489234924, 0.8033531308174133, 0.04805287718772888, 0.2280707061290741, 0.271983802318573, 0.2539573311805725, 0.4834941029548645, 0.292828768491745, 0.7227516770362854, 0.0, 0.4127786457538605, 0.10489444434642792, 0.0, 1.346764087677002, 0.17046940326690674, 1.8410004377365112, 0.0, 0.22263528406620026, 0.256139874458313, 0.47088751196861267, 0.7611839771270752, 0.28380683064460754, 0.06690170615911484, 0.6604639887809753, 2.643220901489258, 1.7244511842727661, 0.12235501408576965, 0.5250612497329712, 3.3862454891204834, 0.939857006072998, 2.1129579544067383, 0.12612184882164001, 0.0228964164853096, 1.2149178981781006, 0.3570125997066498, 0.054070357233285904, 1.1616483926773071, 1.9534598588943481, 0.18788202106952667, 0.050118815153837204, 0.5623773336410522, 0.09257015585899353, 0.21049955487251282, 0.18274171650409698, 0.3528449535369873, 0.36114010214805603, 1.7006434202194214, 1.6355695724487305, 0.45736923813819885, 0.035897593945264816, 1.1179918050765991, 0.321288526058197, 0.3750266134738922, 0.6012733578681946, 0.23036840558052063, 0.16236060857772827, 0.18839232623577118, 0.5248214602470398, 1.1724700927734375, 0.5828574895858765, 1.4620238542556763, 0.0784023329615593, 0.04796766862273216, 0.07822816073894501, 1.1276214122772217, 0.28890734910964966, 0.015048479661345482, 1.2132850885391235, 0.28511279821395874, 0.24383196234703064, 0.05198705568909645, 0.0707211121916771, 2.364112138748169, 0.0, 0.012567272409796715, 0.22536589205265045, 0.01616252213716507, 0.01587277092039585, 0.9092322587966919, 0.12492259591817856, 0.7210223078727722, 0.11146491020917892, 0.10875517874956131, 0.07442577928304672, 0.24278368055820465, 0.013655653223395348, 0.03673389181494713, 0.3675737679004669, 0.0, 0.0, 0.04021061584353447, 0.0, 1.9117276679025963e-05, 0.32862722873687744, 1.3121612071990967, 0.9053176641464233, 0.011025217361748219, 0.11162987351417542, 0.15714363753795624, 0.09596582502126694, 0.3865746855735779, 1.5728663206100464, 1.9735041856765747, 0.8878687024116516, 0.020050885155797005, 0.4941340386867523, 0.12646876275539398, 0.18906159698963165, 0.049605317413806915, 1.2489885091781616, 0.2625730335712433, 0.23550593852996826, 1.7272948026657104, 0.23183579742908478, 0.3345222473144531, 2.099701166152954, 0.4686141610145569, 0.0, 0.04121891409158707, 0.027367662638425827, 0.0, 1.3155752420425415, 0.0, 0.0, 0.0, 0.7657604813575745, 0.3624870181083679, 0.0, 0.9357588887214661, 0.0, 0.1254693865776062, 1.1419169902801514, 1.3235065937042236, 0.3484106659889221, 0.10065602511167526, 0.2600472867488861, 0.354300320148468, 2.6583778858184814, 0.3134152889251709, 0.13503195345401764, 0.0, 0.06193310022354126, 0.049748580902814865, 2.260171890258789, 1.2864998579025269, 0.07234635204076767, 3.688157320022583, 0.18198339641094208, 0.3369109630584717, 0.020780008286237717, 0.0, 0.44749563932418823, 0.21030539274215698, 2.114755630493164, 0.08266808092594147, 2.1123788356781006, 4.481998443603516, 0.48562026023864746, 8.05953311920166, 0.6413030624389648, 0.045422740280628204, 0.0, 1.5536807775497437, 0.2866770327091217, 0.01304364949464798, 0.20676760375499725, 0.678824782371521, 0.41297876834869385, 0.0, 0.899714469909668, 0.9307911396026611, 1.237771987915039, 1.138742446899414, 0.19342900812625885, 0.06090356037020683, 0.004174452740699053, 0.5005434155464172, 1.0013644695281982, 0.19099485874176025, 0.4342160224914551, 1.5083507299423218, 0.07018334418535233, 0.9295250773429871, 0.11059567332267761, 1.4745433330535889, 0.5119787454605103, 0.04396993666887283, 0.9170379638671875, 0.3520435392856598, 0.20966298878192902, 0.10604778677225113, 0.07117247581481934, 0.20028045773506165, 0.020774539560079575, 0.6096155643463135, 0.264819860458374, 0.12826862931251526, 0.0, 1.1941784620285034, 0.5876592397689819, 1.4459222555160522, 0.3503457307815552, 1.8020902872085571, 0.043128855526447296, 0.4454032778739929, 0.490858793258667, 0.3125123381614685, 0.12730157375335693, 0.0, 0.030784502625465393, 0.12096387147903442, 0.45441433787345886, 0.671143651008606, 2.7228219509124756, 0.44456443190574646, 0.0, 0.25689059495925903, 1.3991129398345947, 0.5292394161224365, 0.3467767536640167, 1.0255635976791382, 1.3966978788375854, 0.22942811250686646, 0.007213979493826628, 0.0, 0.0843655914068222, 1.084223747253418, 0.8686109185218811, 0.11113109439611435, 0.6570041179656982, 0.17586788535118103, 0.022198913618922234, 0.14527499675750732, 0.6683961749076843, 0.9485417008399963, 2.1363275051116943, 0.5832405686378479, 0.7186439037322998, 0.0, 0.0, 0.2875553071498871, 0.44588518142700195, 0.11528217792510986, 2.4670681953430176, 0.3388791084289551, 0.11109038442373276, 1.7445855140686035, 0.9240447878837585, 0.0847434401512146, 0.16651885211467743, 0.6706047654151917, 0.19512102007865906, 1.588581919670105, 0.008936628699302673, 0.6529171466827393, 1.2239797115325928, 0.3254677951335907, 0.07390172779560089, 1.0987696647644043, 0.017154036089777946, 2.2992947101593018, 0.0, 0.1405182033777237, 0.04543581232428551, 0.23418261110782623, 0.5788378119468689, 0.019941296428442, 0.5739701390266418, 0.27163559198379517, 0.39940619468688965, 0.2055036574602127, 0.6588699817657471, 0.184443861246109, 0.6508786678314209, 0.84578937292099, 0.29465192556381226, 0.3759979009628296, 0.5906557440757751, 0.7586294412612915, 0.0, 0.19883479177951813, 0.4624442756175995, 0.17988747358322144, 0.2836669087409973, 0.05871271714568138, 0.11906327307224274, 0.8856857419013977, 0.5826401114463806, 0.09005565196275711, 0.3143366575241089, 1.435316801071167, 0.2800389528274536, 0.12430210411548615, 0.004204589407891035, 0.10853148251771927, 1.0620273351669312, 0.0023401975631713867, 0.08741502463817596, 1.756831407546997, 0.6380481123924255, 0.41588881611824036, 0.08388782292604446, 0.613398551940918, 0.09660349786281586, 3.2843852043151855, 0.03609732538461685, 1.2032283544540405, 0.006172798108309507, 4.444321155548096, 0.18504652380943298, 0.054958317428827286, 0.0, 1.2292743921279907, 0.04682968929409981, 0.08075617998838425, 0.2574343681335449, 0.930785059928894, 1.6407989263534546, 0.15123216807842255, 0.0, 1.5288615226745605, 1.0328850746154785, 0.23683002591133118, 0.049184925854206085, 0.4586655795574188, 0.6939963698387146, 0.6370421051979065, 3.688663959503174, 0.00366977765224874, 0.3147192597389221, 0.0, 0.6886970400810242, 0.056683678179979324, 0.03445854038000107, 0.9615438580513, 2.723750591278076, 0.10033652186393738, 0.37602782249450684, 0.0010241586714982986, 0.2966429591178894, 0.4907151758670807, 0.994162917137146, 0.0, 0.31238704919815063, 0.5381739735603333, 0.1613418608903885, 0.05187661200761795, 0.17570452392101288, 0.35410651564598083, 0.0, 1.5033533573150635, 0.5621191263198853, 2.694671630859375, 0.6170286536216736, 0.84034264087677, 0.11841390281915665, 1.1647895574569702, 0.002492160303518176, 1.9802545309066772, 0.014636908657848835, 0.8769105672836304, 1.8665579557418823, 0.6204658150672913, 0.7249280214309692, 0.0011896064970642328, 0.15005646646022797, 0.8408622741699219, 0.2569315433502197, 0.22528718411922455, 0.4032582640647888, 0.8853062987327576, 0.9763563275337219, 0.17553168535232544, 0.10799049586057663, 0.07184947282075882, 0.0, 0.24052952229976654, 0.9395962357521057, 0.6714276671409607, 0.17853370308876038, 0.19161410629749298, 0.03882545977830887, 0.0, 0.21976502239704132, 0.0077553256414830685, 0.04347161203622818, 0.6078920960426331, 0.04529571160674095, 0.0, 0.5913037061691284, 0.39645153284072876, 0.8263792991638184, 0.08264321833848953, 0.49687182903289795, 0.0, 0.35303691029548645, 1.5417972803115845, 0.03392051160335541, 0.37634479999542236, 0.3456188142299652, 0.5898293852806091, 0.40156516432762146, 0.2331228107213974, 0.0, 0.044730380177497864, 0.25686076283454895, 0.013393725268542767, 1.327742099761963, 0.5487594604492188, 0.06734982132911682, 1.6690291166305542, 0.0, 0.27928635478019714, 3.2040598392486572, 0.0019686417654156685, 0.39869728684425354, 0.2018665075302124, 0.5576934218406677, 0.7381190657615662, 0.17082667350769043, 3.3771889209747314, 0.6111879944801331, 0.08309239894151688, 1.277504324913025, 0.31933772563934326, 0.23263394832611084, 0.09482025355100632, 2.171671152114868, 0.16862310469150543, 0.7520257830619812, 0.3001177906990051, 0.3529660701751709, 0.5753001570701599, 0.004691990092396736, 0.08423764258623123, 2.0398197174072266, 0.24256965517997742, 1.4022791385650635, 0.18001922965049744, 0.09616896510124207, 0.042807940393686295, 0.28900080919265747, 0.0, 0.059536997228860855, 0.8044759035110474, 1.210410475730896, 0.022520288825035095, 0.13501021265983582, 0.6023470759391785, 0.2548277974128723, 0.18264834582805634, 0.0, 0.1425079107284546, 0.18047137558460236, 0.223475843667984, 0.7079768180847168, 0.057739850133657455, 0.5578495860099792, 1.3733067512512207, 0.023734651505947113, 1.0910600423812866, 0.30908018350601196, 0.06591430306434631, 0.8017715215682983, 0.0, 0.2963917851448059, 0.147149920463562, 0.2469121813774109, 0.23315644264221191, 0.11723635345697403, 3.001521587371826, 0.2265782207250595, 0.4540574252605438, 0.4811462163925171, 0.3525204062461853, 0.283511757850647, 0.9431828856468201, 0.027689725160598755, 0.042636774480342865, 0.1497570425271988, 0.08286377042531967, 0.10043773055076599, 0.44166645407676697, 0.002411847235634923, 0.049476899206638336, 0.13757625222206116, 1.0158079862594604, 0.12636202573776245, 0.0, 0.10391257703304291, 0.5796705484390259, 0.10565926879644394, 2.384976387023926, 3.4581220149993896, 0.4765417277812958, 1.0212557315826416, 0.02231203205883503, 1.1201292276382446, 0.3650612235069275, 0.17853064835071564, 1.7118688821792603, 0.07950755208730698, 0.06638867408037186, 0.0, 0.1732533723115921, 0.6581312417984009, 0.023607585579156876, 0.5469631552696228, 0.10992012917995453, 0.42995133996009827, 0.3904687464237213, 1.781851887702942, 3.3704183101654053, 0.12002626806497574, 0.0, 1.1408089399337769, 0.2426312118768692, 0.0496041402220726, 0.3141051232814789, 0.7696471810340881, 0.30225101113319397, 0.2513156235218048, 0.39816129207611084, 0.2776170074939728, 0.24351495504379272, 0.0818864107131958, 0.29122471809387207, 0.9253076910972595, 0.1987636536359787, 0.021614717319607735, 0.21339404582977295, 0.05794597044587135, 0.09830144792795181, 0.0428253673017025, 0.22058404982089996, 0.0, 0.6754614114761353, 0.09811500459909439, 0.0, 0.37890610098838806, 0.27760520577430725, 0.037762515246868134, 0.0, 0.08481541275978088, 0.04721254110336304, 0.2673672139644623, 0.1651342809200287, 0.3052225708961487, 0.46814993023872375, 1.1434844732284546, 0.18330276012420654, 0.019136805087327957, 0.28814637660980225, 0.7746704816818237, 0.19603949785232544, 0.22685089707374573, 0.16140897572040558, 0.051647286862134933, 0.10320023447275162, 0.015675825998187065, 0.0003729645104613155, 0.037032004445791245, 0.20513395965099335, 0.7164745926856995, 1.8276666402816772, 0.33537915349006653, 0.2725111246109009, 0.38254523277282715, 0.0702957734465599, 0.11265493184328079, 0.009199840947985649, 0.042595941573381424, 0.28271207213401794, 0.5281674265861511, 0.6511165499687195, 1.4307188987731934, 0.1939927190542221, 0.3124772906303406, 0.10517065972089767, 1.8646341562271118, 1.9962596893310547, 1.0017249584197998, 0.0, 3.279832124710083, 0.0, 0.05754046514630318, 1.7214070558547974, 0.17975983023643494, 0.08716011047363281, 0.1596938967704773, 0.030241241678595543, 1.0127928256988525, 0.09117832779884338, 0.020845675840973854, 0.3773193657398224, 0.2399577647447586, 0.7309828996658325, 1.0537198781967163, 2.282853364944458, 0.08557356894016266, 0.31828200817108154, 0.02441989630460739, 0.0581723153591156, 1.2455449104309082, 0.6478452086448669, 0.2874402105808258, 0.2161436229944229, 0.6651480793952942, 0.32185298204421997, 0.04986007511615753, 0.27487847208976746, 0.9646450877189636, 1.3230704069137573, 0.2110368013381958, 0.27313730120658875, 0.4272277355194092, 0.11562938988208771, 0.008221134543418884, 0.20490027964115143, 1.4848203659057617, 0.9103240370750427, 0.7662515640258789, 0.06540561467409134, 1.553770899772644, 0.32443124055862427, 1.0882450342178345, 0.004900988191366196, 0.29761388897895813, 0.08877014368772507, 0.0019772076047956944, 0.054570723325014114, 1.2311326265335083, 0.007350532338023186, 0.4947388172149658, 1.3184480667114258, 1.2406299114227295, 0.11013618856668472, 0.0, 0.07675071805715561, 0.07309854030609131, 0.19668127596378326, 0.08706951141357422, 0.20647920668125153, 0.6591413021087646, 0.02959318459033966, 0.2362481951713562, 1.7913283109664917, 0.26217779517173767, 0.37675562500953674, 2.721289873123169, 0.0, 0.5363246202468872, 0.8442585468292236, 0.4817882180213928, 0.058247603476047516, 0.019125379621982574, 0.04285883903503418, 0.0, 0.5949059724807739, 0.3519831597805023, 0.14872781932353973, 0.9625293016433716, 0.11895636469125748, 0.03196581453084946, 0.4259284734725952, 0.0, 0.12240518629550934, 0.6920400857925415, 0.10345607250928879, 0.16117137670516968, 0.050236839801073074, 4.073958873748779, 0.03134092688560486, 1.7933074235916138, 0.059033915400505066, 0.12869755923748016, 0.0, 1.5898683071136475, 0.04280967265367508, 0.33399033546447754, 0.34626299142837524, 0.8078455924987793, 1.9414269924163818, 0.8901784420013428, 0.12903162837028503, 0.08883320540189743, 0.3688558340072632, 3.6228182315826416, 0.46102461218833923, 0.44896364212036133, 1.1955394744873047, 0.550470769405365, 0.9139813780784607, 0.0426318533718586, 0.004045060835778713, 0.26401644945144653, 0.8473767638206482, 0.23021534085273743, 0.0018903795862570405, 0.9308747053146362, 0.41212213039398193, 0.3516222834587097, 0.2152877002954483, 0.005136533640325069, 0.18325328826904297, 0.7212129831314087, 0.12000064551830292, 0.03956332802772522, 0.6269128918647766, 0.03432969003915787, 0.06170524284243584, 0.23195640742778778, 0.13094402849674225, 0.2549179494380951, 0.1805700957775116, 0.7485071420669556, 2.5864996910095215, 0.5859257578849792, 0.22313211858272552, 1.366978406906128, 0.0007711600046604872, 0.1709744930267334, 0.12749317288398743, 0.0, 0.0026302484329789877, 1.8433252573013306, 0.013758080080151558, 0.10521437227725983, 0.1685834676027298, 0.12825916707515717, 0.20454464852809906, 0.01277272030711174, 0.8510533571243286, 4.463186264038086, 1.6936156749725342, 5.027175426483154, 3.5142149925231934, 0.6274973154067993, 0.5883058309555054, 0.0, 0.38526836037635803, 0.33905667066574097, 1.5112481117248535, 0.3130396902561188, 1.5073472261428833, 0.06265618652105331, 0.07016734033823013, 0.0, 2.433328628540039, 0.04382836073637009, 0.39071545004844666, 0.12088345736265182, 1.1156061887741089, 0.08232556283473969, 0.8405255675315857, 0.06217433139681816, 2.0062131881713867, 1.0228946208953857, 1.0058424472808838, 0.3089140057563782, 0.6596847176551819, 0.24414865672588348, 0.2863892614841461, 1.0654470920562744, 0.298846960067749, 1.1354401111602783, 0.4772582948207855, 0.1054476797580719, 0.0, 1.2117542028427124, 0.0, 1.886263370513916, 0.04620283469557762, 0.34184059500694275, 1.7827717065811157, 0.07724328339099884, 0.17585790157318115, 0.7151445150375366, 0.7354738116264343, 0.2768994867801666, 0.7747715711593628, 3.218198537826538, 0.35724928975105286, 0.3971978724002838, 0.7316815257072449, 0.42323631048202515, 0.2307925969362259, 0.0, 0.08811479806900024, 0.8030853271484375, 0.19226829707622528, 0.05052110180258751, 0.7825078964233398, 0.5809633135795593, 0.07612805813550949, 0.4686281681060791, 0.0056073665618896484, 0.008851328864693642, 0.7762471437454224, 0.10950294882059097, 0.06344058364629745, 1.883750081062317, 0.6500967144966125, 0.21705152094364166, 0.0616551898419857, 0.28552690148353577, 0.0926443338394165, 0.0, 0.3122028410434723, 0.0, 2.1923718452453613, 2.0101912021636963, 0.7649624943733215, 1.005653977394104, 0.32713499665260315, 1.3016722202301025, 0.5962985157966614, 0.28795117139816284, 0.7750867009162903, 0.3742356598377228, 0.2570885121822357, 0.22678802907466888, 0.33570247888565063, 0.17668136954307556, 0.5192495584487915, 1.1233997344970703, 0.020305262878537178, 0.21642431616783142, 1.2464817762374878, 0.43029075860977173, 0.4610879123210907, 0.680436372756958, 0.424812912940979, 0.7838776111602783, 0.16797423362731934, 0.0, 0.11681677401065826, 1.1516740322113037, 0.5623825192451477, 0.2885324954986572, 0.011120227165520191, 0.22396627068519592, 0.0322834774851799, 0.10561199486255646, 0.020008400082588196, 0.18959133327007294, 1.3305052518844604, 0.6839220523834229, 0.1825244128704071, 0.019672391936182976, 1.05849289894104, 0.0, 0.2872377038002014, 0.23444856703281403, 0.3583080470561981, 0.32351428270339966, 0.16412176191806793, 0.2598556578159332, 0.008414847776293755, 1.180968165397644, 0.9794532656669617, 0.048266585916280746, 1.0219756364822388, 0.828492283821106, 0.05397669970989227, 0.0, 3.457641839981079, 0.5502868294715881, 0.32051756978034973, 0.2512008845806122, 0.06389817595481873, 0.01478287111967802, 0.5370189547538757, 0.41811802983283997, 0.1412733942270279, 1.5695176124572754, 0.061405815184116364, 0.6623267531394958, 0.7041481137275696, 0.0, 0.0, 0.06428063660860062, 0.18015560507774353, 0.005350964609533548, 1.9468926191329956, 0.0, 0.062044065445661545, 0.07389264553785324, 0.10043197125196457, 0.3501172661781311, 0.010946397669613361, 0.7209632396697998, 0.019444407895207405, 3.2517240047454834, 0.542742133140564, 2.443755865097046, 0.006463148165494204, 0.0, 0.2197660207748413, 0.3106842637062073, 0.6864768266677856, 0.12661780416965485, 0.08273788541555405, 0.4214861989021301, 0.6159681081771851, 0.062264569103717804, 0.3348642885684967, 0.1128200963139534, 0.36115163564682007, 1.4362207651138306, 0.14043211936950684, 0.48035311698913574, 0.4166754186153412, 0.2217157781124115, 0.0, 0.825617790222168, 0.2062271237373352, 0.035652682185173035, 0.1614740788936615, 0.0, 0.039937861263751984, 2.2086455821990967, 0.7766545414924622, 0.7625802755355835, 0.765033483505249, 0.2678195536136627, 0.4329216480255127, 0.026795778423547745, 0.23575459420681, 0.0834241583943367, 0.27887430787086487, 0.6583200693130493, 0.435048907995224, 0.004904063418507576, 0.7516818642616272, 0.0, 0.2436053603887558, 0.03029627725481987, 0.728124737739563, 0.04237109795212746, 0.38654273748397827, 0.030726321041584015, 0.5438647866249084, 0.15349651873111725, 0.08402643352746964, 1.3657383918762207, 0.0, 0.24000178277492523, 1.1149506568908691, 0.044262900948524475, 0.25623655319213867, 2.4468352794647217, 1.3179218769073486, 0.14328357577323914, 0.5061401128768921, 0.14376749098300934, 2.437190532684326, 1.6843292713165283, 0.7486541867256165, 0.7333378791809082, 0.9478756785392761, 0.4217199683189392, 0.6275087594985962, 0.7289689779281616, 0.5773229598999023, 0.0, 1.4367014169692993, 0.004399467259645462, 1.7810566425323486, 1.3670679330825806, 0.9809893369674683, 0.0, 0.22730021178722382, 0.39588817954063416, 0.0, 0.7621445655822754, 0.0, 0.0, 0.0, 0.2920290529727936, 0.009080400690436363, 0.0, 0.28873392939567566, 0.9837681651115417, 1.0610851049423218, 0.6694399118423462, 1.3631800413131714, 0.008815833367407322, 0.7754107117652893, 0.5346859693527222, 0.1396586000919342, 1.5137542486190796, 0.01594773679971695, 0.01934409700334072, 0.0016347534256055951, 1.2019190788269043, 1.4279475212097168, 0.2822103798389435, 0.00828864611685276, 0.032566312700510025, 1.6190290451049805, 0.05837273225188255, 0.10598023235797882, 0.6149682998657227, 0.0, 0.10460170358419418, 2.1610450744628906, 0.0, 0.02195305936038494, 0.016026750206947327, 0.2860715389251709, 0.0, 0.3929412364959717, 0.4541178047657013, 0.14712445437908173, 1.785468578338623, 0.22472980618476868, 0.7874892354011536, 0.7639708518981934, 0.3856763243675232, 0.0, 0.3035184144973755, 1.6372536420822144, 0.029736202210187912, 0.019102154299616814, 0.050594478845596313, 0.0, 0.0, 0.9354434013366699, 0.21808451414108276, 0.02745421789586544, 0.043007608503103256, 1.71302330493927, 0.06811053305864334, 0.5780776739120483, 0.8322557806968689, 0.18549270927906036, 0.7586051821708679, 0.24541272222995758, 0.2891673147678375, 2.0277750492095947, 0.09165993332862854, 0.7739489674568176, 0.7233694195747375, 1.1705021858215332, 0.24587464332580566, 0.34851521253585815, 0.04598407447338104, 0.36082029342651367, 1.4992477893829346, 0.10106503963470459, 0.17151914536952972, 0.728490948677063, 0.047016941010951996, 0.31243377923965454, 0.1062874048948288, 0.08371756225824356, 0.42231571674346924, 0.0, 0.15126639604568481, 0.9562166333198547, 0.1159495934844017, 1.5387769937515259, 2.1683847904205322, 0.08903540670871735, 0.040936119854450226, 0.8117411732673645, 0.1265837848186493, 0.22758935391902924, 0.24571363627910614, 0.6858513355255127, 0.46717119216918945, 0.6612554788589478, 0.0, 0.655998170375824, 0.5393940210342407, 0.5155597925186157, 0.06075127422809601, 0.5886576175689697, 0.1982485055923462, 1.8186473846435547, 0.07560969889163971, 0.001918233116157353, 0.0, 1.5856904983520508, 0.6085801124572754, 0.013000654056668282, 0.8291633725166321, 0.6869791746139526, 0.4828055202960968, 4.379415512084961, 0.06308740377426147, 0.3895578980445862, 1.3453856706619263, 0.4237860143184662, 0.23121047019958496, 0.03917625546455383, 0.33215105533599854, 1.218436598777771, 0.4993642568588257, 1.1220145225524902, 0.20865517854690552, 0.14595963060855865, 0.40365806221961975, 1.946738362312317, 0.2707570195198059, 0.019768785685300827, 0.0, 0.6029074788093567, 0.014865493401885033, 2.1283047199249268, 0.0, 0.652314305305481, 0.0077577754855155945, 0.20463868975639343, 1.2839701175689697, 0.23360873758792877, 1.0658321380615234, 0.004775305278599262, 2.715974807739258, 0.32158955931663513, 0.5623314380645752, 0.0, 0.7655771374702454, 0.1272232085466385, 0.22672030329704285, 0.0, 2.1446621417999268, 1.5387674570083618, 0.9062294960021973, 0.044734250754117966, 0.5182552337646484, 0.6201777458190918, 2.000861167907715, 2.7323596477508545, 0.2559632360935211, 0.0837889239192009, 0.1133413314819336, 0.06742655485868454, 0.4559869170188904, 1.811346411705017, 0.7003914713859558, 0.0699453130364418, 0.43208059668540955, 0.17022398114204407, 4.750978946685791, 1.7509958744049072, 0.12735800445079803, 0.0, 0.0, 0.16664370894432068, 0.2425341159105301, 0.035379808396101, 1.0845694541931152, 0.09179346263408661, 0.1409177929162979, 0.3457406461238861, 0.1769208163022995, 0.4156521260738373, 0.04633059725165367, 0.15764810144901276, 0.39453545212745667, 0.0, 1.6711698770523071, 0.2765423655509949, 0.4155290424823761, 0.023468144237995148, 0.7750113606452942, 0.24286670982837677, 1.1284825801849365, 0.25695863366127014, 0.0, 0.2795454263687134, 0.26429498195648193, 0.044808659702539444, 0.4536762237548828, 0.31682392954826355, 0.4450817108154297, 0.8358602523803711, 0.2025100737810135, 1.6693167686462402, 0.07654059678316116, 0.23151035606861115, 0.008077183738350868, 0.8499317765235901, 0.049172066152095795, 0.5848718285560608, 0.17477932572364807, 0.40818655490875244, 0.0, 0.9728472232818604, 0.2562308609485626, 0.153771311044693, 0.30307677388191223, 0.19983278214931488, 0.010342461988329887, 0.34644290804862976, 0.5169146060943604, 0.031215732917189598, 1.5766266584396362, 0.2040892392396927, 0.08553025871515274, 0.017811385914683342, 0.0, 0.0035259625874459743, 0.016935426741838455, 0.5677939653396606, 0.006003234069794416, 0.7858139276504517, 1.235959768295288, 0.1298031359910965, 1.2054922580718994, 0.7412629127502441, 0.005508313421159983, 0.09414956718683243, 0.13730867207050323, 0.04314194992184639, 0.910755455493927, 0.5324589014053345, 1.0651073455810547, 0.5910094380378723, 0.0157810989767313, 0.0, 4.117766857147217, 1.0899649858474731, 2.2793824672698975, 0.023589417338371277, 1.4365845918655396, 0.3916323184967041, 0.11289462447166443, 0.5055911540985107, 4.7760419845581055, 0.30320730805397034, 0.0, 0.0016213338822126389, 0.004598583560436964, 0.013583392836153507, 0.08500883728265762, 0.18079873919487, 0.8748106956481934, 0.0, 1.1444485187530518, 0.8727287650108337, 0.006856879219412804, 0.03822935000061989, 0.31649065017700195, 0.5096735954284668, 0.1345774531364441, 0.14126765727996826, 1.0480026006698608, 0.011063551530241966, 0.593065619468689, 0.05538393184542656, 0.723204493522644, 0.02546701580286026, 4.071714401245117, 0.29226431250572205, 0.004852586891502142, 0.2596743404865265, 0.7985260486602783, 0.3646935820579529, 2.2372870445251465, 0.44055885076522827, 0.39591583609580994, 0.6063703894615173, 0.1314477026462555, 0.0, 0.09902358800172806, 0.5305941700935364, 1.1668888330459595, 0.18614234030246735, 0.16225209832191467, 0.10472135990858078, 0.0225268192589283, 0.35329848527908325, 0.5551167130470276, 0.443475604057312, 0.021210895851254463, 0.0023011090233922005, 0.04593723639845848, 4.079660892486572, 0.8549367189407349, 3.2913849353790283, 0.24673648178577423, 0.028708472847938538, 0.2260504812002182, 0.0, 0.9113118052482605, 0.1798938512802124, 0.1329280138015747, 0.014749721623957157, 0.3952312469482422, 6.020085334777832, 0.952800989151001, 0.726544976234436, 0.6016095876693726, 0.0536421574652195, 0.010030366480350494, 0.007603333797305822, 0.28556761145591736, 0.04186058044433594, 0.14684857428073883, 0.5109968185424805, 3.0553629398345947, 0.0737641379237175, 0.24672383069992065, 0.8194869160652161, 0.44815516471862793, 0.05206834152340889, 0.4015439748764038, 0.6807153820991516, 0.6422876119613647, 0.4059216380119324, 0.001663353992626071, 0.9244841933250427, 0.34632939100265503, 0.35643115639686584, 1.9049855470657349, 0.49947598576545715, 0.11498712748289108, 0.06328008323907852, 0.15191851556301117, 0.004597838968038559, 1.0112422704696655, 0.04227196052670479, 1.614237904548645, 0.9835504293441772, 0.0, 0.8883587718009949, 0.0709688812494278, 0.2912139892578125, 0.334414005279541, 0.05365641415119171, 0.03266631439328194, 0.1296592801809311, 0.5352702140808105, 0.28090956807136536, 0.017441362142562866, 0.08705870807170868, 0.07751039415597916, 0.2080456018447876, 0.847084641456604, 1.0776560306549072, 0.024166539311408997, 0.10659576952457428, 0.24934978783130646, 0.06395162642002106, 0.4923185110092163, 3.0509753227233887, 0.06241844221949577, 0.161947563290596, 0.30948323011398315, 0.0, 0.06941386312246323, 0.2420140504837036, 0.0, 0.49937862157821655, 0.16223978996276855, 0.2880208194255829, 2.8171181678771973, 0.029872402548789978, 0.0, 0.1292831003665924, 0.6847549080848694, 3.738579034805298, 0.031610675156116486, 0.7642703056335449, 0.5516600608825684, 1.2683830261230469, 0.477742999792099, 0.3280256688594818, 0.9870789051055908, 0.010490797460079193, 0.0, 0.34880995750427246, 1.1316956281661987, 1.7249592542648315, 0.0, 0.0439755916595459, 0.0, 0.19586290419101715, 1.0241397619247437, 0.012614862993359566, 0.10966961830854416, 2.781632661819458, 0.1201368123292923, 0.38776257634162903, 1.6560217142105103, 0.7915882468223572, 0.41880762577056885, 0.160539448261261, 0.8726323843002319, 1.8995187282562256, 2.404836893081665, 0.6782859563827515, 0.6650064587593079, 0.0012548943050205708, 0.21897359192371368, 1.1661220788955688, 0.2907811999320984, 0.07051438093185425, 0.7499450445175171, 0.061014916747808456, 0.24697880446910858, 0.10078264772891998, 0.1451416164636612, 0.043933216482400894, 0.06612329930067062, 0.30866900086402893, 0.19743379950523376, 0.0008336621685884893, 0.01069127582013607, 0.6010074019432068, 0.012891896069049835, 0.005107955075800419, 0.5539768934249878, 0.33184510469436646, 0.7406457662582397, 1.972136378288269, 0.1944715678691864, 0.017140870913863182, 0.24654552340507507, 1.3757669925689697, 0.42532476782798767, 0.2652328312397003, 0.12382415682077408, 0.5054762959480286, 0.5656218528747559, 0.3639123737812042, 0.30358070135116577, 0.7179133296012878, 0.03573649376630783, 0.7353006601333618, 0.16135051846504211, 0.6479024887084961, 0.00032115954672917724, 1.141535997390747, 0.6521371603012085, 0.035841114819049835, 1.579618215560913, 1.628555417060852, 0.012450278736650944, 0.5580434203147888, 0.13307857513427734, 1.3034549951553345, 0.18149612843990326, 0.0, 0.17414234578609467, 0.23404596745967865, 2.9833264350891113, 0.05153796076774597, 0.21043014526367188, 0.02469378523528576, 0.06575479358434677, 0.35409024357795715, 0.01054944284260273, 0.11093845218420029, 0.01141967624425888, 2.7048685550689697, 1.2623271942138672, 0.24982008337974548, 0.4444705843925476, 0.4515151083469391, 0.7269765138626099, 0.9979932904243469, 0.8398382067680359, 0.4486258327960968, 0.4863015115261078, 0.0, 0.45604726672172546, 0.523294985294342, 0.3547792136669159, 1.129167079925537, 0.40560781955718994, 0.0, 0.05623737722635269, 0.21858125925064087, 1.2796903848648071, 0.05087273567914963, 2.3705997467041016, 0.1812548190355301, 0.4793681800365448, 0.34636741876602173, 1.4589245319366455, 0.31200578808784485, 0.5891309380531311, 0.30906346440315247, 1.71900475025177, 0.45927801728248596, 1.9336320161819458, 0.542762279510498, 1.6723601818084717, 1.9464735984802246, 0.8263610005378723, 1.2241525650024414, 0.8361799120903015, 2.3073742389678955, 0.19694221019744873, 1.3084635734558105, 1.1675406694412231, 0.08251925557851791, 0.6610844731330872, 0.564037024974823, 1.6288433074951172, 1.45514976978302, 0.16013531386852264, 1.5127828121185303, 0.08451146632432938, 0.003402070142328739, 0.17320360243320465, 0.4235519766807556, 0.5773601531982422, 0.06215599551796913, 0.2152499556541443, 0.0, 0.5092820525169373, 0.0, 0.9515711069107056, 1.0918641090393066, 0.8096966743469238, 0.02378830872476101, 0.24742935597896576, 0.4038659632205963, 0.32504862546920776, 0.2269746959209442, 0.6600779294967651, 0.06074780970811844, 1.1100777387619019, 0.010696649551391602, 0.2010166198015213, 0.0, 0.0017775199376046658, 1.3744094371795654, 0.12921927869319916, 0.021600259467959404, 0.47771018743515015, 0.019289061427116394, 0.32659533619880676, 2.293818235397339, 0.5826748609542847]",Testing/glioma_tumor/image(5).jpg
"[2.973459243774414, 0.2577425539493561, 0.0, 0.0007080715731717646, 0.8101217150688171, 0.1258169561624527, 1.530847191810608, 0.6813647150993347, 0.01313417311757803, 0.0, 0.0, 0.0034840204752981663, 1.3127549886703491, 0.8774165511131287, 0.0066476985812187195, 0.0, 0.11222342401742935, 0.44595563411712646, 0.609009325504303, 0.20141816139221191, 0.15667694807052612, 0.3231014013290405, 1.546971082687378, 0.14763343334197998, 0.7549136281013489, 0.0, 2.870105028152466, 0.052116602659225464, 0.32984527945518494, 0.0944899171590805, 0.18005070090293884, 1.069866418838501, 0.367647260427475, 0.4058490991592407, 0.13608619570732117, 0.377527117729187, 0.0, 0.1091933324933052, 0.08618652820587158, 0.05535509064793587, 0.2141866534948349, 0.17870838940143585, 0.2658269703388214, 0.05758390203118324, 0.42103996872901917, 0.12968552112579346, 0.005244751460850239, 0.0, 0.02009599097073078, 0.12636525928974152, 3.460174322128296, 0.08734901249408722, 1.3665564060211182, 0.09057871997356415, 1.2591333389282227, 0.7485510110855103, 0.3944598138332367, 0.14065174758434296, 0.3047159016132355, 0.03820609673857689, 0.3928697109222412, 0.415490984916687, 0.0, 0.1501808762550354, 0.3445616066455841, 0.0019468872342258692, 0.5393438339233398, 0.0, 0.14027273654937744, 0.08694232255220413, 0.30551183223724365, 0.15639939904212952, 0.1238795667886734, 0.7174248099327087, 2.4106242656707764, 0.47139155864715576, 3.5920915603637695, 0.30610230565071106, 0.0, 0.5494891405105591, 0.007919943891465664, 0.0, 3.3305602073669434, 0.0, 1.2774308919906616, 0.08416839689016342, 4.477911949157715, 0.16130198538303375, 0.06943786144256592, 0.05106063187122345, 1.6753078699111938, 1.2643020153045654, 0.0, 4.3838791847229, 0.02383194863796234, 0.007319031748920679, 0.9060024619102478, 0.0, 0.02234114147722721, 0.020781157538294792, 0.45108965039253235, 1.374656081199646, 0.6345842480659485, 0.0, 0.5457483530044556, 0.28648388385772705, 0.14316250383853912, 3.5920703411102295, 0.25312501192092896, 1.1211578845977783, 0.5735493302345276, 0.25376948714256287, 0.18876692652702332, 0.18165020644664764, 3.4844682216644287, 0.11436516046524048, 0.028084177523851395, 1.2494614124298096, 0.0, 0.0788414254784584, 0.06737032532691956, 0.0, 0.0, 0.0016444557113572955, 0.08447962254285812, 1.715268850326538, 0.0, 1.407210350036621, 1.5398329496383667, 0.15772733092308044, 0.07535205781459808, 1.9510811567306519, 0.2949630618095398, 0.0, 0.11754992604255676, 2.6419949531555176, 0.49239084124565125, 0.0, 0.09061116725206375, 0.11265797168016434, 0.09279201179742813, 0.03646283224225044, 0.02127164974808693, 0.053873587399721146, 0.0, 0.0, 0.0017112420173361897, 1.9754825830459595, 0.11169310659170151, 0.005091698840260506, 2.5936501026153564, 0.2636285424232483, 0.3421767055988312, 0.03079935908317566, 0.0, 0.8593975901603699, 0.041590962558984756, 0.0, 1.3320351839065552, 0.038494937121868134, 0.5757986307144165, 0.09259599447250366, 0.08081691712141037, 0.1759585589170456, 0.0, 0.0872412696480751, 0.7810633778572083, 0.0, 0.3024388253688812, 4.906265735626221, 1.8026063442230225, 0.0, 0.025236500427126884, 0.17295269668102264, 2.842839479446411, 0.004909894894808531, 0.0, 0.07300812005996704, 0.17374929785728455, 0.7583422660827637, 1.3450968265533447, 0.01626800000667572, 0.08274230360984802, 0.0026449281722307205, 0.9850825667381287, 0.7951545119285583, 0.3440109193325043, 0.38469335436820984, 0.4720241129398346, 0.034412119537591934, 0.02294742874801159, 0.28390902280807495, 0.1423523724079132, 0.4554654657840729, 0.1171233206987381, 0.11610043793916702, 0.0036845935974270105, 0.5310002565383911, 0.004636927507817745, 0.41473427414894104, 0.46045395731925964, 0.6770939230918884, 0.4760812222957611, 0.6527345776557922, 1.5809340476989746, 0.13030683994293213, 0.0, 0.07078278809785843, 0.0, 0.31580525636672974, 0.7678552865982056, 1.9444860219955444, 0.0, 0.13844811916351318, 0.07355502992868423, 0.42212870717048645, 0.0, 0.08773399144411087, 0.6717402338981628, 0.012151431292295456, 0.3109925389289856, 0.0787600576877594, 1.305017113685608, 0.029332920908927917, 0.02505294419825077, 1.1018790006637573, 0.7563824653625488, 0.013335328549146652, 0.1038731038570404, 0.6260566115379333, 0.009676972404122353, 1.4450703859329224, 0.11208692193031311, 0.3672696650028229, 1.2905666828155518, 0.0701567605137825, 0.005635232198983431, 0.3687164783477783, 0.07162364572286606, 0.7664738893508911, 0.30743125081062317, 0.5407494306564331, 0.5236615538597107, 0.2768929898738861, 0.12281674146652222, 0.0, 0.01841854862868786, 0.8317269086837769, 0.04386156424880028, 1.3370168209075928, 1.3328909873962402, 0.0, 1.7243443727493286, 0.5614473223686218, 0.2853844463825226, 0.5624281764030457, 0.005803847685456276, 2.608475685119629, 0.0, 0.5304353833198547, 0.0, 0.15589362382888794, 2.1192729473114014, 0.055565156042575836, 0.006001489702612162, 0.015588521957397461, 0.3488565683364868, 0.1369742602109909, 0.00578302750363946, 0.0409485287964344, 0.4794975221157074, 0.44405055046081543, 1.0297303199768066, 0.0, 3.559340715408325, 0.5959388613700867, 0.22276726365089417, 0.11671416461467743, 0.4577329456806183, 0.004755370318889618, 2.04475998878479, 0.5590198040008545, 3.5385677814483643, 0.4446163475513458, 0.0, 1.0434582233428955, 0.19466018676757812, 0.041806239634752274, 0.0, 0.0, 0.38892263174057007, 0.9195894598960876, 0.5793645977973938, 0.0, 1.6922364234924316, 1.170562744140625, 0.22939014434814453, 0.0, 0.5176782011985779, 0.0, 0.1432848423719406, 0.24376139044761658, 4.387884140014648, 0.5274144411087036, 1.6002399921417236, 0.1705085188150406, 0.0, 0.006793902721256018, 0.11680777370929718, 0.5678823590278625, 0.5444763898849487, 1.1594725847244263, 0.24968574941158295, 0.12462323158979416, 0.9026228189468384, 0.0, 0.4925532341003418, 0.31478095054626465, 0.0, 0.14115703105926514, 0.1759597361087799, 0.03424718603491783, 0.046751607209444046, 0.21723109483718872, 0.0011797730112448335, 0.1722279042005539, 0.14889781177043915, 0.02101290412247181, 5.113676071166992, 0.15232937037944794, 0.00931955873966217, 0.0, 0.07252347469329834, 0.13841190934181213, 0.0, 0.0, 0.2015841156244278, 0.7953007817268372, 1.486162781715393, 0.4585432708263397, 0.8878974318504333, 0.1082959920167923, 0.18613071739673615, 0.3095535635948181, 0.0, 0.018438154831528664, 0.38148102164268494, 0.03937361761927605, 0.14383471012115479, 1.015244722366333, 0.3727424442768097, 0.09327983856201172, 0.17782770097255707, 0.0, 0.057832080870866776, 0.007848406210541725, 0.5280859470367432, 0.0042868489399552345, 1.3572144508361816, 0.18986207246780396, 0.26906928420066833, 1.2382203340530396, 0.11022943258285522, 0.4020460546016693, 0.0, 0.20574727654457092, 0.15341365337371826, 0.0, 2.661475419998169, 0.24748225510120392, 0.1017438992857933, 0.0, 1.043362021446228, 2.1346395015716553, 0.05865711718797684, 0.6151398420333862, 2.4608380794525146, 0.8293344974517822, 0.0, 0.20699693262577057, 0.30361026525497437, 0.09129150211811066, 0.0, 0.022593364119529724, 0.0, 0.3967148959636688, 2.3083317279815674, 0.20998521149158478, 0.027741655707359314, 0.0, 0.04462612792849541, 0.0, 0.08364483714103699, 0.269761323928833, 0.0028947663959115744, 4.079012393951416, 0.10093080997467041, 0.4725404381752014, 0.07349452376365662, 0.0, 0.5309950113296509, 0.0, 0.19265611469745636, 0.24898260831832886, 0.0, 2.3007609844207764, 0.37316542863845825, 0.3027251064777374, 0.05747852474451065, 0.9874809384346008, 0.21717111766338348, 0.10034510493278503, 0.09454473853111267, 0.024504229426383972, 0.0, 2.3766303062438965, 0.0, 0.03930763900279999, 0.682342529296875, 0.4568422734737396, 1.1561684608459473, 0.06782379001379013, 0.2352561354637146, 0.23459917306900024, 0.01804068684577942, 0.0, 0.0378604382276535, 0.01802368089556694, 0.3154005706310272, 0.15135955810546875, 0.0, 0.107273630797863, 2.2150657176971436, 0.40403980016708374, 1.2549721002578735, 1.9032436609268188, 0.07621227949857712, 1.2031193971633911, 0.11582924425601959, 0.2850317358970642, 0.06310636550188065, 0.013940528966486454, 0.3275499641895294, 0.20549865067005157, 0.19060255587100983, 0.049468379467725754, 0.0, 1.9722799062728882, 0.074769526720047, 0.2414098083972931, 1.3988022804260254, 0.0343499630689621, 0.0247661042958498, 0.0018903358140960336, 0.007285570725798607, 0.1768360584974289, 0.1917848438024521, 1.691384196281433, 0.004755175672471523, 0.42576736211776733, 0.0, 0.6800256967544556, 0.10724668949842453, 0.5471836924552917, 0.45635131001472473, 0.26314273476600647, 0.026020647957921028, 0.6339094042778015, 0.8970825672149658, 0.3004872798919678, 0.4964890778064728, 0.08894389867782593, 0.5331675410270691, 0.09649590402841568, 0.0, 0.0, 0.0, 0.1541573703289032, 0.030384812504053116, 1.9439382553100586, 0.353697806596756, 0.04672406241297722, 0.7175788879394531, 0.1001354455947876, 0.0, 0.0188737940043211, 0.016605328768491745, 0.0, 1.627322793006897, 0.0, 0.1848367601633072, 1.2185750007629395, 1.1138771772384644, 0.0, 0.9689855575561523, 2.9605262170662172e-05, 0.03537960350513458, 0.10179565101861954, 0.3051891028881073, 0.16290228068828583, 0.40350496768951416, 0.144633948802948, 0.6514508128166199, 4.148078441619873, 0.2872581481933594, 0.05714184790849686, 0.13233275711536407, 0.03383065387606621, 0.0, 1.3035787343978882, 0.020591149106621742, 0.0, 0.0, 0.24717305600643158, 0.2253354787826538, 0.41533178091049194, 0.41176894307136536, 0.0156501904129982, 0.18383873999118805, 0.0, 0.0, 0.527204155921936, 0.024455251172184944, 0.020067434757947922, 0.09267237037420273, 0.22800669074058533, 0.0, 0.0, 0.9797289371490479, 0.5321565866470337, 0.429060697555542, 1.5707550048828125, 0.26564523577690125, 3.332876682281494, 0.06567828357219696, 0.6510865092277527, 1.655904769897461, 0.03512255847454071, 0.17248177528381348, 0.15811534225940704, 0.054339077323675156, 0.7725774049758911, 1.4862064123153687, 0.3707568645477295, 0.27661606669425964, 0.5214245319366455, 0.0, 0.41353732347488403, 0.5920830368995667, 0.06654677540063858, 0.036938220262527466, 0.019861213862895966, 0.13462716341018677, 0.00579021917656064, 0.8425644636154175, 3.8775699138641357, 0.05826370045542717, 0.09885302186012268, 0.3306487202644348, 0.24891948699951172, 1.0854536294937134, 0.08465844392776489, 1.1529384851455688, 0.12512242794036865, 0.00424859719350934, 0.0208650603890419, 1.5586615800857544, 0.006688745692372322, 1.5861283540725708, 0.0, 0.294605553150177, 0.402521014213562, 1.347573161125183, 0.00260316114872694, 0.5702126026153564, 1.4965648651123047, 0.44022825360298157, 1.901720643043518, 0.0, 0.22743700444698334, 2.698894500732422, 0.0, 0.2818733751773834, 0.5599486827850342, 0.0, 0.29555457830429077, 0.029299061745405197, 0.0, 0.0, 0.0, 0.22421500086784363, 0.0, 1.4227949380874634, 0.0, 0.2400415539741516, 0.008913476020097733, 0.1115136668086052, 0.24079056084156036, 0.0, 0.41760167479515076, 0.08831211179494858, 0.0, 4.8751091957092285, 0.11203046888113022, 0.040555864572525024, 0.031194863840937614, 0.386049747467041, 0.01513713225722313, 0.2790927588939667, 2.836733102798462, 0.021338211372494698, 0.012759272009134293, 0.0, 0.3304957449436188, 0.0, 0.0, 0.0, 0.01801011525094509, 0.11202061921358109, 0.03246217966079712, 0.18609797954559326, 0.05685187503695488, 2.2407608032226562, 0.5110171437263489, 2.1294374465942383, 0.04645363241434097, 0.2026773989200592, 0.021777352318167686, 0.0, 0.6950342059135437, 0.6313098073005676, 0.7809891104698181, 0.24735552072525024, 0.08077746629714966, 0.21426939964294434, 0.0, 0.07721332460641861, 0.012611941434442997, 0.13032647967338562, 0.2326006442308426, 0.4567222595214844, 0.0, 0.4151512384414673, 0.30046263337135315, 0.0, 0.46804279088974, 3.7936007976531982, 0.02636006474494934, 0.14289529621601105, 0.0, 1.4398324489593506, 0.3418751060962677, 0.8514730334281921, 0.0, 0.5869141817092896, 0.06922882795333862, 0.006791387218981981, 0.0, 0.30986106395721436, 0.0, 0.007306639105081558, 0.5455302000045776, 0.33031293749809265, 0.015488295815885067, 0.6825985908508301, 0.002768759848549962, 2.5789971351623535, 0.0530787818133831, 0.0, 1.1202706098556519, 0.0, 0.0, 0.012422777712345123, 0.0005995084065943956, 0.3458232581615448, 0.0, 0.0, 0.0, 0.6146366596221924, 1.2164758443832397, 0.9584521651268005, 0.760925829410553, 0.0, 0.04508109390735626, 2.0086967945098877, 1.5339751243591309, 0.1911723017692566, 0.0, 0.9884381890296936, 0.26047658920288086, 0.0489368811249733, 0.0740848183631897, 1.3401693105697632, 0.041360028088092804, 0.046416670083999634, 0.17719747126102448, 0.8297528624534607, 0.8067074418067932, 0.1662285476922989, 0.0, 0.5543095469474792, 0.3664158284664154, 0.612309455871582, 0.6582779884338379, 0.021409710869193077, 0.05966707691550255, 1.0223665237426758, 0.45669063925743103, 1.5920639038085938, 0.0, 3.263852596282959, 0.019715458154678345, 0.3591233193874359, 0.0, 1.8732346296310425, 0.0, 1.2505196332931519, 0.3332942724227905, 0.06058850511908531, 0.0, 1.1409682035446167, 2.0444767475128174, 0.0879775658249855, 0.029789064079523087, 0.03768216446042061, 2.6857430934906006, 0.8709847331047058, 0.28136464953422546, 0.0, 1.4567805528640747, 0.02541569620370865, 1.1221352815628052, 0.13940370082855225, 1.131298542022705, 0.004022447392344475, 0.07937006652355194, 0.9894444942474365, 0.20752908289432526, 0.6479362845420837, 0.26264190673828125, 0.0, 0.0, 1.8723196983337402, 0.020987607538700104, 0.079351045191288, 0.14337798953056335, 0.6265978813171387, 0.0, 0.1245451495051384, 0.13480597734451294, 0.4272770881652832, 0.3647253215312958, 0.9793907403945923, 0.06604582816362381, 2.1184897422790527, 0.7518760561943054, 1.1264727115631104, 0.3551546335220337, 0.07953686267137527, 0.04769301787018776, 1.4049086570739746, 0.20436497032642365, 1.4888051748275757, 3.0020925998687744, 0.018081897869706154, 0.09586869180202484, 0.0, 0.0962490364909172, 0.47732827067375183, 0.5245425701141357, 0.01875564083456993, 0.10681843012571335, 0.1202176958322525, 0.0, 0.03127027675509453, 0.0, 0.08161471039056778, 0.22591660916805267, 0.9785969257354736, 0.005858710967004299, 1.7540314197540283, 0.17246894538402557, 0.27640944719314575, 0.0, 0.7100015878677368, 0.13296285271644592, 2.230234146118164, 0.7999823689460754, 0.5915589928627014, 0.0, 0.5447808504104614, 0.7315062880516052, 0.050852738320827484, 0.001054398831911385, 0.26962894201278687, 0.042961932718753815, 0.25874224305152893, 0.019676627591252327, 0.6887861490249634, 0.033180106431245804, 0.0, 0.0, 0.03822276368737221, 0.17473559081554413, 0.01802261546254158, 0.16171985864639282, 0.8545877933502197, 2.3739824295043945, 0.845429539680481, 0.4633060097694397, 0.011187585070729256, 0.00815016869455576, 6.3531494140625, 0.0, 1.4337612390518188, 0.43384692072868347, 3.8761861324310303, 0.8331223130226135, 0.04557305946946144, 0.0, 0.0011340111959725618, 0.24032674729824066, 0.972480297088623, 0.8760172128677368, 0.06990554183721542, 1.9816617965698242, 0.3857576847076416, 0.0, 0.30163463950157166, 3.404700994491577, 1.1008368730545044, 0.6935712099075317, 0.6910908818244934, 1.844161868095398, 0.028460687026381493, 2.2165212631225586, 0.0920596644282341, 0.0, 0.05155130475759506, 0.07733290642499924, 0.015353032387793064, 0.0, 1.0386191606521606, 2.4149253368377686, 0.5321031212806702, 0.8948382139205933, 0.39107778668403625, 0.07624046504497528, 0.8539801836013794, 1.407893419265747, 0.1382444202899933, 0.10930464416742325, 0.08092226088047028, 0.0027755426708608866, 0.1508512645959854, 0.6040062308311462, 0.09843791276216507, 0.1365102082490921, 0.03776741772890091, 2.3609142303466797, 0.54082190990448, 0.07414699345827103, 0.7012730836868286, 0.0, 0.26596471667289734, 1.0949773788452148, 0.015679582953453064, 0.6633613109588623, 0.4634556770324707, 5.89412260055542, 0.0, 0.5867840647697449, 0.0, 0.22546787559986115, 0.025233406573534012, 0.3485058844089508, 0.0484473742544651, 0.16459406912326813, 0.6144930720329285, 1.1709784269332886, 0.20425084233283997, 0.04453817754983902, 1.1230993270874023, 0.0012209756532683969, 0.2478341907262802, 0.1733594685792923, 4.675770282745361, 3.7103993892669678, 0.2828444242477417, 0.15387338399887085, 0.09542042762041092, 0.5941261649131775, 0.20444150269031525, 0.003637323621660471, 0.11566105484962463, 0.009658273309469223, 0.6796777844429016, 0.04577771946787834, 0.032492656260728836, 1.340541958808899, 0.0, 1.9954911470413208, 0.02273441292345524, 0.2344762682914734, 3.048259735107422, 0.0, 0.24394141137599945, 1.6080056428909302, 0.027258263900876045, 0.08323943614959717, 0.16501621901988983, 0.18912576138973236, 0.13307008147239685, 0.12017448246479034, 0.0, 0.6430308818817139, 0.015236309729516506, 0.0, 0.22429174184799194, 0.013533104211091995, 0.0, 0.6156335473060608, 0.31740695238113403, 0.021408841013908386, 0.9220871329307556, 0.0, 0.3098636865615845, 0.21868611872196198, 3.187490701675415, 0.1632016897201538, 0.0, 0.3642832040786743, 0.4123084843158722, 0.0, 0.8068813681602478, 0.2536836862564087, 0.0, 0.22857068479061127, 0.0, 0.2880292534828186, 0.013754810206592083, 0.06619510054588318, 0.8109656572341919, 0.09080766886472702, 0.44941356778144836, 0.9818450212478638, 0.0, 0.5436871647834778, 0.010198620148003101, 0.21803057193756104, 0.02036651223897934, 0.9512151479721069, 0.03187739476561546, 0.0067117116414010525, 0.44261160492897034, 0.0, 0.22426331043243408, 2.3706657886505127, 0.24212661385536194, 0.0, 0.3279774785041809, 0.0, 0.0, 0.33936968445777893, 0.8786889910697937, 0.38780859112739563, 0.636548638343811, 0.12784947454929352, 0.1399269551038742, 0.0, 0.3665882349014282, 0.5685329437255859, 0.0, 0.3097721040248871, 0.0, 0.06897413730621338, 0.3157787322998047, 0.011450412683188915, 0.3596948981285095, 0.029901377856731415, 3.463870048522949, 1.8789398670196533, 0.0, 0.01557118073105812, 0.8523170351982117, 0.0, 0.25132623314857483, 0.020586155354976654, 0.5681329369544983, 0.029237734153866768, 0.15069031715393066, 0.27003639936447144, 1.0310862064361572, 0.0, 0.0, 1.7805505990982056, 0.07381878793239594, 0.0, 0.13313813507556915, 0.018190018832683563, 0.7740725874900818, 0.009879477322101593, 0.0, 1.2400031089782715, 1.0286288261413574, 0.0952083021402359, 0.08221995830535889, 0.3943748474121094, 2.535672903060913, 0.021979298442602158, 0.9446067214012146, 0.024532729759812355, 0.04670121893286705, 2.5103695392608643, 0.012651864439249039, 0.3065294921398163, 0.21436704695224762, 0.5862551927566528, 0.03082311898469925, 0.25784197449684143, 1.3100937604904175, 0.421508252620697, 0.0, 0.22554880380630493, 0.0, 0.49326732754707336, 0.10261110216379166, 0.0302787646651268, 0.1581382006406784, 0.5286403894424438, 0.2251404970884323, 0.1297631412744522, 0.08413038402795792, 0.3752356171607971, 0.0, 0.7413769960403442, 0.026219479739665985, 0.05103833228349686, 0.1424645334482193, 0.0, 0.0, 0.012793373316526413, 0.9786096811294556, 0.6207399964332581, 0.01208852231502533, 0.006814202293753624, 0.03379707410931587, 0.0004430279368534684, 0.05399750545620918, 0.08753694593906403, 0.04774239659309387, 0.1760922223329544, 0.0, 0.2856198251247406, 0.051940690726041794, 0.5592040419578552, 0.21539270877838135, 3.4160521030426025, 0.4659838080406189, 0.2513282597064972, 0.03599552810192108, 0.0, 0.5135541558265686, 0.053140025585889816, 0.04121914133429527, 0.2871935963630676, 0.07347431033849716, 0.9791052937507629, 0.0, 0.458138644695282, 0.9412801265716553, 3.2325639724731445, 0.05192296952009201, 0.13472403585910797, 0.7623655200004578, 1.5446178913116455, 0.04655521735548973, 0.051343269646167755, 0.014031742699444294, 0.0, 1.4496262073516846, 0.04566650092601776, 0.0, 5.324313640594482, 0.15722185373306274, 0.6362401247024536, 0.04310610890388489, 2.958613872528076, 0.28969135880470276, 0.6057934761047363, 0.05266747996211052, 0.2264227569103241, 0.0, 0.05207739397883415, 2.2576773166656494, 0.0, 0.1612110137939453, 0.33283093571662903, 0.0008836862980388105, 0.13337336480617523, 0.0, 0.029110604897141457, 0.03437544405460358, 0.235435351729393, 0.013905327767133713, 0.0, 0.23519687354564667, 0.0, 0.5206401348114014, 0.0716174766421318, 0.0, 0.1312611699104309, 0.0, 0.022084299474954605, 0.20604807138442993, 0.0, 0.059717413038015366, 0.00791415385901928, 0.1888577789068222, 1.886344075202942, 0.23830606043338776, 0.534885823726654, 0.6225465536117554, 0.6526671648025513, 0.0, 0.0, 0.29368680715560913, 0.4083220958709717, 0.08826810121536255, 0.0, 0.0, 0.09265520423650742, 0.12824012339115143, 0.549202024936676, 0.0, 0.0, 0.0, 0.0, 0.13557963073253632, 0.006265435833483934, 0.038883768022060394, 0.4421100616455078, 1.5657891035079956, 0.16287145018577576, 0.06875096261501312, 0.0, 0.019502732902765274, 0.003896723035722971, 0.163059800863266, 0.09613148123025894, 0.026956425979733467, 0.12357866764068604, 0.0, 0.02772352658212185, 0.9024385809898376, 0.24371664226055145, 0.47919175028800964, 0.5329092144966125, 0.06460761278867722, 0.4824777841567993, 0.0, 0.0, 0.0, 0.23387381434440613, 0.9904841780662537, 0.3148660957813263, 0.30825668573379517, 0.20808625221252441, 0.2934758961200714, 0.0, 0.0, 0.0, 0.049969181418418884, 0.24116478860378265, 0.03899207338690758, 0.656420111656189, 0.0, 0.14944256842136383, 0.17328478395938873, 2.613662004470825, 0.23006528615951538, 0.0, 0.23788467049598694, 0.20670825242996216, 0.0, 0.3298110067844391, 0.04182843863964081, 1.1725728511810303, 0.07983159273862839, 0.057059627026319504, 0.9044076800346375, 0.8787286877632141, 0.11209090799093246, 0.0026604156009852886, 0.022287236526608467, 0.5680410265922546, 2.2325878143310547, 0.014579446986317635, 0.01268762443214655, 0.033483292907476425, 0.22478820383548737, 0.0, 2.3094539642333984, 0.7366551160812378, 0.8850491642951965, 0.0, 0.3890872001647949, 0.05372244492173195, 0.3749486207962036, 0.4299239218235016, 0.1857890635728836, 0.0, 0.11568180471658707, 1.0862892866134644, 0.0, 0.1755201816558838, 0.0, 0.09988216310739517, 0.0998682901263237, 0.4958306550979614, 0.6455850005149841, 0.009152448736131191, 0.36444011330604553, 0.09083228558301926, 0.06007612124085426, 0.14534053206443787, 0.25793248414993286, 0.22731076180934906, 0.0, 0.1867154836654663, 0.826921820640564, 0.6744808554649353, 0.3261633813381195, 2.008589029312134, 0.0, 0.034678418189287186, 0.0, 0.0, 0.182906836271286, 0.1948535293340683, 0.0022062379866838455, 0.1389101892709732, 1.3620365858078003, 1.0027817487716675, 0.244131401181221, 0.7197838425636292, 0.4589083194732666, 0.0, 0.7904934287071228, 0.0261455699801445, 0.38701996207237244, 1.1047059297561646, 0.023149767890572548, 0.02259317971765995, 0.5873792767524719, 0.0, 0.39848431944847107, 0.005176556296646595, 0.22917631268501282, 0.0, 0.026912670582532883, 0.0, 0.4252413511276245, 0.563727080821991, 0.2860585153102875, 0.021221082657575607, 0.794331431388855, 0.49456992745399475, 0.5482694506645203, 1.7740892171859741, 0.8913314342498779, 0.5764514207839966, 0.21188119053840637, 0.0, 0.2234581708908081, 0.0, 0.4807024598121643, 0.3941945731639862, 0.5960949659347534, 0.4324142038822174, 0.05152208358049393, 0.35614514350891113, 0.751893937587738, 0.2618686854839325, 0.07061093300580978, 0.39698469638824463, 0.26513636112213135, 0.47528329491615295, 0.28686386346817017, 3.0294039249420166, 0.15941230952739716, 0.2526586949825287, 0.41825243830680847, 0.04484369233250618, 0.08233613520860672, 0.0, 0.7313987612724304, 1.7838846445083618, 0.11011126637458801, 0.05190431699156761, 0.7646638751029968, 0.0211491659283638, 0.03212666139006615, 0.5411399006843567, 0.1517205536365509, 0.6188267469406128, 0.9549455642700195, 0.20583415031433105, 0.30232271552085876, 1.901868224143982, 0.3064960539340973, 0.06816726922988892, 0.3649463355541229, 0.21785105764865875, 0.6505686044692993, 1.0293762683868408, 0.0, 0.0, 0.0520201176404953, 0.4992520809173584, 2.3627591133117676, 0.399905264377594, 0.594080924987793, 0.040926117449998856, 0.11206263303756714, 0.0, 0.0, 0.0, 1.1365495920181274, 0.3089830279350281, 0.17049092054367065, 0.2498798817396164, 0.8994286060333252, 0.10497137904167175, 0.1778000295162201, 0.09281393140554428, 0.491016685962677, 0.0, 1.7157591581344604, 0.8427007794380188, 0.09350045025348663, 1.927717685699463, 0.0, 0.0, 0.0, 2.8314218521118164, 0.3185335397720337, 0.0013735841494053602, 0.036157093942165375, 0.269649475812912, 0.0718938559293747, 0.22895565629005432, 0.3678056001663208, 0.02525167167186737, 3.3608741760253906, 0.012591366656124592, 0.0, 0.26847049593925476, 0.0, 0.07432831823825836, 0.4372166097164154, 0.0013354748953133821, 0.02617105096578598, 0.4493970572948456, 0.0, 2.206143379211426, 0.22415350377559662, 0.025680197402834892, 0.047434885054826736, 0.09634993225336075, 0.24864503741264343, 1.573555827140808, 0.11592251807451248, 0.0, 4.6382317543029785, 0.09350494295358658, 0.4286694824695587, 0.07156795263290405, 0.30850842595100403, 0.0, 0.06202933192253113, 1.8984787464141846, 0.04016197845339775, 0.4418298006057739, 0.8609334230422974, 0.0, 0.6513293385505676, 0.23955102264881134, 0.08841698616743088, 0.0, 0.012434716336429119, 0.04040694609284401, 0.028565233573317528, 0.0, 0.0, 0.17854218184947968, 0.0, 1.5011378526687622, 0.4426010251045227, 0.0, 0.07380009442567825, 0.5253130197525024, 0.4092153310775757, 1.331799864768982, 0.1023997887969017, 0.011258736252784729, 0.08164036273956299, 0.733427882194519, 0.07863760739564896, 0.0, 0.7882092595100403, 0.41753116250038147, 0.000222242611926049, 0.16437554359436035, 0.25461071729660034, 0.5330760478973389, 0.0, 4.085201740264893, 0.0, 0.5949216485023499, 0.013099422678351402, 0.012472785077989101, 0.015754718333482742, 1.009419560432434, 0.07985500246286392, 0.05747738480567932, 0.25989970564842224, 0.040579911321401596, 0.42401668429374695, 1.7920693159103394, 0.24036020040512085, 0.0937616229057312, 0.25594228506088257, 0.0041076624765992165, 0.6403387188911438, 0.0, 0.0, 0.03837853670120239, 0.7646766304969788, 0.08395630866289139, 1.0692335367202759, 0.0169716514647007, 1.4448715448379517, 0.03459443151950836, 0.0, 0.1297287493944168, 0.11890973895788193, 0.006415374577045441, 0.16753903031349182, 0.0, 0.17398187518119812, 0.19152940809726715, 0.12937045097351074, 0.13152630627155304, 0.0, 0.06312113255262375, 0.12166859954595566, 0.003746699308976531, 0.0, 0.8681646585464478, 1.3788986206054688, 0.0, 0.058158233761787415, 0.8205134868621826, 3.394190788269043, 1.5352224111557007, 0.13643638789653778, 0.1453169286251068, 0.19789820909500122, 0.008160123601555824, 0.7907310128211975, 0.0, 1.5077458620071411, 2.0205183029174805, 1.3309388160705566, 0.0, 0.6459459662437439, 0.21772606670856476, 1.2673436403274536, 0.521234393119812, 0.546008825302124, 0.19537976384162903, 0.056786373257637024, 0.29911741614341736, 0.11546646803617477, 0.0, 0.0, 0.13541299104690552, 0.017345430329442024, 0.0, 0.0, 3.8796792030334473, 0.0, 0.4006102383136749, 3.701737642288208, 0.0, 0.2889297604560852, 1.3489099740982056, 0.0, 1.617453932762146, 0.022065075114369392, 0.1209544837474823, 0.0, 1.041357159614563, 2.1662092208862305, 0.06628681719303131, 0.3349379301071167, 0.0, 0.08154068142175674, 0.33033013343811035, 0.042243096977472305, 0.9180188179016113, 0.14011231064796448, 1.0625526905059814, 0.0, 0.0, 0.004768960177898407, 0.022972287610173225, 0.25365975499153137, 0.0901157334446907, 0.037305667996406555, 0.3296755850315094, 0.3562314212322235, 0.1421799510717392, 0.004625797271728516, 0.0, 0.07761386036872864, 0.0, 0.12395705282688141, 1.111730694770813, 0.0, 0.006692912895232439, 0.0, 0.1112063080072403, 0.0, 0.04222935065627098, 0.7941357493400574, 0.0469072200357914, 0.38587135076522827, 0.31704580783843994, 3.5364654064178467, 0.026732387021183968, 0.08790884166955948, 1.1522530317306519, 0.1324634999036789, 0.024048632010817528, 0.04451066628098488, 0.10998600721359253, 0.17179495096206665, 0.19048558175563812, 0.4910122752189636, 0.27562811970710754, 2.198657512664795, 0.28923889994621277, 0.47525835037231445, 0.5000383257865906, 0.3932339549064636, 2.8288068771362305, 0.0, 0.11347503960132599, 0.7653922438621521, 0.0, 0.5937459468841553, 0.16177834570407867, 0.04702766612172127, 0.038841813802719116, 0.1453828513622284, 1.2093524932861328, 0.4301619529724121, 0.0, 0.7235443592071533, 0.0, 0.04082559421658516, 0.11272993683815002, 0.03185368701815605, 0.9441508054733276, 0.14417284727096558, 0.43688344955444336, 0.4233045279979706, 0.0, 0.17549002170562744, 0.0010136195924133062, 0.30319738388061523, 0.018022026866674423, 0.009686713106930256, 1.0244464874267578, 0.4229750633239746, 0.06566695868968964, 0.11154454201459885, 0.29507341980934143, 0.0, 0.006668577436357737, 0.0, 0.3217858374118805, 0.12795478105545044, 0.9309169054031372, 0.3412509858608246, 0.027244091033935547, 5.629380226135254, 0.0, 0.13205547630786896, 0.8912091851234436, 0.006755901966243982, 2.6497254371643066, 0.26703697443008423, 0.14149311184883118, 2.0854668617248535, 0.6086916327476501, 0.2879871428012848, 1.0199238061904907, 0.0, 0.7804343700408936, 1.214585542678833, 0.017616644501686096, 0.013072590343654156, 0.18449170887470245, 0.028347382321953773, 0.010157696902751923, 0.0, 0.0655764639377594, 0.3200957179069519, 0.054502058774232864, 0.0030252616852521896, 0.7649064064025879, 0.38139644265174866, 0.9126009345054626, 0.047407831996679306, 5.328940391540527, 0.0, 0.0, 0.0, 0.4794226586818695, 0.0909062996506691, 0.26114514470100403, 0.01876094937324524, 0.9762901663780212, 0.0010412810370326042, 0.11346401274204254, 0.8518635630607605, 0.009508374147117138, 1.2239549160003662, 0.15069353580474854, 2.1225645542144775, 0.0, 0.4434928596019745, 1.048384428024292, 0.2200760692358017, 0.20961757004261017, 1.5485836267471313, 0.4444063901901245, 0.0224323570728302, 0.9100684523582458, 7.536773204803467, 0.7376500964164734, 0.051542554050683975, 0.0, 0.0, 0.8221527934074402, 0.0, 0.0, 0.08592607825994492, 0.03947804495692253, 0.16377657651901245, 0.4112086296081543, 0.1792367845773697, 1.563454508781433, 0.6016082763671875, 0.5086386203765869, 0.08394986391067505, 0.2956012487411499, 0.0018033664673566818, 0.3760358989238739, 0.33267512917518616, 0.01272682286798954, 0.0, 0.7797240614891052, 0.15237897634506226, 0.019829537719488144, 0.9100526571273804, 0.0, 0.053145743906497955, 0.01697119139134884, 0.02651713415980339, 0.2972390949726105, 0.0, 1.2170004844665527, 0.0, 0.01186622679233551, 0.7148674726486206, 0.0, 0.011357944458723068, 0.0, 0.004178917966783047, 0.0, 0.2804461121559143, 0.09885228425264359, 0.1104978621006012, 0.0, 1.8954033851623535, 0.0, 0.1788829118013382, 0.07425247132778168, 0.6498935222625732, 0.11371184140443802, 0.0, 0.36403024196624756, 2.429976224899292, 0.5489593744277954, 0.0, 0.03783721849322319, 0.0, 0.5274996757507324, 0.0, 0.0, 0.030215106904506683, 0.36190176010131836, 0.22696590423583984, 0.0, 0.011736186221241951, 0.025982461869716644, 0.9177240133285522, 0.34248441457748413, 0.8930681347846985, 0.19154244661331177, 0.12666751444339752, 0.029768770560622215, 0.035487379878759384, 1.0473121404647827, 0.7018068432807922, 0.1311149001121521, 0.9154743552207947, 0.21676388382911682, 1.0897912979125977, 0.009019304066896439, 0.5937390923500061, 3.4308154582977295, 0.10053269565105438, 2.5394458770751953, 0.7749397158622742, 2.068067789077759, 0.0, 0.0, 0.23979626595973969, 0.0, 0.10955999046564102, 0.004055697005242109, 1.0373655557632446, 0.07169288396835327, 0.0, 0.1977968066930771, 0.028426028788089752, 0.24766120314598083, 0.0, 0.0018383677816018462, 2.6422293186187744, 0.6405237913131714, 0.16508440673351288, 0.7969834208488464, 0.00937660876661539, 0.36506766080856323, 0.00727995578199625, 0.07226971536874771, 0.12026709318161011, 0.19031725823879242, 0.5986014604568481, 0.11253894865512848, 0.6201618909835815, 2.4459056854248047, 0.0, 1.533329963684082, 0.37163087725639343, 0.11618220061063766, 0.36057978868484497, 0.014333070255815983, 0.027412813156843185, 0.0, 0.5759598612785339, 0.3408040404319763, 0.4340578317642212, 0.030894532799720764, 0.0, 0.22127680480480194, 0.02233646810054779, 1.2492748498916626, 1.845372200012207, 0.47550421953201294, 0.0, 0.49592670798301697, 0.40033337473869324, 0.0, 0.7184019088745117, 0.36889079213142395, 1.0465606451034546, 0.0, 0.030980445444583893, 0.11421221494674683, 0.22313834726810455, 0.06475725769996643, 0.0, 0.0008907002047635615, 2.9353229999542236, 0.44016891717910767, 0.010653938166797161, 0.3427155911922455, 0.834825336933136, 0.31824377179145813, 0.7391502857208252, 0.003625397803261876, 0.0, 0.14204661548137665, 0.13399602472782135, 2.0920205116271973, 0.11735480278730392, 0.2677324116230011, 0.19670061767101288, 0.5406368970870972, 0.0, 0.08457891643047333, 1.57167649269104, 0.21933700144290924, 0.6985287666320801, 0.6325588822364807, 7.240854263305664, 0.40517932176589966, 0.01782839559018612, 0.16299544274806976, 1.127449870109558, 0.0, 0.0, 2.7300994396209717, 0.13473738729953766, 1.5819733142852783, 0.008516263216733932, 0.4643091559410095, 0.0, 0.15960364043712616, 0.5442184805870056, 0.39713653922080994, 0.4604683220386505, 0.0, 0.029679719358682632, 0.00674693938344717, 0.06702691316604614, 0.007309039123356342, 0.14543266594409943, 0.015420300886034966, 0.04707396775484085, 0.01664646342396736, 0.0, 0.3325885832309723, 0.07267206907272339, 0.0, 0.0, 0.11518189311027527, 0.302357017993927, 0.14389081299304962, 5.8024678230285645, 0.031725697219371796, 0.07852327823638916, 0.29167529940605164, 0.10123752057552338, 0.2783947288990021, 0.0051508559845387936, 0.005967276636511087, 1.0636699199676514, 0.0015603424981236458, 1.2063783407211304, 0.29328078031539917, 0.0544109083712101, 0.036458782851696014, 0.007327702362090349, 0.47727468609809875, 2.058094024658203, 0.0, 1.2304754257202148, 0.0, 0.7553514838218689, 0.011594743467867374, 0.0837082639336586, 0.6874138712882996, 0.0, 0.25853466987609863, 0.0, 3.7757182121276855, 0.9323102831840515, 0.2754068076610565, 0.0, 0.0, 0.010094372555613518, 0.3403186500072479, 0.0, 0.03585005924105644, 1.697221279144287, 0.2821827232837677, 0.017531540244817734, 0.22926199436187744, 1.211064338684082, 1.508535385131836, 0.10303235799074173, 1.3042631149291992, 0.20164631307125092, 0.17181257903575897, 0.09737935662269592, 1.0037728548049927, 0.11614398658275604, 0.0466914176940918, 0.5923004746437073, 0.07025483250617981, 0.0014913617633283138, 0.018310025334358215, 0.0, 0.0, 0.035537686198949814, 0.3252737522125244, 0.9177370071411133, 0.0, 0.7187756299972534, 0.08911259472370148, 0.0, 0.03379184007644653, 0.0587213933467865, 3.7954778235871345e-05, 0.17680755257606506, 0.04439372941851616, 0.48562783002853394, 0.2908473312854767, 1.1720328330993652, 1.0745705366134644, 0.07169590890407562, 0.014567375183105469, 1.8012633323669434, 1.5581562519073486, 0.04730786010622978, 0.6085084676742554, 0.2720698416233063, 0.0, 0.0, 0.007117507513612509, 1.277174711227417, 0.0, 0.0, 0.012752084992825985, 0.3083699941635132, 0.014598218724131584, 2.1578197479248047, 0.3374496102333069, 0.0, 0.5782619118690491, 0.10433467477560043, 0.006169217173010111, 0.13654321432113647, 0.02505848929286003, 0.05951349437236786, 0.0, 0.010936172679066658, 0.0684681236743927, 0.0234537273645401, 0.6522268652915955, 0.02429075911641121, 0.7491240501403809, 0.009870331734418869, 0.2703246772289276, 0.0, 0.08269836753606796, 0.0, 0.5614973306655884, 1.1329469680786133, 0.4150834083557129, 0.033984147012233734, 0.06525375694036484, 0.0, 2.8242380619049072, 0.6094939708709717, 0.28903916478157043, 0.09414506703615189, 0.42782849073410034, 0.0, 0.0, 0.36627212166786194, 0.12896132469177246, 0.751224935054779, 0.0682389959692955, 0.19262640178203583, 0.2849489450454712, 0.19037793576717377, 0.526961088180542, 0.0, 0.0023346019443124533, 1.210665225982666, 0.046015601605176926, 0.207680806517601, 0.0013760888250544667, 0.035571031272411346, 0.04296167939901352, 0.09981589764356613, 0.0, 0.3394303321838379, 1.6134824752807617, 0.9363341927528381, 0.10851709544658661, 2.242483377456665, 0.7566239237785339, 0.2979462444782257, 0.07030782103538513, 5.627744197845459, 0.0, 2.017604351043701, 0.03207152709364891, 0.7276127934455872, 0.0, 0.22431698441505432, 0.36051928997039795, 0.6081628799438477, 0.029116516932845116, 0.8766350746154785, 0.0, 0.10946851223707199, 0.21675120294094086, 0.04790756106376648, 1.1332454681396484, 0.8495180010795593, 0.06465209275484085, 0.03188984841108322, 0.0, 0.0, 0.20893560349941254, 0.0, 0.27086398005485535, 0.0, 0.9453330039978027, 0.2922168970108032, 0.9042291641235352, 0.08185412734746933, 0.03629724681377411, 0.0, 0.01550870481878519, 0.025329798460006714, 0.2431337833404541, 0.0, 0.2530030906200409, 0.07881010323762894, 0.00031097567989490926, 0.07815559208393097, 3.090153932571411, 0.01044431235641241, 0.05990546941757202, 0.3221338391304016, 0.06462836265563965]",Testing/glioma_tumor/image(82).jpg
"[0.0, 1.7320480346679688, 0.11857329308986664, 0.016290459781885147, 0.6290495991706848, 0.0, 0.23114967346191406, 0.10874131321907043, 0.09151840209960938, 0.0, 0.055487699806690216, 0.0711577981710434, 0.014318280853331089, 0.9946175217628479, 0.37462466955184937, 0.023556353524327278, 0.4863065481185913, 0.12990529835224152, 0.34749293327331543, 0.10591371357440948, 0.2617584764957428, 1.4635133743286133, 1.6407665014266968, 0.0, 0.010065453127026558, 0.42308104038238525, 2.8712291717529297, 0.06694032996892929, 0.018291780725121498, 0.0, 0.0, 0.0878552794456482, 2.722154378890991, 0.14733688533306122, 0.33953848481178284, 0.31346815824508667, 0.31366273760795593, 0.4037341773509979, 0.003315434092655778, 0.047335002571344376, 4.923757076263428, 1.3123111724853516, 0.0, 0.041115082800388336, 0.0, 0.1643456071615219, 0.08023672550916672, 0.034375257790088654, 0.0, 0.0, 0.08653945475816727, 2.765742063522339, 0.9884703755378723, 0.0006254400359466672, 0.4660964608192444, 2.611555814743042, 2.345426559448242, 0.20141912996768951, 0.31223082542419434, 0.0, 0.2919674217700958, 1.026681661605835, 0.9261214733123779, 4.4671854972839355, 0.020728176459670067, 0.0, 0.31357207894325256, 0.3435173034667969, 0.0, 0.0, 0.30402299761772156, 0.019373664632439613, 0.2572818100452423, 0.8323112726211548, 0.00838232971727848, 0.020471682772040367, 1.1119741201400757, 0.03126475214958191, 0.048086017370224, 0.27107149362564087, 0.06479659676551819, 0.0, 1.1235839128494263, 0.0, 0.367817223072052, 0.7587324380874634, 0.7753926515579224, 0.46082672476768494, 0.045960716903209686, 1.2837408781051636, 0.46871721744537354, 0.13026593625545502, 3.466461420059204, 0.6668666005134583, 0.0, 0.0, 0.6646097898483276, 0.161061093211174, 0.42537230253219604, 0.1611800193786621, 0.32220080494880676, 1.1098740100860596, 0.0, 0.23975437879562378, 0.6784952878952026, 0.0, 0.02506660856306553, 0.9691193103790283, 0.15316185355186462, 1.5392028093338013, 0.07702343165874481, 0.6322314143180847, 0.44054707884788513, 0.0, 1.5017131567001343, 0.05897347256541252, 0.06291179358959198, 0.2526366710662842, 1.2512664794921875, 0.3053722381591797, 0.0, 0.1876050978899002, 0.06202053651213646, 0.08574656397104263, 0.6820010542869568, 0.5790430307388306, 0.12904700636863708, 0.08728352189064026, 0.6495776772499084, 0.0, 0.0, 0.16430948674678802, 0.16105414927005768, 0.0, 0.0, 0.24871939420700073, 0.11616191267967224, 0.2097311168909073, 0.031358975917100906, 0.01715739816427231, 0.0926576554775238, 0.43229609727859497, 0.005495324265211821, 0.20426729321479797, 0.006527720484882593, 0.0, 0.1869707703590393, 1.0768274068832397, 0.24011105298995972, 0.6523452401161194, 0.11687424033880234, 0.33920297026634216, 0.021422605961561203, 0.0009481857996433973, 0.03496496379375458, 1.219923496246338, 0.0, 0.020011527463793755, 0.7411821484565735, 0.01977800764143467, 3.6105289459228516, 0.6139895915985107, 0.0, 0.7358886003494263, 0.22070655226707458, 0.0864085927605629, 0.37313908338546753, 0.0, 0.22088202834129333, 10.088116645812988, 0.007692699320614338, 0.3620713949203491, 0.05769061669707298, 0.19200167059898376, 0.5035712718963623, 0.7058244943618774, 0.0, 0.3010011911392212, 0.0, 0.45386525988578796, 0.0323750302195549, 0.04189152270555496, 0.27406659722328186, 0.10830964893102646, 0.0, 0.3021974563598633, 0.12933748960494995, 1.6707193851470947, 0.17963078618049622, 0.033500418066978455, 0.03165578469634056, 0.0, 0.002883259207010269, 0.0, 0.0, 0.049978870898485184, 0.1973346471786499, 0.31090766191482544, 0.0, 0.2007835954427719, 0.8189547061920166, 2.035773515701294, 0.18962089717388153, 0.7349996566772461, 0.4614509344100952, 0.577460527420044, 0.4169825315475464, 0.0, 0.7784802317619324, 0.0, 0.6476027965545654, 3.0200493335723877, 0.0, 0.17539666593074799, 0.0, 0.8210851550102234, 0.04328688979148865, 0.0, 0.014691571705043316, 0.0, 1.1613088846206665, 0.0, 2.6977851390838623, 0.03723907098174095, 0.018287772312760353, 0.8374224901199341, 0.6792412400245667, 0.24171583354473114, 0.11626745760440826, 0.36195504665374756, 0.14818090200424194, 0.034532055258750916, 0.0010185192804783583, 1.6308810710906982, 0.5405128002166748, 0.0193052738904953, 0.09311816096305847, 0.6185402274131775, 0.02201896719634533, 0.5016350150108337, 0.27467450499534607, 1.4825780391693115, 0.7218350768089294, 0.0, 0.17333808541297913, 0.05014874041080475, 0.010750425048172474, 3.186265707015991, 0.0, 1.0861912965774536, 0.02007199078798294, 0.01658344827592373, 0.6539429426193237, 0.37740275263786316, 0.2053825855255127, 0.0, 0.0011672949185594916, 1.4491041898727417, 0.016154371201992035, 0.13647295534610748, 0.0, 0.05240684747695923, 1.6164287328720093, 0.0, 0.0, 1.337990164756775, 0.0, 0.03740047290921211, 0.0, 0.06007017940282822, 0.5447763800621033, 0.021333938464522362, 0.18335646390914917, 0.27473771572113037, 1.6309128999710083, 1.0328285694122314, 0.4460638463497162, 0.03075626865029335, 0.12730762362480164, 0.058548860251903534, 0.7219428420066833, 0.041096415370702744, 1.0034539699554443, 0.22915053367614746, 0.6951232552528381, 1.3299657106399536, 0.7798291444778442, 0.26894402503967285, 1.290635108947754, 0.7932454347610474, 0.49955815076828003, 0.26937517523765564, 0.0, 0.0707099661231041, 0.46552878618240356, 1.581465721130371, 0.01681649684906006, 0.12967433035373688, 0.0, 0.007402133196592331, 1.8248188495635986, 0.21894602477550507, 1.0912688970565796, 0.0, 0.04419068247079849, 0.13029079139232635, 0.08217411488294601, 0.005854426417499781, 0.27522578835487366, 0.11841090023517609, 0.31694528460502625, 0.30160394310951233, 0.45755985379219055, 0.09430667012929916, 0.03391283378005028, 0.9113430380821228, 1.6637929677963257, 0.0023366601672023535, 0.0, 0.008655124343931675, 0.548566997051239, 0.07353276759386063, 0.5589750409126282, 0.07927199453115463, 0.05845458805561066, 0.0, 0.0631871446967125, 0.034077487885951996, 5.559904098510742, 0.22919818758964539, 0.7616197466850281, 0.0, 1.1898422241210938, 0.014478921890258789, 0.0, 0.006026657298207283, 5.168606281280518, 0.34478265047073364, 0.27021151781082153, 0.4948222041130066, 0.0, 0.0, 0.24720819294452667, 0.3445315361022949, 0.04974934458732605, 0.2686361074447632, 0.400068074464798, 0.10418000817298889, 0.0519162118434906, 4.544605255126953, 0.06124518811702728, 0.0, 0.7240241765975952, 0.5515507459640503, 0.12245966494083405, 0.21185463666915894, 0.15072602033615112, 0.004053972195833921, 0.4427224397659302, 0.15295447409152985, 0.0, 0.6291869282722473, 0.6605306267738342, 0.016537705436348915, 0.0, 0.09398211538791656, 0.231947124004364, 0.0, 3.984877586364746, 0.04511461779475212, 0.010183582082390785, 0.7147867679595947, 0.47184181213378906, 0.7465236186981201, 0.0, 0.1191597729921341, 3.9926669597625732, 1.4916965961456299, 0.01585066132247448, 0.7151543498039246, 0.13326413929462433, 0.08504102379083633, 0.13045965135097504, 0.0, 0.01878695748746395, 0.5912190675735474, 0.6112656593322754, 0.14535966515541077, 0.005288330838084221, 0.041139185428619385, 0.0, 0.24299903213977814, 0.0, 0.25445154309272766, 0.4852457344532013, 3.4610025882720947, 0.0, 1.15724778175354, 0.025240935385227203, 0.0, 0.11984717845916748, 0.0, 0.2327321320772171, 0.0051481458358466625, 0.03399979695677757, 0.4524826407432556, 0.27096685767173767, 0.2178693562746048, 0.0879364013671875, 1.1199309825897217, 0.0, 0.5666974186897278, 0.09335029125213623, 0.0, 0.0, 2.031893730163574, 0.11348238587379456, 0.6063716411590576, 0.0031631721649318933, 0.08798227459192276, 2.156554937362671, 0.36872440576553345, 0.5579628348350525, 0.043774839490652084, 0.04913460835814476, 0.0, 0.15240009129047394, 0.0691392719745636, 0.4533502161502838, 0.0894588828086853, 1.5480434894561768, 0.2782042622566223, 0.2324771136045456, 1.0147820711135864, 2.2231950759887695, 0.05756375193595886, 0.0, 0.020491506904363632, 0.45018714666366577, 0.0, 0.04644621163606644, 0.0, 1.0514438152313232, 0.0, 0.37610310316085815, 0.23093140125274658, 0.0, 0.3159039616584778, 0.05630577728152275, 0.03366270661354065, 0.0, 0.014630583114922047, 0.3765190541744232, 0.0, 0.041361019015312195, 0.6076689958572388, 0.0, 0.30432677268981934, 0.13191652297973633, 0.187380850315094, 0.9378039836883545, 0.9856083989143372, 0.04216020926833153, 0.40082457661628723, 0.0, 0.007573843002319336, 0.3969428539276123, 2.034611940383911, 0.0076136514544487, 0.03172572702169418, 0.5829264521598816, 0.004483398050069809, 0.011113527230918407, 1.0008296966552734, 0.08360811322927475, 0.01350044272840023, 0.1786441206932068, 0.0, 0.07472772896289825, 0.0, 0.2153759002685547, 0.4289705455303192, 5.538731098175049, 0.02062886767089367, 0.3930155634880066, 0.09477285295724869, 0.0004506038094405085, 0.0, 0.5555030107498169, 0.21213294565677643, 0.8923266530036926, 0.5193919539451599, 0.0, 0.34649139642715454, 3.3743655681610107, 0.007879925891757011, 0.0, 0.7072423100471497, 1.202114224433899, 0.07060924172401428, 0.7187708020210266, 1.3165045976638794, 0.07258427143096924, 0.6968781352043152, 0.0, 0.5232892036437988, 0.01853334717452526, 0.0, 0.3723228871822357, 0.7790629267692566, 0.0, 0.21212980151176453, 0.0, 0.8697046637535095, 0.04335512965917587, 0.20748406648635864, 1.1295090913772583, 0.038921527564525604, 0.4503699243068695, 0.0382145531475544, 0.0, 1.429945707321167, 0.018167072907090187, 0.14247524738311768, 0.005922921001911163, 0.5554121732711792, 0.0, 0.05316491052508354, 0.6042619347572327, 0.005213375203311443, 0.12530143558979034, 0.4354167580604553, 0.669633150100708, 1.227526307106018, 0.03041214309632778, 0.4336167871952057, 0.36906012892723083, 0.1228727251291275, 2.032665729522705, 0.07432838529348373, 0.02006211131811142, 0.31529098749160767, 0.08932104706764221, 0.4202064275741577, 1.3107295036315918, 0.38531064987182617, 0.2713005542755127, 0.9276238083839417, 0.15211062133312225, 0.04694873094558716, 0.0, 0.015297400765120983, 0.041845642030239105, 0.0006104367203079164, 1.0328738689422607, 1.857266902923584, 1.3839572668075562, 0.001413729740306735, 0.046314410865306854, 0.007004973944276571, 0.6205534934997559, 0.3131456673145294, 0.38126903772354126, 0.14064709842205048, 0.06267709285020828, 0.1402433216571808, 1.9046008586883545, 0.0, 0.03884932026267052, 0.229728102684021, 0.025748422369360924, 0.004918984137475491, 0.43112054467201233, 0.06000572443008423, 0.005998781882226467, 0.06342890113592148, 0.0, 1.1589900255203247, 0.029576461762189865, 0.15210972726345062, 0.0, 0.0, 0.0, 0.40456005930900574, 0.0083841597661376, 0.0, 0.1768287569284439, 0.15051352977752686, 0.13302898406982422, 0.0, 0.03094465658068657, 0.020752184092998505, 0.4915779232978821, 0.02037220634520054, 0.0, 0.020776202902197838, 0.11203426867723465, 0.014716722071170807, 0.532630205154419, 0.003222112776711583, 0.18351523578166962, 0.4274117350578308, 4.719470500946045, 0.4471341669559479, 0.10134601593017578, 0.3541375696659088, 2.236978530883789, 0.20604729652404785, 0.4841495156288147, 1.2528990507125854, 2.4309215545654297, 0.5550702810287476, 0.12823498249053955, 0.3226274847984314, 0.0, 0.015049564652144909, 0.0, 0.0, 0.07007375359535217, 0.0, 0.5377254486083984, 0.04105181619524956, 5.989473342895508, 0.05678858980536461, 1.1586006879806519, 1.1526230573654175, 0.0, 0.25936993956565857, 0.1912740021944046, 0.3489399254322052, 0.030257314443588257, 0.0, 0.27259331941604614, 0.030733516439795494, 0.10671339184045792, 0.0, 0.09557204693555832, 0.2526220679283142, 0.21968162059783936, 0.012650961987674236, 1.8857181072235107, 0.016722530126571655, 1.6621485948562622, 0.031818464398384094, 0.033791523426771164, 0.36110901832580566, 3.813340902328491, 0.0468519851565361, 0.04299483448266983, 0.026055607944726944, 0.7697661519050598, 0.17806664109230042, 0.08338914811611176, 0.0, 2.3134207725524902, 1.31487238407135, 0.0019508259138092399, 0.23987875878810883, 0.020690621808171272, 0.0019444689387455583, 0.4578298330307007, 0.3645937144756317, 0.013377874158322811, 0.09316389262676239, 0.03988078981637955, 0.2277054637670517, 6.171714782714844, 0.17049235105514526, 0.0, 0.16737128794193268, 0.11232681572437286, 1.1892578601837158, 0.20352816581726074, 0.00835164450109005, 0.0, 0.17605094611644745, 0.0, 0.2923165559768677, 0.0007326213526539505, 6.94394588470459, 1.6565607786178589, 0.0, 0.0, 0.4039762020111084, 0.17610175907611847, 5.265822410583496, 0.4665950536727905, 0.18701037764549255, 0.18303361535072327, 0.0, 0.02724331244826317, 0.021935073658823967, 0.3101882040500641, 0.03063555620610714, 0.0, 2.5102474689483643, 0.17638707160949707, 0.07669755071401596, 0.0, 0.23651430010795593, 0.08419269323348999, 0.0, 0.28865277767181396, 0.701726496219635, 0.16552573442459106, 0.0350603349506855, 0.3805515468120575, 1.8002569675445557, 2.1446802616119385, 0.0, 7.144218444824219, 0.005715439561754465, 0.03878156095743179, 0.024016210809350014, 0.38770222663879395, 0.0028251968324184418, 0.14352290332317352, 0.0, 0.0, 0.1281888782978058, 0.18798311054706573, 3.099513530731201, 0.15337221324443817, 0.0, 0.4828398823738098, 2.584188938140869, 0.768449604511261, 1.1240030527114868, 0.029436295852065086, 1.045946478843689, 0.1538085788488388, 0.10102546215057373, 0.025837905704975128, 0.9841769337654114, 0.594121515750885, 0.0063722035847604275, 0.0, 1.3119020462036133, 0.18551012873649597, 0.01322117354720831, 0.07553184777498245, 0.4375375211238861, 2.2819278240203857, 0.7684101462364197, 0.024649376049637794, 0.5221685767173767, 0.3546311855316162, 0.2537112236022949, 0.016038203611969948, 0.7691274881362915, 0.27760401368141174, 0.9843102097511292, 0.40539661049842834, 0.0, 1.294191598892212, 0.6049000024795532, 0.3061697781085968, 0.2866397798061371, 0.018898501992225647, 0.253867506980896, 1.879896879196167, 0.0, 2.4074931144714355, 0.4988954961299896, 0.3555642366409302, 0.34103789925575256, 0.6812558770179749, 0.2005072832107544, 1.8763086795806885, 1.229443907737732, 0.3604838252067566, 0.028843054547905922, 0.8384092450141907, 0.7056161761283875, 0.0, 0.10158884525299072, 0.6371684670448303, 1.4933853149414062, 2.560112476348877, 2.7018277645111084, 0.005072036758065224, 0.07874539494514465, 0.0, 0.23610301315784454, 0.642839789390564, 0.0, 0.006148425862193108, 0.13517601788043976, 0.42989590764045715, 0.11852435767650604, 0.07608802616596222, 0.47444093227386475, 2.581899642944336, 0.0584353432059288, 0.08611847460269928, 0.4073579013347626, 0.0, 0.0, 1.1074713468551636, 0.24888871610164642, 0.0, 0.23018953204154968, 0.23688481748104095, 1.0944839715957642, 0.0, 0.0027260780334472656, 0.7534330487251282, 1.6557068824768066, 1.7866877317428589, 0.13141703605651855, 0.0, 0.0010557600762695074, 1.3571823835372925, 0.13105173408985138, 1.7533577680587769, 0.0, 0.7722850441932678, 0.01312271784991026, 0.06792067736387253, 0.0, 0.0066765472292900085, 0.0, 0.14771723747253418, 0.05092195048928261, 0.0, 0.3957498371601105, 1.0642565488815308, 0.032220080494880676, 2.0264649391174316, 3.339840888977051, 0.06526757031679153, 1.174404501914978, 0.029319699853658676, 0.6746553182601929, 0.035035766661167145, 3.4429171085357666, 0.16912899911403656, 0.0, 0.0, 0.014851423911750317, 0.0, 0.0, 0.4479601979255676, 0.6977853775024414, 0.1849614530801773, 0.14457526803016663, 0.00026542070554569364, 0.0, 0.0, 0.6704692244529724, 0.05821668729186058, 0.172524556517601, 2.6838266849517822, 0.08156413584947586, 0.06151648610830307, 0.12165587395429611, 0.47635266184806824, 0.0017843148671090603, 0.21967114508152008, 0.7200009226799011, 1.7066274881362915, 0.0, 0.06052039563655853, 0.7513923645019531, 0.0767861008644104, 0.5484444499015808, 0.22366487979888916, 0.5915517807006836, 0.04598740488290787, 3.2785489559173584, 0.11252187937498093, 0.014706125482916832, 0.0, 0.4377121329307556, 2.1653923988342285, 0.8842490315437317, 0.12088213115930557, 0.3002716302871704, 1.976975440979004, 0.6602423787117004, 0.05595790222287178, 0.07720062881708145, 0.8005684018135071, 0.0, 0.28888872265815735, 0.03890213370323181, 3.405747652053833, 1.2477673292160034, 0.0817577987909317, 0.43871447443962097, 0.5497517585754395, 0.03589748218655586, 0.30929264426231384, 0.33449694514274597, 0.02582237869501114, 0.0018371975747868419, 0.0775325745344162, 0.18861719965934753, 0.029835160821676254, 1.1142816543579102, 0.05359417200088501, 0.8654364943504333, 0.001239358214661479, 0.0030815042555332184, 0.9045000076293945, 0.010611558333039284, 0.025837447494268417, 1.8872885704040527, 0.3887494206428528, 0.49425387382507324, 0.45427656173706055, 0.0, 0.028142008930444717, 1.401690125465393, 0.0, 2.0744707584381104, 1.3182148933410645, 0.0, 1.7363052368164062, 0.0, 0.09903434664011002, 1.9783316850662231, 0.12113799154758453, 0.2521016299724579, 0.97665935754776, 0.4839693307876587, 0.3890399932861328, 0.8114277720451355, 0.40988728404045105, 0.017424201592803, 0.02705175057053566, 0.7565492391586304, 0.9400896430015564, 0.010768461972475052, 0.2724536657333374, 3.126850128173828, 0.23354244232177734, 0.06663792580366135, 0.0, 0.041960686445236206, 1.3735487461090088, 0.46676746010780334, 0.3496609926223755, 0.7922184467315674, 0.39783743023872375, 0.17836245894432068, 9.619459888199344e-05, 0.0, 0.28121113777160645, 0.44996896386146545, 0.0, 0.1652289777994156, 0.14028608798980713, 0.0, 0.0785476416349411, 0.01958918385207653, 0.4991684854030609, 0.8815264701843262, 0.939795970916748, 0.0, 0.2079230099916458, 0.2735534906387329, 0.0, 0.5165788531303406, 0.0437457412481308, 1.63401198387146, 0.12435753643512726, 0.07685815542936325, 0.5127533674240112, 0.5352599620819092, 0.0, 3.506956100463867, 0.10237520933151245, 0.17624865472316742, 0.005862595979124308, 0.18963748216629028, 1.2574996948242188, 0.0, 1.138442873954773, 0.0, 1.5652196407318115, 1.752586841583252, 0.32953646779060364, 0.0, 2.4624340534210205, 0.021209396421909332, 0.0, 0.0, 0.004470910411328077, 0.0026736478321254253, 0.173623189330101, 0.0, 0.0, 1.2790244817733765, 0.0368257537484169, 0.049620043486356735, 0.0, 0.0, 2.5037670135498047, 0.10576312243938446, 0.8656527400016785, 0.3467133641242981, 0.8727329969406128, 0.3495391607284546, 0.2465018481016159, 0.3527345061302185, 0.28699082136154175, 0.07739830017089844, 2.6912736892700195, 0.012989457696676254, 0.2600116431713104, 0.0, 1.1229426860809326, 3.404179096221924, 0.32751303911209106, 0.007570106070488691, 0.6264204382896423, 0.21411684155464172, 0.0, 2.8271026611328125, 0.41423532366752625, 1.110148549079895, 0.0, 0.8144620656967163, 0.008489448577165604, 0.0, 1.2883737087249756, 0.0, 0.012949435040354729, 0.005119999870657921, 0.3068614602088928, 0.0, 1.0455551147460938, 0.02980729565024376, 0.002316148951649666, 0.28426674008369446, 0.007492518052458763, 0.5035357475280762, 0.10392274707555771, 0.0, 0.0, 0.0, 1.7522084712982178, 0.12422891706228256, 0.2046293020248413, 0.0, 0.06896921247243881, 0.011681727133691311, 0.044294342398643494, 0.0026494727935642004, 0.0673699900507927, 0.0, 0.7773892879486084, 0.8343760371208191, 0.01939074881374836, 0.0, 0.07649970054626465, 2.2927138805389404, 0.4306732416152954, 0.11209733039140701, 0.0, 0.10136551409959793, 0.2586890459060669, 0.0, 0.001647594035603106, 0.004119432531297207, 0.047917380928993225, 0.006403280887752771, 0.0, 0.0, 0.7862176895141602, 2.358475923538208, 0.24780923128128052, 0.17579779028892517, 0.13721813261508942, 0.0, 0.38744354248046875, 0.3486959636211395, 0.7943668961524963, 0.06388001888990402, 1.2736033201217651, 0.03665085509419441, 1.3379720449447632, 0.8067376017570496, 0.2885825037956238, 0.032599080353975296, 0.1031445860862732, 0.26343005895614624, 0.597558856010437, 0.138801708817482, 0.4371182322502136, 0.05709754303097725, 0.0, 0.09181994199752808, 2.3641791343688965, 0.0, 0.012973201461136341, 0.0, 0.0679013729095459, 0.9114354848861694, 0.03063456155359745, 0.05246483534574509, 0.0, 0.2533436715602875, 0.19574983417987823, 0.0727485716342926, 0.5433498024940491, 0.36335426568984985, 0.013347144238650799, 0.11381690204143524, 0.07583655416965485, 0.04340954124927521, 0.8761213421821594, 1.0315176248550415, 1.1132091283798218, 0.0, 0.0, 0.14851593971252441, 0.0, 0.05499067157506943, 3.333004951477051, 0.008897990919649601, 0.0, 0.6749424934387207, 0.20500220358371735, 0.07711765915155411, 0.6606343984603882, 0.18681158125400543, 0.14083638787269592, 0.023752368986606598, 0.2567337453365326, 0.2732835114002228, 0.00263776583597064, 1.5442825555801392, 0.0, 0.1328500658273697, 0.12586233019828796, 0.01294645480811596, 0.17114059627056122, 0.04682697728276253, 0.09480925649404526, 0.0, 1.904587745666504, 0.06316833943128586, 0.40859454870224, 0.0671757161617279, 0.05621733143925667, 0.0, 0.0, 0.041678592562675476, 0.05690804868936539, 0.0, 0.1123759001493454, 0.015928199514746666, 0.3767799139022827, 0.013248888775706291, 0.0009545963839627802, 0.694526195526123, 0.0, 0.09254386276006699, 0.04556175693869591, 0.1068180501461029, 1.6385265588760376, 0.8856624960899353, 0.0, 0.003793974407017231, 0.0, 0.019667373970150948, 0.0, 0.03210284188389778, 0.769697904586792, 0.0, 0.015168895944952965, 0.02574707567691803, 0.45821574330329895, 0.07720214128494263, 0.08849038183689117, 0.0, 0.02355256862938404, 1.0479369163513184, 0.13454854488372803, 0.3002696633338928, 0.0, 0.5130873918533325, 0.002358752768486738, 0.0, 0.0, 1.6650793552398682, 0.35547345876693726, 0.12020352482795715, 0.0, 0.0, 0.47015395760536194, 0.0, 0.0, 4.641428470611572, 0.745466411113739, 0.018391165882349014, 0.011429086327552795, 0.4086344242095947, 0.4779314398765564, 0.6955769658088684, 0.00447129225358367, 0.2513749599456787, 0.3541175425052643, 0.0, 0.008630426600575447, 0.016378432512283325, 1.7163935899734497, 0.0, 0.8118955492973328, 0.0, 0.0, 0.2210342288017273, 0.16006004810333252, 0.0, 0.0, 0.319610595703125, 0.1656297743320465, 0.8820436596870422, 0.1741708666086197, 0.10364258289337158, 0.055617671459913254, 1.0447031259536743, 0.03828705474734306, 0.0187495406717062, 0.0, 0.017829889431595802, 1.5156387090682983, 0.05177866667509079, 0.09418512880802155, 0.0, 0.07227616757154465, 2.3312783241271973, 0.08385762572288513, 0.14854754507541656, 0.005344889592379332, 1.1100376844406128, 0.0, 0.18826235830783844, 0.042797546833753586, 1.3937392234802246, 0.0, 6.270056247711182, 0.12161122262477875, 0.018548984080553055, 0.04964886233210564, 0.0, 0.005067107733339071, 0.9210283160209656, 0.4371349513530731, 0.6551790833473206, 0.0, 0.029269391670823097, 0.15866748988628387, 0.00047729452489875257, 1.1253725290298462, 0.06413870304822922, 0.18050983548164368, 0.09635233134031296, 0.0, 0.0262196883559227, 0.274811714887619, 0.7838373184204102, 1.0592212677001953, 0.6013318300247192, 0.04498545825481415, 0.032912567257881165, 0.9999282360076904, 0.028850669041275978, 0.0025249160826206207, 0.2329195737838745, 0.13785764575004578, 0.8339645266532898, 0.1092052161693573, 0.5981685519218445, 0.24808363616466522, 0.01689688116312027, 0.19675412774085999, 0.23040038347244263, 0.0, 0.0, 0.0775541365146637, 0.27821746468544006, 0.1041683480143547, 0.0, 0.0, 0.35117319226264954, 1.086538314819336, 3.810356378555298, 0.04034838452935219, 0.0, 0.37477636337280273, 1.5561410188674927, 0.009104781784117222, 0.13935767114162445, 0.1272839605808258, 0.026456983759999275, 0.028439132496714592, 0.0006280164234340191, 0.0, 0.004959753714501858, 0.56183922290802, 0.7625211477279663, 0.21484558284282684, 0.0, 0.9211819767951965, 0.6244795918464661, 0.16585637629032135, 2.9868478775024414, 0.059893909841775894, 1.359174132347107, 0.23210810124874115, 0.10792605578899384, 0.02767321839928627, 0.08132010698318481, 0.7326149344444275, 0.0, 0.584865152835846, 1.0565344095230103, 0.9546979665756226, 0.08752995729446411, 0.02630547434091568, 0.15983666479587555, 0.21070848405361176, 0.0, 0.027101311832666397, 0.0, 0.6128954887390137, 0.05482356250286102, 0.3872053325176239, 0.03130830451846123, 0.0028279556427150965, 1.664499044418335, 0.12372320890426636, 0.024300988763570786, 2.276289939880371, 3.590299367904663, 0.4039745628833771, 0.7362619638442993, 0.01725092902779579, 0.7889918684959412, 0.03647428750991821, 0.13208095729351044, 0.0, 3.874791145324707, 0.6032266616821289, 0.045623116195201874, 0.8277509808540344, 0.9727231860160828, 1.4428417682647705, 0.41328492760658264, 0.30141180753707886, 0.40215110778808594, 2.5923993587493896, 0.5169575214385986, 0.0004382814804557711, 1.0334748029708862, 0.0935472920536995, 0.24494944512844086, 0.030467772856354713, 0.21698762476444244, 0.0, 0.007311149500310421, 0.0569659024477005, 1.1692227125167847, 0.0034450609236955643, 0.17321263253688812, 0.04749589413404465, 0.0, 2.0470685958862305, 0.9561777114868164, 0.031377844512462616, 0.22692151367664337, 0.9100095629692078, 4.549398422241211, 0.276626318693161, 0.1791461855173111, 0.49502626061439514, 0.06078338250517845, 0.3024643063545227, 1.0758074522018433, 0.4102317690849304, 0.9763121604919434, 0.12453456968069077, 0.07533720880746841, 1.4204107522964478, 0.10785842686891556, 0.9157734513282776, 0.0, 0.0, 0.004638010170310736, 0.3265998959541321, 0.6676467657089233, 0.552851676940918, 0.1672065109014511, 0.040391940623521805, 1.9529353380203247, 0.0, 0.5256707072257996, 0.17986859381198883, 1.9262824058532715, 0.06615953892469406, 2.616927146911621, 0.02906056120991707, 0.010626379400491714, 0.0, 0.00815822184085846, 1.2662526369094849, 0.004464271012693644, 0.04735542833805084, 0.024785444140434265, 0.0, 0.09080050140619278, 0.015446789562702179, 0.8565295338630676, 0.025331176817417145, 0.49947303533554077, 0.7831845879554749, 0.07781323790550232, 0.0, 0.3140419125556946, 0.0, 1.346744418144226, 0.03806758299469948, 0.35603952407836914, 0.31282567977905273, 0.0, 0.0, 0.34352749586105347, 0.23327574133872986, 0.0, 0.3074148893356323, 0.31290432810783386, 0.28275322914123535, 0.003929381258785725, 0.008156927302479744, 0.240335613489151, 1.0852206945419312, 1.168277382850647, 0.011635802686214447, 0.9086365699768066, 0.48055726289749146, 0.0, 0.01579728163778782, 0.02579144760966301, 0.795356810092926, 0.0, 0.2094794362783432, 0.0, 0.17144623398780823, 0.23567532002925873, 0.09473539143800735, 0.08301138132810593, 0.0, 0.0, 0.0, 0.015143316239118576, 0.005407420918345451, 1.3560261726379395, 0.0, 0.2062237411737442, 0.5130516886711121, 0.6834025979042053, 2.1882195472717285, 1.3150004148483276, 0.15324100852012634, 0.03505896031856537, 0.0, 0.0, 0.46434882283210754, 0.2684957683086395, 0.02618539147078991, 0.0, 0.43507322669029236, 0.003915129695087671, 1.7789188623428345, 0.8854415416717529, 0.6548774242401123, 0.3806209862232208, 0.5644625425338745, 0.5531193017959595, 0.28548210859298706, 0.315298467874527, 0.3141794800758362, 0.0, 0.0, 0.3455491364002228, 0.1319551318883896, 0.0, 0.07143270969390869, 0.04375429451465607, 0.10620381683111191, 0.2620990574359894, 1.388165831565857, 0.006641485262662172, 0.517877459526062, 1.2583599090576172, 0.17738404870033264, 0.3873968720436096, 0.9674979448318481, 0.23404160141944885, 0.05210570991039276, 1.2898062467575073, 2.6291961669921875, 0.1470140814781189, 0.0, 0.006510124076157808, 1.0719022750854492, 0.1534050852060318, 0.0, 0.5926399827003479, 0.15443959832191467, 1.7050215005874634, 0.0060757664032280445, 0.0, 0.0, 0.0, 0.0, 0.0, 0.0, 0.13181646168231964, 0.014043530449271202, 0.32751956582069397, 0.2469949871301651, 0.012017346918582916, 0.00832321960479021, 0.0, 0.07053225487470627, 0.4777081608772278, 0.012093296274542809, 0.3415921628475189, 0.0, 0.8809822797775269, 0.0, 0.0, 1.0522972345352173, 0.0, 0.421615868806839, 0.0, 3.469327688217163, 0.044908735901117325, 0.08281822502613068, 0.6245453357696533, 0.4749126732349396, 0.25360962748527527, 0.014623398892581463, 0.29251670837402344, 1.6041383743286133, 0.0, 0.09983405470848083, 0.20694467425346375, 1.30498206615448, 0.01383933238685131, 0.0, 2.1283488273620605, 0.9800589680671692, 4.123734474182129, 0.0, 0.5520110130310059, 0.702671468257904, 0.1318044662475586, 0.821191132068634, 0.2159302532672882, 0.04333896189928055, 0.9766583442687988, 0.015155772678554058, 0.5824928879737854, 0.4667965769767761, 0.13945157825946808, 0.0, 0.3126090466976166, 0.06669039279222488, 0.4626309871673584, 0.6390562057495117, 0.2331392765045166, 0.026560258120298386, 0.7648641467094421, 0.8153613209724426, 0.5417458415031433, 0.3290022313594818, 0.0, 2.433703899383545, 0.18325816094875336, 0.0, 0.0, 2.6106209754943848, 0.15815548598766327, 1.1884642839431763, 0.05284615978598595, 0.15336713194847107, 0.0, 0.0, 0.0, 0.0017763813957571983, 1.1491619348526, 0.06766563653945923, 0.0, 4.197052001953125, 0.0, 0.9552639722824097, 0.8851270079612732, 0.0, 0.5506187677383423, 0.10469306260347366, 0.0, 2.2965779304504395, 0.28842565417289734, 0.0, 1.4084069728851318, 0.0, 0.240325927734375, 0.1346420794725418, 0.0, 0.531984806060791, 0.5736033320426941, 1.4417535066604614, 0.0, 2.570993423461914, 0.029669158160686493, 0.0, 0.18855445086956024, 0.0, 0.06727669388055801, 0.5620129108428955, 1.694753885269165, 0.32080623507499695, 1.3666458129882812, 0.11439266055822372, 0.3357410132884979, 0.0, 0.9321314096450806, 0.2549227774143219, 0.11962468177080154, 0.032877638936042786, 0.1062731146812439, 0.22879065573215485, 0.0, 0.10684257000684738, 0.2892853021621704, 1.0435817241668701, 0.10629657655954361, 0.18251574039459229, 0.004186411388218403, 0.31309059262275696, 0.0, 0.0, 0.5808364152908325, 4.126010894775391, 0.0, 0.2975548803806305, 2.168199300765991, 0.2638232409954071, 0.6755073666572571, 0.0, 0.0, 0.037721265107393265, 0.0, 0.034637756645679474, 0.0, 0.13456565141677856, 0.3337923586368561, 0.0, 1.1782007217407227, 0.5419374704360962, 2.5840141773223877, 0.8434177041053772, 0.0, 0.5143558979034424, 0.2595296800136566, 0.0, 1.542526364326477, 1.0624574422836304, 0.1473304182291031, 0.0, 0.14265848696231842, 0.04528755694627762, 1.7939698696136475, 0.07303591817617416, 0.0, 0.6631655693054199, 0.44728875160217285, 0.08442283421754837, 3.634354829788208, 0.0, 0.6317670941352844, 0.1448386311531067, 0.22613219916820526, 0.9078254103660583, 0.015369380824267864, 0.0, 0.05330664664506912, 0.004832885693758726, 0.0, 0.0, 0.0, 0.009559981524944305, 0.44138070940971375, 2.8863353729248047, 0.0039283158257603645, 0.10037269443273544, 0.08096087723970413, 0.5955653190612793, 0.7695779800415039, 0.022788938134908676, 1.7355157136917114, 0.4104720950126648, 0.7290430068969727, 0.0011641322635114193, 0.0, 0.0, 0.0, 0.09371498972177505, 0.1097407266497612, 0.0, 0.0, 1.1747523546218872, 1.2766002416610718, 0.03360018506646156, 0.0, 1.5216089487075806, 0.007668288424611092, 0.1020391583442688, 0.4987071752548218, 0.00684204651042819, 0.19073431193828583, 0.10834728926420212, 0.8974518775939941, 0.31200966238975525, 0.8050369620323181, 0.5616318583488464, 0.0, 0.6141653656959534, 0.4960187077522278, 0.13663458824157715, 5.223583698272705, 0.18362130224704742, 1.1586940288543701, 0.014045897871255875, 3.0338447093963623, 0.0, 0.4266694486141205, 0.0, 0.02388637885451317, 0.0, 0.31845057010650635, 0.05352859944105148, 0.24834617972373962, 0.01587677001953125, 0.10952780395746231, 0.08664294332265854, 0.013246619142591953, 0.5314813852310181, 0.24645930528640747, 1.5610648393630981, 0.04141319543123245, 0.1987508237361908, 0.2752936780452728, 0.0, 0.005685998592525721, 0.795790433883667, 0.0, 0.49238476157188416, 0.6355132460594177, 0.08211898803710938, 0.5235995650291443, 0.0, 1.523868203163147, 0.0042026652954518795, 2.0850491523742676, 0.009647240862250328, 0.7011703252792358, 0.014417584985494614, 0.0, 0.0, 0.4160483479499817, 1.144482135772705, 0.16407757997512817, 0.2030775547027588, 0.15264253318309784, 0.0, 0.006615395657718182, 0.0, 0.6546643376350403, 3.571331739425659, 0.1670045703649521, 0.0, 0.0, 2.618746757507324, 0.9787121415138245, 0.6778541207313538, 0.0012186984531581402, 0.046408556401729584, 0.21219861507415771, 0.0, 0.008569960482418537, 0.2599984109401703, 0.08080581575632095, 0.0, 0.00875755213201046, 0.3831910789012909, 0.45507556200027466, 0.26652517914772034, 0.43149200081825256, 0.0, 0.0727333202958107, 0.0889202430844307, 0.0, 0.024680357426404953, 0.25680482387542725, 0.8033010363578796, 4.3879170417785645, 0.12088574469089508, 0.559004008769989, 0.19901593029499054, 0.2871784269809723, 0.09742513298988342, 0.5008358955383301, 0.36854004859924316, 0.06961875408887863, 0.0, 0.0, 6.523784637451172, 0.0, 0.05203302204608917, 0.4295382499694824, 1.6375006437301636, 0.1099003478884697, 0.029320714995265007, 3.146176815032959, 0.0, 0.4567616879940033, 0.009979975409805775, 1.6731711626052856, 0.0, 0.07791554927825928, 1.2197973728179932, 0.5121480226516724, 0.0, 0.03784117475152016, 0.0, 0.1659596860408783, 0.4784133732318878, 1.3169018030166626, 0.01647423766553402, 0.10541456937789917, 0.19889749586582184, 0.16765961050987244, 0.17494367063045502, 0.0672493577003479, 0.9202041029930115, 0.018955819308757782, 0.0, 0.02475152723491192, 0.5809593200683594, 0.057787008583545685, 2.1741769313812256, 0.15951327979564667, 0.24408473074436188, 0.34807348251342773, 0.06398899853229523, 0.5429929494857788, 0.06524856388568878, 0.6385141611099243, 2.3942151069641113, 0.2251356542110443, 0.0, 0.17464785277843475, 0.07672545313835144, 0.0, 0.009859119541943073, 0.08995616436004639, 3.103975296020508, 0.07654022425413132, 3.4810376167297363, 0.37163618206977844, 0.11811715364456177, 0.006434542592614889, 0.7546972036361694, 0.267168790102005, 0.2497965544462204, 0.011590726673603058, 0.4918556213378906, 0.0, 0.33855995535850525, 0.0451110415160656, 0.0, 0.0, 0.0, 0.013616347685456276, 0.01446023304015398, 0.21016256511211395, 1.4754990339279175, 0.12005347013473511, 2.418898820877075, 0.18854954838752747, 1.2887848615646362, 0.5325560569763184, 0.09996480494737625, 0.0, 2.2166922092437744, 0.4986203908920288, 0.02418334223330021, 0.36499863862991333, 0.233572319149971, 0.0, 0.8365522027015686, 0.23130856454372406, 0.011029978282749653, 0.0, 0.06318779289722443, 0.053693775087594986, 0.006708578206598759, 0.2176470309495926, 0.13247959315776825, 0.40969303250312805, 1.2975184917449951, 1.0852924585342407, 0.0, 0.1478903740644455, 2.049497127532959, 0.07104309648275375, 0.24235612154006958, 0.7220723628997803, 0.3609028160572052, 0.06743315607309341, 0.5684128999710083, 0.14840665459632874, 0.0, 0.09151042252779007, 2.9446310997009277, 1.487581491470337, 0.12830394506454468, 0.0, 0.5257725715637207, 0.9901928305625916, 0.8437126278877258, 0.041493337601423264, 0.2633885443210602, 3.552419900894165, 0.00509185204282403, 2.085542917251587, 0.03518452122807503, 0.05707355588674545, 0.11089334636926651, 0.0, 0.07493814080953598, 0.12294585257768631, 1.1166179180145264, 0.0, 0.05837882310152054, 0.14932091534137726, 1.3391631841659546, 0.018460692837834358, 0.012134459801018238, 0.0, 0.9158174395561218, 0.955507755279541, 0.03345148265361786, 0.0, 0.0042482661083340645, 0.04862804710865021, 0.6080371141433716, 0.008514506742358208, 0.0, 0.0, 2.460461378097534, 1.1206263303756714, 0.4422651529312134, 0.0, 0.0, 2.210292100906372, 1.2289797067642212, 1.8723464012145996, 0.14893454313278198, 0.03666556254029274, 0.0, 0.045009877532720566, 0.3200931251049042, 0.04908829927444458, 0.3361981511116028, 0.312408983707428, 0.8502869606018066, 0.5356336832046509, 0.10034976899623871, 1.797208547592163, 0.0, 1.959675669670105, 0.021646682173013687, 0.11950241029262543, 0.013818653300404549, 2.4552061557769775, 1.1020539999008179, 0.0, 0.0, 0.37762489914894104, 0.0997367799282074, 1.4982850551605225, 0.30111005902290344, 0.020660720765590668, 1.5142782926559448, 0.0, 1.9738147258758545, 0.33689630031585693, 0.40630701184272766, 0.0, 0.2741928994655609, 0.1563549041748047, 0.036068979650735855, 1.1469430923461914, 0.32262590527534485, 0.5182878971099854, 0.4467552602291107, 0.035012807697057724, 1.0068169832229614, 0.0, 0.7346181273460388, 0.002710955450311303, 0.9617029428482056, 0.637980580329895, 0.8419821858406067, 0.70003741979599, 0.0, 0.04669800028204918, 0.0012686325935646892, 0.0, 0.0, 0.8332563042640686, 0.004598585888743401, 0.0, 0.11441253870725632, 0.014651872217655182, 0.0, 0.1898273229598999, 0.0, 0.07120760530233383, 0.09943532198667526, 0.4246146082878113, 0.0, 0.0, 0.06202036142349243, 0.47427377104759216, 0.745549201965332, 2.3612658977508545, 0.005755161866545677, 0.2784232497215271, 3.4103617668151855, 0.18033826351165771]",Testing/glioma_tumor/image(33).jpg
"[0.6873592734336853, 0.3907429575920105, 0.02485288865864277, 0.6949344277381897, 0.8217048645019531, 0.0, 2.4492027759552, 0.0775073692202568, 0.019198385998606682, 0.004155767150223255, 0.07298593968153, 0.021990889683365822, 0.38299256563186646, 0.34114038944244385, 0.0, 0.12963777780532837, 0.07245882600545883, 0.02592451684176922, 0.1120246946811676, 0.0, 0.07395795732736588, 0.6335787773132324, 0.3540154993534088, 0.011830699630081654, 0.6193786263465881, 0.40016210079193115, 0.5670512914657593, 0.5038434267044067, 0.10190089046955109, 0.09250129014253616, 0.18084053695201874, 0.2842768728733063, 0.8515022397041321, 0.056889213621616364, 0.320447713136673, 0.42279931902885437, 0.0, 0.28153082728385925, 0.004717675969004631, 0.17159849405288696, 2.1862473487854004, 3.066786766052246, 0.016422364860773087, 0.01681441254913807, 0.0, 0.08532997965812683, 0.12048622965812683, 0.0021863081492483616, 0.0, 0.358938992023468, 0.11530806124210358, 0.8545020818710327, 2.3425941467285156, 0.36548465490341187, 2.424079656600952, 3.9251182079315186, 0.0, 0.10567037761211395, 1.1425466537475586, 0.0, 0.8142510056495667, 1.1857842206954956, 0.09575531631708145, 0.010377589613199234, 0.34810295701026917, 0.0, 0.30253058671951294, 0.03606756404042244, 0.09201417863368988, 0.0, 0.5475859642028809, 0.25732284784317017, 0.11102159321308136, 2.480100631713867, 0.007177859079092741, 0.21262748539447784, 2.1679446697235107, 0.16206030547618866, 0.0, 0.14849799871444702, 0.00834348239004612, 0.0, 1.054952621459961, 0.12181796133518219, 0.9307110905647278, 0.2516517639160156, 0.5941393375396729, 0.07571998238563538, 0.005774658638983965, 0.10908722132444382, 0.1269569844007492, 0.36569884419441223, 0.061733685433864594, 1.3513281345367432, 0.0, 0.0, 0.0906883254647255, 0.4602634906768799, 0.3557286560535431, 0.5675731897354126, 0.724604606628418, 1.0010911226272583, 0.044001512229442596, 0.13768519461154938, 0.2140514850616455, 0.9438665509223938, 0.3113749027252197, 0.39843347668647766, 0.015157480724155903, 1.2670243978500366, 0.0, 0.016178753226995468, 0.04307948425412178, 0.0, 0.6163768172264099, 0.03704852983355522, 0.01671084761619568, 0.5518571734428406, 0.0, 0.2248469442129135, 0.07642847299575806, 0.0, 0.015432029031217098, 0.054924722760915756, 0.13727721571922302, 1.890329360961914, 0.027232525870203972, 0.07630838453769684, 0.7683092355728149, 0.0, 0.12090963125228882, 0.9530544877052307, 0.014410150237381458, 0.21512700617313385, 0.03367067500948906, 0.059019945561885834, 0.9227633476257324, 0.18374598026275635, 0.21955949068069458, 0.420185387134552, 0.7722294330596924, 0.44769880175590515, 0.0, 0.0, 0.0, 0.047409310936927795, 0.0, 2.404456615447998, 0.09188508242368698, 0.01462811604142189, 0.6293341517448425, 0.5356829762458801, 0.35241660475730896, 0.11416199803352356, 0.007647726219147444, 1.2771071195602417, 0.0, 0.0, 1.6327987909317017, 0.0, 0.2473500370979309, 2.8063650131225586, 0.37774109840393066, 0.0, 0.19895623624324799, 0.0019182598916813731, 2.222346782684326, 0.59479159116745, 0.22666795551776886, 4.668262481689453, 1.0516560077667236, 0.0, 0.023114575073122978, 0.013724609278142452, 2.238191843032837, 0.1942489594221115, 0.0963849350810051, 0.10470030456781387, 0.0, 1.7280725240707397, 0.41531115770339966, 0.017899416387081146, 0.0, 0.3638579249382019, 0.007049521431326866, 1.0166162252426147, 0.2352905124425888, 0.860248863697052, 0.6584760546684265, 0.0, 0.056759003549814224, 0.04561804607510567, 0.4665907621383667, 0.3259914815425873, 0.032008349895477295, 0.6504509449005127, 0.03427257761359215, 1.4003840684890747, 0.5809139609336853, 0.015011470764875412, 1.438614010810852, 0.07833348214626312, 0.0, 0.03332804515957832, 1.383791208267212, 1.6687790155410767, 0.0, 0.04669392853975296, 1.6920242309570312, 0.06316924840211868, 0.12031794339418411, 0.9401571154594421, 0.01949942298233509, 0.5985770225524902, 0.0, 0.23780207335948944, 0.017921246588230133, 0.02731732465326786, 0.07774430513381958, 0.0, 0.03967466205358505, 0.12481380999088287, 4.555415153503418, 0.194281205534935, 0.0, 1.8589069843292236, 0.8333636522293091, 0.43284010887145996, 1.3588075637817383, 0.24468211829662323, 0.35332706570625305, 0.5211982131004333, 0.16467837989330292, 1.4350236654281616, 1.4336695671081543, 0.19072717428207397, 0.0, 0.1485755741596222, 0.025257475674152374, 0.24670930206775665, 0.1401941180229187, 0.22909075021743774, 1.540878415107727, 0.15971162915229797, 0.11565204709768295, 0.06714031100273132, 1.9010239839553833, 2.2768020629882812, 0.0, 0.514279842376709, 0.3189898431301117, 0.08089703321456909, 0.9585016965866089, 0.7653599977493286, 0.686963677406311, 0.37474554777145386, 0.3321956992149353, 0.41629141569137573, 0.02855570986866951, 0.3953668177127838, 0.0, 0.0, 1.2071939706802368, 0.6823149919509888, 0.0, 0.0, 0.07438846677541733, 0.6955322623252869, 0.0017921826802194118, 0.0, 0.6784164309501648, 0.33358073234558105, 1.8015767335891724, 0.06416775286197662, 2.2700703144073486, 0.19928736984729767, 0.06179000809788704, 0.3515566289424896, 0.5252507925033569, 0.0, 1.867849349975586, 0.863075852394104, 1.4686933755874634, 1.8697679042816162, 0.6230812668800354, 1.0532728433609009, 0.5778090357780457, 0.004759092815220356, 0.3150596022605896, 0.042454589158296585, 0.41738569736480713, 0.2023409754037857, 0.007825899869203568, 0.0, 0.3127865791320801, 1.7697947025299072, 1.0514453649520874, 0.07066316157579422, 1.6821025609970093, 0.09300073981285095, 0.02346489392220974, 0.012275053188204765, 5.18634033203125, 0.44098028540611267, 1.4821186065673828, 0.012548173777759075, 0.04467431828379631, 1.2096049785614014, 0.10417680442333221, 1.824917197227478, 0.1386411488056183, 2.0165462493896484, 1.1442378759384155, 0.515562891960144, 0.8550743460655212, 0.3150363862514496, 1.456632137298584, 0.005261876154690981, 0.0, 0.2430318295955658, 0.27382007241249084, 0.10116225481033325, 0.0, 0.18572665750980377, 0.565281093120575, 0.0, 0.02628610096871853, 0.06463317573070526, 2.937316656112671, 0.10802356898784637, 0.05157628282904625, 0.039378050714731216, 1.7291736602783203, 0.7660377025604248, 0.0, 0.5198506712913513, 1.8931832313537598, 0.3329075872898102, 2.41792631149292, 0.11366665363311768, 0.2653927803039551, 0.41871994733810425, 0.030962103977799416, 0.02719619870185852, 0.0, 0.0, 0.01979743130505085, 0.00254721543751657, 0.0, 0.09672065824270248, 0.19125708937644958, 0.0039193290285766125, 0.6754072308540344, 0.3221151530742645, 0.03663129732012749, 0.344635546207428, 2.1493988037109375, 0.0, 0.6564781069755554, 0.08858830481767654, 0.0721508115530014, 1.2601916790008545, 0.6635591983795166, 1.0588312149047852, 0.2609930634498596, 0.22050099074840546, 0.19568921625614166, 0.0393119752407074, 0.22499625384807587, 0.02280570939183235, 0.0, 0.011134875006973743, 1.1062135696411133, 2.3491151332855225, 0.7746828198432922, 0.01844027265906334, 1.7281652688980103, 0.16514165699481964, 0.023247845470905304, 0.019833138212561607, 0.023880735039711, 0.12359074503183365, 0.0, 0.0, 0.6249058842658997, 0.003132717916741967, 1.9816315174102783, 0.1451798528432846, 0.18474872410297394, 0.12335196137428284, 0.0, 0.8373578190803528, 0.22123408317565918, 0.0, 0.0306813083589077, 4.730627059936523, 0.0008988805930130184, 1.5184910297393799, 0.005825942847877741, 0.25296881794929504, 0.0, 0.0, 0.1272912174463272, 0.24927876889705658, 0.0, 3.5866141319274902, 0.012374070473015308, 0.07316430658102036, 0.4509222209453583, 1.305029034614563, 0.0, 0.3514981269836426, 0.20986919105052948, 0.0033267540857195854, 0.004518997855484486, 1.0305131673812866, 0.04195305332541466, 0.037841394543647766, 0.07583997398614883, 0.5354458689689636, 0.3524876832962036, 0.7702803611755371, 0.21303145587444305, 1.7526475191116333, 0.018460050225257874, 0.03098028339445591, 0.02648978866636753, 0.8071284890174866, 0.2301427125930786, 0.0, 0.8134069442749023, 0.02436044253408909, 1.155173420906067, 0.03512423485517502, 0.17466531693935394, 1.04767644405365, 0.0, 4.823622226715088, 0.0, 0.0, 0.05621512979269028, 0.0, 0.7573127746582031, 0.0, 0.5768603682518005, 0.0, 0.0, 0.4313392639160156, 0.34888404607772827, 0.10821347683668137, 0.1669677048921585, 0.02615481987595558, 0.019347595050930977, 0.0, 0.011491897515952587, 0.30420228838920593, 0.35395562648773193, 0.0, 0.07895535975694656, 0.5140129923820496, 0.24680067598819733, 1.3916054964065552, 1.1087241172790527, 0.048313383013010025, 0.08995875716209412, 0.0010171228786930442, 0.14607423543930054, 0.0, 0.436722993850708, 0.10570792853832245, 0.0026916556525975466, 0.000984148122370243, 0.07529524713754654, 1.0711818933486938, 0.02914312668144703, 0.183404803276062, 0.06985416263341904, 0.0, 0.027589665725827217, 0.5307528376579285, 0.622101902961731, 0.04244528338313103, 0.8178840279579163, 0.2703542411327362, 0.1308106780052185, 0.08235114067792892, 0.0, 0.0, 0.4121381342411041, 0.6146407723426819, 0.03709996119141579, 1.7249375581741333, 1.317934513092041, 0.022231316193938255, 1.9184080362319946, 0.18111711740493774, 0.14579977095127106, 0.7992518544197083, 2.847489595413208, 0.3772393763065338, 0.0, 1.2630287408828735, 0.7648071050643921, 3.301938533782959, 0.5873972177505493, 0.6634810566902161, 0.05226920172572136, 0.020925913006067276, 0.1294807493686676, 0.21886736154556274, 0.0, 0.0, 0.041759226471185684, 0.8974161148071289, 0.7287811040878296, 0.013554585166275501, 0.22364388406276703, 0.11117071658372879, 0.15631473064422607, 0.0, 0.0, 1.2228134870529175, 0.0, 0.009531814604997635, 0.0, 0.7267778515815735, 0.0, 0.0, 0.14789773523807526, 1.664969801902771, 0.3301507532596588, 2.0191352367401123, 0.9507184028625488, 1.8729074001312256, 0.017371347174048424, 1.4157792329788208, 1.7594791650772095, 0.12545542418956757, 0.028044477105140686, 0.16508911550045013, 0.006958236452192068, 0.48287099599838257, 0.5040827393531799, 1.0036216974258423, 0.3429734408855438, 0.8123180866241455, 0.10139624774456024, 1.1499919891357422, 0.35734128952026367, 0.002116249641403556, 0.6407370567321777, 0.02805783972144127, 0.22000370919704437, 0.012332113459706306, 0.952233076095581, 2.1868996620178223, 0.3505416512489319, 0.0, 0.1158401146531105, 0.00033344054827466607, 4.953711986541748, 0.40296944975852966, 0.2505137324333191, 0.0493524894118309, 0.29826831817626953, 0.27913233637809753, 0.9864616394042969, 0.010853521525859833, 0.4449853301048279, 0.34735536575317383, 1.552908182144165, 0.4087187349796295, 0.31032276153564453, 0.35010796785354614, 0.18255583941936493, 1.5638611316680908, 0.0, 1.2593497037887573, 0.08535724133253098, 0.44057244062423706, 1.455791711807251, 0.09226471930742264, 0.05183704197406769, 0.5857401490211487, 0.0, 0.09602516889572144, 0.0, 0.0, 0.09860864281654358, 0.0, 0.0, 0.08114977180957794, 0.07829077541828156, 0.0, 0.01564827561378479, 0.010793497785925865, 0.0, 0.001022484852001071, 0.008357150480151176, 1.311963438987732, 0.267668217420578, 0.0, 2.7355408668518066, 0.9956293702125549, 0.588835597038269, 0.361515074968338, 2.3243894577026367, 0.9611650705337524, 0.10499776154756546, 2.0169448852539062, 0.15686796605587006, 0.3809826374053955, 0.3461085855960846, 0.005529549438506365, 0.01688237302005291, 0.0, 0.0, 0.088575579226017, 0.027399152517318726, 0.7880558967590332, 0.20825625956058502, 0.12830205261707306, 3.625342607498169, 1.024066686630249, 0.806207001209259, 0.6153091192245483, 0.2152738720178604, 0.32849061489105225, 0.0, 0.05133601650595665, 0.11042054742574692, 0.3786516785621643, 0.5758535265922546, 0.19124989211559296, 0.11750367283821106, 0.0, 0.0, 0.010851568542420864, 0.049966372549533844, 0.0, 1.9656202793121338, 0.0, 0.5490540266036987, 0.002592135453596711, 0.02605435997247696, 0.19985143840312958, 2.257654905319214, 0.014023859053850174, 0.0018298139329999685, 0.0, 1.3083080053329468, 0.04880015552043915, 0.11982834339141846, 0.0, 4.256551265716553, 0.18088632822036743, 0.4719824194908142, 0.35940051078796387, 0.10035237669944763, 0.0920996442437172, 0.6788004636764526, 0.20514920353889465, 0.1066410019993782, 0.17545345425605774, 1.9792048931121826, 0.0041449968703091145, 2.2786779403686523, 0.7215762734413147, 0.0684216171503067, 0.7905743718147278, 0.0, 0.48856547474861145, 0.1775771677494049, 0.36520421504974365, 0.0, 0.35488221049308777, 0.0, 0.0, 0.20217284560203552, 2.8545920848846436, 0.40465494990348816, 0.11976808309555054, 0.0, 0.1267317682504654, 2.183779716491699, 0.3904034495353699, 0.04493187367916107, 0.06240240857005119, 0.22657930850982666, 0.9562934041023254, 0.009926669299602509, 0.02782762050628662, 0.012493513524532318, 0.0, 0.045920636504888535, 0.4185466766357422, 0.23946616053581238, 0.977410078048706, 0.14210842549800873, 0.0, 0.3397844731807709, 0.10312476754188538, 0.49984994530677795, 0.1928151398897171, 0.0, 0.14103533327579498, 2.2126142978668213, 0.7666158676147461, 1.4374827146530151, 0.0, 5.312071323394775, 0.17928922176361084, 0.11823247373104095, 0.0, 1.4079605340957642, 0.000676546769682318, 0.0411623939871788, 0.023374538868665695, 0.03562525659799576, 0.0, 0.843005359172821, 2.964160919189453, 1.9019638299942017, 0.354541152715683, 0.07905590534210205, 1.785561442375183, 2.6354827880859375, 0.8721687197685242, 0.020673226565122604, 0.48509907722473145, 0.0, 1.1387964487075806, 0.3578398525714874, 0.13475282490253448, 3.1960361003875732, 0.27044638991355896, 0.07744914293289185, 0.4519563913345337, 0.436428040266037, 0.01643001288175583, 0.0008702886407263577, 0.06713338941335678, 3.754316568374634, 0.637420117855072, 0.13276514410972595, 1.3695015907287598, 0.11368449777364731, 0.0, 0.9760898947715759, 0.31012383103370667, 0.9474325180053711, 2.036579132080078, 0.5444760322570801, 0.022417845204472542, 0.4406360387802124, 0.005415381398051977, 1.0493513345718384, 0.11608944833278656, 0.251507043838501, 0.2189420908689499, 0.4182438254356384, 0.10450902581214905, 0.8576865196228027, 2.221177816390991, 0.13706713914871216, 0.0769275575876236, 0.0, 0.6071904897689819, 2.3213694095611572, 2.4197733402252197, 0.0, 0.04628102481365204, 0.0, 0.40795087814331055, 0.4146648049354553, 0.0, 0.030248047783970833, 0.048367008566856384, 3.438013792037964, 0.5491814613342285, 0.9140710830688477, 1.5855566263198853, 0.8029540181159973, 0.045540571212768555, 0.13299936056137085, 0.0, 1.5747861862182617, 0.6102205514907837, 0.06563875824213028, 0.059923119843006134, 0.4021078646183014, 1.97422194480896, 0.16986475884914398, 0.0, 0.39675357937812805, 0.3039400577545166, 0.0, 0.0, 0.508415937423706, 0.5869723558425903, 0.0, 0.01763351820409298, 0.25869137048721313, 0.5470191240310669, 0.0, 0.4895145893096924, 1.7981297969818115, 2.6117663383483887, 2.849238872528076, 0.02620002254843712, 0.009929990395903587, 0.22662606835365295, 0.08212433010339737, 0.0, 0.9990948438644409, 0.1207803413271904, 3.3536376953125, 3.103219509124756, 0.005703858099877834, 0.0, 0.0, 0.11243177950382233, 1.339375376701355, 0.24856072664260864, 1.1052206754684448, 0.42392730712890625, 0.1228756234049797, 0.0, 0.019615517929196358, 1.9199926853179932, 0.012719373218715191, 2.224494695663452, 0.3560626804828644, 3.9687798023223877, 0.15713189542293549, 0.662517786026001, 0.0, 0.0, 0.0, 0.0408376082777977, 0.14598901569843292, 0.0, 0.9375781416893005, 0.6917800307273865, 0.8724324703216553, 0.006330631207674742, 0.049451619386672974, 0.013369827531278133, 0.30650484561920166, 0.07729202508926392, 0.0, 0.07532460987567902, 0.23638476431369781, 0.0, 0.025144202634692192, 0.017445111647248268, 0.010254315100610256, 0.027760662138462067, 0.05155108496546745, 4.041408061981201, 0.8031505942344666, 0.6134745478630066, 0.0, 0.0, 0.2324163019657135, 1.5286656618118286, 0.18841272592544556, 1.0593763589859009, 0.0, 4.276876926422119, 0.15545198321342468, 0.0, 0.0, 0.30975186824798584, 0.4504454433917999, 1.699038028717041, 0.8417923450469971, 0.2916276156902313, 1.3934657573699951, 0.06783927232027054, 0.17788144946098328, 0.5211098194122314, 0.8894068002700806, 0.0, 1.492343544960022, 0.020141689106822014, 1.9943745136260986, 1.0945433378219604, 1.1218374967575073, 0.2287677526473999, 0.018499381840229034, 0.7004877924919128, 0.05700141564011574, 0.0, 0.07246304303407669, 0.037873782217502594, 0.01573336124420166, 0.0, 0.32179757952690125, 1.6603362560272217, 0.0, 0.19225525856018066, 0.1435016542673111, 0.03297581151127815, 4.563040256500244, 0.0004573549667838961, 0.5507129430770874, 2.299562454223633, 0.40464285016059875, 0.35227012634277344, 0.5238444805145264, 0.4284951388835907, 0.12953592836856842, 0.0007686566095799208, 0.0, 0.3565063178539276, 0.0697774589061737, 0.04267203062772751, 1.4473227262496948, 0.0, 0.25425463914871216, 0.02930174022912979, 0.0, 0.34124693274497986, 0.03693912550806999, 0.11806464940309525, 0.9094653129577637, 3.0247018337249756, 3.48018217086792, 0.0, 0.014395911246538162, 0.02766501158475876, 2.575538396835327, 0.0, 1.1016026735305786, 0.40585795044898987, 0.0005448545562103391, 0.1576605588197708, 0.06763434410095215, 0.33949047327041626, 1.12825345993042, 0.5555582642555237, 0.01153374183923006, 0.018014606088399887, 0.13935808837413788, 0.08522932976484299, 0.1369224488735199, 0.5308479070663452, 0.14215101301670074, 0.1231807991862297, 0.0, 0.16746827960014343, 0.45129576325416565, 0.20277990400791168, 0.06056832894682884, 0.0, 0.760512113571167, 0.0, 0.052117154002189636, 0.036920685321092606, 0.008304107002913952, 8.789130515651777e-05, 0.0, 0.37312746047973633, 0.22684668004512787, 2.259305000305176, 0.1921703964471817, 0.24630729854106903, 0.602149486541748, 0.0071781775914132595, 0.0, 1.3882166147232056, 0.2293887436389923, 0.8386733531951904, 0.0, 0.07864119857549667, 0.3240455389022827, 0.01652998849749565, 1.5877385139465332, 0.5978356003761292, 2.0448524951934814, 2.2354021072387695, 0.11406564712524414, 0.02244085632264614, 2.6795554161071777, 0.0, 0.11586850881576538, 0.005854801274836063, 0.043361663818359375, 0.0, 0.17462003231048584, 0.004630278795957565, 0.02143665961921215, 0.0, 0.08905669301748276, 0.08934501558542252, 0.012075796723365784, 0.0, 0.010754517279565334, 0.039208654314279556, 0.5469962954521179, 0.025402935221791267, 0.0, 0.023383285850286484, 1.0735212564468384, 0.1766459047794342, 0.0, 0.646622359752655, 1.2064706087112427, 0.006612816825509071, 0.0, 0.24455583095550537, 0.19780337810516357, 1.5265172719955444, 0.0, 0.4442896842956543, 0.6054081916809082, 0.14204157888889313, 0.05520642548799515, 0.364883691072464, 0.7839321494102478, 0.8275192975997925, 0.06696286797523499, 0.989770233631134, 0.6192811727523804, 0.0, 0.10529369860887527, 0.4703267514705658, 0.016987858340144157, 0.3044009208679199, 0.23148776590824127, 0.44627293944358826, 0.22636689245700836, 1.5921238660812378, 0.07051009684801102, 0.4390943944454193, 0.0, 0.0, 0.1731547862291336, 0.1166570708155632, 0.09093840420246124, 0.12200581282377243, 1.7974884510040283, 0.19073595106601715, 0.2390480488538742, 0.023464348167181015, 0.1411137729883194, 0.09462544322013855, 0.17472374439239502, 0.1909400373697281, 0.355087548494339, 0.0, 0.037939637899398804, 0.2054997682571411, 0.44630321860313416, 0.0, 0.7259892821311951, 0.5332134962081909, 0.24308235943317413, 2.111961841583252, 0.10336439311504364, 0.1695525348186493, 0.014518764801323414, 0.3053424656391144, 0.31692996621131897, 0.0, 1.476237416267395, 0.610771894454956, 0.0, 1.0044265985488892, 0.556385338306427, 3.645528793334961, 0.10365889221429825, 0.31186527013778687, 0.09538274258375168, 0.013709591701626778, 0.45331308245658875, 0.0, 0.4516350030899048, 0.5946173667907715, 0.8243997693061829, 0.2765532433986664, 2.1199839115142822, 0.7085029482841492, 0.0, 0.14232006669044495, 0.0, 1.7536468505859375, 0.7602149844169617, 0.023747386410832405, 0.0004599289095494896, 0.0007356478017754853, 0.2307697981595993, 0.24514681100845337, 4.332964897155762, 0.0, 0.41489142179489136, 0.06854227185249329, 0.0, 0.27440473437309265, 0.0, 0.0, 0.1595417559146881, 0.3636891841888428, 0.29959917068481445, 0.010028695687651634, 0.03627462685108185, 0.1460094004869461, 0.0, 0.1987570971250534, 0.24788619577884674, 0.0, 0.0, 0.039827797561883926, 0.813148021697998, 0.3141326308250427, 0.09801506251096725, 0.0, 0.05502304807305336, 0.05870578810572624, 2.515442132949829, 0.47523126006126404, 0.0, 0.08749394863843918, 0.0, 0.47077107429504395, 0.759099543094635, 0.7545312643051147, 0.0, 0.0, 0.0, 0.0169171504676342, 0.09948832541704178, 0.40509042143821716, 0.009333206340670586, 0.14448317885398865, 0.1711445301771164, 0.052888091653585434, 0.0, 0.37399864196777344, 0.0, 0.9906395077705383, 2.0886125564575195, 0.06328465789556503, 0.5429763197898865, 0.14115643501281738, 0.0, 0.038677047938108444, 0.053544651716947556, 0.0, 0.07770537585020065, 0.07925496995449066, 0.0, 0.5556422472000122, 0.8056175708770752, 0.025188639760017395, 0.017181025817990303, 1.6644357442855835, 0.026869693771004677, 0.013698113150894642, 0.0, 0.0, 0.02671891264617443, 1.475766658782959, 0.18427155911922455, 0.021428536623716354, 0.042143356055021286, 0.04237782582640648, 0.45721232891082764, 0.12238442152738571, 0.6809031963348389, 1.5298198461532593, 0.0, 0.0, 0.05181390419602394, 0.0, 0.011143365874886513, 0.10492631047964096, 0.16176030039787292, 1.7831249237060547, 0.3888341188430786, 0.09910577535629272, 0.07105579972267151, 0.0, 0.0, 0.0026444050017744303, 0.056376807391643524, 0.3509425222873688, 1.2567839622497559, 0.41737616062164307, 1.5502753257751465, 0.10294484347105026, 0.14055487513542175, 0.0, 0.30284643173217773, 0.183110311627388, 1.176360011100769, 0.07314573228359222, 0.2922593057155609, 0.2796785533428192, 0.9299702644348145, 0.04354063421487808, 2.023376703262329, 0.034954581409692764, 0.09837573021650314, 0.0, 0.34488195180892944, 0.40951007604599, 0.12054900079965591, 1.3903610706329346, 2.8809421062469482, 0.0, 0.42798349261283875, 0.8646848201751709, 0.0, 0.03795314207673073, 0.0, 0.12826654314994812, 0.0, 0.6450390815734863, 1.3907389640808105, 0.172445148229599, 0.017478950321674347, 0.5891091823577881, 0.0, 0.038864076137542725, 0.1806854009628296, 0.28763359785079956, 1.4341198205947876, 0.2695362865924835, 0.008650180883705616, 0.1251067966222763, 0.0009935973212122917, 1.8459285497665405, 0.1242632269859314, 0.16661512851715088, 0.3925588130950928, 0.35809677839279175, 0.5216135382652283, 0.20283064246177673, 0.16273409128189087, 0.0197517778724432, 0.21071790158748627, 1.1237969398498535, 0.18862397968769073, 0.12454420328140259, 0.2982982397079468, 0.005067669786512852, 0.22361509501934052, 0.05361063778400421, 0.0737200677394867, 0.9290890097618103, 0.7314730286598206, 0.0009022440062835813, 0.07534656673669815, 0.06176530197262764, 0.34565120935440063, 0.006724963430315256, 0.0, 0.0, 0.06502070277929306, 0.048427119851112366, 0.4851371645927429, 1.1540045738220215, 1.0021414756774902, 0.7092412710189819, 0.5068526864051819, 0.03936007618904114, 0.5112106204032898, 0.8189486265182495, 0.0778198167681694, 0.0, 1.1773793697357178, 0.1249522939324379, 0.3802506923675537, 0.046684641391038895, 0.14285291731357574, 0.7084009051322937, 0.3162424862384796, 1.0020015239715576, 0.0032032777089625597, 0.4073076844215393, 0.0, 0.4357719123363495, 0.0, 0.2392919510602951, 0.17701630294322968, 0.7755856513977051, 0.8736409544944763, 0.6681012511253357, 0.5834970474243164, 0.3690355718135834, 0.038347277790308, 0.0, 0.03136825188994408, 0.002100664656609297, 0.5042643547058105, 2.2395410537719727, 0.0, 0.3093945384025574, 0.9944524168968201, 0.0853482037782669, 0.7765727043151855, 0.3399496376514435, 0.2622707188129425, 0.0, 0.6856749653816223, 0.7726801633834839, 0.2226914018392563, 3.1529533863067627, 0.09919127821922302, 0.0730447992682457, 0.07894251495599747, 0.0, 0.0, 1.1597861051559448, 0.31548011302948, 0.4142507016658783, 0.023410804569721222, 1.124572515487671, 0.8040486574172974, 0.07597869634628296, 0.011873118579387665, 0.0, 0.0, 0.0, 0.2002851516008377, 0.0, 0.9153199195861816, 0.7338987588882446, 0.30222752690315247, 0.278158575296402, 0.2426683008670807, 0.12882177531719208, 0.0, 0.9308744072914124, 0.16525578498840332, 0.1838686466217041, 0.12878358364105225, 3.08953857421875, 0.18873435258865356, 1.2972784042358398, 0.009120797738432884, 0.0, 0.10362263023853302, 5.458646297454834, 0.08210812509059906, 0.09024110436439514, 0.017729435116052628, 1.664341688156128, 0.3553239405155182, 0.48485082387924194, 0.6403344869613647, 0.17443114519119263, 2.4593894481658936, 0.0, 0.0, 0.33322155475616455, 0.0, 0.19578690826892853, 0.3648601472377777, 0.1317548155784607, 0.0, 0.21320569515228271, 0.0, 1.8199858665466309, 0.29717645049095154, 0.37056341767311096, 0.6218796372413635, 0.09219662100076675, 0.038613252341747284, 0.03403942659497261, 0.9542107582092285, 0.0, 2.1481223106384277, 1.3805489540100098, 0.3075377941131592, 0.9912210702896118, 0.1468631625175476, 0.0, 1.4107187986373901, 1.2686457633972168, 0.1424679011106491, 0.9366579651832581, 0.833483099937439, 0.0, 1.4970811605453491, 0.5825905799865723, 0.9681450724601746, 0.0, 0.015203364193439484, 0.0, 0.0, 0.10375713557004929, 0.01297859288752079, 0.0, 0.0, 4.241419792175293, 0.0, 0.11695508658885956, 0.022652922198176384, 1.4436954259872437, 0.0, 0.753101110458374, 0.30930235981941223, 0.0, 0.6035429239273071, 0.21987533569335938, 0.07518012821674347, 0.2137432098388672, 3.940427780151367, 0.0, 0.0021150282118469477, 0.07072893530130386, 0.20231157541275024, 1.2735164165496826, 0.015486868098378181, 0.7382895946502686, 0.0535394623875618, 0.12258966267108917, 0.0, 0.024221666157245636, 0.0, 0.4490344822406769, 0.08326323330402374, 0.16930808126926422, 0.0, 0.016494255512952805, 0.2877557873725891, 1.9023451805114746, 0.07700588554143906, 0.0, 0.0, 0.15782271325588226, 0.0591048039495945, 0.06877230852842331, 0.0, 0.25209659337997437, 1.0716614723205566, 0.5381588339805603, 0.0687168762087822, 0.40071067214012146, 0.6231729984283447, 0.0, 0.22988685965538025, 0.19468457996845245, 0.23781898617744446, 0.0, 0.7002589702606201, 0.6868578195571899, 1.000810146331787, 0.5209016799926758, 0.003983884584158659, 0.041261907666921616, 0.0, 0.007931957021355629, 0.10474461317062378, 0.0, 0.0, 0.7283051013946533, 2.5505881309509277, 0.26794615387916565, 0.600563645362854, 0.3717949390411377, 2.3779852390289307, 1.9437907934188843, 0.0, 1.1347265243530273, 1.064589023590088, 0.0, 2.4237101078033447, 0.14998650550842285, 3.5902628898620605, 0.6559895277023315, 0.3107803761959076, 0.030866017565131187, 2.9612700939178467, 0.6115976572036743, 0.7534531354904175, 0.4251843988895416, 0.11586299538612366, 0.018275346606969833, 0.0, 0.27847588062286377, 0.022615090012550354, 0.0, 0.0, 0.26309797167778015, 0.4340287446975708, 0.0, 0.000549087708350271, 2.633958578109741, 0.0, 0.5336435437202454, 1.9974181652069092, 0.0783470869064331, 1.8727123737335205, 0.12118087708950043, 0.0, 2.1509621143341064, 0.8985999822616577, 1.9271697998046875, 0.0, 1.640671730041504, 2.086013078689575, 0.6884976625442505, 0.0, 0.04836893081665039, 0.25308313965797424, 0.17637568712234497, 0.1904710829257965, 1.2068891525268555, 0.0, 1.5539780855178833, 0.19332760572433472, 0.0, 0.06830406188964844, 0.06823437660932541, 0.03775183856487274, 0.0, 0.05100306123495102, 0.07238205522298813, 0.21422235667705536, 2.1558873653411865, 0.7895116209983826, 0.0, 0.13519342243671417, 0.44403573870658875, 1.047083854675293, 3.205543041229248, 0.02689366415143013, 0.00559442862868309, 0.0, 0.0564890094101429, 0.08924858272075653, 0.0, 0.34583476185798645, 0.06855394691228867, 0.0003811339847743511, 0.04433388635516167, 1.4464213848114014, 0.0, 0.03735513612627983, 0.2551525831222534, 0.5320830345153809, 0.26651203632354736, 0.454346626996994, 0.0936732366681099, 0.10278657078742981, 0.20681843161582947, 2.1891274452209473, 0.45354118943214417, 0.007319917436689138, 0.10655754804611206, 0.5247848033905029, 1.4800606966018677, 1.3540070056915283, 2.7856569290161133, 0.5939590930938721, 0.08133132755756378, 0.2631359398365021, 0.388543963432312, 0.03925533965229988, 0.8681988716125488, 0.012407945469021797, 0.6765948534011841, 0.0, 1.126841425895691, 0.3005200922489166, 0.5982648134231567, 0.20846176147460938, 0.162948340177536, 0.02915923297405243, 0.764945924282074, 0.009761781431734562, 0.121913380920887, 0.10421273857355118, 0.35540443658828735, 0.26987868547439575, 0.0, 0.02369995415210724, 0.01627279259264469, 0.37166669964790344, 0.1279587596654892, 0.0, 0.2693560719490051, 0.8543076515197754, 0.0, 0.31404513120651245, 0.12736427783966064, 0.07656971365213394, 0.0, 0.0, 0.17881156504154205, 0.652397632598877, 0.4973524808883667, 1.6712825298309326, 0.04670841246843338, 1.333450436592102, 0.0, 1.0610569715499878, 0.7398316264152527, 0.024569418281316757, 2.2223432064056396, 0.05617712438106537, 0.02447289600968361, 0.28390970826148987, 0.04715467989444733, 0.0, 3.366774797439575, 0.0, 0.5455072522163391, 0.5889992713928223, 0.4440386891365051, 0.002386256121098995, 0.32091253995895386, 0.0, 0.0, 0.21160514652729034, 0.0, 0.02462916448712349, 1.5647879838943481, 0.47687095403671265, 0.2833491861820221, 1.3617751598358154, 0.6443161964416504, 0.4251980781555176, 2.0007009506225586, 0.0, 0.35908418893814087, 0.0012565315701067448, 0.21488751471042633, 0.5743749737739563, 0.24803411960601807, 0.0, 1.7895517349243164, 0.0, 0.3775508999824524, 0.15503284335136414, 0.6553172469139099, 0.5288514494895935, 0.07950442284345627, 1.0177438259124756, 0.570273220539093, 0.0, 0.9525622725486755, 0.4653598964214325, 0.0, 1.6158061027526855, 0.30377399921417236, 0.06071925535798073, 2.0224971771240234, 1.1633723974227905, 0.0, 0.08110214024782181, 0.0, 0.0, 0.005815758835524321, 0.004481393378227949, 0.07312029600143433, 0.33412107825279236, 0.048897769302129745, 0.08460037410259247, 0.014612519182264805, 0.20554624497890472, 0.37437474727630615, 0.7787981629371643, 0.23963436484336853, 0.013676078990101814, 0.07763776183128357, 0.17625916004180908, 0.05097182095050812, 0.0361565537750721, 0.0, 0.0985867828130722, 0.19807934761047363, 0.5469328165054321, 0.28878799080848694, 0.5070075988769531, 0.012698820792138577, 0.1725759655237198, 0.011257393285632133, 0.1525716781616211, 0.2326192408800125, 0.0, 0.49936747550964355, 0.052386295050382614, 0.03191548213362694, 0.31323862075805664, 0.015231886878609657, 0.0, 0.3138728737831116, 0.011751535348594189, 0.0, 0.0, 0.30872902274131775, 0.15659059584140778, 0.0, 0.0031370799988508224, 0.0, 0.019794464111328125, 0.38467517495155334, 0.7442028522491455, 0.49424275755882263, 0.10049634426832199, 1.5177137851715088, 0.20102232694625854, 0.8395012021064758, 0.7863362431526184, 0.03950159251689911, 0.026189882308244705, 0.4297422766685486, 0.10755763947963715, 0.0, 0.01498973648995161, 0.07778526842594147, 0.6134479641914368, 1.3183273077011108, 0.0, 0.0877070501446724, 1.6586973667144775, 0.920222818851471, 0.3455028533935547, 0.0, 0.41575688123703003, 0.034561846405267715, 0.02484005317091942, 0.9727630019187927, 1.0687183141708374, 0.25107860565185547, 0.7484612464904785, 0.07274506986141205, 1.3409526348114014, 0.04628023877739906, 0.018787598237395287, 1.6936079263687134, 0.07881654053926468, 1.7060171365737915, 0.24739426374435425, 1.51319420337677, 0.044777121394872665, 0.0, 0.015267097391188145, 1.3201404809951782, 0.0, 0.0, 0.026237044483423233, 0.6222658157348633, 0.0, 0.16687899827957153, 0.3328934907913208, 0.0, 0.0, 0.0, 2.6661977767944336, 0.12106792628765106, 0.33458730578422546, 0.16141124069690704, 0.0, 0.010494171641767025, 0.00019397541473153979, 0.158578559756279, 0.25465908646583557, 1.1718263626098633, 0.29369035363197327, 0.6773890852928162, 1.5592414140701294, 2.8703324794769287, 0.0, 1.6493316888809204, 0.25675973296165466, 0.27998265624046326, 0.03971007838845253, 0.012166285887360573, 0.6195266246795654, 0.07365629822015762, 0.27343684434890747, 0.257897287607193, 1.078170657157898, 0.0, 0.00961937103420496, 0.21099160611629486, 0.0, 1.2041988372802734, 0.1372509002685547, 0.5875089764595032, 0.0, 0.5343681573867798, 0.6133291125297546, 0.0, 0.3385630249977112, 0.13507722318172455, 0.0, 0.0, 0.0, 0.8616322875022888, 0.0, 0.26304754614830017, 0.052785132080316544, 0.015109237283468246, 2.398143768310547, 0.0, 0.028761202469468117, 0.03949647396802902, 0.0, 0.0, 0.508138120174408, 0.010208659805357456, 0.0, 1.1568831205368042, 0.0, 1.956135630607605, 0.029326723888516426, 0.47561198472976685, 1.7606689929962158, 0.5967945456504822, 0.15636752545833588, 0.0, 0.0, 0.15533176064491272, 2.595017433166504, 0.06269226223230362, 9.29688835144043, 0.7359400987625122, 0.307664155960083, 0.8972784280776978, 0.0, 0.0, 0.15901079773902893, 2.427595853805542, 0.33118897676467896, 0.05366326496005058, 0.0, 1.0153993368148804, 0.24800103902816772, 0.1462714672088623, 0.30637508630752563, 0.289369136095047, 0.09782028198242188, 0.03460048511624336, 0.014993740245699883, 0.0, 0.45339468121528625, 0.45578616857528687, 0.0, 0.11007213592529297, 0.0, 1.2575048208236694, 0.0, 0.019743535667657852, 0.0, 0.0397196002304554, 0.13214389979839325, 0.043915651738643646, 0.06226799264550209, 0.00962601974606514, 0.6246896386146545, 0.4269388020038605, 0.06403809785842896, 0.32318925857543945, 0.0, 0.7485033869743347, 0.10093057155609131, 0.6291821002960205, 1.1611605882644653, 0.3641984164714813, 0.3143337666988373, 0.06518043577671051, 0.3756692111492157, 0.046200741082429886, 0.0, 2.7314720153808594, 0.7663619518280029, 0.021134573966264725, 1.3891438245773315, 0.5058382153511047, 0.4567370116710663, 0.0, 0.5162701606750488, 0.44013699889183044, 0.010624608024954796, 0.31245023012161255, 0.06283123791217804, 0.5997459292411804, 2.4984660148620605, 0.44449299573898315, 0.0, 0.49139344692230225, 0.0, 0.20131398737430573, 0.012026664800941944, 0.0, 0.6484367847442627, 0.15230761468410492, 0.543971061706543, 0.0, 3.485710620880127, 0.25244519114494324, 0.28609415888786316, 1.3639448881149292, 0.3445800542831421, 0.0646033063530922, 0.0419929176568985, 1.8676605224609375, 0.0, 0.07979226857423782, 0.17173588275909424, 0.022037362679839134, 0.06640677154064178, 0.4608893096446991, 0.04438173398375511, 0.0, 0.08264654874801636, 0.5998029708862305, 0.6765422224998474, 0.12682203948497772, 2.9055721759796143, 1.1553291082382202, 0.0, 0.3505300283432007, 0.6171127557754517, 0.08932290971279144, 0.0028489851392805576, 0.03821989521384239, 0.6540066599845886, 0.005086640827357769, 0.7846580147743225, 3.5386595726013184, 0.0, 0.07994216680526733, 0.4610424041748047, 0.8073599934577942, 0.24419449269771576, 0.0960049107670784, 0.03144998848438263, 0.13550324738025665, 0.11997773498296738, 0.004657326731830835, 0.9774871468544006, 0.0, 0.2601180374622345, 0.0, 0.528358519077301, 0.06439507007598877, 1.8057923316955566, 0.08268684893846512, 0.45384901762008667, 0.007295968476682901, 0.057543303817510605, 0.0, 0.0030041495338082314, 0.10202863067388535, 0.13458001613616943, 0.06753365695476532, 0.07288243621587753, 0.10258544236421585, 1.1475152969360352, 0.12323389202356339, 0.3184114694595337, 1.505394458770752, 0.02607528492808342, 0.23782363533973694, 0.0, 0.08313003182411194, 0.05471442639827728, 0.1500474065542221, 1.699400782585144, 0.2959713935852051, 0.5142681002616882, 0.3324328064918518, 0.046810224652290344, 0.01111791655421257, 1.9898240566253662, 0.1211879700422287, 0.5945192575454712, 1.6718418598175049, 0.15325385332107544, 0.0, 2.5703306198120117, 0.09248451143503189, 0.0, 0.06527360528707504, 0.6142805814743042, 0.13938093185424805, 0.8872522115707397, 0.8604274392127991, 0.39512330293655396, 1.0834064483642578, 1.9471732378005981, 0.6069309711456299, 0.0, 0.0, 0.06542234867811203, 0.0, 0.0, 0.0050528584979474545, 0.13012826442718506, 1.028727650642395, 0.14383558928966522, 0.6106833815574646, 2.1256821155548096, 0.3357889652252197, 1.3262461423873901, 0.007802199572324753, 4.9369425773620605, 0.04628020524978638, 1.8085907697677612, 0.001899159629829228, 0.12225334346294403, 0.6528846025466919, 0.12066120654344559, 0.6741210222244263, 0.18404653668403625, 0.2167833298444748, 0.18621468544006348, 0.0, 0.11892157047986984, 0.04047903046011925, 1.206892490386963, 0.6544924378395081, 0.06179199367761612, 0.9317177534103394, 0.0, 0.014320723712444305, 0.24627137184143066, 1.0282152891159058, 0.09652023017406464, 1.1422693729400635, 0.0, 0.01189422607421875, 0.0793057307600975, 0.5986313819885254, 0.008642817847430706, 0.9408014416694641, 0.0, 0.7242957353591919, 0.03932866454124451, 0.4234790503978729, 0.13724488019943237, 0.21018612384796143, 0.15646305680274963, 0.0, 0.06681838631629944, 0.6901830434799194, 0.0, 0.0, 3.331681251525879, 0.9451265931129456]",Testing/glioma_tumor/image(75).jpg
"[0.8324139714241028, 0.31773605942726135, 0.0016391763929277658, 1.7086032629013062, 0.1092265173792839, 0.019269848242402077, 2.3978049755096436, 0.03003755956888199, 0.369890421628952, 0.1723855882883072, 0.0, 0.21025563776493073, 0.11386783421039581, 0.6159790754318237, 0.0, 0.02284269407391548, 0.0, 1.4539271593093872, 0.753462016582489, 0.02532794512808323, 0.019081084057688713, 0.523129940032959, 0.2572220265865326, 0.0, 0.0662478506565094, 0.9663021564483643, 0.7255325317382812, 0.5049435496330261, 0.27035656571388245, 0.0, 0.43369126319885254, 0.12242981046438217, 0.1279497742652893, 0.4423036277294159, 0.8985415101051331, 0.64639812707901, 0.0, 0.960527241230011, 0.05972451716661453, 0.0, 0.9183520674705505, 2.857473373413086, 0.785666823387146, 0.38092443346977234, 0.011183278635144234, 0.0, 0.0, 0.0, 0.0, 2.1640477180480957, 0.05503228306770325, 0.4489949345588684, 4.885507583618164, 0.040341317653656006, 0.5245376229286194, 3.1202385425567627, 0.31080812215805054, 0.8024626970291138, 0.5164017081260681, 0.1046525239944458, 0.3243940472602844, 0.04584002122282982, 0.5776335000991821, 0.7339111566543579, 0.01922653801739216, 0.0, 1.4982812404632568, 0.01362743228673935, 0.6295811533927917, 0.0, 0.3380677103996277, 0.14941903948783875, 0.04110566899180412, 3.9514288902282715, 0.3918590843677521, 0.27722781896591187, 3.286841869354248, 0.6000693440437317, 0.0, 2.457310914993286, 0.07587085664272308, 0.0022390715312212706, 0.30458247661590576, 0.1079292893409729, 1.4718036651611328, 0.10493055731058121, 1.1876585483551025, 0.21576650440692902, 0.23804587125778198, 0.11654546111822128, 0.563084065914154, 0.06330495327711105, 0.0, 0.0, 0.015724562108516693, 0.0, 0.08451923727989197, 0.004800703842192888, 0.0, 0.3811621069908142, 0.0, 0.23656830191612244, 0.0, 0.05050233379006386, 0.6167728900909424, 0.34443220496177673, 0.03655147925019264, 0.620470404624939, 0.06446415185928345, 1.9471338987350464, 0.0, 0.11082629859447479, 1.0774719715118408, 0.19981129467487335, 0.0, 0.0, 0.050463005900382996, 0.21024677157402039, 0.1054542139172554, 0.009730235673487186, 0.6755091547966003, 0.0, 0.0, 0.5736337304115295, 0.5580479502677917, 0.14630167186260223, 0.03378824144601822, 0.0, 1.2291852235794067, 0.0, 0.01992672309279442, 2.5857605934143066, 0.03718985244631767, 0.24723637104034424, 0.0, 0.0, 0.8587183952331543, 0.0, 0.19642408192157745, 0.47901129722595215, 0.04159082844853401, 0.13513830304145813, 0.02260359190404415, 0.01331291627138853, 0.5478713512420654, 0.021669834852218628, 0.7627156376838684, 2.4105846881866455, 0.01575482077896595, 0.33859536051750183, 0.12378949671983719, 0.9996411204338074, 0.6068427562713623, 0.0, 0.26123011112213135, 0.17771868407726288, 0.0, 0.183660626411438, 0.298267126083374, 0.009528537280857563, 0.2712673246860504, 2.0166337490081787, 0.0, 0.9279729127883911, 0.0, 0.10959269106388092, 0.023321224376559258, 0.29145899415016174, 0.10642042756080627, 5.7012763023376465, 2.3407092094421387, 0.0025903352070599794, 0.0778452455997467, 1.7057114839553833, 2.5222344398498535, 1.5158486366271973, 0.0, 0.04441890865564346, 0.11199238896369934, 0.5493839979171753, 0.0, 0.0, 0.3657515347003937, 1.020318865776062, 0.33459794521331787, 0.1384410560131073, 0.36262941360473633, 0.43155932426452637, 0.5755844712257385, 0.0, 0.2986467778682709, 0.07576027512550354, 0.0, 0.016080409288406372, 0.8518418073654175, 1.0393882989883423, 0.0, 0.3898787200450897, 0.02145005762577057, 0.33523187041282654, 0.26960521936416626, 0.0, 0.37912192940711975, 0.0651877149939537, 2.7867257595062256, 1.4710285663604736, 0.16203007102012634, 0.0011228153016418219, 0.8203259110450745, 0.19085371494293213, 0.5686107277870178, 0.06743605434894562, 0.0, 0.20322908461093903, 0.12388120591640472, 0.28642475605010986, 0.005743231158703566, 0.18514862656593323, 0.14840295910835266, 0.05103293061256409, 0.743202269077301, 0.02176034264266491, 3.6509881019592285, 0.34750059247016907, 0.005893376190215349, 3.6778979301452637, 0.02898467518389225, 0.30278125405311584, 4.438026428222656, 0.577107310295105, 1.80814528465271, 0.11045484244823456, 1.201205849647522, 0.5524768233299255, 0.8381909728050232, 2.7953226566314697, 0.052724819630384445, 0.6839156746864319, 0.004393241833895445, 0.002400636672973633, 0.41245800256729126, 1.037251591682434, 0.2795030176639557, 0.16615065932273865, 0.09253820776939392, 0.3153219521045685, 0.062017153948545456, 1.164021372795105, 0.04799472913146019, 0.17436283826828003, 0.7109436392784119, 0.0, 0.42977726459503174, 0.7286250591278076, 1.2295212745666504, 0.6525718569755554, 0.21834509074687958, 0.8329293131828308, 0.2502126693725586, 0.6334818005561829, 0.7662528157234192, 0.012861167080700397, 0.12443116307258606, 1.2749662399291992, 7.524782267864794e-05, 0.14223408699035645, 0.0, 0.2605222463607788, 0.09337415546178818, 0.0, 0.47166162729263306, 0.08873067796230316, 1.512921690940857, 0.1806563287973404, 6.135444641113281, 0.0, 0.30867430567741394, 1.5734542608261108, 1.589850902557373, 0.04642771556973457, 0.6381549835205078, 4.272115230560303, 2.1259965896606445, 0.0, 1.4412468671798706, 1.2343536615371704, 0.4745158851146698, 0.22612228989601135, 0.15031975507736206, 0.06674832105636597, 0.15052643418312073, 0.3235260248184204, 0.002617648569867015, 0.2201908826828003, 0.07341815531253815, 4.428567886352539, 0.590542733669281, 0.14472679793834686, 0.1762371063232422, 0.23328816890716553, 0.0, 0.08081047236919403, 2.1510324478149414, 0.20954108238220215, 0.7452132701873779, 0.40599924325942993, 0.28013643622398376, 4.31257963180542, 0.9541510939598083, 0.021505413576960564, 0.031084466725587845, 1.838580846786499, 0.9249529242515564, 0.20854827761650085, 1.2366400957107544, 0.18615244328975677, 0.9940760731697083, 0.14884436130523682, 0.011721961200237274, 0.7965352535247803, 0.0, 0.0, 0.0, 0.0685625746846199, 0.6569660902023315, 0.004458288662135601, 2.208550453186035, 0.24428829550743103, 0.42271003127098083, 1.272037386894226, 0.408090740442276, 0.04763128235936165, 1.8843657970428467, 1.3010905981063843, 0.0, 0.04907776787877083, 1.0171200037002563, 5.037693500518799, 2.007739543914795, 0.07882311195135117, 0.10881170630455017, 0.3505138158798218, 0.42545178532600403, 0.16464495658874512, 0.3175601065158844, 0.21200726926326752, 0.006217014975845814, 0.04641289636492729, 0.24804706871509552, 0.0, 0.0, 0.23313254117965698, 0.33214762806892395, 0.320995956659317, 0.0, 0.0, 2.1613917350769043, 0.4133922755718231, 0.0, 0.0, 0.1306602954864502, 1.6376174688339233, 0.0071264770813286304, 2.0803306102752686, 0.883044421672821, 0.15652358531951904, 0.38628846406936646, 0.0, 0.25193414092063904, 0.0991748571395874, 0.01934543438255787, 0.2093227207660675, 1.4330562353134155, 2.771629810333252, 0.0, 0.010048369877040386, 0.0736449733376503, 0.0, 0.006695105228573084, 0.20666684210300446, 0.016056308522820473, 0.053952060639858246, 0.01955632120370865, 0.0021381378173828125, 0.8699783682823181, 0.22220446169376373, 0.06652884185314178, 0.6460266709327698, 0.019323207437992096, 0.08184179663658142, 0.0, 0.0804549977183342, 2.712411642074585, 0.06949090212583542, 0.707761824131012, 2.784109115600586, 0.0034335097298026085, 2.3778607845306396, 0.0, 0.0100129134953022, 0.01850707270205021, 0.29525119066238403, 0.003851168090477586, 0.3243308365345001, 0.37003496289253235, 5.773738861083984, 0.15270526707172394, 0.24657414853572845, 0.13917283713817596, 0.048880040645599365, 0.023629257455468178, 0.006154398433864117, 0.0, 0.05686482787132263, 0.32897427678108215, 0.7662365436553955, 0.03029155731201172, 0.039934929460287094, 0.0, 0.0, 0.4533195495605469, 0.0, 0.054892200976610184, 0.05078642815351486, 0.0, 0.24330563843250275, 0.5713658928871155, 0.6616323590278625, 0.09133173525333405, 0.0, 0.9925532341003418, 1.4591550827026367, 0.5925748944282532, 0.0, 0.19804604351520538, 0.5428842306137085, 0.2446717619895935, 7.106680870056152, 0.12413482367992401, 0.31641510128974915, 0.2960653603076935, 0.08065692335367203, 0.0, 0.1789395660161972, 0.5027128458023071, 0.0, 0.0239846371114254, 0.0, 0.659553050994873, 0.013747692108154297, 1.1384915113449097, 0.3002871572971344, 0.2794400155544281, 0.28246697783470154, 0.010950881987810135, 0.0, 1.5061674118041992, 0.09690434485673904, 0.0, 2.4154136180877686, 0.2992030084133148, 0.8839468955993652, 1.2123221158981323, 0.0, 0.13938450813293457, 0.4348556399345398, 0.028518710285425186, 0.037675678730010986, 0.6109265089035034, 0.15174660086631775, 0.48331180214881897, 0.1119777113199234, 0.3671649098396301, 0.08204834163188934, 1.1177250146865845, 0.19572098553180695, 0.08564396947622299, 0.0, 0.6778174638748169, 1.8150252103805542, 0.6953552961349487, 0.07505083829164505, 1.5218443870544434, 1.0335593223571777, 0.0, 0.41587895154953003, 0.04759203642606735, 0.0, 0.340883731842041, 0.12108024954795837, 0.0, 1.1963789463043213, 1.498435139656067, 0.0, 1.9838815927505493, 0.21031087636947632, 0.045480407774448395, 0.21385745704174042, 0.0, 0.4116716980934143, 0.0, 0.4850952625274658, 0.35546568036079407, 0.48929736018180847, 1.6801387071609497, 0.2281508594751358, 0.020360805094242096, 0.025619715452194214, 0.518204927444458, 0.03186429664492607, 0.14510560035705566, 0.3296006917953491, 1.139594554901123, 0.5947790145874023, 0.19190366566181183, 0.04825257137417793, 0.06080576032400131, 0.3352735936641693, 0.26899856328964233, 0.3436046242713928, 0.15050867199897766, 0.0, 0.0, 0.10585660487413406, 0.0217739325016737, 0.08616326004266739, 0.0, 0.040400270372629166, 0.06310149282217026, 2.289315938949585, 0.3758280873298645, 2.4219439029693604, 0.5586925148963928, 2.0358777046203613, 0.0893467590212822, 0.4188966453075409, 4.467729091644287, 1.2909659147262573, 0.0, 0.17220883071422577, 0.0, 0.13189250230789185, 0.0, 0.4334305226802826, 0.16139449179172516, 0.07645860314369202, 0.34056320786476135, 0.0, 0.24347935616970062, 0.036728113889694214, 2.866386651992798, 0.3177418112754822, 0.16499583423137665, 0.026860596612095833, 1.0818893909454346, 1.049680233001709, 0.708515465259552, 0.0024568792432546616, 0.008541742339730263, 0.0, 3.920975923538208, 0.886228084564209, 0.002643198473379016, 0.0, 0.03880215808749199, 0.5215197205543518, 2.0764238834381104, 0.2875860929489136, 1.0695710182189941, 0.2033473253250122, 0.5554583072662354, 0.036095861345529556, 0.17435619235038757, 0.18945986032485962, 0.0, 0.2806478440761566, 0.37724000215530396, 2.822903633117676, 1.8460139036178589, 0.02804708667099476, 0.44024401903152466, 0.1092919409275055, 0.0474303774535656, 0.03900832682847977, 0.0, 0.023894617334008217, 0.060609202831983566, 0.2646295130252838, 0.2516879737377167, 0.0, 0.028523363173007965, 0.04206123203039169, 0.0, 0.09442848712205887, 0.9272793531417847, 0.3980455994606018, 0.21705639362335205, 0.24473470449447632, 0.04643772915005684, 1.3656911849975586, 1.1211040019989014, 0.0015711297746747732, 0.19086672365665436, 0.4139672815799713, 0.5952097177505493, 0.0, 0.033091720193624496, 0.5416544079780579, 0.3349592685699463, 2.7803194522857666, 0.17347531020641327, 0.0337953120470047, 1.0897923707962036, 0.8780760765075684, 0.22016677260398865, 0.03443319350481033, 0.0, 0.004717914387583733, 0.07743832468986511, 0.9403928518295288, 0.00307055888697505, 0.5845246911048889, 0.8386664986610413, 0.01002794411033392, 0.017759328708052635, 0.08606062829494476, 2.015748977661133, 0.054915107786655426, 0.0, 0.025660162791609764, 0.0012658153427764773, 1.2832834720611572, 0.02804427035152912, 0.05235050991177559, 0.06677013635635376, 0.0, 0.0, 0.034036148339509964, 0.1801387369632721, 0.09701639413833618, 0.05007994920015335, 0.0, 0.11800120025873184, 0.027966834604740143, 0.0, 0.8332975506782532, 1.1697388887405396, 0.006396853365004063, 0.0054915533401072025, 0.0, 0.8413233757019043, 0.10558617860078812, 0.08332666754722595, 0.0, 0.5023367404937744, 0.210270956158638, 0.31273260712623596, 1.1343600749969482, 0.5997599959373474, 0.0, 0.36930885910987854, 0.198013037443161, 0.032462529838085175, 0.019377032294869423, 1.8085620403289795, 0.07000721246004105, 2.2642486095428467, 0.30416688323020935, 0.0, 0.2412637621164322, 0.0, 0.3655488193035126, 0.26379144191741943, 0.15458263456821442, 0.05211272090673447, 0.21124987304210663, 0.0, 0.0, 0.07789194583892822, 2.3541531562805176, 1.869732141494751, 0.0, 0.01895911619067192, 0.4957151710987091, 1.4651727676391602, 0.0374373197555542, 0.010129619389772415, 0.010072528384625912, 1.513226866722107, 0.4043067693710327, 0.0, 0.015880657359957695, 0.007196175865828991, 0.05693991482257843, 0.021504219621419907, 0.0, 2.754459857940674, 0.10183249413967133, 0.018924623727798462, 0.0, 0.8794825673103333, 0.028274832293391228, 0.0, 0.23798631131649017, 0.0961889997124672, 0.10337784886360168, 0.43676477670669556, 0.530900776386261, 1.0403640270233154, 0.6691835522651672, 2.3309125900268555, 0.005567667540162802, 0.38197579979896545, 0.08083654195070267, 0.11742325872182846, 0.0005423511611297727, 0.026726815849542618, 0.0, 0.011971327476203442, 0.0, 0.17514382302761078, 2.1164965629577637, 3.27315354347229, 0.669901967048645, 0.011431110091507435, 2.2501344680786133, 0.08145499974489212, 0.14995364844799042, 0.027904052287340164, 0.05866214260458946, 0.0, 0.34427282214164734, 0.14526283740997314, 0.5141117572784424, 1.5958448648452759, 0.0012212286237627268, 0.3563355803489685, 1.2148643732070923, 0.24597685039043427, 0.05043822526931763, 0.001357117434963584, 0.04676290601491928, 0.6699780821800232, 0.03161222115159035, 0.09361648559570312, 0.045068878680467606, 0.4283585548400879, 0.06193111464381218, 0.3587874472141266, 0.2909388542175293, 2.2643580436706543, 0.9226787090301514, 0.8897343277931213, 0.2106494903564453, 0.1236632764339447, 0.20503902435302734, 0.636053204536438, 0.1554611325263977, 0.25229811668395996, 0.07014816999435425, 0.06094582751393318, 2.047571897506714, 0.39511823654174805, 1.858522891998291, 0.10796253383159637, 0.061686426401138306, 0.41880401968955994, 1.2611675262451172, 1.6429938077926636, 0.5161494612693787, 0.03792521730065346, 0.0017995493253692985, 1.1420882940292358, 0.06188594177365303, 0.33530285954475403, 0.8358659744262695, 0.2572248876094818, 0.02852252498269081, 1.2273513078689575, 0.8664547801017761, 0.14099881052970886, 1.3658628463745117, 1.623944640159607, 0.0007171241450123489, 1.070089340209961, 0.4135102927684784, 1.6089887619018555, 0.6666945815086365, 0.10043739527463913, 0.0, 1.1772888898849487, 0.7814680337905884, 0.7937753796577454, 0.46207380294799805, 1.0006933212280273, 0.0, 0.0, 0.0, 0.12875142693519592, 0.154519185423851, 0.0, 0.01977395825088024, 0.1469714492559433, 0.01462242566049099, 0.004446331411600113, 0.32093432545661926, 3.2343192100524902, 0.4961705803871155, 1.3161962032318115, 0.1686715930700302, 0.26564404368400574, 0.6959303021430969, 0.16300618648529053, 0.0, 2.510549783706665, 0.1462038904428482, 4.059750080108643, 1.3607186079025269, 0.0, 0.0032945701386779547, 0.03332270309329033, 0.09495727717876434, 0.6864807605743408, 0.04891584813594818, 0.4199099540710449, 0.5934858918190002, 0.0, 0.0, 0.004105704370886087, 3.736240863800049, 0.0, 0.05076973885297775, 0.051288165152072906, 0.12597046792507172, 0.29135778546333313, 2.1138644218444824, 0.0, 0.3671248257160187, 0.0, 0.29220426082611084, 0.056346602737903595, 0.0, 1.1152243614196777, 0.8271619081497192, 1.090432047843933, 0.0011594927636906505, 0.0, 0.00369107723236084, 0.9529603719711304, 0.19243666529655457, 0.0, 0.09418134391307831, 0.30823618173599243, 0.3172991871833801, 0.0, 1.2482478618621826, 0.0486036092042923, 0.12688873708248138, 0.4760362207889557, 1.1678836345672607, 0.0, 4.913776397705078, 0.9748761057853699, 0.0, 0.14301571249961853, 0.0, 0.7130889296531677, 0.33879178762435913, 0.2796888053417206, 4.3439507484436035, 0.09501872956752777, 0.0, 0.021966520696878433, 0.41689735651016235, 0.024702074006199837, 1.467847228050232, 0.41052699089050293, 0.6208701729774475, 1.3880442380905151, 0.5268732309341431, 0.017691412940621376, 0.22443518042564392, 0.9242744445800781, 0.0, 0.8043449521064758, 0.5861269235610962, 0.35898372530937195, 0.9536018371582031, 1.090318202972412, 0.0, 0.2802485525608063, 0.3109232485294342, 0.08243472874164581, 0.07920311391353607, 0.19611772894859314, 0.1730552613735199, 0.015197588130831718, 0.1704029142856598, 0.09998086094856262, 0.7749209403991699, 0.02222309820353985, 0.24035662412643433, 0.0, 0.0725516751408577, 3.2710578441619873, 0.02736019156873226, 0.03120197169482708, 1.6469262838363647, 0.24958685040473938, 0.0, 0.293265700340271, 0.5335230231285095, 0.3684101402759552, 0.26045891642570496, 0.0, 0.4288216531276703, 0.09861580282449722, 0.010413494892418385, 0.1796424388885498, 0.0, 0.0, 0.0, 0.031881362199783325, 0.06974147260189056, 1.7884109020233154, 0.08051548898220062, 1.6376756429672241, 0.506761372089386, 0.6448231339454651, 0.0, 0.010819155722856522, 0.3074496388435364, 1.275881052017212, 0.0015919257421046495, 0.0, 1.8425794839859009, 0.14831942319869995, 0.5246369242668152, 0.14670783281326294, 0.07086335867643356, 0.0, 0.4718554615974426, 0.00011926524166483432, 0.12633414566516876, 0.12644422054290771, 0.0, 0.018565863370895386, 1.2565970420837402, 0.6482426524162292, 0.1951679140329361, 0.0, 0.7298749089241028, 0.004815576132386923, 0.5930994153022766, 0.3499421775341034, 0.001922994269989431, 0.0, 0.3621535003185272, 0.36442580819129944, 0.0330241322517395, 0.031789153814315796, 0.1607966274023056, 0.3261058032512665, 0.5149750709533691, 0.0986696183681488, 0.25197452306747437, 0.011435066349804401, 1.0036934614181519, 0.09978736191987991, 0.1658569872379303, 0.06480894982814789, 0.0, 0.20536398887634277, 1.195678949356079, 0.18281206488609314, 0.0, 0.21306920051574707, 0.0, 0.03397443890571594, 0.15632852911949158, 0.9554387331008911, 1.4672867059707642, 0.9270281195640564, 0.0, 1.624624490737915, 0.040176670998334885, 0.00831055361777544, 0.6088975667953491, 0.141152024269104, 0.0, 0.038668882101774216, 0.0019133772002533078, 0.008367273025214672, 0.03505682572722435, 1.0996893644332886, 0.0, 0.040514566004276276, 0.08015591651201248, 0.008320691995322704, 0.0, 0.4838593900203705, 0.0, 0.3030768036842346, 0.40512195229530334, 0.6973083019256592, 0.7046882510185242, 0.5814709663391113, 1.0514440536499023, 0.03258134052157402, 0.21490079164505005, 1.633323073387146, 0.30289098620414734, 0.0, 0.591788649559021, 0.16069455444812775, 0.03141643479466438, 0.46270641684532166, 0.005466609727591276, 0.3071892559528351, 0.47574853897094727, 0.45224493741989136, 0.44788751006126404, 0.0655662938952446, 0.07174988836050034, 0.2555970251560211, 0.5996681451797485, 0.06730220466852188, 0.0, 0.03671547397971153, 0.5464860796928406, 0.2567001283168793, 0.9992266297340393, 0.19507606327533722, 0.7216672897338867, 0.8858340382575989, 0.8092703819274902, 0.0, 0.014430426061153412, 0.08747097849845886, 0.2556169927120209, 0.27292606234550476, 0.0, 0.47351813316345215, 0.0, 0.07566676288843155, 0.5616373419761658, 0.0015736842760816216, 0.1443786919116974, 0.8766672611236572, 0.03923875093460083, 0.37969037890434265, 0.0, 0.32542163133621216, 0.1525547057390213, 0.0, 0.009613868780434132, 0.28283941745758057, 0.952099084854126, 0.0, 0.4272042214870453, 0.0025938141625374556, 0.005032038316130638, 0.06729478389024734, 0.28915974497795105, 0.6694729924201965, 0.009223329834640026, 0.35984793305397034, 0.37364375591278076, 0.39472657442092896, 0.5037544965744019, 0.05220425873994827, 1.9652940034866333, 0.18313221633434296, 0.7544447183609009, 0.538266658782959, 0.0, 0.04497504606842995, 0.2561679184436798, 0.0019788402132689953, 1.3456758260726929, 2.1498541831970215, 1.4171291589736938, 0.14895765483379364, 0.996326208114624, 0.03089316561818123, 0.12439596652984619, 0.13818974792957306, 4.9041266441345215, 4.031634330749512, 0.1888754665851593, 0.6443387866020203, 0.0, 0.39149001240730286, 0.1583574414253235, 5.285240173339844, 0.004099373705685139, 0.07569617033004761, 0.0, 0.05879877880215645, 0.10276273638010025, 0.20872066915035248, 0.13967594504356384, 0.0, 0.06913046538829803, 0.22452130913734436, 0.0, 0.6629500389099121, 0.6551600098609924, 0.19696243107318878, 1.48029363155365, 0.6985749006271362, 0.047096192836761475, 0.14372217655181885, 0.009015638381242752, 0.9435645937919617, 0.036755241453647614, 0.3703131377696991, 0.0, 0.194790318608284, 0.27058735489845276, 1.0504871606826782, 1.5091578960418701, 0.2646249234676361, 0.11008558422327042, 0.0070059397257864475, 0.0, 0.38962844014167786, 0.024646909907460213, 0.07996273785829544, 0.3803662359714508, 0.022643420845270157, 0.010023457929491997, 0.013958636671304703, 0.44697535037994385, 0.0014793459558859468, 0.03772667422890663, 1.1299858093261719, 0.17086021602153778, 0.0, 0.0, 0.0, 0.23646996915340424, 0.16388386487960815, 0.0, 0.5408930778503418, 0.0, 0.0, 0.027360809966921806, 0.47858670353889465, 0.15376174449920654, 1.1940200328826904, 0.06617861241102219, 0.022945865988731384, 0.04887993633747101, 2.9570817947387695, 0.5854824781417847, 0.2783406674861908, 0.12486565113067627, 0.05768635869026184, 0.014775312505662441, 0.003494510892778635, 0.26696574687957764, 0.014533529058098793, 0.8864282369613647, 0.11856333166360855, 0.0, 0.26012250781059265, 0.0, 0.18860691785812378, 0.9830376505851746, 0.07677925378084183, 0.052336547523736954, 0.03515218570828438, 0.0, 0.05468774959445, 0.472767174243927, 0.0, 0.24418531358242035, 0.21717368066310883, 1.830912709236145, 0.03853877633810043, 0.0, 0.058746229857206345, 0.0, 0.0, 0.06007220968604088, 0.8929933905601501, 0.0, 0.5838430523872375, 0.23890948295593262, 0.7633793354034424, 0.0, 0.625471830368042, 0.0, 0.0, 0.0, 0.08998832106590271, 0.1795044094324112, 0.11117938905954361, 0.022824278101325035, 0.9597308039665222, 0.0, 0.0, 0.06083157658576965, 0.19869814813137054, 0.19717290997505188, 0.47143441438674927, 0.6331554055213928, 0.03756515309214592, 0.8973526358604431, 4.681860446929932, 0.0, 0.0, 0.5091339349746704, 0.10580485314130783, 0.15244992077350616, 0.02159690111875534, 0.07361987978219986, 0.0, 0.019613172858953476, 1.3899106979370117, 0.22734318673610687, 0.08621584624052048, 2.4630298614501953, 0.6312286853790283, 0.39433860778808594, 0.0, 0.019045211374759674, 0.05244523286819458, 0.0, 0.6322274208068848, 0.04009145498275757, 0.02874925173819065, 2.216545343399048, 0.3673681914806366, 0.22982245683670044, 0.793548583984375, 0.009627140127122402, 0.14900413155555725, 0.20621661841869354, 0.7832334041595459, 0.07372423261404037, 0.6716694831848145, 0.24321524798870087, 1.3977726697921753, 0.7467989921569824, 0.0, 0.016262492164969444, 0.08432358503341675, 0.003488854505121708, 0.0748937651515007, 0.482331246137619, 0.40149569511413574, 0.2295713573694229, 0.0, 0.0, 0.4658416509628296, 0.015173415653407574, 0.0, 0.0, 0.0, 1.4875071048736572, 0.09593132883310318, 1.5960839986801147, 0.3289814889431, 1.2935069799423218, 0.9729268550872803, 0.39198681712150574, 0.0, 0.05312415584921837, 0.10523013770580292, 0.0, 0.006391690578311682, 0.7573961615562439, 0.009700678288936615, 0.10979308933019638, 0.0819069892168045, 0.0, 0.017659561708569527, 0.04783608019351959, 0.33911770582199097, 0.9202025532722473, 0.7353619337081909, 0.16777954995632172, 0.0, 2.4714388847351074, 0.006556296721100807, 0.517631471157074, 0.7436365485191345, 0.5022134780883789, 0.3024369180202484, 0.06919971108436584, 0.008039549924433231, 0.4563489556312561, 0.04612862691283226, 0.013479267247021198, 0.00037550440174527466, 1.3001333475112915, 0.009402886033058167, 0.04764355346560478, 0.9019266963005066, 0.3093768060207367, 0.4087076485157013, 0.075630784034729, 0.0, 0.0, 0.3091272711753845, 0.03835504874587059, 0.7935338616371155, 5.333176136016846, 0.16272245347499847, 0.0, 0.1732071042060852, 0.04319344088435173, 0.0, 0.3692120611667633, 0.06103820353746414, 0.017211785539984703, 0.22393953800201416, 2.1874332427978516, 0.6891242265701294, 0.5918461680412292, 0.0094538489356637, 0.07542452216148376, 0.0025400191079825163, 0.04381725192070007, 0.9491273760795593, 0.0, 0.41963425278663635, 0.056115180253982544, 0.017057156190276146, 0.033826813101768494, 0.5037059187889099, 0.08629906177520752, 1.0182509422302246, 0.08152499794960022, 0.0, 0.51004558801651, 0.9825416207313538, 2.0737805366516113, 0.0, 1.6746481657028198, 0.06507252901792526, 0.0, 0.04053746536374092, 4.439136505126953, 0.0, 0.0, 0.016858218237757683, 0.14847232401371002, 0.012095621787011623, 0.018928535282611847, 1.2871599197387695, 0.0, 0.6503856182098389, 0.0157817043364048, 0.2988332509994507, 0.8296485543251038, 0.0, 0.1520191729068756, 0.0, 0.7486468553543091, 0.0, 0.23279275000095367, 0.016919828951358795, 1.6723898649215698, 0.016630619764328003, 0.17639371752738953, 0.43222978711128235, 0.0895085260272026, 0.14628493785858154, 0.02521784044802189, 0.6557177305221558, 0.0007386110373772681, 3.432018756866455, 0.5149326920509338, 0.37520089745521545, 0.22633419930934906, 0.2216370701789856, 0.0, 3.4001760482788086, 0.16953051090240479, 0.06684275716543198, 1.677425742149353, 0.2716629207134247, 0.0, 0.0, 1.3378000259399414, 0.5060676336288452, 0.0, 0.027681494131684303, 0.0, 0.11436760425567627, 0.0, 0.02760244905948639, 0.026012666523456573, 0.0, 4.574998378753662, 0.11259714514017105, 1.2586641311645508, 0.0, 1.689605712890625, 0.0, 2.1613526344299316, 0.9396122694015503, 0.21128541231155396, 0.19310620427131653, 0.35604822635650635, 0.6019503474235535, 0.2799452245235443, 0.822267472743988, 0.390677273273468, 0.0, 0.013821110129356384, 0.24811114370822906, 1.3585509061813354, 0.35896238684654236, 0.22535432875156403, 0.4142572581768036, 0.16643303632736206, 0.16594243049621582, 0.04453433305025101, 0.004090515896677971, 0.055748775601387024, 0.792517364025116, 0.006143426522612572, 0.5024049878120422, 0.0, 0.46059828996658325, 1.119767665863037, 0.01952333189547062, 0.00311432802118361, 0.10846351832151413, 0.5754539966583252, 0.2784089744091034, 0.13112327456474304, 0.00334168947301805, 0.06473670899868011, 1.872063159942627, 0.5662195086479187, 0.17434750497341156, 0.030886737629771233, 3.172896385192871, 0.08821483701467514, 0.8913927674293518, 0.047974877059459686, 0.0, 0.09245633333921432, 1.0258861780166626, 0.019958948716521263, 0.175314798951149, 0.0, 0.29745060205459595, 0.42759284377098083, 0.0033583033364266157, 0.0, 0.37554413080215454, 0.0, 0.06335524469614029, 0.11961730569601059, 0.8251451253890991, 0.7857344746589661, 0.2311827540397644, 0.08902090787887573, 0.5073645710945129, 4.215265274047852, 0.24133887887001038, 0.38847893476486206, 1.0457149744033813, 0.0, 0.6734758615493774, 0.3497595489025116, 0.9520472288131714, 0.0, 4.2947163581848145, 0.1463688313961029, 0.39078015089035034, 0.14950858056545258, 2.9048635959625244, 0.11213254183530807, 0.15334811806678772, 0.0, 0.0, 0.2960321605205536, 0.1915113627910614, 0.6251277327537537, 0.050632163882255554, 0.4930322468280792, 0.10720089823007584, 0.02995825558900833, 0.0, 1.1483092308044434, 0.0, 0.1092124953866005, 0.0, 0.6668715476989746, 3.4170327186584473, 0.1877731829881668, 0.0, 1.9077632427215576, 0.7614532709121704, 0.57949298620224, 0.6408671736717224, 1.1631338596343994, 0.03758274391293526, 0.12128692120313644, 0.0003296939830761403, 2.058640718460083, 0.9417941570281982, 1.494511365890503, 0.0, 0.38049834966659546, 0.002279417822137475, 0.7744590640068054, 0.9236147999763489, 0.0, 0.2968413233757019, 1.089543104171753, 0.3144646883010864, 0.10299614816904068, 0.04632938280701637, 0.24072511494159698, 0.07297252118587494, 2.6527833938598633, 1.396394968032837, 0.08987804502248764, 0.0709221288561821, 0.3774256110191345, 1.2733793258666992, 3.4008212089538574, 0.6725504994392395, 0.04309748485684395, 0.1593768298625946, 0.22543440759181976, 0.0363214872777462, 0.0, 0.05609007179737091, 0.0, 0.20250515639781952, 0.2310142070055008, 7.694351370446384e-05, 0.0, 0.009606512263417244, 0.06428920477628708, 0.35469311475753784, 0.0, 0.36992430686950684, 0.1314568966627121, 0.0, 0.368338018655777, 1.7288967370986938, 1.419266700744629, 0.23790770769119263, 0.6221620440483093, 0.7833510637283325, 0.5972305536270142, 0.0, 2.186115264892578, 0.0255413930863142, 0.0009559027967043221, 0.0, 0.09057118743658066, 1.2999086380004883, 0.45091575384140015, 0.016717229038476944, 0.9597427248954773, 0.0017781306523829699, 0.8261957168579102, 0.07234556972980499, 0.007382487878203392, 0.011238684877753258, 0.022443460300564766, 2.2269768714904785, 0.25234225392341614, 0.2052675187587738, 1.0439766645431519, 0.710679829120636, 0.004770644009113312, 0.3544052243232727, 0.2654770612716675, 0.045501708984375, 0.05643945187330246, 0.5419449806213379, 0.0, 0.012032742612063885, 0.02468501217663288, 0.11171545088291168, 0.056064750999212265, 0.4927663505077362, 0.015478532761335373, 0.4091242551803589, 0.0, 0.0, 0.04426851123571396, 0.5616889595985413, 0.10514625161886215, 0.09225752204656601, 0.07172071933746338, 0.6374011635780334, 0.4489280879497528, 1.2726818323135376, 0.0, 0.15100039541721344, 0.12041005492210388, 0.02584802359342575, 0.041309844702482224, 0.37763065099716187, 0.0, 0.19481398165225983, 2.2894206047058105, 0.0, 3.0204989910125732, 0.8060221672058105, 0.08038388937711716, 0.03565268963575363, 0.15898407995700836, 0.48310941457748413, 0.0, 0.25628623366355896, 0.0, 0.0, 1.1282504796981812, 0.7891566157341003, 0.5231641530990601, 0.08442491292953491, 0.28675907850265503, 0.5179787278175354, 1.0385228395462036, 0.00817042961716652, 0.02263190969824791, 0.0, 0.6250149607658386, 0.041769541800022125, 0.024435967206954956, 0.0, 4.201489448547363, 0.00451256288215518, 0.011524886824190617, 0.0, 1.4605424404144287, 0.20119713246822357, 0.13346406817436218, 0.26111045479774475, 0.9617041945457458, 0.0, 0.6671484112739563, 0.007236772682517767, 0.030079588294029236, 0.6091477274894714, 0.38148489594459534, 0.0, 1.729621410369873, 0.05801461637020111, 0.15328577160835266, 0.4342185854911804, 0.002169244224205613, 0.0, 0.0, 0.0153757743537426, 0.7019093632698059, 0.05543489009141922, 0.039062291383743286, 0.012212451547384262, 0.0033144147600978613, 0.16517257690429688, 0.006709692534059286, 0.03079739212989807, 0.5352783799171448, 0.1199917122721672, 0.684154748916626, 0.06717310845851898, 0.37746670842170715, 0.6928139328956604, 0.0, 0.2088930606842041, 0.0, 0.025176826864480972, 0.14711439609527588, 0.0012751987669616938, 0.20245400071144104, 0.0014612795785069466, 0.2078155279159546, 0.2572422921657562, 0.3032079339027405, 0.03132316470146179, 0.16471657156944275, 0.02430553175508976, 1.4333950281143188, 0.14847975969314575, 0.0, 0.0, 0.17388053238391876, 0.0, 0.0, 0.0, 0.25050902366638184, 0.25295963883399963, 0.008272000588476658, 0.5926756858825684, 0.0, 0.1234099343419075, 0.014224115759134293, 1.3626090288162231, 0.006094372831285, 0.06306277960538864, 0.09420416504144669, 0.009737620130181313, 0.0, 0.0, 0.0, 0.5128609538078308, 0.10033298283815384, 0.0, 0.22569040954113007, 0.5359938740730286, 0.0, 0.5493988394737244, 0.3472469449043274, 0.12717607617378235, 0.716081976890564, 1.329453468322754, 0.04121794551610947, 0.7237704396247864, 0.0, 0.14048874378204346, 0.1798316389322281, 0.06372866034507751, 0.26539596915245056, 0.39642980694770813, 0.39032620191574097, 0.3804127871990204, 0.0, 1.6589746475219727, 0.07126128673553467, 0.051422592252492905, 1.2894856929779053, 0.33816805481910706, 0.027745436877012253, 1.8022947311401367, 0.6234656572341919, 0.0235891155898571, 0.0, 0.02310147136449814, 0.1899031102657318, 0.0, 0.0, 0.038393717259168625, 1.6836563348770142, 0.0, 0.19926731288433075, 0.2942696511745453, 0.43957340717315674, 0.018247930333018303, 0.046893030405044556, 0.39707908034324646, 0.0, 0.16621804237365723, 0.22524796426296234, 0.055504944175481796, 0.30094289779663086, 0.0, 0.5356775522232056, 0.08628203719854355, 0.2517160177230835, 0.014967556111514568, 0.06888046115636826, 1.31114661693573, 0.263976126909256, 0.08862273395061493, 0.928651750087738, 0.6600774526596069, 0.32829147577285767, 0.0017346946988254786, 0.2263646423816681, 0.1573667675256729, 0.11872918158769608, 0.7007933855056763, 2.566404342651367, 2.433605909347534, 0.012438131496310234, 0.026212478056550026, 0.31656354665756226, 0.13930360972881317, 0.7389040589332581, 0.3846856653690338, 1.5498991012573242, 0.015104984864592552, 0.09525826573371887, 0.44016897678375244, 0.3518594205379486, 1.2118839025497437, 0.0, 0.3450029194355011, 0.04825936630368233, 0.0, 0.5341548323631287, 0.16259896755218506, 0.2642896771430969, 0.019378894940018654, 0.005566212814301252, 0.2734835147857666, 0.0, 0.0, 0.005767761263996363, 0.2268442064523697, 0.46061310172080994, 0.15272091329097748, 1.1891406774520874, 0.0, 0.4825332462787628, 0.00025892743724398315, 0.34880930185317993, 0.019398951902985573, 0.0347171351313591, 0.09852181375026703, 1.1859816312789917, 0.5015867352485657, 0.18769824504852295, 0.27518320083618164, 1.1514956951141357, 3.0153446197509766, 0.06860607862472534, 10.614293098449707, 0.0, 0.04557972401380539, 0.7035964131355286, 0.04104223847389221, 0.04195689782500267, 0.3146383762359619, 0.0, 0.0, 0.3851279318332672, 0.04618386924266815, 1.8873850107192993, 0.34980326890945435, 0.4105422794818878, 0.0, 0.12593220174312592, 0.006528620608150959, 0.6180880069732666, 0.19474150240421295, 0.013788369484245777, 0.18208040297031403, 0.04651499167084694, 0.027492985129356384, 0.08102903515100479, 0.024469591677188873, 0.059449177235364914, 0.0, 1.4734395742416382, 0.1366608440876007, 0.02289200760424137, 0.38386207818984985, 0.7054530382156372, 0.2753432095050812, 1.6109683513641357, 0.4331681430339813, 0.0996483787894249, 0.2244831770658493, 0.24529799818992615, 0.0, 0.26414501667022705, 0.0, 0.47795528173446655, 1.131609559059143, 0.8003677725791931, 0.5243569016456604, 0.20915237069129944, 0.07615010440349579, 0.07104407250881195, 0.13717472553253174, 0.18089701235294342, 2.988243818283081, 0.3274608850479126, 2.222160577774048, 0.11579334735870361, 0.024798767641186714, 0.023356135934591293, 0.18934862315654755, 1.4117218255996704, 0.00798635371029377, 0.005758265964686871, 0.8349580764770508, 0.8088521957397461, 0.4647763967514038, 0.290348082780838, 0.016407357528805733, 0.06430218368768692, 0.5235815048217773, 0.013575899414718151, 0.0, 0.05470709502696991, 1.2256911993026733, 0.3366835117340088, 0.07037550210952759, 0.026956763118505478, 0.6920998096466064, 0.1682066172361374, 1.093840479850769, 0.03178507834672928, 0.11949466913938522, 0.0015151792904362082, 0.18028882145881653, 0.4287545084953308, 0.0, 0.08360626548528671, 0.0186860803514719, 0.12437205761671066, 0.020826194435358047, 0.020203234627842903, 0.5312775373458862, 0.16170160472393036, 0.07289692759513855, 0.8114801645278931, 0.0, 0.0, 2.298506021499634, 0.20360039174556732, 0.0, 0.05999423936009407, 0.010534597560763359, 0.00905359536409378, 0.0, 0.0, 0.0034282717388123274, 1.3012855052947998, 0.091633141040802, 2.2526204586029053, 0.16737091541290283, 0.007439841981977224, 0.012392774224281311, 0.4527727961540222, 0.03603067621588707, 0.07136639207601547, 0.2737986147403717, 0.1976151168346405, 1.2401108741760254, 0.0, 0.16182486712932587, 0.001764839980751276, 0.06939463317394257, 0.06513845920562744, 0.42577704787254333, 0.14919784665107727, 4.772134780883789, 1.7752199172973633, 1.179681420326233, 0.07283905148506165, 0.1338551640510559, 0.0, 0.5455875992774963, 0.0, 0.0003406028263270855, 0.0, 0.10620573908090591, 1.0654270648956299, 0.14403507113456726, 0.24799780547618866, 0.023088954389095306, 0.08893974125385284, 0.024652330204844475, 0.0002648441295605153, 0.021853430196642876, 0.004707560408860445, 0.004223906435072422, 2.0424277782440186, 0.3725866675376892, 0.15132811665534973, 2.03596830368042, 0.4993903934955597, 0.0027803985867649317, 0.2867881655693054, 0.3529684245586395, 0.11200827360153198, 0.3819245994091034, 0.3663702607154846, 0.5277798771858215, 0.0, 0.5045393705368042, 0.11394469439983368, 0.002947530010715127, 0.0, 0.42492952942848206, 0.0037329536862671375, 0.15571284294128418, 0.8419893980026245, 0.27990928292274475, 0.1280185729265213, 0.27870598435401917, 0.13099288940429688, 0.016488051041960716, 0.32135361433029175, 0.15406814217567444, 0.25327011942863464, 0.0, 0.0, 0.398347944021225, 0.10327675938606262, 2.622631788253784, 0.0, 1.9232937097549438, 0.11038291454315186, 0.21511642634868622, 0.14506924152374268, 0.760349452495575, 1.1559576988220215, 4.054769039154053, 0.3231258690357208, 0.10794483125209808, 0.2158498764038086, 1.1449496746063232, 2.1403658390045166, 0.6482267379760742, 0.13686421513557434, 0.7478630542755127, 0.053044456988573074, 0.19035786390304565, 0.9574249982833862, 0.148245170712471, 0.0, 0.035565514117479324, 0.09380655735731125, 0.0, 0.03426646068692207, 0.0, 0.9148007035255432, 0.700904369354248, 1.7758617401123047, 0.17796340584754944, 0.036892108619213104, 1.9156285524368286, 0.34098100662231445, 0.8822651505470276, 0.6768820881843567, 0.019548144191503525, 1.1637665033340454, 0.0003504120686557144, 0.7221081256866455, 0.09362595528364182, 0.0779353678226471, 0.0, 0.7314877510070801, 0.009070491418242455, 0.2587735950946808, 0.3103437125682831, 0.0, 2.1376824378967285, 0.6623672842979431]",Testing/glioma_tumor/image(62).jpg
"[0.32829591631889343, 1.3811848163604736, 0.1263517588376999, 1.345962405204773, 0.8355161547660828, 0.3256029784679413, 1.321435570716858, 0.016693003475666046, 0.02344808354973793, 0.0, 0.0, 0.30537149310112, 0.1752156764268875, 1.1596028804779053, 0.013513239100575447, 0.0, 0.2128538191318512, 0.1152920201420784, 0.4041181206703186, 0.0, 0.4219478666782379, 0.10489495098590851, 0.9610754251480103, 0.0, 0.12080973386764526, 0.4496999979019165, 1.0090117454528809, 0.09054623544216156, 0.27087730169296265, 0.0, 0.0, 0.03442143276333809, 0.5561023354530334, 0.20067092776298523, 0.5723687410354614, 0.2301429957151413, 0.0, 0.5028412342071533, 0.0, 0.0, 1.613401174545288, 1.426737904548645, 0.0, 0.04226924851536751, 0.017055939882993698, 0.0, 0.0, 0.0, 0.043333932757377625, 0.0, 0.18243835866451263, 0.26552820205688477, 3.5928714275360107, 0.11961258947849274, 0.307608038187027, 1.9777878522872925, 0.8545420169830322, 1.5437366962432861, 1.4570517539978027, 0.09351298213005066, 0.4617512822151184, 0.4933476448059082, 0.4748273491859436, 0.12478616088628769, 0.33204248547554016, 0.0, 1.3469892740249634, 0.0031492612324655056, 1.0638617277145386, 0.0, 0.13211144506931305, 0.05573243647813797, 0.054689377546310425, 1.0973660945892334, 0.008554034866392612, 0.07566805183887482, 0.4962789714336395, 0.009667975828051567, 0.0, 1.10581374168396, 0.2715160548686981, 0.0, 1.4233378171920776, 0.04489143565297127, 0.5662385821342468, 0.06749086827039719, 0.6384406685829163, 0.29246917366981506, 0.4509868323802948, 0.008849839679896832, 0.07259931415319443, 1.3703597784042358, 0.46634548902511597, 1.3262680768966675, 0.04785170778632164, 0.022055406123399734, 0.04129462689161301, 0.08418258279561996, 0.11084334552288055, 0.06097457930445671, 0.12609174847602844, 0.9226763844490051, 0.0, 0.6557660102844238, 4.109120845794678, 0.37878891825675964, 0.3065115809440613, 0.3708825707435608, 0.03759203478693962, 1.0372925996780396, 0.15263332426548004, 0.48790693283081055, 0.007425391115248203, 0.3568190038204193, 0.27675503492355347, 0.03430454060435295, 0.017254313454031944, 0.1929885894060135, 0.3656061589717865, 0.0, 0.3493345081806183, 0.009636136703193188, 0.0, 0.010876646265387535, 0.2231733798980713, 1.3918153047561646, 0.0, 0.03882048279047012, 1.224428653717041, 0.0, 0.0, 2.335270404815674, 0.0, 0.5139117240905762, 0.012521171942353249, 0.1023717150092125, 0.7026854753494263, 0.1363406628370285, 0.07201980799436569, 0.19683896005153656, 0.11692342162132263, 0.40804368257522583, 0.0, 0.14187699556350708, 0.807598888874054, 0.0, 0.0036620923783630133, 0.7361823916435242, 0.07489564269781113, 0.4380066394805908, 1.1734137535095215, 0.49490368366241455, 0.5007237195968628, 0.08813085407018661, 0.0, 0.735572338104248, 0.0, 0.013013494201004505, 0.5721044540405273, 0.026820015162229538, 0.23283202946186066, 0.2531847357749939, 0.0, 2.4818642139434814, 0.0972566306591034, 0.0, 0.5474647879600525, 0.21995754539966583, 0.009165095165371895, 6.580446720123291, 1.719270944595337, 0.025845250114798546, 0.0, 0.349890798330307, 0.8577125072479248, 1.7348277568817139, 0.018943950533866882, 0.14797358214855194, 0.3651673197746277, 0.13686801493167877, 0.5061088800430298, 0.0, 0.009234694764018059, 0.03701983019709587, 0.0220770426094532, 1.4280411005020142, 0.4580880105495453, 1.3105474710464478, 0.3670981526374817, 0.037185221910476685, 0.17270150780677795, 0.2888476252555847, 0.0, 0.015638090670108795, 0.1604442596435547, 0.1711580902338028, 0.005554067902266979, 0.09401165693998337, 0.026696061715483665, 0.16348916292190552, 1.8157492876052856, 0.007391209714114666, 0.7031059265136719, 0.0028465110808610916, 1.2643462419509888, 1.1558787822723389, 0.34190163016319275, 0.0, 0.07651092857122421, 0.16226547956466675, 0.12723302841186523, 0.967016875743866, 0.07001180201768875, 0.2156520038843155, 0.10805260390043259, 0.7293355464935303, 0.532672107219696, 0.4005245566368103, 0.41210508346557617, 0.05581535026431084, 0.8936543464660645, 0.0, 3.587970018386841, 0.22467714548110962, 0.011013464070856571, 2.1827359199523926, 0.22045622766017914, 0.1381111890077591, 0.20453180372714996, 0.018470454961061478, 0.3692049980163574, 0.05158606171607971, 0.5508276224136353, 0.36627882719039917, 0.0, 0.9200806021690369, 0.0, 0.5050551295280457, 0.04704025760293007, 0.31983691453933716, 0.1979202777147293, 0.5492662787437439, 0.9655011296272278, 0.0, 0.09677746891975403, 0.33107295632362366, 0.1783703714609146, 0.06663467735052109, 0.0, 0.06730090081691742, 0.5896687507629395, 0.0, 1.3804453611373901, 1.1404287815093994, 0.0, 0.0, 0.08937349915504456, 0.42624562978744507, 0.01605025678873062, 1.2791091203689575, 0.19320958852767944, 0.012935730628669262, 0.5819101333618164, 0.0056007481180131435, 0.0, 0.08990799635648727, 0.0, 0.03200485184788704, 0.0, 0.0, 0.2185898870229721, 0.25898173451423645, 0.43040817975997925, 0.16507676243782043, 2.552190065383911, 0.13914212584495544, 0.21091948449611664, 0.37410789728164673, 1.6108016967773438, 0.11001112312078476, 0.19118764996528625, 0.21909058094024658, 1.9583377838134766, 0.4901128113269806, 0.25348445773124695, 2.023937463760376, 0.6141111254692078, 0.2537899911403656, 0.03949416056275368, 0.005695702973753214, 0.0, 0.011520624160766602, 0.0, 0.0, 0.28108271956443787, 2.360879421234131, 0.0805356428027153, 0.013598933815956116, 0.03830068185925484, 0.1879478394985199, 0.534049391746521, 0.03589868173003197, 1.7794092893600464, 0.7775790691375732, 0.7330614924430847, 1.6724940538406372, 0.07386168837547302, 0.2210601568222046, 0.6050066947937012, 0.3477499485015869, 0.19483070075511932, 1.2049767971038818, 0.24523425102233887, 0.3610627055168152, 0.26228559017181396, 1.2741209268569946, 1.0997611284255981, 0.12150485068559647, 0.056934911757707596, 0.4788193702697754, 0.0017017904901877046, 0.5317478179931641, 0.0, 0.015484741888940334, 0.1278214305639267, 0.014904269948601723, 0.00866498053073883, 0.04554134979844093, 2.3034379482269287, 0.24320092797279358, 0.4427868127822876, 0.0, 0.3056364357471466, 2.6728763580322266, 0.0, 0.0, 0.5619993209838867, 1.7685441970825195, 0.6564112901687622, 0.10541645437479019, 0.27591338753700256, 0.0, 0.16244062781333923, 0.4535614848136902, 0.0, 0.04330730810761452, 0.31290823221206665, 0.2669942378997803, 0.0, 1.7546629905700684, 0.011508611030876637, 0.2974754869937897, 0.3738556206226349, 0.33301031589508057, 0.08927693963050842, 0.006330110598355532, 0.09069433063268661, 0.0, 0.029094472527503967, 0.33423539996147156, 0.04922516644001007, 0.6175258159637451, 0.11814095824956894, 2.335482120513916, 0.1051321029663086, 0.9278991222381592, 0.14793479442596436, 0.0, 5.143243312835693, 0.16613197326660156, 0.026480508968234062, 1.2562954425811768, 2.2630128860473633, 2.3357064723968506, 0.0881926417350769, 0.26189783215522766, 2.1781210899353027, 1.2892725467681885, 0.0, 0.0, 0.6712803840637207, 0.11153078824281693, 0.032931581139564514, 0.024152468889951706, 0.25255391001701355, 0.008423085324466228, 1.356271743774414, 0.9861968755722046, 0.0, 0.2096341997385025, 0.0, 0.08641434460878372, 0.7200046181678772, 0.9419617056846619, 0.7913642525672913, 1.9862711429595947, 0.0, 0.9332380294799805, 0.03898446261882782, 0.04430076852440834, 0.03545437008142471, 0.0, 0.0, 0.027941979467868805, 0.023172246292233467, 2.4378044605255127, 0.050646305084228516, 0.07562804967164993, 0.18278852105140686, 0.09700082242488861, 0.07385101914405823, 0.3109453618526459, 0.10419481992721558, 0.0, 0.010487432591617107, 0.8259732723236084, 0.0, 0.32818183302879333, 1.022117018699646, 0.1442209929227829, 1.205130696296692, 0.07818284630775452, 0.48015135526657104, 0.031996071338653564, 0.0, 0.6485608220100403, 0.0, 0.3487355709075928, 0.05267453193664551, 0.0, 0.8570560812950134, 0.4772159159183502, 0.4930139183998108, 0.0, 0.8900126814842224, 0.3376002311706543, 0.0, 1.8275623321533203, 0.4322192072868347, 0.0, 0.0, 0.004565083421766758, 1.3957545757293701, 0.02192043513059616, 0.43521222472190857, 0.0, 0.0, 0.0078501021489501, 0.4592500925064087, 0.011184918694198132, 0.40234726667404175, 0.0, 0.2739749550819397, 0.014240522868931293, 0.0, 0.014864475466310978, 0.07166019827127457, 0.035868335515260696, 0.0, 3.656191349029541, 0.08281908929347992, 0.7153323292732239, 0.07029181718826294, 0.20807258784770966, 0.059170227497816086, 0.21294306218624115, 0.08037883043289185, 0.0484502837061882, 1.1590601205825806, 0.07830072194337845, 0.4310872554779053, 0.05684298276901245, 0.19741714000701904, 0.15444228053092957, 0.024957945570349693, 0.204777330160141, 1.0546596050262451, 0.0, 0.052770283073186874, 0.5663788318634033, 0.9752517938613892, 0.32215532660484314, 0.693408727645874, 0.1224765032529831, 0.062268052250146866, 0.21218241751194, 0.0, 0.0, 0.32395997643470764, 0.0, 0.025382693856954575, 0.85137939453125, 0.06559222936630249, 0.005297877360135317, 1.8159282207489014, 0.2779238224029541, 0.0, 0.5935619473457336, 0.2589465379714966, 0.03461576998233795, 0.062476273626089096, 0.6560761332511902, 0.2131388932466507, 1.5233372449874878, 0.12883076071739197, 0.7875204086303711, 0.02572699449956417, 0.42516839504241943, 0.010880749672651291, 0.6829779744148254, 0.04304177314043045, 0.8827746510505676, 0.08968902379274368, 0.6236562728881836, 0.384319007396698, 0.5563333630561829, 0.38334938883781433, 0.009323198348283768, 0.0, 0.09598620980978012, 0.34536314010620117, 0.43297258019447327, 0.044816650450229645, 0.018249306827783585, 0.0, 0.4322071969509125, 0.043504804372787476, 0.009829448536038399, 0.06091351807117462, 0.8491495847702026, 0.07001463323831558, 1.707167625427246, 0.2616325318813324, 2.1830146312713623, 0.14581641554832458, 0.1348572075366974, 3.814596652984619, 0.2340487837791443, 0.0, 0.03626010939478874, 0.0, 1.019975185394287, 0.17111358046531677, 0.0, 2.6182351112365723, 0.353268563747406, 0.004119109362363815, 0.18374750018119812, 0.6500279903411865, 0.1745181381702423, 0.06902153789997101, 0.0, 0.02120303176343441, 0.0, 0.9160383343696594, 3.4177823066711426, 0.7481335997581482, 0.0, 0.0672050416469574, 0.002646733308210969, 1.2462708950042725, 1.124778151512146, 0.20012326538562775, 0.0, 0.0, 0.020688602700829506, 0.7209920287132263, 0.06138424947857857, 0.6018493175506592, 0.17748677730560303, 0.05513909459114075, 0.20605620741844177, 0.19060400128364563, 0.0, 0.04375892132520676, 0.2255563586950302, 0.19740892946720123, 1.7688705921173096, 0.04441102221608162, 0.0, 0.0470423586666584, 0.0, 0.025397997349500656, 0.06543315201997757, 0.22588202357292175, 0.01963360421359539, 0.49612778425216675, 0.15616418421268463, 0.013284179382026196, 0.0, 0.0, 0.05225998908281326, 0.7111111283302307, 0.0, 0.1019834578037262, 0.035449471324682236, 0.1636035144329071, 0.3599601984024048, 0.10368232429027557, 1.0200603008270264, 1.065505027770996, 0.03921046480536461, 2.1940956115722656, 0.21954114735126495, 0.022252792492508888, 0.5069767236709595, 0.46651583909988403, 0.21499788761138916, 1.0239002704620361, 2.787745952606201, 0.44785287976264954, 0.14380605518817902, 0.70111083984375, 0.14773020148277283, 0.0, 0.19353245198726654, 0.0, 0.11756113916635513, 0.01992473378777504, 0.20147408545017242, 0.33404263854026794, 0.29489004611968994, 2.0112226009368896, 0.06936865299940109, 0.9535940289497375, 0.29560598731040955, 0.574854850769043, 0.05762998387217522, 0.0022857117000967264, 0.025984011590480804, 0.0, 0.013616143725812435, 0.0167072881013155, 0.8076565861701965, 0.09462486952543259, 0.0, 0.015277266502380371, 0.001070470199920237, 0.31525087356567383, 0.0897069200873375, 0.58305823802948, 0.1725507527589798, 0.16075599193572998, 0.30659806728363037, 0.0, 1.728279709815979, 1.6639413833618164, 0.08929811418056488, 0.06482995301485062, 0.0004819753230549395, 0.19346097111701965, 0.06272337585687637, 0.6366741061210632, 0.0, 0.1910761594772339, 0.01964934729039669, 2.000511407852173, 1.4158052206039429, 0.5297167897224426, 0.0, 0.2234439104795456, 0.5582760572433472, 0.01376307476311922, 0.4031080901622772, 0.7591152787208557, 0.4661342203617096, 1.9985381364822388, 0.04802694916725159, 0.029882008209824562, 0.1490396410226822, 0.39938345551490784, 0.028590139001607895, 0.37560802698135376, 0.4802711606025696, 0.9136254191398621, 0.4921170771121979, 0.0, 0.0, 0.2956423759460449, 0.8233724236488342, 1.9792901277542114, 0.0, 0.22126184403896332, 0.23221455514431, 0.9307811260223389, 0.27817487716674805, 0.0, 0.2862181067466736, 0.5341586470603943, 0.16464221477508545, 0.12208817899227142, 0.24229295551776886, 0.021023744717240334, 0.08141572773456573, 0.01859813556075096, 0.22069230675697327, 2.8492331504821777, 0.10322001576423645, 0.012494660913944244, 0.06644384562969208, 0.42021194100379944, 0.0, 0.6492035984992981, 0.028627142310142517, 0.0, 0.06443946063518524, 0.5148207545280457, 0.20173245668411255, 2.4030227661132812, 0.3361930847167969, 1.9158705472946167, 0.0, 0.07109130918979645, 0.014518801122903824, 0.5231010913848877, 0.13494019210338593, 0.020902877673506737, 0.0, 0.026476016268134117, 0.0, 0.012607710435986519, 1.4989854097366333, 0.2223631590604782, 0.39354607462882996, 0.1440596878528595, 1.8669854402542114, 1.1501282453536987, 1.6567546129226685, 0.08180981874465942, 0.28795942664146423, 0.002708264859393239, 0.4736628532409668, 0.028868060559034348, 0.23153910040855408, 0.9854825139045715, 0.019626159220933914, 0.011043042875826359, 1.098152756690979, 0.10579591989517212, 0.4857530891895294, 0.0, 0.32423919439315796, 2.2384860515594482, 0.0013711063656955957, 0.36328351497650146, 0.7508183121681213, 0.0, 0.0, 0.3811464011669159, 0.06645123660564423, 1.5962693691253662, 2.0183537006378174, 0.05196443945169449, 0.06974583864212036, 0.01737484708428383, 0.12205351889133453, 1.0044623613357544, 0.5035426616668701, 0.026816796511411667, 0.004099378827959299, 0.7889033555984497, 0.177655428647995, 1.3750276565551758, 0.8279998302459717, 0.21427391469478607, 0.0, 0.11741021275520325, 1.036661148071289, 1.4409598112106323, 1.4938876628875732, 0.3505243957042694, 0.0, 0.7809794545173645, 0.0, 0.22217032313346863, 0.010195576585829258, 0.4654948115348816, 0.17754393815994263, 0.7298585772514343, 0.500831663608551, 0.057203859090805054, 0.36108770966529846, 0.07508185505867004, 0.19028416275978088, 0.7165557742118835, 0.06785819679498672, 1.4293574094772339, 0.03522774577140808, 0.17572429776191711, 0.014350827783346176, 0.334776908159256, 1.796311855316162, 1.198752522468567, 0.0, 0.4972686469554901, 0.017702000215649605, 0.010577015578746796, 0.0, 1.615110158920288, 0.4057042896747589, 0.022296492010354996, 0.007337039802223444, 0.17213527858257294, 1.1212388277053833, 0.009884756058454514, 0.3291543126106262, 0.4738267660140991, 0.5873988270759583, 1.892937183380127, 0.30700233578681946, 0.17509734630584717, 0.6364092230796814, 1.3989084959030151, 0.0, 1.2929774522781372, 0.0738014280796051, 3.9422290325164795, 0.4192744195461273, 0.0, 0.009696693159639835, 0.04197832569479942, 0.004019985441118479, 0.5403563380241394, 0.04425467178225517, 0.10119476914405823, 0.08284491300582886, 0.4758169949054718, 0.2843260169029236, 0.3401922881603241, 2.2433383464813232, 0.01383721549063921, 0.5391532182693481, 0.019951380789279938, 0.007072838023304939, 0.2510683238506317, 1.935408353805542, 0.0, 0.08492030203342438, 0.003823920153081417, 0.0011625459883362055, 0.04748590663075447, 0.1755940318107605, 0.25889620184898376, 0.5250775218009949, 0.9225550293922424, 0.04024260491132736, 0.004118160344660282, 0.0, 0.1141621321439743, 1.7744476795196533, 0.04745650663971901, 0.2776851952075958, 0.1526481658220291, 0.0035158663522452116, 0.0, 1.8945766687393188, 0.09008413553237915, 0.16000810265541077, 0.2682259678840637, 0.6419362425804138, 0.8103336691856384, 1.008436918258667, 0.515891432762146, 0.0, 0.020326273515820503, 0.0, 0.18938492238521576, 0.0, 0.5827511548995972, 3.958867311477661, 0.5853554606437683, 0.49177655577659607, 0.014575398527085781, 0.08880288153886795, 0.12029854208230972, 2.119285821914673, 0.047921210527420044, 0.1316264271736145, 1.1257520914077759, 0.5320054888725281, 0.2577548325061798, 0.6178029775619507, 0.7358841896057129, 0.0, 0.5525625348091125, 0.3142426908016205, 1.8567533493041992, 0.533717691898346, 0.6095619797706604, 0.035845667123794556, 0.18145114183425903, 0.34594014286994934, 0.0, 0.0031085549853742123, 0.0, 0.00648902403190732, 0.01398436352610588, 0.18195945024490356, 0.042364031076431274, 2.2050132751464844, 0.32290786504745483, 1.114772915840149, 0.2340717315673828, 0.0, 2.9252240657806396, 0.0, 0.26981213688850403, 1.997565746307373, 0.042560137808322906, 0.012691926211118698, 0.2216874659061432, 0.014249582774937153, 0.3681822121143341, 0.674206018447876, 0.0, 0.0750264897942543, 0.0, 0.01855277642607689, 0.03919397294521332, 0.0, 0.01199150551110506, 0.7118576169013977, 0.04381149634718895, 0.07105772942304611, 0.1018666997551918, 0.01458488218486309, 0.94561767578125, 0.041110116988420486, 0.6349999308586121, 0.004001274239271879, 0.0, 0.4891466498374939, 0.1321747899055481, 0.0, 0.022470736876130104, 1.3899595737457275, 0.2039288729429245, 0.027878398075699806, 0.060334462672472, 0.0, 0.3337562680244446, 0.4868517220020294, 0.0007402459159493446, 0.666796863079071, 0.0, 0.26525527238845825, 0.003177838632836938, 0.07386833429336548, 0.21926124393939972, 0.11845386028289795, 0.0, 0.2316100299358368, 0.3039471507072449, 0.008504906669259071, 0.18011228740215302, 0.08609110116958618, 1.303584098815918, 0.30157268047332764, 0.09467945992946625, 0.1258508712053299, 0.007310064509510994, 0.08234626054763794, 0.02624497190117836, 1.0251692533493042, 0.044603485614061356, 1.6395514011383057, 0.0573732815682888, 0.0323677659034729, 0.03813127055764198, 7.938851922517642e-05, 0.04403750225901604, 0.0007053224253468215, 0.13869160413742065, 0.1993476003408432, 0.0991462767124176, 0.0038638601545244455, 0.16690343618392944, 0.0, 1.785578966140747, 0.050430428236722946, 1.073257565498352, 1.3362728357315063, 0.0, 0.011623898521065712, 0.8333806991577148, 0.0, 0.0020377635955810547, 0.022527368739247322, 0.03315119445323944, 0.17140841484069824, 0.011963820084929466, 0.0025082656648010015, 0.009106587618589401, 0.04438832029700279, 0.2934935688972473, 0.580778181552887, 0.31669819355010986, 0.01234798040241003, 0.7224754691123962, 0.0, 2.0526323318481445, 0.4195387661457062, 0.5686817765235901, 0.6725293397903442, 1.987002968788147, 0.014349889010190964, 1.4981154203414917, 1.5979162454605103, 1.8249248266220093, 0.0, 0.021485663950443268, 0.030004406347870827, 0.2012614607810974, 0.6613151431083679, 0.0, 0.0062544639222323895, 0.9651693105697632, 0.017942102625966072, 0.15643367171287537, 1.675462007522583, 0.8656745553016663, 0.08102943748235703, 0.004526269622147083, 0.14854300022125244, 0.0026990126352757215, 0.008094345219433308, 0.49836498498916626, 0.0, 0.020744340494275093, 0.5211600661277771, 0.9886480569839478, 0.2864408493041992, 0.465097039937973, 0.7081742286682129, 0.6001045107841492, 0.36296766996383667, 0.30776748061180115, 0.0, 0.3273452818393707, 0.0018170560942962766, 0.026430295780301094, 0.0, 0.16806921362876892, 0.0, 0.025994285941123962, 0.04603636637330055, 0.0, 0.0, 0.0640263631939888, 0.04063531383872032, 0.0, 0.0595008060336113, 0.4488755464553833, 0.0, 0.002182425232604146, 0.0, 0.09723003208637238, 1.561733603477478, 0.0, 0.058611419051885605, 0.0655197948217392, 0.0, 0.0868673101067543, 0.0075724367052316666, 0.0, 0.10260102897882462, 0.31768444180488586, 0.029863018542528152, 0.0, 0.8012843728065491, 0.7304701805114746, 1.572385549545288, 0.10212316364049911, 0.07640241086483002, 0.2310338169336319, 0.003386658150702715, 0.08205519616603851, 1.5058244466781616, 0.04042544960975647, 0.1275598555803299, 1.6232960224151611, 0.8920442461967468, 0.2203778624534607, 1.4281548261642456, 0.06552311033010483, 0.3885023295879364, 0.18973203003406525, 4.25883150100708, 3.543329954147339, 0.1238982081413269, 0.0059630386531353, 0.046651795506477356, 0.07289756834506989, 0.12330017983913422, 5.042836666107178, 0.03556254878640175, 0.021216677501797676, 0.0, 0.0, 0.2862548828125, 0.13394795358181, 0.0, 0.2644617259502411, 0.17613138258457184, 1.7505189180374146, 0.1864842027425766, 0.7985109686851501, 0.5240852236747742, 0.00011253599950578064, 1.0060603618621826, 0.03060738369822502, 0.12520438432693481, 0.408624529838562, 0.020244238898158073, 0.9657505750656128, 0.29241862893104553, 0.0018000261625275016, 0.0, 0.09393256157636642, 0.37248748540878296, 1.4720286130905151, 1.1785714626312256, 0.14510203897953033, 0.3907265067100525, 0.01998048834502697, 0.14365965127944946, 0.22396206855773926, 0.007531418930739164, 0.17601840198040009, 0.7177138924598694, 0.061582885682582855, 0.10278262943029404, 0.034054070711135864, 0.028256859630346298, 0.04393528774380684, 0.03547993674874306, 0.19665761291980743, 0.012591967359185219, 0.08342412114143372, 0.0, 0.0, 0.09528788924217224, 0.7220641374588013, 0.0, 0.19181278347969055, 0.3628780245780945, 0.0, 0.2881810665130615, 0.0, 0.018389791250228882, 0.14232788980007172, 0.280752569437027, 0.40156322717666626, 0.10504207015037537, 1.6864044666290283, 0.13906390964984894, 0.0072825392708182335, 0.20583611726760864, 0.0, 0.0214107446372509, 0.020229164510965347, 0.3185127079486847, 0.0, 1.0605964660644531, 0.005194325931370258, 0.437216579914093, 0.08003615587949753, 0.42325782775878906, 0.4473554193973541, 0.12752665579319, 0.0, 0.09272699058055878, 0.11250901967287064, 0.0, 0.017804987728595734, 0.40470948815345764, 0.0, 0.08739276975393295, 0.0, 1.192344307899475, 0.13223043084144592, 0.007637111470103264, 0.2167094498872757, 0.0, 0.009485704824328423, 0.24875183403491974, 0.0, 0.12884655594825745, 0.0, 0.5288943648338318, 0.047302402555942535, 0.14191828668117523, 0.12785565853118896, 0.0, 0.17538222670555115, 0.6353947520256042, 0.20177489519119263, 0.4880160391330719, 0.0005178305436857045, 0.6906792521476746, 0.2868731617927551, 0.2533527612686157, 0.010847585275769234, 0.302290678024292, 1.0781117677688599, 0.03424492105841637, 0.09258540719747543, 0.18738478422164917, 1.4035426378250122, 0.11195452511310577, 1.886427402496338, 0.0, 0.11966696381568909, 0.2084135264158249, 0.10412278771400452, 0.0, 0.0, 0.03623354062438011, 0.379009872674942, 0.2266612946987152, 1.5487021207809448, 0.0924425795674324, 0.06250616163015366, 2.2396299839019775, 0.2809963524341583, 0.22937481105327606, 0.0, 0.17052918672561646, 0.0, 0.005614981520920992, 0.0, 0.0068715764209628105, 0.0, 1.4210052490234375, 0.00375928683206439, 0.2569045126438141, 0.4699804484844208, 0.0032282290048897266, 0.0868731141090393, 0.3268086612224579, 0.11377011239528656, 2.8032500743865967, 0.18218199908733368, 2.2533392906188965, 0.3772094249725342, 0.16142824292182922, 0.0, 0.0, 0.13472995162010193, 0.25222617387771606, 0.19575871527194977, 0.5861480832099915, 0.004143432714045048, 0.0, 0.0, 0.0, 0.4608003795146942, 0.030603894963860512, 0.1636277586221695, 0.0, 0.6796489357948303, 0.0, 0.10292942821979523, 0.2487262487411499, 1.2469711303710938, 1.2905356884002686, 0.7558632493019104, 2.0186944007873535, 0.528793454170227, 0.0, 0.020762993022799492, 0.014784464612603188, 0.09364054352045059, 0.45522335171699524, 0.0336993969976902, 0.0011851495364680886, 0.3491438329219818, 0.008279187604784966, 0.06393680721521378, 0.3447047173976898, 0.06015733629465103, 0.36634862422943115, 1.0390958786010742, 0.3191419541835785, 0.04697030782699585, 1.7556754350662231, 0.009790429845452309, 0.461594820022583, 1.7947331666946411, 1.471964955329895, 0.39279454946517944, 0.0, 0.5079461932182312, 0.11570572108030319, 0.020994117483496666, 0.4480763375759125, 0.04994254186749458, 0.4789237082004547, 0.0, 0.0, 0.16528621315956116, 0.12293115258216858, 0.9405423402786255, 0.5191713571548462, 0.03703714534640312, 0.0, 0.1664724498987198, 0.11636995524168015, 0.916010320186615, 2.7515697479248047, 0.26251623034477234, 0.03405099734663963, 0.03410894796252251, 0.23821285367012024, 0.0, 0.1326448917388916, 0.7976406812667847, 0.0, 0.0, 0.6316129565238953, 0.8028422594070435, 0.1537196934223175, 0.00917614996433258, 0.2677856683731079, 0.028698237612843513, 0.015118218958377838, 0.0060805692337453365, 0.0, 0.3418435752391815, 0.0, 0.06763628870248795, 0.16038624942302704, 0.0, 1.8536713123321533, 0.0656491070985794, 0.006187134888023138, 0.21812261641025543, 0.35147425532341003, 0.49429649114608765, 0.5941873788833618, 0.0, 1.134248971939087, 0.0, 0.0, 0.08559902012348175, 5.651163578033447, 0.00266623729839921, 0.017497943714261055, 0.047143757343292236, 0.14858287572860718, 0.23009644448757172, 0.0, 0.687202513217926, 0.0, 3.9708940982818604, 0.004593992605805397, 0.005180208012461662, 0.4010500907897949, 0.08442137390375137, 0.041432589292526245, 0.23713088035583496, 0.2390127032995224, 0.0, 0.0, 0.0, 0.04505200311541557, 0.017297662794589996, 0.7475730180740356, 0.25705501437187195, 0.004265145398676395, 0.052468955516815186, 0.22374966740608215, 0.4339614510536194, 0.0, 1.8793904781341553, 0.47641146183013916, 0.8530730605125427, 0.23858313262462616, 0.011756843887269497, 0.0, 1.9066390991210938, 0.9939305782318115, 0.16171373426914215, 0.8728479146957397, 0.2707771360874176, 0.0, 0.7885276675224304, 1.308256983757019, 0.05257600545883179, 0.0, 0.0, 0.0, 0.0, 0.0, 0.009589988738298416, 0.06721659749746323, 0.0505417138338089, 2.5126848220825195, 0.0, 1.7338221073150635, 0.07732941210269928, 0.4787284731864929, 0.043213143944740295, 1.470285177230835, 0.9509750604629517, 0.040860213339328766, 0.3110411465167999, 0.10166464000940323, 1.3296689987182617, 0.0, 0.0, 0.36609572172164917, 0.003238184144720435, 0.06007707491517067, 0.2716435492038727, 1.2295522689819336, 0.2087070345878601, 1.6996618509292603, 0.13741952180862427, 0.27205532789230347, 0.0, 0.787992000579834, 0.01387484185397625, 0.07453715056180954, 0.09289181977510452, 0.011528005823493004, 0.6452352404594421, 0.0, 0.43216943740844727, 1.7716763019561768, 1.7554539442062378, 0.018199775367975235, 0.18370096385478973, 0.4115465581417084, 0.8461241722106934, 0.01216135174036026, 0.0, 0.004121770616620779, 0.0, 0.4370056390762329, 0.19460168480873108, 0.011698445305228233, 1.729605793952942, 0.0, 0.12091147154569626, 0.1341048777103424, 0.42503419518470764, 0.03166693449020386, 0.8129404783248901, 0.0, 0.05129599943757057, 0.15547727048397064, 0.0, 0.0, 0.0, 0.0, 0.0, 0.02081434056162834, 0.04909473657608032, 0.24521484971046448, 0.3025848865509033, 0.008766984567046165, 1.2825409173965454, 0.36809542775154114, 1.2743940353393555, 1.9598826169967651, 0.19354818761348724, 0.06706482917070389, 0.3883318305015564, 0.0, 0.27594253420829773, 0.0, 0.04837435111403465, 0.0, 1.4273885488510132, 0.27676910161972046, 1.3425211906433105, 0.1609669178724289, 1.8757785558700562, 0.022120632231235504, 1.5002542734146118, 0.12555259466171265, 0.0029681799933314323, 0.28242695331573486, 0.1047741025686264, 0.06603839248418808, 0.0, 0.07704503834247589, 0.0820675641298294, 0.03388556092977524, 0.014252414926886559, 1.4887094497680664, 0.0, 0.008911475539207458, 0.5753035545349121, 0.05236038565635681, 0.4397066831588745, 0.04032741114497185, 0.0, 0.7768473625183105, 1.3584438562393188, 0.06214836612343788, 0.0069639659486711025, 1.5453568696975708, 0.15204167366027832, 0.07720893621444702, 0.06633579730987549, 0.0, 0.5177377462387085, 0.13520760834217072, 0.10286900401115417, 0.43102696537971497, 0.17788560688495636, 0.5446897745132446, 1.5383127927780151, 0.0, 0.02363453432917595, 0.08045376092195511, 0.0, 0.023856697604060173, 0.005446667782962322, 0.010604050941765308, 0.05372319743037224, 0.23189520835876465, 0.0, 0.1652892827987671, 0.10697679966688156, 0.020920967683196068, 0.12116065621376038, 2.092012882232666, 1.1753463745117188, 0.01804533042013645, 0.035636838525533676, 0.3632833957672119, 0.003672755556181073, 0.008531327359378338, 0.017818039283156395, 0.019581135362386703, 0.05025464668869972, 0.03160044178366661, 0.8598873615264893, 0.0, 0.01494042482227087, 0.2627123296260834, 0.3764727711677551, 0.03353913873434067, 0.14803317189216614, 0.07458645850419998, 0.39346620440483093, 0.03720133751630783, 0.5134228467941284, 1.5708074569702148, 0.0, 0.1801191121339798, 0.007126876153051853, 0.48357126116752625, 0.4183453917503357, 2.2434916496276855, 0.04121919721364975, 0.8261022567749023, 1.2833009958267212, 0.07463255524635315, 0.2869936525821686, 0.2397497296333313, 0.13566996157169342, 0.26540276408195496, 0.0, 0.531670868396759, 0.11819363385438919, 0.006118793971836567, 0.011898967437446117, 0.11090516299009323, 0.5328975319862366, 0.2306879609823227, 0.6053639650344849, 0.18134649097919464, 0.4366633892059326, 0.0264311283826828, 0.9337338805198669, 0.1699020266532898, 0.007996474392712116, 0.01628020405769348, 0.5557547807693481, 0.2627001106739044, 0.14383918046951294, 0.026268457993865013, 1.325308918952942, 0.0, 0.7206660509109497, 0.0, 0.6078935265541077, 0.0, 0.28709232807159424, 0.4761691093444824, 0.19050832092761993, 0.6521142721176147, 0.2140367329120636, 0.0, 1.6422926187515259, 0.0, 0.9967585802078247, 0.002742018084973097, 0.05034857988357544, 1.1650972366333008, 0.29953569173812866, 0.025164002552628517, 1.201097011566162, 0.2483394742012024, 0.2362832874059677, 3.628962993621826, 0.0, 1.2647058963775635, 0.3452582061290741, 0.0, 0.1384943127632141, 0.04209001734852791, 0.04395342990756035, 0.00953728798776865, 0.6964582204818726, 0.03157694637775421, 0.0, 0.4304167330265045, 0.12891338765621185, 0.5272228121757507, 0.626407265663147, 0.45010748505592346, 0.10219824314117432, 0.8540639877319336, 0.2808501422405243, 0.4424333870410919, 0.30195698142051697, 1.995261788368225, 0.024786842986941338, 0.0, 0.0020970471668988466, 2.175091505050659, 0.006231385748833418, 0.5969510674476624, 0.0, 0.36101898550987244, 0.7658926248550415, 0.9126437306404114, 1.1976923942565918, 0.011473088525235653, 0.0, 0.8074320554733276, 0.0018242548685520887, 0.0, 0.6773412227630615, 0.2622617185115814, 0.3189299404621124, 2.368816375732422, 0.3075753152370453, 0.2795684039592743, 0.01788521744310856, 0.0, 0.0, 0.08932803571224213, 0.02929815463721752, 0.026260389015078545, 0.059297990053892136, 0.18302690982818604, 0.054229479283094406, 0.024079177528619766, 0.5126978158950806, 0.08760770410299301, 0.24382343888282776, 0.0, 0.05447230860590935, 0.04086725413799286, 0.019222654402256012, 0.553953230381012, 0.3616795539855957, 0.0, 0.0417616069316864, 0.029108060523867607, 0.0, 0.9105805158615112, 0.5947905778884888, 0.0, 0.3227377235889435, 0.30149218440055847, 0.053924720734357834, 0.627738356590271, 0.014962736517190933, 0.9362449049949646, 0.0033736180048435926, 1.1884469985961914, 0.6998842358589172, 0.47351235151290894, 0.0, 0.07348024845123291, 0.13304704427719116, 0.021238822489976883, 0.019737161695957184, 0.0, 0.4704585075378418, 0.13643310964107513, 1.1553738117218018, 0.0, 0.05346406623721123, 0.5478813648223877, 0.8204818367958069, 0.12211713939905167, 0.004618532955646515, 0.5108383893966675, 0.029821626842021942, 0.0, 0.14977683126926422, 0.0, 0.20898011326789856, 0.0741766020655632, 0.04100131615996361, 0.007308845408260822, 0.0, 0.0, 0.9252238869667053, 0.14367681741714478, 0.07469844073057175, 0.01624901220202446, 0.8558034896850586, 0.0, 0.04799690097570419, 0.0, 0.042767900973558426, 0.951529860496521, 0.05554350093007088, 0.26172155141830444, 0.21860143542289734, 1.0130326747894287, 0.4383954107761383, 0.11203082650899887, 1.837689757347107, 0.07453391700983047, 0.13568320870399475, 1.156363606452942, 0.15752555429935455, 1.2366886138916016, 0.46652185916900635, 2.3445680141448975, 0.008819151669740677, 0.04358058422803879, 0.16722191870212555, 0.37643906474113464, 0.0, 0.0014830073341727257, 0.09520536661148071, 0.37576785683631897, 0.0, 0.9660670161247253, 0.15031743049621582, 0.020166976377367973, 0.03062150441110134, 0.08204513788223267, 0.40788978338241577, 0.0, 0.09277023375034332, 1.080235481262207, 0.13730645179748535, 0.05239500477910042, 0.018954653292894363, 0.6990490555763245, 0.2690827250480652, 0.047826025635004044, 0.3391050696372986, 0.7203097939491272, 0.014773770235478878, 1.4409912824630737, 0.1993461549282074, 0.4284651279449463, 0.06771108508110046, 0.05523582547903061, 0.030951203778386116, 0.0, 0.0, 0.44660207629203796, 2.2266910076141357, 0.29607897996902466, 0.9446190595626831, 0.0, 0.0, 0.1993635594844818, 0.013195239938795567, 1.4357094764709473, 0.48054465651512146, 0.23512572050094604, 0.002869990421459079, 0.0, 2.1213061809539795, 0.29106417298316956, 0.23101405799388885, 0.0, 0.048056602478027344, 0.0, 0.11772343516349792, 1.3614774942398071, 0.2184065282344818, 0.2151762843132019, 0.0, 0.007892120629549026, 0.6534211039543152, 0.037192702293395996, 0.0, 0.0, 0.27685293555259705, 0.23272748291492462, 0.08070525527000427, 0.0, 0.013493593782186508, 0.46723833680152893, 0.2606329321861267, 0.8666064143180847, 0.3733402192592621, 0.12062448263168335, 0.1808541715145111, 0.11473309993743896, 0.025178231298923492, 0.003745088819414377, 0.9938915967941284, 0.6395148634910583, 0.2935047149658203, 0.11304429173469543, 9.673749923706055, 0.01759200170636177, 0.012074085883796215, 0.10307608544826508, 0.5099111199378967, 0.04881208762526512, 0.07806079834699631, 0.45617762207984924, 0.0, 0.23474498093128204, 0.20869381725788116, 2.136350393295288, 0.16125471889972687, 0.03927922248840332, 0.6355313658714294, 0.08145894855260849, 0.035861559212207794, 0.0, 0.0, 0.01237946655601263, 0.07109447568655014, 0.4373655915260315, 0.0, 0.04024071991443634, 0.21683523058891296, 0.08662758767604828, 0.0, 0.3637687861919403, 1.4842299222946167, 0.0, 0.00589196290820837, 0.20572859048843384, 0.4571060240268707, 0.059157874435186386, 2.5331709384918213, 0.23608574271202087, 0.09103760123252869, 0.0, 0.22997616231441498, 0.6993640065193176, 0.0, 0.2260199934244156, 1.5116677284240723, 0.3842357397079468, 0.07158029079437256, 0.038631871342659, 0.03385104611515999, 0.027447860687971115, 0.0, 0.020181315019726753, 3.1694722175598145, 0.009656560607254505, 3.372607707977295, 0.0, 0.4532443881034851, 0.005612711422145367, 0.40288305282592773, 0.4029526710510254, 0.05234721302986145, 0.1941823810338974, 0.1881512552499771, 0.6052062511444092, 1.5444000959396362, 0.5638669729232788, 0.0, 0.008482961915433407, 0.0, 0.23178312182426453, 0.28399884700775146, 0.0, 0.14945609867572784, 0.10743091255426407, 0.2344927042722702, 0.3581719696521759, 1.2699698209762573, 0.7964047193527222, 0.10494113713502884, 0.019466813653707504, 0.19938424229621887, 0.28423020243644714, 0.05257173627614975, 0.2774696946144104, 0.0, 0.010911408811807632, 0.10770674794912338, 0.1656009703874588, 0.04649755358695984, 0.0048782192170619965, 0.02671600878238678, 0.2336004227399826, 0.024751847609877586, 0.5555135607719421, 0.2804550528526306, 0.0435367226600647, 2.301502227783203, 0.8006017804145813, 0.004039881285279989, 0.4908570945262909, 0.11048446595668793, 0.0, 0.08039432018995285, 0.008353067561984062, 0.0, 0.2721608281135559, 1.4649505615234375, 0.37428030371665955, 0.0, 0.23691920936107635, 1.4768738746643066, 1.1250132322311401, 0.44394057989120483, 0.0122162951156497, 0.0, 0.003793752985075116, 0.05047761648893356, 0.004137476906180382, 0.5411718487739563, 0.4086650013923645, 0.009203910827636719, 0.1555924266576767, 0.24264591932296753, 0.0, 0.7161620855331421, 0.5316952466964722, 0.47472435235977173, 0.09666845947504044, 0.06896249949932098, 0.06902884691953659, 0.12245801091194153, 0.17917263507843018, 0.21489723026752472, 0.026718957349658012, 0.010142178274691105, 0.09524717181921005, 0.5453128814697266, 0.07603100687265396, 0.04930198937654495, 0.16936497390270233, 0.004436388146132231, 0.0, 0.15276631712913513, 0.06574957817792892, 0.47091975808143616, 0.1161661148071289, 0.5451973676681519, 0.521772563457489, 1.339694857597351, 0.13507670164108276, 0.010316853411495686, 0.6452255249023438, 0.6422833204269409, 0.7241631150245667, 0.2029183804988861, 0.24652424454689026, 0.5081279277801514, 0.0061316294595599174, 0.26711511611938477, 0.10812066495418549, 0.6479023098945618, 0.9935081005096436, 0.30106088519096375, 0.19441036880016327, 1.8504353761672974, 1.2936524152755737, 0.05830802395939827, 1.4433976411819458, 0.00035360880428925157, 0.0, 0.0, 2.0904757976531982, 0.114841990172863, 0.1841750591993332, 0.0, 0.0, 0.283825159072876, 1.2109891176223755, 2.161957025527954, 1.8081018924713135, 0.31526869535446167, 0.2451229840517044, 0.03377695381641388, 0.13709619641304016, 1.0807368755340576, 0.06201370060443878, 4.0456647872924805, 0.0, 0.057221669703722, 0.16546012461185455, 0.1963292360305786, 1.4377951622009277, 0.1473519653081894, 0.08833533525466919, 1.637005090713501, 0.18824732303619385, 0.09472860395908356, 0.34466248750686646, 0.4576176106929779, 0.06126305088400841, 0.3390723168849945, 1.4564943313598633, 0.050292570143938065, 0.2846028804779053, 0.0, 0.3193088471889496, 0.2605402171611786, 0.3740035891532898, 0.014835472218692303, 0.007828216068446636, 0.0, 0.4573270082473755, 0.1376960575580597, 0.5492842793464661, 0.0, 0.045328136533498764, 0.0, 0.5706879496574402, 0.0, 0.0, 0.09914561361074448, 0.19582879543304443, 0.07313106209039688, 2.0024192333221436, 0.0, 0.05680231750011444, 1.7757627964019775, 0.5135270953178406]",Testing/glioma_tumor/image(73).jpg
"[1.817196249961853, 0.7119125723838806, 0.2716105282306671, 0.9285265803337097, 0.050067853182554245, 0.45072922110557556, 0.2746651768684387, 0.024662766605615616, 0.27798932790756226, 0.0, 0.6323438882827759, 0.12991194427013397, 0.6096552610397339, 1.0474755764007568, 0.4669393301010132, 0.3060634434223175, 2.035722017288208, 2.3040661811828613, 0.06269510090351105, 0.0648365244269371, 0.5177114605903625, 0.4317818582057953, 1.5896286964416504, 0.1384366899728775, 1.2772125005722046, 0.20911197364330292, 1.26505446434021, 0.2962716817855835, 0.8923485279083252, 0.13455429673194885, 0.6235307455062866, 0.159994974732399, 0.5302676558494568, 0.9384628534317017, 0.04501194879412651, 0.009570486843585968, 0.0, 0.7110236287117004, 0.12278265506029129, 0.11576871573925018, 0.8967671990394592, 2.414994955062866, 0.6899517774581909, 0.0, 0.618885338306427, 0.2919919192790985, 0.16559335589408875, 0.000862705463077873, 0.011278033256530762, 0.07576798647642136, 2.5211751461029053, 0.9960067272186279, 1.4213221073150635, 0.14169864356517792, 5.518223285675049, 0.0045296610333025455, 0.1158924326300621, 0.16920968890190125, 0.6578232049942017, 0.011186555959284306, 0.26393023133277893, 0.16936399042606354, 0.13622552156448364, 0.02795436419546604, 1.1115474700927734, 1.437569499015808, 0.5337473154067993, 0.5710952877998352, 0.0799180418252945, 0.036837827414274216, 0.06654782593250275, 0.1052827537059784, 0.10662698745727539, 1.902106761932373, 0.034280162304639816, 0.048164840787649155, 0.3769738972187042, 1.0484395027160645, 0.0, 1.0841503143310547, 0.14427374303340912, 0.044691916555166245, 0.3870623707771301, 0.19373679161071777, 0.9564790725708008, 0.7716534733772278, 2.2336606979370117, 0.19813939929008484, 0.020093562081456184, 0.373540461063385, 0.10953893512487411, 0.002464148448780179, 0.013736335560679436, 0.0906609520316124, 0.7291630506515503, 0.1520620435476303, 0.0025040325708687305, 1.8959064483642578, 0.6223002672195435, 0.21692249178886414, 0.041127365082502365, 1.3248255252838135, 0.6451243162155151, 0.47190311551094055, 0.213888481259346, 0.3917968273162842, 0.9400253295898438, 1.654928207397461, 0.005064708646386862, 1.8216842412948608, 0.5667432546615601, 0.7599835395812988, 0.0, 0.717182993888855, 0.4640915095806122, 0.039294254034757614, 0.06695990264415741, 0.4794715642929077, 0.0, 0.262008398771286, 0.0, 0.3642604649066925, 0.0, 0.008341614156961441, 0.18255659937858582, 0.41809001564979553, 0.10665728151798248, 0.6398558616638184, 1.0805881023406982, 0.0, 0.0, 0.7745035290718079, 0.11536391824483871, 0.0, 0.24903301894664764, 1.1019269227981567, 0.2257852703332901, 0.8167134523391724, 0.14970314502716064, 0.40383127331733704, 0.061660777777433395, 1.3828904628753662, 0.0, 0.15803131461143494, 0.12445778399705887, 1.0805927515029907, 1.3459874391555786, 1.0294818878173828, 1.0638309717178345, 0.619505763053894, 3.199193239212036, 0.40071675181388855, 0.8910036683082581, 0.641666829586029, 0.2059236615896225, 2.112942934036255, 0.03600160405039787, 0.1278129369020462, 1.14763605594635, 0.0, 0.2404470294713974, 0.6153249144554138, 0.003807167522609234, 0.505791187286377, 0.048222847282886505, 0.0, 1.7128632068634033, 0.7210131287574768, 0.15701590478420258, 6.540035247802734, 0.007088145241141319, 1.394061803817749, 0.1607895940542221, 0.028689516708254814, 2.9123830795288086, 1.6382735967636108, 0.7650009393692017, 0.13749884068965912, 0.0, 0.7706390619277954, 0.7502353191375732, 0.016075441613793373, 0.7917881608009338, 0.19663284718990326, 0.03833847492933273, 0.8388651609420776, 0.243289053440094, 3.7625632286071777, 0.14101029932498932, 0.024708453565835953, 0.9211871027946472, 0.6398099660873413, 0.03435475379228592, 0.07700340449810028, 0.30210670828819275, 1.0040216445922852, 0.0, 0.1767798662185669, 0.10984867811203003, 0.2711417078971863, 4.375234127044678, 0.17801041901111603, 1.460745096206665, 0.08765135705471039, 1.1988039016723633, 0.5243066549301147, 0.8374664783477783, 0.15609228610992432, 1.497567892074585, 0.0457257442176342, 0.10262148827314377, 1.685507893562317, 0.0032718253787606955, 1.121353030204773, 0.7811159491539001, 0.20730875432491302, 0.5078644156455994, 0.13289512693881989, 0.0037951492704451084, 0.01359419897198677, 0.2991388142108917, 0.0, 2.048786163330078, 0.5385887026786804, 0.07375916838645935, 1.9990224838256836, 0.45409342646598816, 0.06504005193710327, 0.7573938369750977, 1.455159068107605, 0.630222499370575, 1.6832902431488037, 0.6646274924278259, 0.5898460745811462, 4.613560676574707, 1.2181509733200073, 0.04638922959566116, 0.6322246193885803, 0.37364327907562256, 0.2803521752357483, 0.17109380662441254, 0.2733272612094879, 0.3438583016395569, 1.738524317741394, 0.0033066514879465103, 2.2001752853393555, 1.7289948463439941, 1.3463757038116455, 0.0, 2.5409018993377686, 0.24673326313495636, 0.08257630467414856, 0.4646792411804199, 1.3574875593185425, 0.18555569648742676, 0.07706774771213531, 0.14760369062423706, 0.4873183071613312, 0.6972260475158691, 0.0, 2.25666880607605, 0.001224916777573526, 1.0369577407836914, 0.0, 0.0, 0.943209171295166, 0.16221114993095398, 0.07580536603927612, 0.1146073043346405, 0.15352943539619446, 0.6140134334564209, 0.018029266968369484, 0.5626545548439026, 0.09201886504888535, 2.584611654281616, 1.495155930519104, 0.4773734211921692, 0.015027225948870182, 0.2691664695739746, 1.0000872611999512, 2.6270499229431152, 1.1293175220489502, 1.6390687227249146, 0.27504193782806396, 0.22978632152080536, 3.3904945850372314, 1.0625669956207275, 0.0, 1.1451083421707153, 0.21990223228931427, 0.0, 1.1940646171569824, 0.506148099899292, 0.1615123748779297, 0.461589515209198, 0.4772467613220215, 0.2979680895805359, 0.09604907780885696, 0.0, 2.786684989929199, 0.7929380536079407, 0.013334174640476704, 0.7918001413345337, 0.0, 0.2581033408641815, 0.961493968963623, 0.041711755096912384, 0.0, 0.27489760518074036, 0.09655389934778214, 0.4860026240348816, 0.45346662402153015, 0.0, 0.547609806060791, 0.501892626285553, 0.013296092860400677, 0.5000720024108887, 0.6069329977035522, 0.0, 0.09793850779533386, 0.06801377981901169, 3.8627216815948486, 0.06495758891105652, 0.11565983295440674, 0.3072104752063751, 0.0, 0.2548047602176666, 0.02701760083436966, 5.592468738555908, 0.7943138480186462, 1.6017508506774902, 0.008331366814672947, 0.8382662534713745, 0.12026426941156387, 0.0, 0.39514869451522827, 1.0329748392105103, 0.16898943483829498, 0.10877364128828049, 0.18759237229824066, 0.5835153460502625, 0.3308999836444855, 2.6608400344848633, 0.7609306573867798, 0.0, 0.19634363055229187, 0.6058536767959595, 0.952177882194519, 1.0783146619796753, 0.5809807777404785, 0.36119624972343445, 0.5400415658950806, 1.818375587463379, 0.6595655679702759, 1.0458065271377563, 0.15655465424060822, 0.9200742244720459, 0.030570339411497116, 0.08402763307094574, 0.10019110888242722, 0.3031529486179352, 1.7896621227264404, 2.1766791343688965, 0.2988849878311157, 0.0031682716216892004, 0.07798482477664948, 0.25972115993499756, 0.15279680490493774, 2.5885095596313477, 0.024581369012594223, 0.0004705750325229019, 0.05499483644962311, 0.7542148232460022, 2.823178768157959, 0.012217307463288307, 0.03561481088399887, 1.202294945716858, 0.27887779474258423, 0.0, 0.06944655627012253, 0.0979899987578392, 0.50375896692276, 0.002296187449246645, 0.0018047726480290294, 0.015363751910626888, 0.705816924571991, 0.5856719613075256, 1.4179103374481201, 0.19914162158966064, 0.0370766781270504, 0.0, 0.706763505935669, 0.34379321336746216, 0.007360049523413181, 0.1639612317085266, 6.970784664154053, 0.010118246078491211, 1.6392546892166138, 0.06427204608917236, 0.43177399039268494, 1.5026767253875732, 0.06095946580171585, 1.10451340675354, 0.04489366337656975, 0.40635329484939575, 1.5128751993179321, 0.06263118982315063, 0.24812567234039307, 1.1347434520721436, 1.4390742778778076, 0.0781588926911354, 0.14163589477539062, 0.0, 0.15746065974235535, 0.0, 0.2767198085784912, 0.018782829865813255, 0.17411339282989502, 0.02690817601978779, 0.9909836053848267, 2.269406318664551, 0.0894252136349678, 1.5248576402664185, 0.4648025929927826, 1.213952660560608, 0.0, 0.06772725284099579, 0.0, 0.46120086312294006, 0.02326141484081745, 1.8514416217803955, 0.13156720995903015, 0.5076726675033569, 0.0331522636115551, 3.744462013244629, 0.22901426255702972, 0.09283623099327087, 0.8801213502883911, 0.2999521791934967, 0.042737770825624466, 0.013148674741387367, 0.0, 0.631270706653595, 0.10893844813108444, 0.2887730896472931, 0.3626824915409088, 0.02253027819097042, 0.9060518741607666, 0.20870734751224518, 0.6812219619750977, 0.4235329031944275, 0.0, 0.684746265411377, 0.0, 0.17675471305847168, 0.07364078611135483, 0.2523212730884552, 0.20977841317653656, 0.25928810238838196, 0.005183764733374119, 0.7554300427436829, 0.8046998977661133, 0.20792585611343384, 0.25962746143341064, 0.6371108889579773, 0.6011379957199097, 0.7672724723815918, 1.2017415761947632, 0.6151575446128845, 0.30988064408302307, 0.13547301292419434, 0.8920926451683044, 0.0, 0.27650249004364014, 0.32953181862831116, 0.0, 1.4182695150375366, 0.0574621707201004, 0.09737863391637802, 1.328861117362976, 3.325525999069214, 0.0, 0.9767968058586121, 0.0, 0.15503659844398499, 0.007316227070987225, 0.024338576942682266, 0.0024312783498317003, 0.11948715895414352, 0.19227544963359833, 0.6219816207885742, 0.43615394830703735, 0.09880183637142181, 0.4033210277557373, 2.994184732437134, 1.0577512979507446, 0.15023808181285858, 0.2899729609489441, 0.8268580436706543, 2.5207414627075195, 0.5351101756095886, 0.6859825253486633, 0.02639808878302574, 1.5115047693252563, 0.0, 0.5128176212310791, 0.07258226722478867, 0.2518098056316376, 0.06583063304424286, 0.32814037799835205, 0.030840937048196793, 0.03418682888150215, 0.025640957057476044, 0.33143436908721924, 0.0, 0.9434317946434021, 0.24085015058517456, 0.006860110443085432, 0.022288184612989426, 0.0, 0.015326677821576595, 0.9634411334991455, 0.0, 0.11915448307991028, 0.0331554114818573, 0.6840507984161377, 0.0, 0.0, 0.3424549400806427, 0.2742404639720917, 0.13141752779483795, 0.678411602973938, 0.09192094206809998, 1.612298607826233, 0.6442038416862488, 3.8256218433380127, 0.2628514766693115, 0.4157998561859131, 1.0238053798675537, 0.0, 0.05057467147707939, 0.34701210260391235, 0.11118393391370773, 0.279483437538147, 0.06674075871706009, 0.03879435732960701, 0.6561894416809082, 0.13757048547267914, 0.4738507866859436, 0.04051999747753143, 0.6589028239250183, 0.0, 0.2926004230976105, 0.0037785149179399014, 1.3917524814605713, 0.5675210952758789, 0.6803398728370667, 0.0, 0.03301451727747917, 0.0, 0.046091221272945404, 0.7796558737754822, 1.0520918369293213, 0.08444489538669586, 0.04116183891892433, 0.35393038392066956, 0.5897833704948425, 0.0, 0.09428460896015167, 0.16766740381717682, 0.33987417817115784, 0.0, 0.18747836351394653, 0.15707765519618988, 0.6168068051338196, 0.06081482768058777, 0.0863003060221672, 0.11043907701969147, 0.35178887844085693, 0.0012381806736811996, 1.7208607196807861, 0.0978129655122757, 0.061758171766996384, 1.0225849151611328, 0.16608433425426483, 0.1703978180885315, 0.04319273680448532, 1.0226778984069824, 0.042955413460731506, 0.0, 0.2172335386276245, 0.010941904038190842, 0.0, 0.18490538001060486, 0.0, 0.0, 0.751460075378418, 0.2625163495540619, 0.10125099867582321, 0.7538136839866638, 0.33369410037994385, 0.094084233045578, 0.4712198078632355, 0.10313128679990768, 0.5055601000785828, 0.00566762313246727, 0.013663841411471367, 0.997212290763855, 2.980741262435913, 3.464207887649536, 1.6234811544418335, 0.10342442244291306, 1.21802818775177, 0.04602156952023506, 0.004931136034429073, 0.049190256744623184, 0.5053935050964355, 0.0, 0.34660235047340393, 0.17941886186599731, 0.41176989674568176, 0.7430459856987, 0.02898492105305195, 0.9960787296295166, 0.487641304731369, 0.9290380477905273, 0.3196460008621216, 0.3972766697406769, 0.08718468248844147, 0.32100391387939453, 0.0, 0.03460013493895531, 0.1117875799536705, 0.2739780843257904, 0.9036676287651062, 0.63612961769104, 0.01359781064093113, 0.053330834954977036, 0.26146361231803894, 0.0527806282043457, 1.4487806558609009, 0.0, 0.5372804403305054, 0.20583191514015198, 0.0, 0.6641855835914612, 0.3644089698791504, 0.4878073036670685, 0.020477047190070152, 0.0318012535572052, 0.14330852031707764, 0.0772658959031105, 0.0, 0.024114886298775673, 0.5881601572036743, 1.7872272729873657, 0.36442506313323975, 0.11360500007867813, 0.12196134030818939, 0.14590716361999512, 0.0425100214779377, 0.5856623649597168, 0.4546123743057251, 0.013334916904568672, 1.7790619134902954, 0.5214504599571228, 1.8595889806747437, 1.411210060119629, 0.01707257516682148, 1.7802547216415405, 0.5443165302276611, 0.06313972920179367, 0.033089373260736465, 0.6968491077423096, 0.2749074399471283, 1.8549555540084839, 0.1316888928413391, 0.5447549819946289, 1.3317371606826782, 0.84430992603302, 0.15969204902648926, 0.11826448887586594, 0.18049348890781403, 0.2402830719947815, 1.7015469074249268, 1.2574700117111206, 0.8296957015991211, 0.019092272967100143, 0.20429618656635284, 1.710041880607605, 0.012162324972450733, 0.16511209309101105, 0.36455675959587097, 0.0, 0.0297012347728014, 0.10572859644889832, 1.5084326267242432, 2.19157075881958, 0.4801608622074127, 0.021654361858963966, 0.5743870735168457, 0.021500129252672195, 0.12822601199150085, 0.18566061556339264, 0.0, 0.03843185678124428, 4.543483257293701, 0.06144913285970688, 0.25814586877822876, 0.0, 2.694432497024536, 0.2888346016407013, 0.19958406686782837, 0.0, 0.04507589340209961, 0.06193167716264725, 0.5361981987953186, 0.11989200115203857, 0.7209586501121521, 0.09759216010570526, 1.8154762983322144, 1.6111998558044434, 0.8527666926383972, 0.019882291555404663, 0.14811116456985474, 1.6550120115280151, 0.19504348933696747, 0.6263896226882935, 0.1240772232413292, 1.7142057418823242, 0.0, 0.06548677384853363, 0.06274210661649704, 0.2217363566160202, 0.040901292115449905, 0.029151080176234245, 0.11959835886955261, 0.31860336661338806, 0.485018789768219, 0.0, 0.18460790812969208, 2.1409144401550293, 0.16820676624774933, 0.06324934214353561, 0.09768211841583252, 0.231208935379982, 0.054892510175704956, 0.03380317986011505, 0.4562690556049347, 0.5484434366226196, 1.2800995111465454, 0.04655620455741882, 0.4564809203147888, 0.0, 0.6574133038520813, 1.3194336891174316, 1.347633957862854, 2.0452308654785156, 0.2515435814857483, 0.4581795632839203, 0.33270755410194397, 0.0691348984837532, 0.26429951190948486, 0.816655695438385, 0.40240684151649475, 0.08232013881206512, 0.0, 0.0, 1.526230812072754, 1.5296123027801514, 0.06276894360780716, 0.14849655330181122, 0.13513807952404022, 0.8325756788253784, 0.09164571017026901, 0.058263033628463745, 0.28501182794570923, 0.25553447008132935, 1.8310267925262451, 0.4188309609889984, 0.038067836314439774, 0.12032215297222137, 0.312458336353302, 0.09429874271154404, 0.0, 0.0009547107038088143, 0.044675130397081375, 0.11362753063440323, 0.885163426399231, 0.6564857363700867, 0.10608106851577759, 1.1994129419326782, 2.1457512378692627, 0.023565826937556267, 0.4054098427295685, 0.1701374053955078, 0.014409960247576237, 0.5342921018600464, 0.1480320394039154, 0.0, 0.06441294401884079, 0.05518252030014992, 0.32010355591773987, 0.5780245065689087, 0.2552645206451416, 0.37650758028030396, 1.9329960346221924, 1.1793081760406494, 1.4737170934677124, 0.26253774762153625, 0.10490432381629944, 1.6373941898345947, 0.20358765125274658, 0.0, 1.9116911888122559, 0.05923772230744362, 2.5084564685821533, 2.053520917892456, 0.0, 0.014153694733977318, 0.06847082823514938, 0.30191028118133545, 1.8639219999313354, 1.0082828998565674, 2.050619602203369, 0.1528775990009308, 0.9969552755355835, 0.09287995845079422, 0.12906800210475922, 2.4480578899383545, 0.037730928510427475, 1.5171974897384644, 0.6554419994354248, 0.45219942927360535, 0.0, 1.586646556854248, 0.0, 1.011397123336792, 0.10500462353229523, 0.010069056414067745, 0.000500455207657069, 0.025299305096268654, 1.8266127109527588, 0.5774413347244263, 0.0, 0.07753352075815201, 1.4242260456085205, 0.03294664993882179, 0.0, 0.07573045790195465, 0.5156633257865906, 0.6099016070365906, 1.8716169595718384, 0.0, 0.04660927504301071, 3.1723337173461914, 0.15993401408195496, 0.0372605063021183, 0.32297858595848083, 3.2751407623291016, 0.3343261480331421, 1.1948306560516357, 0.41497424244880676, 0.07119740545749664, 0.05748685449361801, 0.0, 0.86734539270401, 0.6219502091407776, 0.15513288974761963, 5.61361026763916, 0.1919170469045639, 0.0513167679309845, 0.04101050645112991, 0.1517099291086197, 0.5797484517097473, 1.1430180072784424, 0.3491954803466797, 0.169998437166214, 1.7850555181503296, 0.0, 0.0, 0.002873165300115943, 0.3858843743801117, 0.022577065974473953, 0.16285240650177002, 0.16241392493247986, 1.2908250093460083, 0.049095913767814636, 0.2551625967025757, 0.3901043236255646, 0.02367611788213253, 0.08255382627248764, 1.2213679552078247, 0.01607082039117813, 0.14080466330051422, 0.4227955937385559, 0.0, 0.18592344224452972, 0.22830422222614288, 0.12357739359140396, 0.2797335982322693, 0.03712830692529678, 0.0, 1.361700415611267, 3.2717413902282715, 0.014838671311736107, 1.1382170915603638, 1.1923338174819946, 1.055307388305664, 0.6095029711723328, 0.0, 0.36037585139274597, 0.8000061511993408, 0.07797089219093323, 0.0, 0.5209402441978455, 0.09083181619644165, 0.43505042791366577, 0.01911284029483795, 0.049253348261117935, 0.0, 0.2610471546649933, 0.09594376385211945, 0.20455320179462433, 0.694452166557312, 0.09723145514726639, 0.6934959292411804, 1.280072569847107, 3.1949150562286377, 0.6551480293273926, 0.021069826558232307, 1.2971261739730835, 1.8858976364135742, 0.2932959198951721, 0.464591383934021, 1.103000283241272, 0.3461105227470398, 0.19274961948394775, 0.09641902148723602, 0.0, 1.1690168380737305, 0.2527095675468445, 0.10941047221422195, 0.2104533314704895, 0.2065868377685547, 0.2553512454032898, 0.0, 0.5586296916007996, 0.043389998376369476, 0.09671849757432938, 0.0166181568056345, 0.023155800998210907, 0.38904261589050293, 0.33254313468933105, 0.08283013850450516, 0.002205021446570754, 1.9293642044067383, 0.22140489518642426, 1.4478867053985596, 0.0500958114862442, 0.12361037731170654, 0.08617807179689407, 0.32614269852638245, 1.3890198469161987, 0.4685455560684204, 2.129415512084961, 0.39022281765937805, 0.0, 0.2943477928638458, 0.6062612533569336, 0.2336064875125885, 0.2539190649986267, 0.0, 0.5716164112091064, 0.6774393320083618, 0.4784890115261078, 0.9692853093147278, 0.0, 0.39233750104904175, 0.0, 0.6003479361534119, 2.40352725982666, 0.0855645090341568, 0.14780674874782562, 1.9961286783218384, 0.0, 0.019404975697398186, 0.0, 0.0, 0.07216702401638031, 0.12690317630767822, 0.21601420640945435, 0.0, 0.6359812021255493, 0.42684149742126465, 0.7091284990310669, 0.0972362756729126, 0.0, 0.2601185739040375, 0.14750024676322937, 0.050142765045166016, 0.8289686441421509, 0.5752183794975281, 0.20351172983646393, 0.41967788338661194, 1.1739190816879272, 0.0, 0.6830121874809265, 0.2231951504945755, 0.13885372877120972, 0.07082688808441162, 1.7239100933074951, 0.5567245483398438, 2.868342161178589, 0.04437519982457161, 0.02991005778312683, 0.5876734256744385, 0.23985399305820465, 0.15322361886501312, 0.9067726135253906, 0.014167459681630135, 0.047683048993349075, 0.0, 0.08450824022293091, 0.04178393632173538, 0.0028958856128156185, 0.4095776677131653, 0.0, 0.0, 0.061045091599226, 0.0, 0.35645347833633423, 0.12710446119308472, 0.08781486004590988, 0.2359103560447693, 0.06634730845689774, 0.044112615287303925, 0.03349155932664871, 0.08707888424396515, 0.0056602125987410545, 0.9476650953292847, 0.17779389023780823, 0.822100818157196, 0.22989007830619812, 0.0022189957089722157, 0.0, 0.060176145285367966, 0.33043381571769714, 0.050059206783771515, 0.5292792916297913, 0.06502542644739151, 0.095916748046875, 0.1874556690454483, 0.3538464605808258, 0.07326053828001022, 0.12987111508846283, 0.0, 1.377799391746521, 0.05043735355138779, 0.0, 0.4885294437408447, 0.4683091640472412, 0.019748015329241753, 0.0, 0.1804143190383911, 0.3061310648918152, 0.05005486309528351, 0.08122093975543976, 0.2653205692768097, 0.3719683289527893, 0.9748847484588623, 2.8696353435516357, 0.0, 0.01952255703508854, 0.07194498926401138, 0.5172539353370667, 0.1897345334291458, 0.044472675770521164, 0.03386670723557472, 0.30041220784187317, 2.7280566692352295, 0.36390140652656555, 0.619177520275116, 0.4575967490673065, 0.049030642956495285, 0.28511330485343933, 0.0, 0.11388105154037476, 0.9102581739425659, 0.3924476206302643, 0.0, 0.612186849117279, 0.22533978521823883, 0.2980019748210907, 2.4973621368408203, 0.5021435618400574, 0.028110211715102196, 0.0531097836792469, 0.02767622284591198, 0.5174243450164795, 0.0, 0.1181969940662384, 0.24889378249645233, 0.10258470475673676, 0.11095551401376724, 0.0, 0.7103835940361023, 0.009339266456663609, 0.9830434918403625, 0.11661345511674881, 0.00437716580927372, 0.059967465698719025, 0.1610521376132965, 0.2855241596698761, 0.7948744893074036, 0.18690942227840424, 0.19886790215969086, 0.1407923847436905, 0.24389967322349548, 0.03252159804105759, 1.548475742340088, 0.15235671401023865, 0.015410698018968105, 1.2157177925109863, 0.09141287207603455, 0.239034965634346, 0.24196606874465942, 0.7785558700561523, 0.0869208425283432, 0.11267811805009842, 0.0, 0.07231646031141281, 0.618276834487915, 0.4473579525947571, 0.00994961615651846, 0.0, 0.14581134915351868, 0.17641250789165497, 0.6361531019210815, 0.23514868319034576, 0.02578713372349739, 0.5661038756370544, 1.6789005994796753, 0.4741334021091461, 0.086765818297863, 0.127847820520401, 0.16566503047943115, 0.5394834280014038, 0.0, 0.21913279592990875, 1.515845775604248, 0.16278178989887238, 0.0, 0.37742483615875244, 0.7060036063194275, 1.2866829633712769, 0.05266815423965454, 2.190941333770752, 0.018442653119564056, 0.6056584715843201, 0.0013045583618804812, 0.5419712662696838, 0.6516965627670288, 0.4600195586681366, 0.1253417432308197, 0.4183761775493622, 0.3295038938522339, 0.06943408399820328, 0.22756707668304443, 2.475630521774292, 2.67714262008667, 0.2791562080383301, 0.9251498579978943, 0.0, 0.003397474531084299, 0.13628385961055756, 0.0, 0.0319950245320797, 0.3424052298069, 0.9279230237007141, 0.44833770394325256, 0.06593269109725952, 0.08847617357969284, 0.23437412083148956, 0.0, 0.0, 0.08888499438762665, 0.2528454065322876, 0.5705957412719727, 0.0017358381301164627, 0.1263553500175476, 1.1077829599380493, 0.2314041256904602, 0.17561861872673035, 0.1038455069065094, 0.76775723695755, 0.03484852984547615, 0.09868709743022919, 0.0, 0.08542054891586304, 1.6661059856414795, 0.19877858459949493, 0.6926526427268982, 0.06034475564956665, 0.0, 0.2118881791830063, 0.4601602256298065, 1.3043938875198364, 0.8944218158721924, 0.6914728879928589, 1.4469568729400635, 0.20065808296203613, 0.1781686693429947, 1.9548344612121582, 0.6006038188934326, 0.3434801399707794, 0.12525928020477295, 0.40353938937187195, 0.0, 0.021479783579707146, 0.711498498916626, 0.44568151235580444, 0.7115311622619629, 0.5674948692321777, 0.5503555536270142, 0.0021678186021745205, 1.243108868598938, 0.3521555960178375, 1.5992166996002197, 0.23256848752498627, 0.021135598421096802, 1.7191094160079956, 0.07458450645208359, 1.3429824113845825, 0.0, 0.0, 2.0379269123077393, 1.1694477796554565, 0.11870968341827393, 0.14844700694084167, 1.6927647590637207, 2.2878236770629883, 0.20309023559093475, 1.0960886478424072, 1.291712999343872, 1.6292797327041626, 0.0, 0.0, 0.6230098009109497, 0.5470348000526428, 0.3144082725048065, 1.3387905359268188, 0.27869755029678345, 1.269331932067871, 0.0, 0.046830400824546814, 0.16965630650520325, 0.0, 0.0, 1.5604649782180786, 0.36245906352996826, 0.0, 0.01686134934425354, 0.21076035499572754, 0.038154300302267075, 0.24448668956756592, 0.3173907697200775, 0.0, 0.6858959794044495, 2.5109879970550537, 0.08860842883586884, 0.0, 0.025698130950331688, 0.8347093462944031, 0.3118581473827362, 0.17196157574653625, 0.35001516342163086, 1.3504074811935425, 0.5125191807746887, 2.234283685684204, 0.0, 0.5324915051460266, 0.3712530732154846, 0.35246965289115906, 0.14506307244300842, 0.1593545526266098, 0.6886773109436035, 0.8759090900421143, 0.36142614483833313, 0.4090287983417511, 0.6749595999717712, 1.2818976640701294, 0.3173549771308899, 1.732431411743164, 0.0, 0.6712313294410706, 0.0, 0.17770086228847504, 0.0, 0.3396816551685333, 1.3429545164108276, 0.004016151186078787, 0.42087674140930176, 0.5210968255996704, 0.49338072538375854, 0.0, 0.3720826804637909, 0.3136436939239502, 0.7231420278549194, 3.352001190185547, 0.0, 0.024078236892819405, 0.018381692469120026, 0.01501766499131918, 0.6555630564689636, 0.5628886818885803, 0.0, 0.0, 1.2105016708374023, 1.2233526706695557, 0.006539992056787014, 0.038993243128061295, 0.05194036290049553, 2.911210298538208, 0.22729159891605377, 0.0, 0.07475195080041885, 0.6379653215408325, 4.545449256896973, 0.20507191121578217, 0.1326732337474823, 0.48076799511909485, 0.4431469142436981, 0.674843430519104, 0.13849405944347382, 0.0, 0.5821620225906372, 0.16387750208377838, 0.3378846347332001, 0.08209368586540222, 0.7748492360115051, 0.4291088581085205, 0.4211771786212921, 0.47837257385253906, 0.1259557008743286, 4.725733757019043, 0.07472304999828339, 0.067941814661026, 0.1560804843902588, 0.7433518171310425, 0.1583453267812729, 0.016978763043880463, 0.24669350683689117, 0.07783806324005127, 6.018159866333008, 0.14858044683933258, 0.12496955692768097, 1.2778586149215698, 0.002938401885330677, 0.30632027983665466, 0.0, 0.17645886540412903, 0.0, 0.0, 0.0, 4.186598300933838, 0.36942237615585327, 0.10861620306968689, 0.004454824607819319, 0.0039610182866454124, 2.057267904281616, 0.0072272480465471745, 0.338086873292923, 0.0, 1.3547297716140747, 2.1845486164093018, 0.6384125351905823, 0.21163271367549896, 0.0, 0.0, 0.21781615912914276, 1.6990159749984741, 0.48888781666755676, 1.4842255115509033, 0.433106392621994, 0.13240352272987366, 0.12858577072620392, 0.10059328377246857, 0.4533452093601227, 0.07733522355556488, 0.07234976440668106, 0.0, 0.054636936634778976, 0.7027179002761841, 0.0, 0.29672932624816895, 0.007906762883067131, 0.843428373336792, 0.10852350294589996, 0.0, 0.0685504600405693, 1.7767958641052246, 0.1728159785270691, 1.2580403089523315, 0.06451419740915298, 0.0, 0.43021759390830994, 0.40615370869636536, 0.17617428302764893, 0.1718491017818451, 0.45374640822410583, 0.09551408141851425, 0.3636005222797394, 0.14814433455467224, 1.1833207607269287, 0.9736557006835938, 0.0, 3.245004653930664, 0.018418163061141968, 0.9538419246673584, 0.7004934549331665, 2.3664355278015137, 0.0, 1.4525971412658691, 0.6012257933616638, 0.901879608631134, 0.0, 0.0077577028423547745, 1.363499402999878, 2.8014986515045166, 0.2910020649433136, 1.3117679357528687, 0.19036246836185455, 0.32099416851997375, 0.14300960302352905, 0.7649050951004028, 0.7383975386619568, 0.5338033437728882, 0.4170501232147217, 0.39339518547058105, 0.4043664038181305, 0.013772089965641499, 0.7166553139686584, 0.0, 0.18930941820144653, 0.28870534896850586, 0.05623948946595192, 0.011864054016768932, 0.3613584041595459, 0.015812143683433533, 0.3690544068813324, 0.007076368201524019, 0.0, 0.4045206904411316, 0.045004211366176605, 0.0, 0.0, 0.0, 0.14634837210178375, 0.7751094102859497, 0.6763686537742615, 1.5717545747756958, 1.2578574419021606, 0.0, 1.0398387908935547, 0.8585719466209412, 0.3009805381298065, 0.13631384074687958, 3.0185952186584473, 0.0, 0.41936466097831726, 0.0, 0.4554789662361145, 0.0, 0.11437489092350006, 0.19955742359161377, 1.2489924430847168, 1.7816498279571533, 2.5250627994537354, 0.3537405729293823, 0.4328646659851074, 0.06250900775194168, 0.0707918033003807, 0.5329865217208862, 0.11539536714553833, 0.01783301681280136, 0.0, 0.38206642866134644, 0.030854370445013046, 0.016170721501111984, 0.2560032904148102, 0.9056177139282227, 0.3437991738319397, 0.12253261357545853, 0.425686240196228, 0.2893764078617096, 1.405296802520752, 1.0171215534210205, 0.05215933918952942, 0.2800069749355316, 0.3368861675262451, 0.18256652355194092, 0.1807844340801239, 0.6718069314956665, 1.3853312730789185, 0.07572247833013535, 0.23646259307861328, 0.24680335819721222, 0.29698553681373596, 0.060922786593437195, 0.7572966814041138, 5.367432117462158, 0.019719483330845833, 1.296803593635559, 0.0, 0.0, 0.012998788617551327, 0.5407106876373291, 0.00711476057767868, 0.0, 0.49465078115463257, 0.02487635798752308, 0.30823108553886414, 0.6343317031860352, 0.09076207876205444, 0.0011084420839324594, 0.9790306687355042, 0.06716452538967133, 0.12298616766929626, 0.8274816274642944, 1.2218760251998901, 0.0, 0.2065320760011673, 0.28299620747566223, 0.47436684370040894, 0.0, 0.9623209238052368, 0.019420642405748367, 0.6196447610855103, 0.0020417876075953245, 0.06979828327894211, 0.17690041661262512, 0.20163629949092865, 0.12238790839910507, 0.830122172832489, 0.0, 0.032396428287029266, 0.09417374432086945, 1.8513307571411133, 0.43715041875839233, 1.0818347930908203, 0.6310583353042603, 1.1620697975158691, 0.026472261175513268, 0.0, 1.4490046501159668, 0.7256139516830444, 3.013843059539795, 0.003949785605072975, 0.4064559042453766, 1.7136783599853516, 0.3179566264152527, 0.49672651290893555, 1.4489933252334595, 0.5524372458457947, 0.1905515491962433, 0.3129960596561432, 0.12520824372768402, 3.1535961627960205, 0.005057164467871189, 0.03551154583692551, 0.9634312987327576, 0.31305304169654846, 1.4784044027328491, 0.0, 0.994077742099762, 0.0, 0.09309038519859314, 0.5386505126953125, 0.5486992597579956, 0.0, 0.0, 2.2927775382995605, 0.04303760081529617, 0.044956449419260025, 0.02745639719069004, 0.05529939383268356, 0.17197632789611816, 1.1557133197784424, 0.011963077820837498, 0.0, 0.0035184987355023623, 1.1069387197494507, 0.012970340438187122, 0.0, 0.45356521010398865, 0.007594911381602287, 0.2492097020149231, 0.024498507380485535, 0.0, 0.3495097756385803, 0.8984529972076416, 2.3455629348754883, 0.07290038466453552, 0.0, 0.002237658016383648, 0.9110143184661865, 0.18535882234573364, 2.1308205127716064, 2.685789108276367, 0.7512222528457642, 0.38683652877807617, 2.79963755607605, 0.0, 0.04231660068035126, 0.1250465214252472, 0.07142198830842972, 0.18078608810901642, 0.25586023926734924, 0.0, 0.4808023273944855, 0.6021033525466919, 0.0, 0.4627832770347595, 0.006425241939723492, 1.9798468351364136, 0.2316204160451889, 2.1962292194366455, 0.06707029789686203, 0.09177745133638382, 0.5003054738044739, 0.3988720178604126, 0.63847815990448, 0.08911660313606262, 0.0, 4.34872579574585, 0.1476118564605713, 0.042380236089229584, 0.7309877276420593, 0.17690704762935638, 0.5402279496192932, 0.10853010416030884, 0.18054859340190887, 0.4828298091888428, 0.5797232389450073, 0.11173965781927109, 0.08790028095245361, 0.03490522503852844, 0.7072217464447021, 0.758341908454895, 0.8455846309661865, 2.990506649017334, 2.440065383911133, 2.2580039501190186, 0.0, 0.0, 0.0, 0.0, 0.336941123008728, 0.47527652978897095, 0.10550064593553543, 0.6965031027793884, 0.43555334210395813, 0.6399396657943726, 0.8117111921310425, 0.6016641855239868, 1.5217959880828857, 0.10911690443754196, 0.04366281256079674, 0.1590656042098999, 0.2822057008743286, 0.5989819169044495, 0.22655151784420013, 0.0, 0.0, 0.10407871007919312, 0.0, 0.31532201170921326, 0.4552074372768402, 0.35622143745422363, 0.1045280396938324, 0.41928496956825256, 0.0, 2.6563808917999268, 0.5276326537132263, 1.3098210096359253, 0.00020695218699984252, 0.2563917934894562, 1.6668107509613037, 3.2901430130004883, 0.002487766556441784, 0.0, 0.1848190277814865, 0.0, 0.4240664541721344, 0.25979292392730713, 0.6376840472221375, 0.9079139828681946, 0.6309694051742554, 0.29057765007019043, 0.25679197907447815, 0.7701758742332458, 0.8151211142539978, 0.349282830953598, 0.37396812438964844, 0.022402292117476463, 0.3554370701313019, 1.396354079246521, 0.5716115832328796, 0.0, 0.42575961351394653, 0.006175902206450701, 0.013750976882874966, 0.13310380280017853, 2.956598997116089, 0.0, 0.92364901304245, 0.462668240070343, 0.13596510887145996, 0.5161832571029663, 1.7458797693252563, 0.0, 0.07515432685613632, 0.5287649035453796, 0.023572001606225967, 1.2065603733062744, 0.2435590773820877, 1.0717785358428955, 0.510317862033844, 0.5616357922554016, 2.616623878479004, 0.7126187682151794, 3.012280225753784, 0.21258671581745148, 0.6896352171897888, 0.6177287101745605, 0.19338533282279968, 1.4789804220199585, 0.03819121792912483, 0.09382718801498413, 0.7143740057945251, 0.1107201874256134, 0.06899703294038773, 0.7616481184959412, 0.0, 0.0644269734621048, 0.15095365047454834, 0.5013145804405212, 0.1882980465888977, 0.010603812523186207, 0.5008813738822937, 0.0, 0.0, 0.28243762254714966, 3.0017192363739014, 0.027960825711488724, 0.05432812124490738, 0.5111284852027893, 0.1463741958141327, 0.03243685141205788, 0.9150983691215515, 0.34050267934799194, 0.013334055431187153, 1.8717012405395508, 0.2580301761627197, 0.15082281827926636, 0.5081270933151245, 6.926726818084717, 0.7918550372123718, 0.0732768103480339, 0.009529002010822296, 1.7859680652618408, 0.0, 0.018272001296281815, 0.09174522757530212, 0.23395822942256927, 0.0, 0.6251376271247864, 0.08066177368164062, 0.0, 0.6512975692749023, 0.03867936506867409, 0.06797080487012863, 3.7737810611724854, 1.0345284938812256, 1.6285415887832642, 0.028383975848555565, 0.0, 1.390599250793457, 0.12020941823720932, 0.09369388967752457, 0.4167570471763611, 0.7153381109237671, 0.08561401814222336, 0.30827614665031433, 1.4191601276397705, 0.09422146528959274, 0.000776338332798332, 0.28031012415885925, 0.012616041116416454, 2.8380448818206787, 0.0679876059293747, 0.7942176461219788, 0.8071996569633484, 0.9837984442710876, 0.07104694843292236, 2.54738450050354, 0.053897567093372345, 0.039312366396188736, 0.09950058162212372, 1.2843509912490845, 4.05228328704834, 0.672559380531311, 0.0, 0.345734179019928, 0.29677286744117737, 0.47614338994026184, 0.21954703330993652, 0.2979661226272583, 0.4651660919189453, 0.22913964092731476, 1.3901170492172241, 12.837113380432129, 0.3631301522254944, 0.307963490486145, 0.18172067403793335, 0.028930796310305595, 0.0, 0.5727983117103577, 1.0529786348342896, 0.09110503643751144, 0.7012096047401428, 0.2638164162635803, 0.3104306161403656, 2.147263288497925, 0.0, 1.1295546293258667, 0.22471053898334503, 0.9341296553611755, 0.0712164044380188, 0.32152631878852844, 0.355498343706131, 0.540386974811554, 0.9935300946235657, 0.0, 0.17561303079128265, 0.04555174708366394, 0.8359163403511047, 0.0, 0.39855706691741943, 0.0, 0.6431515216827393, 0.00982192624360323, 0.5570559501647949, 0.5069074034690857, 0.45557162165641785, 3.5349936485290527, 0.31407174468040466, 2.280832290649414, 0.5375575423240662, 0.0, 0.6151590943336487, 0.6270141005516052, 2.338587522506714, 1.0441843271255493, 0.8970937132835388, 0.2752987742424011, 1.6686376333236694, 0.4749819040298462, 0.0, 0.21119487285614014, 0.0, 0.7698501944541931, 0.41581258177757263, 2.9070091247558594, 1.2589579820632935, 1.3865529298782349, 0.042352594435214996, 0.4374709725379944, 1.9461318254470825, 0.5330976247787476, 0.011837010271847248, 0.3058749735355377, 2.643986701965332, 0.3672940135002136, 0.6829899549484253, 0.0, 0.10461702197790146, 0.10995520651340485, 0.31086426973342896, 0.07993192225694656, 0.025281144306063652, 0.4788208305835724, 1.0345596075057983, 0.0, 0.15765736997127533, 3.402594804763794, 0.1351572573184967, 0.722651481628418, 1.132252812385559, 1.4506185054779053, 0.4388112425804138, 0.0, 1.694405436515808, 0.9441670179367065, 0.0035595723893493414, 0.8445267677307129, 0.2629591226577759, 0.03267102316021919, 0.0, 0.025619400665163994, 0.05394531786441803, 0.05116710811853409, 0.13395355641841888, 0.0, 0.013250433839857578, 1.2639868259429932, 0.5246444344520569, 0.0, 0.0, 1.7392176389694214, 0.097898930311203, 0.1478288471698761, 0.13539600372314453, 0.5170125961303711, 0.08291114866733551, 1.0401452779769897, 0.601486325263977, 0.10750793665647507, 0.05061599239706993, 0.8421669602394104, 2.531944990158081, 0.4341297149658203, 0.1776711642742157, 1.1795412302017212, 0.26839253306388855, 0.049339551478624344, 0.10518210381269455, 0.9784020185470581, 0.4796152412891388, 0.08545655012130737, 0.010722807608544827, 0.08976881206035614, 0.17858122289180756, 0.4893628656864166, 0.07638031989336014, 0.11870553344488144, 3.679107427597046, 0.831246018409729, 0.0052697076462209225, 0.04897641763091087, 0.4838780462741852, 0.052722614258527756, 0.0, 0.014728689566254616, 0.010308310389518738, 0.19207680225372314, 0.36034753918647766, 0.20762498676776886, 0.5216962695121765, 0.004465284291654825, 1.0327767133712769, 0.0987652987241745, 0.5442647337913513, 0.23444069921970367, 0.0, 1.8689123392105103, 0.03104684315621853, 0.29291337728500366, 0.20014961063861847, 0.22453907132148743, 1.0174174308776855, 1.1637181043624878, 0.9635849595069885, 0.06993604451417923, 0.17072612047195435, 0.04135897755622864, 0.0, 2.691901922225952, 0.30329763889312744, 0.5393663048744202, 1.0613229274749756, 1.2116833925247192, 0.04504644498229027, 0.23618952929973602, 2.186678647994995, 0.042086970061063766, 0.5689597725868225, 0.5406540632247925, 1.0189158916473389, 0.0, 1.5659420490264893, 0.22139513492584229, 0.23167012631893158, 0.4677465856075287, 0.09012801200151443, 0.14713513851165771, 0.7104217410087585, 1.2376124858856201, 0.5259523987770081, 0.6052448153495789, 0.46321603655815125, 0.011802807450294495, 0.1392327845096588, 0.741192102432251, 0.290463924407959, 2.423081874847412, 0.06041491776704788, 0.004340585321187973, 0.017760660499334335, 0.3314308226108551, 1.089536190032959, 0.20495130121707916, 0.8372736573219299, 0.18357694149017334, 0.05868551507592201, 0.35968154668807983, 0.17661674320697784, 0.0, 0.9323061108589172, 0.011064013466238976, 1.8905400037765503, 0.01390638668090105, 0.6263423562049866, 0.03971313312649727, 0.3554728329181671, 0.057205963879823685, 0.18084080517292023, 0.0, 0.00014394156460184604, 0.15619568526744843, 0.7735618352890015, 0.2139427810907364, 0.8589665293693542, 0.23161131143569946, 0.031493835151195526, 0.0261232927441597, 0.14624162018299103, 0.005216138903051615, 0.028370827436447144, 0.3367522060871124, 1.2886936664581299, 0.3265586793422699, 2.501894474029541, 0.0013292809017002583, 0.2579766809940338, 0.3088548481464386, 0.5250259041786194]",Testing/glioma_tumor/image(47).jpg
"[0.3330128788948059, 0.0799417495727539, 0.057070933282375336, 0.0548732727766037, 1.0403263568878174, 0.002542877569794655, 5.467671871185303, 0.0442180335521698, 0.10396244376897812, 0.0, 0.0, 0.17354032397270203, 0.0, 1.0874087810516357, 0.025084063410758972, 0.004136455245316029, 0.0, 1.0457416772842407, 0.08146782219409943, 0.05354845151305199, 0.44731658697128296, 0.39413145184516907, 0.07251087576150894, 0.0, 0.011304878629744053, 0.15301543474197388, 2.1386971473693848, 0.09130112081766129, 0.1475992351770401, 0.19313080608844757, 0.011032000184059143, 0.00502875866368413, 0.11445944011211395, 0.6992346048355103, 1.9125601053237915, 1.2880676984786987, 0.020019695162773132, 0.4439380466938019, 0.0034455303102731705, 0.003241141326725483, 3.6007213592529297, 0.28086957335472107, 0.08185910433530807, 0.047580912709236145, 0.013051874935626984, 0.0, 0.015165633521974087, 0.0, 0.0, 0.37113267183303833, 0.25123733282089233, 0.06242141127586365, 1.3896276950836182, 0.07750826328992844, 0.8560376763343811, 0.9155681133270264, 0.005442251916974783, 1.260457992553711, 0.6679787039756775, 0.21705900132656097, 0.25363045930862427, 1.6502491235733032, 0.4460158348083496, 5.933713912963867, 0.14620640873908997, 0.13017538189888, 0.30729037523269653, 0.0, 1.712042212486267, 0.35536256432533264, 0.0, 0.05393616855144501, 0.39306169748306274, 0.5846746563911438, 0.48273375630378723, 0.0, 0.5209495425224304, 0.2366814762353897, 0.0, 1.2139705419540405, 0.00507107051089406, 0.0, 0.4392392635345459, 0.04116903990507126, 0.40798187255859375, 0.0, 2.1134042739868164, 0.008801978081464767, 0.006821571383625269, 0.41279909014701843, 3.0892767906188965, 0.0, 0.0, 0.18505063652992249, 0.056960947811603546, 0.01088307797908783, 0.32041293382644653, 0.0, 0.493026465177536, 0.21035411953926086, 0.0, 0.6406679153442383, 0.049198832362890244, 0.0, 1.5686850547790527, 0.04551771655678749, 0.8747044801712036, 3.431504249572754, 0.022721340879797935, 0.9233771562576294, 0.23035044968128204, 0.5905078053474426, 0.14578817784786224, 0.011962899938225746, 0.013948849402368069, 0.35053396224975586, 0.0, 0.3544483482837677, 0.0, 0.0018757398938760161, 0.23589420318603516, 0.0, 0.0, 0.16340790688991547, 1.141324520111084, 0.9239354133605957, 0.09022089093923569, 0.023960638791322708, 2.961973190307617, 0.0, 0.0, 1.124619722366333, 0.02752060815691948, 0.0, 0.02659609168767929, 0.0, 0.16620402038097382, 0.004126373678445816, 0.0, 0.0, 0.20262932777404785, 0.0, 0.0, 0.16250057518482208, 0.002956098411232233, 0.0, 0.2256559580564499, 0.4199945032596588, 0.011242068372666836, 0.032215703278779984, 0.7172770500183105, 0.7785634994506836, 0.07513950020074844, 0.0, 0.2900441288948059, 0.5157033205032349, 0.0, 0.2765541076660156, 0.4297883212566376, 0.0005508807371370494, 1.3053147792816162, 0.0, 0.0, 0.0, 0.0, 0.0, 0.33027535676956177, 0.0, 0.22564487159252167, 6.717231750488281, 1.4525980949401855, 0.0, 0.1328561007976532, 0.0027971218805760145, 0.3305201530456543, 0.16580830514431, 0.0011143246665596962, 2.8832430839538574, 0.07426825910806656, 1.0714224576950073, 0.0, 0.0, 0.06301110237836838, 0.16796213388442993, 1.1093560457229614, 0.24130383133888245, 0.04318784177303314, 1.9730560779571533, 1.0997267961502075, 0.0, 0.05266151577234268, 0.02210945449769497, 0.0, 0.0, 0.06660417467355728, 0.8779085278511047, 0.0055169230327010155, 0.9132329821586609, 0.0, 0.14449305832386017, 0.48727160692214966, 0.0006633291486650705, 0.0, 0.0, 0.3411155939102173, 1.117666244506836, 0.2049819380044937, 0.04248446971178055, 1.8877134323120117, 0.0770975798368454, 0.32948172092437744, 0.008916806429624557, 0.0, 1.659641146659851, 0.023564664646983147, 0.22063742578029633, 0.0, 0.14380532503128052, 0.3866281807422638, 0.025693519040942192, 0.4094464182853699, 0.30283984541893005, 1.204046607017517, 0.14455007016658783, 0.0, 2.9415576457977295, 0.43102049827575684, 0.08046974241733551, 1.425148844718933, 0.0, 2.681083917617798, 0.015362369827926159, 0.11165056377649307, 2.496432304382324, 0.28826677799224854, 1.4767355918884277, 0.0, 0.00010979175567626953, 0.02866414375603199, 0.0, 0.15960203111171722, 0.4692365825176239, 0.012334142811596394, 0.0, 0.10437902808189392, 0.23706860840320587, 0.5500212907791138, 0.6787248849868774, 0.26376932859420776, 1.7121188640594482, 0.0, 0.0, 1.9112379550933838, 0.3142320513725281, 0.0, 0.30079585313796997, 0.01580667495727539, 3.4041147232055664, 0.5810003876686096, 0.06965465843677521, 0.10403944551944733, 0.0, 0.20361602306365967, 0.045291513204574585, 0.0758327841758728, 0.040928345173597336, 0.18338698148727417, 0.0, 0.0, 0.0, 0.2496776133775711, 0.011668653227388859, 0.3036588430404663, 0.0, 6.805993556976318, 0.21444767713546753, 0.010552522726356983, 0.2564185857772827, 0.050246983766555786, 0.0, 1.3129404783248901, 0.363465279340744, 1.7300515174865723, 0.03473207727074623, 0.7909263372421265, 0.12728628516197205, 0.4342629313468933, 0.499884694814682, 0.003862175391986966, 0.06242143735289574, 0.2991401255130768, 0.21273136138916016, 0.0, 0.003351430408656597, 0.06659256666898727, 2.046725273132324, 0.05573048070073128, 0.047218360006809235, 0.42859601974487305, 0.0, 0.14644908905029297, 0.012859991751611233, 3.6404407024383545, 0.29522186517715454, 0.10392510890960693, 0.025092730298638344, 0.06545159965753555, 0.0, 0.13662712275981903, 0.0, 0.06413999199867249, 0.8108070492744446, 0.3143656253814697, 0.3129359483718872, 0.4479566812515259, 0.05118124932050705, 0.5141406059265137, 0.0, 0.009245201013982296, 0.2562999725341797, 0.0, 0.00953361950814724, 0.010557089932262897, 0.0, 0.0, 0.038334351032972336, 0.055243875831365585, 0.34558311104774475, 0.43205156922340393, 3.487231731414795, 0.0, 0.047759268432855606, 0.9832687973976135, 0.5185460448265076, 0.0, 0.022164203226566315, 1.5906474590301514, 3.721248149871826, 1.5339045524597168, 0.11082468181848526, 0.0, 0.32220110297203064, 0.37705621123313904, 0.052193980664014816, 0.08827686309814453, 0.02032315731048584, 0.09320344775915146, 0.0017358867917209864, 0.8998134136199951, 0.3406513035297394, 0.0, 0.8115784525871277, 0.8476086854934692, 0.25640660524368286, 0.0, 0.013032925315201283, 2.631222724914551, 0.06535979360342026, 0.028694231063127518, 0.03093743324279785, 0.16086621582508087, 0.5663113594055176, 0.5791849493980408, 0.414642870426178, 0.18246282637119293, 0.25035274028778076, 0.09678147733211517, 0.0, 0.17260652780532837, 2.7460880279541016, 0.12078831344842911, 0.10285988450050354, 3.118093729019165, 3.739427328109741, 0.18301080167293549, 0.0, 0.042309459298849106, 0.024800382554531097, 0.003103932598605752, 0.0, 0.07524289190769196, 0.0, 0.0, 0.19702604413032532, 0.14574748277664185, 0.03440988436341286, 0.19025954604148865, 0.0, 0.0, 0.04098658636212349, 0.0, 0.0015767277218401432, 0.14730693399906158, 0.026106318458914757, 0.0021572355180978775, 4.346163749694824, 0.0, 0.2349078506231308, 0.016149306669831276, 0.39237692952156067, 0.46405845880508423, 0.0, 0.020863153040409088, 0.06022429093718529, 0.08508764952421188, 4.67188835144043, 0.022603647783398628, 0.046040214598178864, 0.024661434814333916, 0.0977129265666008, 0.3347828984260559, 0.0, 0.0, 0.0, 0.0628761574625969, 4.9030351638793945, 0.0, 0.02540617063641548, 0.01508389227092266, 0.2459891140460968, 0.0, 0.0, 0.0, 0.0048472685739398, 0.0, 0.0, 0.01896919496357441, 0.24401937425136566, 0.016313785687088966, 0.014307523146271706, 0.35649409890174866, 0.48168712854385376, 1.7306101322174072, 0.004552636761218309, 0.0, 0.5733757615089417, 0.057139601558446884, 4.678118705749512, 0.24796994030475616, 0.11297859251499176, 0.0, 0.0, 0.0, 0.0021381620317697525, 0.09953410923480988, 0.0, 0.024546734988689423, 0.10510915517807007, 0.07551132142543793, 0.0, 0.32001015543937683, 0.06348804384469986, 0.07120765000581741, 0.0, 0.019929345697164536, 0.0, 0.019252106547355652, 0.0, 0.011547950096428394, 3.219731569290161, 0.0, 0.10779683291912079, 0.6511421799659729, 0.07071589678525925, 0.11990746855735779, 0.0, 0.02491118386387825, 0.0, 0.07654351741075516, 0.06894398480653763, 0.07210654020309448, 0.07676982879638672, 0.44038623571395874, 0.0, 0.017392493784427643, 0.05122016370296478, 0.0, 0.008977583609521389, 0.05129718407988548, 1.060463547706604, 0.23369726538658142, 0.030587125569581985, 1.261702060699463, 1.2998217344284058, 0.017499055713415146, 0.4916805624961853, 0.0, 0.012562309391796589, 0.01886112615466118, 0.0, 0.20254027843475342, 3.0196757316589355, 1.2678714990615845, 0.0, 0.8386207222938538, 0.0, 0.20288321375846863, 0.35938760638237, 0.0, 0.1499827653169632, 0.0, 0.3575674295425415, 0.04350483790040016, 2.7043936252593994, 0.0, 0.1965164691209793, 0.07520546764135361, 0.33918434381484985, 0.5535753965377808, 0.7804034352302551, 0.0, 0.22015315294265747, 0.456057608127594, 0.32314807176589966, 0.018260536715388298, 0.045448143035173416, 0.008051266893744469, 0.9867463111877441, 0.02603757567703724, 0.47837093472480774, 0.02516890875995159, 0.027450717985630035, 0.05144306644797325, 0.15294788777828217, 0.04847341775894165, 0.24089467525482178, 0.0, 0.0, 0.2323218435049057, 0.3945167660713196, 0.08991239219903946, 0.3925032317638397, 1.6513818502426147, 1.0979236364364624, 0.017577869817614555, 0.1590045839548111, 1.7284399271011353, 0.07344202697277069, 0.0, 0.33385857939720154, 0.0, 0.10831647366285324, 0.0, 0.00798883754760027, 0.0, 0.3038571774959564, 0.002384682185947895, 0.0, 0.07050061225891113, 0.0, 0.0, 0.39106830954551697, 0.09197770059108734, 0.0, 1.9931615591049194, 0.13064177334308624, 0.05732167512178421, 0.0, 0.08007194846868515, 0.04307662323117256, 4.199495792388916, 0.3681567907333374, 0.7880580425262451, 0.0, 0.031765662133693695, 0.0, 0.2856135368347168, 0.41702285408973694, 0.6617497801780701, 0.017966104671359062, 0.41586723923683167, 0.0, 2.2510342597961426, 0.012536335736513138, 0.0, 0.904607355594635, 0.0, 1.067750096321106, 0.8828341960906982, 0.04661056026816368, 2.5022802352905273, 0.0, 0.0, 0.0758621096611023, 0.0, 0.3060818314552307, 0.00831750500947237, 0.48482441902160645, 0.0, 0.027332885190844536, 0.09729794412851334, 0.15903334319591522, 0.0, 0.0, 0.02469872497022152, 0.0, 0.1858237087726593, 0.0, 0.06444349884986877, 0.06790296733379364, 0.7131360173225403, 0.0021933196112513542, 1.41097092628479, 0.3019872307777405, 0.11543861031532288, 0.18121813237667084, 0.020807772874832153, 0.0, 0.18643544614315033, 1.9586588144302368, 0.0, 0.1744757890701294, 1.295735239982605, 1.9320658445358276, 0.0, 0.001176646794192493, 0.0, 0.08224233984947205, 0.0, 1.0887467861175537, 7.329911750275642e-05, 0.011591335758566856, 2.8240556716918945, 0.23695679008960724, 1.8435872793197632, 0.0, 0.15725767612457275, 0.07743654400110245, 0.0, 0.0, 0.03331881761550903, 0.20195873081684113, 0.025176919996738434, 0.0, 0.010901227593421936, 0.029116421937942505, 0.02160792425274849, 0.022393781691789627, 0.1870129406452179, 0.5716234445571899, 0.024030854925513268, 0.6702079772949219, 0.6413636803627014, 0.9670039415359497, 0.0011687838705256581, 0.5387550592422485, 0.4981721341609955, 0.12797260284423828, 0.5607216358184814, 0.0, 3.0092008113861084, 0.40609702467918396, 0.2844877541065216, 0.0, 1.8342124223709106, 0.03362139314413071, 0.6077204942703247, 0.09993187338113785, 0.002529869321733713, 0.0, 0.2384950816631317, 0.0, 0.07782594859600067, 0.5117657780647278, 0.5560765266418457, 0.001984542701393366, 0.45056721568107605, 0.0323612354695797, 0.012387854978442192, 0.48849985003471375, 0.01980912871658802, 0.07919876277446747, 0.037521250545978546, 0.06837417185306549, 0.0, 0.014924331568181515, 0.0, 0.0, 0.0, 1.8078607320785522, 0.4562521278858185, 0.0, 0.0, 0.48756423592567444, 3.3084628582000732, 0.41594406962394714, 0.0, 0.15073354542255402, 1.8683573007583618, 0.18885986506938934, 0.0, 0.04846029728651047, 0.05846233293414116, 0.0672667846083641, 0.15727613866329193, 0.013111725449562073, 0.6935234665870667, 0.0009480447042733431, 0.0, 0.021681401878595352, 0.13116033375263214, 0.0, 0.7144174575805664, 0.0442936085164547, 0.0, 0.0, 0.09461932629346848, 2.4380078315734863, 0.7889536619186401, 0.0, 2.1342644691467285, 0.23863130807876587, 0.06697803735733032, 0.0, 0.06090499088168144, 0.0, 0.0, 0.0, 0.0, 0.00501093827188015, 0.0, 1.1505792140960693, 0.5796003937721252, 0.08038517087697983, 0.11224839836359024, 4.497063636779785, 0.8619064092636108, 0.0874909982085228, 0.12045134603977203, 0.0, 0.16623298823833466, 0.8459022045135498, 0.0, 0.6273617148399353, 0.9412106871604919, 0.011551355943083763, 0.2949807941913605, 0.009358858689665794, 0.17315103113651276, 0.027753693982958794, 0.0, 0.0, 1.8991260528564453, 0.13731825351715088, 0.1828685700893402, 1.6830201148986816, 0.09362109005451202, 0.0, 0.18160437047481537, 0.11923900991678238, 0.43146586418151855, 1.1906341314315796, 0.1852758228778839, 0.03550257161259651, 0.30965176224708557, 0.09700944274663925, 1.161388874053955, 0.03968869149684906, 0.25802525877952576, 0.0020322848577052355, 0.5549311637878418, 0.4213258922100067, 0.7054910659790039, 2.489612340927124, 0.0, 0.013592700473964214, 0.0008663863409310579, 0.7696861028671265, 2.535954713821411, 0.8259292244911194, 0.02562410570681095, 0.0, 0.173367440700531, 0.017768412828445435, 0.28068864345550537, 0.6079474091529846, 0.0011913387570530176, 0.0, 2.1888394355773926, 0.16574738919734955, 0.8606195449829102, 0.537316083908081, 1.3103344440460205, 0.044173259288072586, 1.9391473531723022, 0.38904812932014465, 0.6330739259719849, 0.27553611993789673, 0.0, 0.0, 1.5984859466552734, 0.27340415120124817, 0.27985379099845886, 0.021998148411512375, 2.1274237632751465, 0.37690451741218567, 0.0, 0.0, 0.12744034826755524, 0.0, 0.2015053629875183, 0.0001268240885110572, 0.18978536128997803, 1.114118218421936, 0.0, 0.04664555937051773, 4.838245391845703, 1.4430161714553833, 0.5693676471710205, 0.2503402531147003, 0.07510656863451004, 0.0, 0.49475595355033875, 0.08863005042076111, 4.756922721862793, 0.3681383728981018, 3.4001452922821045, 1.2090013027191162, 0.0, 0.0, 0.44587963819503784, 0.07145638018846512, 0.17768160998821259, 0.03533739969134331, 0.0035991279873996973, 0.6624099016189575, 0.0, 0.0, 0.028958240523934364, 3.9563629627227783, 0.013174168765544891, 0.20439912378787994, 0.1412285715341568, 0.45249611139297485, 0.4160398244857788, 3.3445842266082764, 0.0, 0.0301088597625494, 0.007074110209941864, 0.09109989553689957, 0.0028896161820739508, 0.0, 0.12788207828998566, 3.2601046562194824, 0.6783866286277771, 0.04105918109416962, 0.18559260666370392, 0.31256937980651855, 0.5296987891197205, 0.0675467848777771, 0.022487958893179893, 0.06511859595775604, 1.1604851484298706, 0.3233145475387573, 0.004747278988361359, 0.26597917079925537, 1.310422658920288, 0.08720347285270691, 0.00931241549551487, 0.35809800028800964, 0.0, 0.1780093014240265, 2.5114450454711914, 0.0, 0.4131075143814087, 0.4036594033241272, 0.30741581320762634, 0.0, 0.026461951434612274, 5.0851149559021, 0.04324780032038689, 0.07521149516105652, 0.3027717173099518, 0.0015822052955627441, 0.0, 0.014547523111104965, 0.20386344194412231, 0.026073019951581955, 1.8238972425460815, 0.04209670424461365, 0.040806230157613754, 0.8541229963302612, 1.0427614450454712, 0.0, 0.8611223697662354, 0.0, 1.2450300455093384, 0.607600748538971, 0.5906168818473816, 0.07104233652353287, 0.003163133282214403, 0.15538831055164337, 0.02702721767127514, 0.0, 0.016863053664565086, 0.09998270869255066, 0.0, 0.05583745613694191, 0.05384055897593498, 0.14651153981685638, 0.11883137375116348, 0.36182901263237, 0.20719802379608154, 0.0, 3.8592867851257324, 0.0, 0.007906738668680191, 1.480926513671875, 0.3305920958518982, 0.0, 1.5787303447723389, 0.18514730036258698, 0.07261423021554947, 0.09346377104520798, 0.0, 1.0976133346557617, 0.0, 0.0, 0.17822039127349854, 0.007859485223889351, 0.0, 0.02545473538339138, 0.2605767548084259, 0.09702850133180618, 4.238636016845703, 0.14128947257995605, 0.5342560410499573, 0.11544299870729446, 0.49681106209754944, 0.0, 0.0, 0.07906290143728256, 1.0292339324951172, 0.0, 0.0, 0.5360192060470581, 0.0, 0.30288246273994446, 0.08307237178087234, 0.0018184087239205837, 0.01285414770245552, 0.3949894309043884, 0.02434735931456089, 0.1111796647310257, 0.04305287450551987, 0.1101614311337471, 0.0, 0.0, 0.42024192214012146, 0.09919160604476929, 0.0, 1.0309144258499146, 0.0, 0.00252173631452024, 0.6867868304252625, 0.0, 0.0, 0.870221734046936, 0.02562541328370571, 0.1358869969844818, 0.0, 0.0, 0.0, 0.2509134113788605, 0.8619876503944397, 0.11629795283079147, 0.013352008536458015, 0.5792198777198792, 0.0002172771783079952, 0.020442066714167595, 0.0, 0.05269390717148781, 0.4278396964073181, 0.012524580582976341, 0.0, 0.0, 0.0, 0.31415775418281555, 0.0332869328558445, 0.053369637578725815, 2.5796926021575928, 1.562912106513977, 0.04769152030348778, 0.034537382423877716, 0.37178024649620056, 0.02560564875602722, 0.0, 0.07809040695428848, 0.05103155970573425, 0.0, 0.03364843502640724, 0.13319586217403412, 0.01887095719575882, 0.03252873197197914, 0.15297085046768188, 0.0, 0.14597974717617035, 0.0, 0.35932591557502747, 0.06617847084999084, 0.355639785528183, 0.012004506774246693, 0.0, 0.5570487976074219, 1.1733208894729614, 0.8510099053382874, 0.0, 0.5038865804672241, 0.31754064559936523, 0.15937352180480957, 0.47115209698677063, 0.034201983362436295, 0.0, 1.9229282140731812, 0.0, 0.0, 0.004830168094485998, 0.07515054941177368, 0.34634310007095337, 0.4184703528881073, 0.3425534963607788, 0.007845966145396233, 0.018698232248425484, 0.852965235710144, 0.0023389689158648252, 0.023047294467687607, 0.07618138939142227, 0.0, 0.0, 0.21312624216079712, 0.4250611364841461, 0.045039623975753784, 0.13258317112922668, 0.0, 0.12384653836488724, 0.4201405942440033, 0.06211216002702713, 0.0, 0.09463819861412048, 0.01280354242771864, 0.3449166417121887, 0.0, 0.08809554576873779, 0.0226031132042408, 0.0, 0.08225828409194946, 0.0, 0.010515480302274227, 0.15324567258358002, 0.9741752743721008, 0.11333613842725754, 0.0837748572230339, 0.03912012651562691, 0.030666068196296692, 0.01365625113248825, 0.0, 0.5658504366874695, 2.561490535736084, 0.15568000078201294, 0.3656339943408966, 0.047411393374204636, 0.21898658573627472, 0.6548507213592529, 0.04673947021365166, 0.06120603531599045, 0.0, 1.058278203010559, 0.2382875382900238, 0.1882471889257431, 1.4012773036956787, 0.056441083550453186, 3.8624401092529297, 0.6899318099021912, 0.19967606663703918, 0.41988134384155273, 0.0, 0.20306120812892914, 0.0015606539091095328, 0.10987955331802368, 0.2961720824241638, 0.7597170472145081, 0.0416426956653595, 0.4701179563999176, 0.317379891872406, 0.01870814524590969, 0.29151687026023865, 0.07235690206289291, 3.3918607234954834, 3.142348051071167, 0.46170857548713684, 0.08768969774246216, 0.0, 0.23936672508716583, 0.0, 6.487634181976318, 0.1499076932668686, 0.08460298925638199, 0.0, 0.013155055232346058, 0.3187805414199829, 0.0, 0.03934505209326744, 0.0, 0.09878246486186981, 0.001962715294212103, 0.0, 0.14944089949131012, 0.02910754829645157, 0.6858913898468018, 0.3620898723602295, 0.24031879007816315, 0.011372546665370464, 0.32306843996047974, 0.0, 0.4789322018623352, 0.09009972214698792, 0.024304581806063652, 0.0, 0.9311181902885437, 0.26335349678993225, 0.40653446316719055, 0.40583303570747375, 0.014364028349518776, 0.19863362610340118, 0.010858063586056232, 0.0002159658761229366, 0.036236654967069626, 0.040356528013944626, 0.4374523162841797, 0.0, 0.0008463324047625065, 0.04732730612158775, 0.09564095735549927, 3.6343677043914795, 0.007894149050116539, 0.0, 0.04313133284449577, 0.0, 0.16999414563179016, 0.01948765106499195, 4.570094824885018e-05, 0.0, 0.8509619832038879, 0.001795586314983666, 0.031522851437330246, 0.0, 0.0, 0.0, 0.22762705385684967, 0.043390803039073944, 0.601773738861084, 0.04603179171681404, 0.0, 0.0, 3.949739456176758, 0.0, 0.11607860773801804, 0.06016033515334129, 0.0, 0.5732349157333374, 0.0, 0.0, 0.0, 0.13893835246562958, 0.09381227940320969, 0.24459730088710785, 0.48374035954475403, 0.4840431213378906, 0.0, 0.14797301590442657, 0.0, 0.0, 0.0, 0.09635709226131439, 0.09910682588815689, 0.3474332094192505, 0.0, 0.20035335421562195, 0.0, 1.141554355621338, 0.0, 0.0025190480519086123, 0.0, 0.0, 0.0, 0.024740243330597878, 0.018460430204868317, 1.3179596662521362, 0.0, 0.13748084008693695, 0.44818535447120667, 0.0, 0.28023308515548706, 0.004160302225500345, 0.0, 0.49655166268348694, 0.14459341764450073, 0.13717952370643616, 0.6087777614593506, 0.0022935429587960243, 0.08736976981163025, 0.0, 0.0, 0.43528199195861816, 0.0, 0.020566798746585846, 0.11058235168457031, 0.1036149114370346, 0.03947670757770538, 0.2894064486026764, 3.250816822052002, 0.0, 0.0, 0.9754161238670349, 0.032476361840963364, 0.025058001279830933, 0.01032472588121891, 0.07192221283912659, 0.0, 0.008380354382097721, 0.6419207453727722, 0.21814383566379547, 0.0011765932431444526, 0.43732085824012756, 0.18441134691238403, 0.2293333113193512, 0.09405501931905746, 0.0, 0.4654203951358795, 0.029522161930799484, 0.09920845180749893, 0.010299949906766415, 0.0337800495326519, 4.674840927124023, 0.13343071937561035, 0.023047270253300667, 0.36028337478637695, 0.0, 0.7154581546783447, 0.10513146221637726, 0.4029238820075989, 0.0, 0.6936622262001038, 0.276032418012619, 0.04131651297211647, 0.581031858921051, 0.01796017400920391, 0.02218807488679886, 0.5414131283760071, 0.5177778005599976, 0.06501993536949158, 1.7524734735488892, 0.7139521241188049, 0.0, 0.0, 0.0, 1.51289963722229, 0.11503492295742035, 0.017185917124152184, 0.0, 0.0, 0.2159704864025116, 0.15642085671424866, 0.6495645642280579, 0.20792901515960693, 2.960190773010254, 0.6515855193138123, 0.14161963760852814, 0.0, 0.1472073346376419, 0.03859058767557144, 0.0, 0.0, 0.13482576608657837, 0.044207602739334106, 0.1320999413728714, 1.142179250717163, 0.0, 0.0, 0.1696653962135315, 0.010088360868394375, 5.0481485232012346e-05, 0.10485487431287766, 0.09349196404218674, 0.0012339402455836535, 1.20453679561615, 0.0050805783830583096, 0.5542184710502625, 0.7641332149505615, 0.3533948063850403, 0.3191814124584198, 0.02470727264881134, 0.11356808245182037, 0.09392796456813812, 0.24108102917671204, 0.0, 0.011579605750739574, 2.106553316116333, 0.0, 0.0, 0.046966515481472015, 0.21860800683498383, 0.8447026014328003, 0.4702848792076111, 0.0, 0.0, 0.25557735562324524, 0.03453194350004196, 0.6729264259338379, 3.059859275817871, 0.6722510457038879, 0.0, 0.016060302034020424, 0.0, 0.0065411594696342945, 0.47253426909446716, 0.09786812961101532, 0.06492000818252563, 0.0, 8.428325653076172, 2.540834426879883, 0.0, 0.680717408657074, 0.0, 0.0, 0.0, 0.4116160273551941, 0.0, 0.7463305592536926, 0.09710751473903656, 0.3349822163581848, 0.05168584734201431, 0.5189417004585266, 0.0, 0.1317441165447235, 0.0, 0.2905670404434204, 0.4183714985847473, 0.7364639639854431, 1.290541648864746, 0.09299936890602112, 0.0, 0.08130743354558945, 0.05271943658590317, 0.15232256054878235, 2.454174518585205, 0.0, 0.019505150616168976, 0.0, 0.348346471786499, 0.2842642664909363, 0.0, 0.02524079568684101, 0.0, 0.6962589621543884, 0.011636566370725632, 0.11864569038152695, 0.18266530334949493, 0.0, 0.0, 0.025453781709074974, 0.3502475321292877, 0.0031473077833652496, 0.1216539666056633, 0.0, 0.07919244468212128, 0.02486654371023178, 0.48008930683135986, 0.135235995054245, 0.10759614408016205, 0.0, 0.899132490158081, 0.2088310420513153, 0.06886641681194305, 2.7427265644073486, 0.05124249309301376, 0.2923237979412079, 0.0, 0.2779269814491272, 0.0, 2.3162894248962402, 0.9544360041618347, 0.18145397305488586, 0.498706579208374, 0.4663980305194855, 0.0, 0.059202149510383606, 0.3466523289680481, 0.0027346634306013584, 0.053111329674720764, 0.0, 0.0, 0.0903385803103447, 0.0, 0.0, 0.0, 0.0, 2.7458415031433105, 0.0, 0.021509895101189613, 0.4504580497741699, 0.3867928683757782, 0.0, 2.610158920288086, 0.6597347855567932, 0.010876723565161228, 0.004768206272274256, 0.4229225516319275, 2.9513509273529053, 0.14646394550800323, 0.0, 0.9918202757835388, 0.0, 0.00709223747253418, 0.03727661445736885, 1.0959372520446777, 0.15208423137664795, 0.06928343325853348, 0.26708582043647766, 0.0, 0.03700682893395424, 0.1260351687669754, 0.04347706213593483, 0.5864848494529724, 0.06269092112779617, 0.03093063272535801, 0.14480000734329224, 0.0, 0.020135119557380676, 2.0278632640838623, 0.11826973408460617, 0.09619229286909103, 0.036476776003837585, 0.9066553115844727, 0.34552139043807983, 0.02089024893939495, 0.0, 0.0, 0.67778480052948, 0.01357131078839302, 0.32583513855934143, 0.017142659053206444, 2.340301752090454, 0.0, 0.11774572730064392, 0.018000895157456398, 0.10921002179384232, 0.13582956790924072, 0.15046417713165283, 0.013707180507481098, 0.0, 0.0, 0.06666150689125061, 0.3607254922389984, 0.0, 0.025098619982600212, 0.0, 0.0, 0.010209054686129093, 0.0, 0.018013697117567062, 0.09088131040334702, 0.019318165257573128, 2.4710071086883545, 0.22229443490505219, 8.938097953796387, 0.0, 0.80217444896698, 1.9067195653915405, 0.0, 1.6808688640594482, 0.0, 1.228516697883606, 0.0, 2.3908934593200684, 0.0, 0.04201842471957207, 0.17317445576190948, 2.496540069580078, 0.0, 0.04998568445444107, 0.13603822886943817, 0.05982000008225441, 0.23003016412258148, 0.10689325630664825, 1.27163565158844, 0.0, 0.0033309387508779764, 0.059057265520095825, 0.019949844107031822, 0.0, 1.3547388315200806, 0.0486670546233654, 0.031575966626405716, 0.014488385990262032, 0.0, 0.2101588398218155, 0.3733822703361511, 0.2266373187303543, 2.9177427291870117, 1.8390932083129883, 0.3508957028388977, 0.0, 1.5820796489715576, 0.5868739485740662, 0.1900380551815033, 0.013023503124713898, 0.0, 0.07397213578224182, 0.17724622786045074, 0.0, 0.5575527548789978, 0.26977503299713135, 1.6361404657363892, 0.3651372492313385, 0.0, 0.11174178868532181, 0.014683794230222702, 0.01760871708393097, 0.042945172637701035, 0.0, 0.06353861838579178, 0.09804680198431015, 0.47508591413497925, 0.4801425039768219, 0.05966108292341232, 0.09205567091703415, 0.03460139036178589, 0.49874940514564514, 1.1680880784988403, 0.3685378134250641, 0.0446990504860878, 0.05357913672924042, 0.7025611400604248, 0.02967279776930809, 0.0, 0.19061945378780365, 0.03007666952908039, 0.07970491051673889, 0.01125379465520382, 0.1023133173584938, 0.0023209392093122005, 0.05372822657227516, 0.2813400328159332, 0.03948269411921501, 0.0, 0.6583382487297058, 0.19361279904842377, 0.13116860389709473, 0.07525265216827393, 0.311359167098999, 0.45634564757347107, 0.008967594243586063, 0.04471801221370697, 0.5415196418762207, 3.751307487487793, 0.0, 2.0701732635498047, 0.0, 1.260082483291626, 0.6998143196105957, 0.3259752094745636, 0.6127414107322693, 0.8200355172157288, 0.01846941187977791, 0.40766674280166626, 0.0, 0.8535729050636292, 0.33400455117225647, 0.0008763780351728201, 0.0, 0.021623831242322922, 0.12503297626972198, 0.31042253971099854, 0.05129440501332283, 0.03039291501045227, 0.5587475299835205, 0.004031843040138483, 0.6272424459457397, 0.0, 0.24273008108139038, 0.0, 0.7591052651405334, 0.016277125105261803, 0.0, 0.01996035873889923, 0.0, 0.24338994920253754, 0.2849874198436737, 0.12528733909130096, 0.5603789687156677, 0.0, 0.01586872711777687, 0.33069518208503723, 0.19142960011959076, 0.3186802268028259, 0.0, 0.163538858294487, 0.7967607378959656, 1.0270024538040161, 1.6923441886901855, 0.1250520646572113, 0.6374137997627258, 0.1840496063232422, 0.0, 0.26327088475227356, 0.46321237087249756, 0.007212244905531406, 0.7183439135551453, 1.6097131967544556, 0.0, 0.7841629385948181, 0.01844010129570961, 0.5063565969467163, 0.006700931582599878, 0.09075012058019638, 0.010758105665445328, 0.21341478824615479, 0.01654866337776184, 0.10965821892023087, 0.0, 2.227329730987549, 0.5834183096885681, 0.42763379216194153, 0.6387646198272705, 0.2997606694698334, 0.9755805134773254, 2.970139265060425, 0.011516558937728405, 0.0, 0.0, 1.7172017097473145, 0.0, 0.0, 0.00012175647862022743, 0.19539225101470947, 0.001969357021152973, 0.006157374009490013, 0.017214177176356316, 0.3800521492958069, 1.1100375652313232, 0.0, 0.025744881480932236, 0.0017054154304787517, 0.0, 0.6080397963523865, 0.06239048391580582, 0.0, 4.628798484802246, 0.04804825782775879, 0.0, 0.39213958382606506, 1.1823198795318604, 0.5465640425682068, 0.0, 0.0, 0.0, 0.0, 0.0, 0.010564079508185387, 0.0897459089756012, 0.04673277586698532, 0.021221622824668884, 0.006991829257458448, 0.4204750955104828, 0.6105625033378601, 0.6886429786682129, 0.1446325182914734, 0.030876867473125458, 0.5074001550674438, 0.03159639239311218, 1.962217092514038, 0.017608642578125, 0.009922333993017673, 0.019998161122202873, 0.0, 0.0, 0.4541936218738556, 0.0, 0.4082352817058563, 0.013740429654717445, 0.17744071781635284, 0.13747943937778473, 0.049547865986824036, 0.08732767403125763, 0.2187872976064682, 0.0, 0.16831627488136292, 0.3271305561065674, 0.005144975613802671, 0.01022549532353878, 0.0, 0.03414611145853996, 0.08263149857521057, 0.016698017716407776, 0.040335800498723984, 0.002802118891850114, 0.1478102207183838, 1.3245996236801147, 0.0, 0.4025101959705353, 0.019245587289333344, 0.7496604919433594, 0.15004532039165497, 0.45449522137641907, 0.5186223387718201, 0.07548708468675613, 0.0, 0.0, 0.02682286687195301, 0.0, 0.0, 0.0007785437046550214, 0.11041455715894699, 0.029036745429039, 0.0, 0.5399463176727295, 0.10536161810159683, 0.6821591258049011, 0.3226354420185089, 1.9278064966201782, 0.1727442890405655, 0.7824990153312683, 0.0, 0.0002130732173100114, 0.0037771877832710743, 0.005482425447553396, 0.05013202503323555, 0.4876604378223419, 0.3451339900493622, 0.3127433955669403, 0.20045197010040283, 0.6410993337631226, 0.0, 0.152246356010437, 2.580808401107788, 0.4930092990398407, 0.26095443964004517, 1.035384178161621, 4.941557884216309, 0.0, 0.0, 0.0, 0.8641228079795837, 0.014549128711223602, 0.27387890219688416, 0.012097708880901337, 0.26805275678634644, 0.0, 0.12147693336009979, 0.10507053881883621, 0.2063521146774292, 0.6195515394210815, 1.9643330574035645, 0.0, 0.02177824079990387, 0.2605911195278168, 0.8032503724098206, 0.12383916229009628, 0.0, 0.34113118052482605, 0.047386784106492996, 0.012336580082774162, 0.5170544981956482, 0.20083929598331451, 0.042187903076410294, 0.18837560713291168, 0.03624412789940834, 0.0, 0.3540845513343811, 0.04100026562809944, 0.0, 0.02017657458782196, 0.07994673401117325, 0.046338897198438644, 0.0, 0.03860894590616226, 0.0954882875084877, 0.14545969665050507, 0.039754755795001984, 0.0, 0.03827236592769623, 0.0, 1.4594175815582275, 0.06869973242282867, 0.26355835795402527, 0.0, 0.04581424593925476, 1.3220891952514648, 0.0, 0.3754611015319824, 0.0, 0.1378236711025238, 0.07445468753576279, 0.045785773545503616, 0.17595648765563965, 0.008617348037660122, 0.1841154843568802, 0.0, 0.16764405369758606, 1.2262649536132812, 0.018446678295731544, 0.0, 0.29970255494117737, 0.1751696765422821, 0.018156081438064575, 3.5095572471618652, 0.024415677413344383, 0.0, 0.2834343910217285, 0.27740544080734253, 0.04232928156852722, 0.3726247549057007, 0.0, 1.152343988418579, 0.8246394395828247, 0.34632110595703125, 1.2689024209976196, 0.09099181741476059, 0.08298181742429733, 0.3313649594783783, 0.0, 6.407726287841797, 0.0, 0.12161124497652054, 0.6090121865272522, 0.09448119252920151, 0.6228840351104736, 0.003118252381682396, 3.0323293209075928, 0.0, 0.0, 0.003707301802933216, 3.0503408908843994, 0.056609056890010834, 0.14052236080169678, 0.0, 0.0, 0.4306179881095886, 0.0, 0.0035495904739946127, 0.7121434807777405, 0.5706973671913147, 0.0, 0.0010759149445220828, 0.022560404613614082, 0.03232096508145332, 0.4529857337474823, 0.09037771821022034, 1.5062328577041626, 0.0, 0.196247398853302, 0.0, 0.04985584691166878, 0.3825211524963379, 0.4154224693775177, 0.5098320841789246, 0.0, 0.031181400641798973, 0.2981114387512207, 0.009796232916414738, 0.2406197339296341, 0.0, 0.30619776248931885, 4.848745822906494, 0.00093320437008515, 0.09169689565896988, 0.010714126750826836, 0.006265328731387854, 0.07371681928634644, 2.198478937149048, 0.17665362358093262, 0.02898816205561161, 0.18488401174545288, 5.1327009201049805, 0.02729904092848301, 0.12997165322303772, 0.0, 0.12861132621765137, 0.621110200881958, 0.0, 0.32403358817100525, 0.0834164023399353, 1.4343745708465576, 0.7854575514793396, 0.07547568529844284, 0.0, 0.0, 0.3170328438282013, 0.0, 0.0, 0.001697350526228547, 1.033772587776184, 0.01593640446662903, 0.0640164464712143, 0.002179868286475539, 1.1538997888565063, 1.817090392112732, 0.030431168153882027, 0.0, 0.2354043424129486, 0.01709170639514923, 0.5774137377738953, 0.0, 0.0007433064165525138, 0.008043085224926472, 0.2624298632144928, 0.0, 0.0, 0.1272382140159607, 0.0, 0.08014820516109467, 0.0, 0.41758331656455994, 0.3305942416191101, 0.0, 1.1439658403396606, 0.5177032351493835, 0.0, 0.05257188156247139, 0.1460074633359909, 0.0, 0.0, 0.0, 0.0, 2.7119040489196777, 0.07498523592948914, 1.7832173109054565, 0.03278765827417374, 0.0, 0.1655833125114441, 0.16399511694908142, 0.12724797427654266, 0.029055332764983177, 0.014719517901539803, 0.20204384624958038, 0.39053064584732056, 0.0, 0.7348200082778931, 0.0, 0.0228391382843256, 0.0028218883089721203, 0.0, 0.0, 1.0460460186004639, 0.6358351111412048, 3.2441487312316895, 0.34074366092681885, 1.84730064868927, 0.3312986195087433, 1.2862880229949951, 0.0, 0.09384489804506302, 0.011192054487764835, 0.0, 0.07880683988332748, 1.661893606185913, 0.4142778813838959, 0.0, 0.18589439988136292, 0.012364438734948635, 0.09450661391019821, 0.02778637409210205, 0.01732666604220867, 0.0, 1.260714054107666, 1.0386091470718384, 0.07609809935092926, 0.42020806670188904, 0.2981182634830475, 0.0, 0.33824679255485535, 0.279874712228775, 0.6814976334571838, 0.06953649967908859, 0.31998130679130554, 0.015572297386825085, 0.0, 0.5474705696105957, 0.23542726039886475, 0.08921870589256287, 0.008336296305060387, 0.0, 0.06982185691595078, 0.10262855142354965, 0.035957396030426025, 0.3130550682544708, 1.1479766368865967, 0.11504959315061569, 0.07282943278551102, 0.012037316337227821, 0.24161724746227264, 0.01305436622351408, 0.22608590126037598, 0.0, 0.0, 0.08170277625322342, 0.1059049665927887, 0.3775256276130676, 0.0, 2.4904558658599854, 0.03805764764547348, 1.1040114164352417, 0.0, 1.2995305061340332, 0.6733589768409729, 4.20424747467041, 0.18728315830230713, 0.43461155891418457, 0.035693176090717316, 0.44410550594329834, 4.1282782554626465, 0.005547294858843088, 0.04899096116423607, 0.06228356435894966, 0.05150168389081955, 0.3721904754638672, 6.180094242095947, 0.1402742564678192, 0.21371814608573914, 0.3367442786693573, 0.00819183886051178, 0.0, 0.0, 0.0, 0.005926369223743677, 1.4663915634155273, 0.5281825065612793, 0.0, 0.0, 0.0, 0.3417893946170807, 0.0, 0.09129177778959274, 0.0, 2.645451545715332, 0.0015512802638113499, 0.04397321864962578, 0.0, 0.0, 0.0, 0.09503833949565887, 0.12555299699306488, 0.0, 0.015495864674448967, 1.1453161239624023, 5.193543910980225, 0.4059365689754486]",Testing/glioma_tumor/image(43).jpg
"[0.9609975814819336, 1.0128238201141357, 0.0, 1.3281275033950806, 0.7980288863182068, 0.4269885718822479, 1.1569736003875732, 0.005743004847317934, 0.5088813304901123, 0.0, 0.0, 0.5052388906478882, 0.2826208770275116, 0.027620522305369377, 0.04710771515965462, 0.06793321669101715, 0.6340932846069336, 1.5036423206329346, 1.243845820426941, 0.10793555527925491, 0.26683735847473145, 0.1721143126487732, 0.3742603361606598, 0.0, 0.29180094599723816, 0.19887322187423706, 0.5897621512413025, 0.32663455605506897, 0.26338180899620056, 0.01733989082276821, 0.08903694152832031, 0.650932788848877, 0.4602585732936859, 0.3227401375770569, 0.11780652403831482, 0.5846123695373535, 0.3393692970275879, 0.39615339040756226, 0.27397093176841736, 0.18690599501132965, 1.0472077131271362, 1.9044499397277832, 0.38276341557502747, 0.07160046696662903, 0.14026379585266113, 0.036633994430303574, 0.08526474237442017, 0.09650420397520065, 0.38273531198501587, 0.022177552804350853, 1.1412709951400757, 0.0787511020898819, 2.443681478500366, 0.2189449816942215, 0.13779500126838684, 0.20318503677845, 1.4157078266143799, 1.598665475845337, 1.5952764749526978, 0.055539656430482864, 0.4744783639907837, 0.7958551645278931, 0.4240887761116028, 0.09565959870815277, 0.11913618445396423, 0.0, 0.8215340375900269, 0.23524749279022217, 0.21879595518112183, 0.2133612185716629, 0.0, 0.1911713182926178, 0.05014772340655327, 0.6307845115661621, 0.16465942561626434, 0.050721425563097, 0.05711745098233223, 0.008889972232282162, 0.01315502729266882, 0.3218519687652588, 0.794592559337616, 0.6978711485862732, 0.5329923629760742, 0.018143342807888985, 0.46192893385887146, 0.21947245299816132, 0.561122715473175, 0.4710809290409088, 0.207711324095726, 0.01610596477985382, 0.3374986946582794, 1.0351755619049072, 0.14946238696575165, 3.7143771648406982, 0.14350269734859467, 0.0026564307045191526, 0.10685260593891144, 0.022934509441256523, 0.12093881517648697, 0.014573438093066216, 0.34463968873023987, 1.0095566511154175, 0.0, 0.484967976808548, 2.6669585704803467, 1.0878816843032837, 0.7199276685714722, 0.8145134449005127, 0.21000130474567413, 1.4950652122497559, 0.04220201075077057, 1.1623938083648682, 0.05920315906405449, 0.36934560537338257, 0.4458635151386261, 0.05899850279092789, 0.0, 0.6575284600257874, 0.7315645217895508, 0.18164664506912231, 0.5588783621788025, 0.0, 0.018342353403568268, 0.0, 0.22102881968021393, 1.3497066497802734, 0.08325443416833878, 0.8039013743400574, 0.5805919170379639, 0.0, 0.06285125017166138, 2.730400800704956, 0.2680525779724121, 0.26061683893203735, 0.15632188320159912, 0.02945929579436779, 0.8817280530929565, 1.0831280946731567, 0.0, 0.044338859617710114, 0.359725683927536, 3.161872625350952, 0.007426264230161905, 0.021989228203892708, 1.5757570266723633, 0.03918475657701492, 0.3810269236564636, 0.7310452461242676, 0.30463364720344543, 0.1970730870962143, 1.9231069087982178, 0.5687223076820374, 0.34541359543800354, 0.14077681303024292, 0.10516642779111862, 1.070626139640808, 0.011767309159040451, 0.26345497369766235, 0.813930094242096, 0.14546029269695282, 0.3020034730434418, 0.08871764689683914, 0.6388765573501587, 2.580519437789917, 0.24516567587852478, 0.04719235375523567, 0.5156731009483337, 0.1603933870792389, 0.06795041263103485, 6.31071138381958, 0.8523427844047546, 0.7472341060638428, 0.9317275881767273, 0.8305003643035889, 0.2827633321285248, 1.1017217636108398, 0.2686826288700104, 0.09880869835615158, 0.5684117078781128, 0.09919105470180511, 1.2185431718826294, 0.07710050046443939, 0.2998698949813843, 0.6997272968292236, 0.10540226846933365, 0.41411519050598145, 0.17444178462028503, 1.2807629108428955, 0.335883229970932, 0.49817559123039246, 0.1974572092294693, 0.20951460301876068, 0.0, 0.03217088058590889, 0.4904058873653412, 0.39926594495773315, 0.588435709476471, 0.018484991043806076, 0.10635881870985031, 0.08063095062971115, 1.5259145498275757, 0.2319622039794922, 0.45341163873672485, 0.4988226890563965, 1.4434453248977661, 1.5715830326080322, 0.6490095257759094, 0.027335165068507195, 1.0968046188354492, 0.7965105772018433, 0.0, 0.8364609479904175, 0.23935368657112122, 0.12257283926010132, 0.856245219707489, 0.48409587144851685, 0.021711325272917747, 0.49854207038879395, 1.059627652168274, 0.0, 1.2649941444396973, 0.020377805456519127, 3.242363214492798, 0.21638689935207367, 0.020939506590366364, 1.2212594747543335, 0.10397549718618393, 0.06118538975715637, 1.3615162372589111, 0.6286479234695435, 0.010157548822462559, 0.0, 0.03616752102971077, 0.5355707406997681, 0.1622856855392456, 0.4026247560977936, 0.18335668742656708, 1.404165267944336, 0.027918942272663116, 0.24788439273834229, 0.032645083963871, 1.2087599039077759, 2.1856601238250732, 0.023402906954288483, 0.05971551313996315, 1.2855803966522217, 0.15925785899162292, 1.0151699781417847, 0.0, 0.007053379900753498, 0.35050103068351746, 0.15528728067874908, 0.3806408941745758, 1.6358569860458374, 0.13875795900821686, 0.0, 0.17202618718147278, 1.745853304862976, 0.0, 0.9195343852043152, 0.8243958353996277, 0.5593807697296143, 0.6615146994590759, 0.07238957285881042, 0.0, 0.41447433829307556, 0.06357195228338242, 0.16255049407482147, 0.12806929647922516, 0.0, 0.1931198537349701, 0.200287327170372, 0.5823246836662292, 0.3764634430408478, 1.3221725225448608, 0.0160642359405756, 0.48010867834091187, 0.7352403998374939, 0.6826478838920593, 0.11308737844228745, 0.10570859163999557, 0.20699527859687805, 0.9407391548156738, 0.7566019892692566, 0.2025742083787918, 4.503883361816406, 0.6501022577285767, 0.6808217763900757, 0.021673869341611862, 0.0, 0.11662890017032623, 0.01859247125685215, 0.016607459634542465, 0.5935019850730896, 0.11885811388492584, 2.000011444091797, 0.12510539591312408, 0.006755252368748188, 0.3470311760902405, 0.15930171310901642, 1.0014886856079102, 0.24583666026592255, 1.2826128005981445, 0.5912425518035889, 0.3602585196495056, 0.5544581413269043, 0.08878921717405319, 0.2020604908466339, 0.6596595644950867, 0.6486865282058716, 0.7667975425720215, 1.0888280868530273, 0.08346512913703918, 0.20946183800697327, 0.6000931262969971, 1.6027815341949463, 0.5173864364624023, 0.2727230191230774, 0.4706869423389435, 0.22433529794216156, 0.02447175420820713, 2.4886884689331055, 0.3426327705383301, 0.0, 0.3147565424442291, 0.02265189401805401, 0.12041611224412918, 0.0, 3.4665300846099854, 0.10635950416326523, 0.9784535765647888, 0.0, 1.0567971467971802, 3.0316872596740723, 0.0, 0.0, 1.4892786741256714, 0.45328637957572937, 0.5796178579330444, 0.913306713104248, 1.8117252588272095, 0.2294226735830307, 1.3398113250732422, 0.18271808326244354, 0.006122450344264507, 0.6110020875930786, 0.13537198305130005, 0.018838603049516678, 0.0059345862828195095, 1.3882349729537964, 0.0, 0.3274267911911011, 0.35636815428733826, 0.3286411166191101, 0.4035908877849579, 0.0, 0.14435230195522308, 0.09530200064182281, 0.21806226670742035, 0.26601794362068176, 0.01262804213911295, 0.5398293733596802, 0.11108853667974472, 1.4815088510513306, 0.7495495676994324, 1.8172633647918701, 0.44982054829597473, 0.22710543870925903, 4.484698295593262, 0.057537391781806946, 0.06571343541145325, 0.8037329912185669, 3.5057742595672607, 2.6701018810272217, 0.0, 0.9280364513397217, 3.3667635917663574, 2.884737253189087, 0.10480339825153351, 0.02036428451538086, 0.6161928176879883, 0.42377737164497375, 0.8846771121025085, 0.9249133467674255, 0.10248582065105438, 0.0, 2.0939667224884033, 2.645643472671509, 0.34032440185546875, 0.6029357314109802, 0.0, 0.007027480285614729, 1.2733404636383057, 0.43838822841644287, 0.2630525529384613, 2.159242630004883, 0.03707725927233696, 1.0554691553115845, 0.784116804599762, 0.5774372816085815, 2.1213722229003906, 0.19506531953811646, 0.11800965666770935, 0.01893482357263565, 0.10631316155195236, 1.608806848526001, 0.46117082238197327, 0.08928889036178589, 0.13618458807468414, 0.36689749360084534, 0.2217949479818344, 0.41997045278549194, 2.1503195762634277, 0.018670106306672096, 0.06939547508955002, 1.3164745569229126, 0.036144521087408066, 0.2777157425880432, 1.1376606225967407, 0.5144196152687073, 3.2936887741088867, 0.0, 0.4989720284938812, 0.3625090718269348, 0.024717198684811592, 0.06854018568992615, 0.19734899699687958, 0.18808652460575104, 1.2974284887313843, 0.02918865904211998, 0.6423118114471436, 0.5127734541893005, 0.3626168668270111, 1.0985442399978638, 0.8970481157302856, 0.39333513379096985, 0.0, 1.6909714937210083, 1.8824764490127563, 0.3091851770877838, 0.09638118743896484, 0.1085437461733818, 1.192081093788147, 0.0, 0.33438563346862793, 0.0063426299020648, 0.07692009210586548, 1.1487969160079956, 0.7872079610824585, 0.24849344789981842, 0.3543642461299896, 0.007607119623571634, 0.272541880607605, 0.14917558431625366, 0.0, 0.6880738139152527, 0.7845629453659058, 0.030531765893101692, 0.04087260365486145, 2.545238494873047, 0.0, 1.4722224473953247, 0.048872850835323334, 0.11248461902141571, 0.0319584421813488, 0.37597233057022095, 0.0, 0.3081784248352051, 1.7586171627044678, 0.08182922750711441, 0.22458134591579437, 0.0004037205071654171, 0.08386433124542236, 0.33182665705680847, 0.3054562509059906, 0.3415500819683075, 1.922916054725647, 0.02494168095290661, 0.11486602574586868, 0.8332856893539429, 2.024237871170044, 0.29846155643463135, 1.3797687292099, 0.05949222669005394, 0.18307432532310486, 0.8430633544921875, 0.3736253082752228, 0.007517448626458645, 0.16785985231399536, 0.0, 0.16311052441596985, 1.0954535007476807, 0.15963025391101837, 0.12499058246612549, 0.8105618357658386, 0.4558866024017334, 0.0, 0.5073336958885193, 0.45799127221107483, 0.6460346579551697, 0.0, 0.8955928087234497, 0.13382238149642944, 1.7734256982803345, 0.16658686101436615, 0.5972543358802795, 0.33059537410736084, 0.33907684683799744, 0.029228920117020607, 0.8058468699455261, 0.006286399904638529, 0.9877426028251648, 0.03803004324436188, 0.26522815227508545, 0.1735774278640747, 0.115436851978302, 0.6291949152946472, 0.07882597297430038, 0.0, 0.43602946400642395, 0.18790380656719208, 0.8610789775848389, 0.15224578976631165, 0.08372090756893158, 0.048226773738861084, 0.0682360976934433, 0.010967565700411797, 0.21379661560058594, 0.017521897330880165, 0.619173526763916, 0.02238338068127632, 1.6890116930007935, 0.6491608023643494, 2.619790554046631, 0.3618726134300232, 0.8367388844490051, 2.3977317810058594, 0.23210129141807556, 0.0, 0.07637559622526169, 0.02209414914250374, 0.8185055255889893, 0.22439154982566833, 0.014519691467285156, 1.162068247795105, 0.7188110947608948, 0.1054689809679985, 0.06749949604272842, 0.18824584782123566, 0.27501434087753296, 0.6493151783943176, 0.01819481886923313, 0.0, 0.058700770139694214, 0.23022447526454926, 1.4345836639404297, 1.4350063800811768, 0.06558967381715775, 0.6214659214019775, 0.0, 1.3405375480651855, 2.064805030822754, 0.2104586511850357, 0.15887677669525146, 0.03224929794669151, 0.49333319067955017, 1.513121485710144, 0.17189596593379974, 0.5569740533828735, 0.2060430347919464, 0.19599901139736176, 0.5222285389900208, 0.062439266592264175, 0.017924493178725243, 0.02059064619243145, 0.0, 0.007507640402764082, 0.7819733619689941, 0.21381895244121552, 0.008206265047192574, 0.2998775839805603, 0.0016058828914538026, 0.0, 0.24641068279743195, 1.3313007354736328, 0.023302443325519562, 0.011837689206004143, 0.0019035899313166738, 0.1654079556465149, 0.056639254093170166, 0.02169397845864296, 0.042412903159856796, 0.0, 0.0, 0.0, 0.032861482352018356, 0.836828887462616, 1.7812001705169678, 0.23900870978832245, 1.6709364652633667, 1.754723072052002, 0.019804229959845543, 2.0010275840759277, 0.3399483859539032, 0.07341625541448593, 1.697834849357605, 1.9281177520751953, 0.4684469997882843, 0.587938129901886, 2.718710422515869, 0.7101313471794128, 0.40066298842430115, 0.3309789299964905, 0.011513622477650642, 0.0045100669376552105, 0.6262468099594116, 0.030563797801733017, 0.3626451790332794, 0.0, 0.06537263095378876, 1.576428771018982, 0.36886706948280334, 1.3170101642608643, 0.378680020570755, 1.9743773937225342, 0.03473854437470436, 0.4947449564933777, 0.13048608601093292, 0.039406392723321915, 0.3009738028049469, 0.0, 0.0, 0.1008969321846962, 1.3254671096801758, 0.3987431824207306, 0.13616065680980682, 0.009013899601995945, 0.01497709471732378, 0.42835742235183716, 1.5646531581878662, 2.5582945346832275, 0.45521941781044006, 0.34724846482276917, 0.358364462852478, 0.09365037828683853, 3.0441598892211914, 1.0927002429962158, 0.5380757451057434, 0.029889050871133804, 0.0, 0.0, 0.7458270192146301, 0.41634735465049744, 0.11680158972740173, 0.3182061016559601, 0.1191256120800972, 3.9949800968170166, 0.7087489366531372, 0.5303206443786621, 0.030880045145750046, 1.0680670738220215, 1.3003512620925903, 0.026914255693554878, 0.05918079614639282, 2.657167911529541, 0.2639133930206299, 2.7444968223571777, 0.06334971636533737, 1.1293327808380127, 0.03733445703983307, 1.1356970071792603, 0.0, 0.13495294749736786, 0.6368002891540527, 0.28820911049842834, 1.0188759565353394, 0.011713000945746899, 0.13038887083530426, 0.40634357929229736, 0.06211722642183304, 1.2665561437606812, 0.016071023419499397, 0.31095850467681885, 0.05068790540099144, 0.27715566754341125, 0.2705804109573364, 0.0, 0.7524752616882324, 0.698894202709198, 0.6335453987121582, 0.2218559980392456, 0.21903744339942932, 0.053870201110839844, 0.1626633107662201, 0.02867950312793255, 0.4642016887664795, 2.0553085803985596, 0.1650407761335373, 0.0, 0.13152197003364563, 0.1088494285941124, 0.0, 1.0731736421585083, 0.07473289966583252, 0.44743284583091736, 0.4454183280467987, 3.0067555904388428, 0.2745741605758667, 1.1063075065612793, 0.07799579948186874, 1.9736870527267456, 0.014007052406668663, 0.09374606609344482, 0.00040434818947687745, 0.9175583124160767, 0.8779208064079285, 0.0, 0.0, 0.679426372051239, 0.0014828370185568929, 0.4267740845680237, 1.2050520181655884, 0.7892002463340759, 0.12544646859169006, 0.26337072253227234, 1.0501806735992432, 1.1088151931762695, 2.2528607845306396, 0.39094671607017517, 0.02115081436932087, 0.26325279474258423, 0.23109965026378632, 0.18574778735637665, 0.11515394598245621, 0.9714694023132324, 0.6636807322502136, 0.12313538044691086, 1.4240802526474, 0.4316241145133972, 0.7693133354187012, 0.1303781270980835, 0.08406347036361694, 1.1013683080673218, 0.5066214799880981, 0.05873247608542442, 1.3287395238876343, 0.03263689577579498, 0.0021782724652439356, 0.9391558170318604, 0.8922543525695801, 1.4498401880264282, 1.080299735069275, 0.9125882983207703, 1.0167820453643799, 0.13251183927059174, 0.009294422343373299, 1.022485375404358, 0.23078490793704987, 0.20100072026252747, 0.0, 1.2353824377059937, 0.3108385503292084, 0.5271918773651123, 1.3045411109924316, 0.3144528269767761, 0.20959194004535675, 0.03180256485939026, 0.49428296089172363, 0.301351398229599, 2.659187078475952, 0.33733052015304565, 0.0, 0.4328981935977936, 0.06920233368873596, 0.5094633102416992, 0.18560931086540222, 0.30922290682792664, 0.07056637853384018, 0.5901229381561279, 0.5561445355415344, 0.2703058123588562, 0.3812209963798523, 0.4317336678504944, 0.36423009634017944, 0.12625885009765625, 0.12387969344854355, 0.9492137432098389, 0.0, 0.0, 0.0, 0.20462800562381744, 2.2268295288085938, 1.1362072229385376, 0.12375263124704361, 1.1218613386154175, 0.05658145248889923, 0.04779646173119545, 0.0, 0.9187448620796204, 1.0132395029067993, 0.2550920844078064, 0.0, 0.14703641831874847, 2.015251636505127, 0.1323859840631485, 0.3584209680557251, 0.6206352114677429, 0.7619768381118774, 1.2032127380371094, 0.8377973437309265, 0.5857406854629517, 0.29723504185676575, 0.8248946666717529, 0.516022801399231, 2.1356730461120605, 0.028455819934606552, 2.984590530395508, 2.141399383544922, 0.01010066643357277, 0.05560493841767311, 0.03710396587848663, 0.11146809160709381, 0.8863508105278015, 0.01591823622584343, 0.7311141490936279, 0.15466205775737762, 0.2773919701576233, 0.48506611585617065, 2.104257345199585, 2.4815175533294678, 0.024509737268090248, 0.020837515592575073, 0.024678347632288933, 0.8852459788322449, 0.24189436435699463, 2.1596269607543945, 0.0, 0.2871541678905487, 0.22578690946102142, 0.07526018470525742, 0.1467365026473999, 0.07146279513835907, 0.6786544919013977, 0.7415237426757812, 0.20874901115894318, 0.0059202201664447784, 1.0055509805679321, 0.0077301557175815105, 0.3321109712123871, 1.438158631324768, 0.21022376418113708, 0.40312039852142334, 1.387355923652649, 0.19136390089988708, 0.11324059218168259, 1.281314730644226, 0.39337339997291565, 0.1350652128458023, 0.7782000303268433, 1.2220607995986938, 1.3228801488876343, 0.34305164217948914, 0.6989922523498535, 0.0, 0.15778225660324097, 0.09509993344545364, 0.0939355418086052, 0.04599703475832939, 0.13166572153568268, 4.362766265869141, 1.3622159957885742, 0.7981103658676147, 0.0, 0.21565721929073334, 0.34118765592575073, 1.689304232597351, 0.06790442019701004, 0.22426435351371765, 1.2577592134475708, 0.5582956075668335, 0.4397130310535431, 1.3124531507492065, 0.8373585939407349, 0.0, 0.7046875953674316, 0.3172195255756378, 2.0668222904205322, 0.40883970260620117, 0.748090922832489, 0.17741401493549347, 0.1117803156375885, 0.5015798211097717, 0.0, 0.14337223768234253, 0.0007879734039306641, 0.007102895528078079, 0.3748242259025574, 0.1524399220943451, 0.24805571138858795, 3.732025384902954, 0.48107948899269104, 1.1768584251403809, 0.12038411945104599, 0.0047869146801531315, 4.082735061645508, 0.03347855061292648, 0.04084526374936104, 2.0307915210723877, 0.1091914102435112, 0.22263000905513763, 0.03358825668692589, 0.0, 0.9088559150695801, 1.1246395111083984, 0.0, 0.1647212952375412, 0.05835852026939392, 0.03178456425666809, 0.16720351576805115, 0.24475499987602234, 0.057259541004896164, 1.1237915754318237, 0.09977175295352936, 0.24028809368610382, 0.9596759080886841, 1.7639412879943848, 0.5521754622459412, 0.35723090171813965, 0.3416752815246582, 0.5717402696609497, 0.26074445247650146, 0.5871523022651672, 0.4917701780796051, 0.0, 0.6180995106697083, 0.8953936696052551, 0.6101298928260803, 0.06196187064051628, 0.27504491806030273, 0.19541999697685242, 0.42999860644340515, 0.44871917366981506, 0.08373013138771057, 0.05937035381793976, 0.523901104927063, 0.18943926692008972, 0.0275570135563612, 0.5295029878616333, 0.18945686519145966, 0.09225333482027054, 0.007108333054929972, 0.22782666981220245, 0.7194374799728394, 0.5875191688537598, 0.2542377710342407, 0.011303064413368702, 0.949816882610321, 0.3582264184951782, 0.02005172334611416, 0.18433436751365662, 0.04332377016544342, 0.45004257559776306, 0.07762639224529266, 1.8639554977416992, 0.4015337824821472, 1.0880910158157349, 1.2620593309402466, 0.7044550776481628, 0.25211068987846375, 0.0551498681306839, 0.3257737159729004, 0.259319543838501, 0.018597817048430443, 0.02345750853419304, 0.05742177367210388, 0.12285079061985016, 0.1473435014486313, 0.0, 2.543060064315796, 0.055575307458639145, 1.634846568107605, 2.0982677936553955, 0.0, 0.6361305713653564, 1.5920792818069458, 0.0, 1.0881494283676147, 0.16186128556728363, 0.08597886562347412, 0.18692372739315033, 0.06681633740663528, 0.04063772037625313, 0.0, 0.08829227089881897, 0.8979940414428711, 0.9254895448684692, 0.2933691143989563, 0.0, 1.0175387859344482, 0.02885136380791664, 2.3559322357177734, 1.295600414276123, 0.01625317893922329, 0.6646062135696411, 1.3037967681884766, 0.012920266948640347, 1.6107937097549438, 0.3961716890335083, 3.1891043186187744, 0.02186368592083454, 0.15560927987098694, 0.022958721965551376, 0.060809966176748276, 0.7591672539710999, 0.043221086263656616, 0.05276517570018768, 1.4721040725708008, 0.21455912292003632, 0.705186128616333, 3.01301646232605, 0.5251491069793701, 0.2297063171863556, 0.012882009148597717, 0.2234654277563095, 0.04802289232611656, 0.6351479887962341, 0.33064624667167664, 0.0, 0.597541868686676, 0.7214663028717041, 0.29565611481666565, 0.1571631282567978, 0.9413239359855652, 0.42139336466789246, 0.25802597403526306, 1.0920368432998657, 1.7911826372146606, 0.05758658051490784, 0.01984342746436596, 0.19541658461093903, 0.4701264500617981, 0.0, 1.077589750289917, 0.0014012370957061648, 0.06742081791162491, 0.015117577277123928, 0.33034950494766235, 0.05430518463253975, 0.3747585117816925, 0.008921834640204906, 0.03980938345193863, 0.3007798492908478, 0.33937591314315796, 0.014289376325905323, 0.13313911855220795, 0.0, 0.709050714969635, 0.9855889081954956, 0.03368396311998367, 0.5143532156944275, 0.6590080261230469, 0.14323468506336212, 0.2974452078342438, 0.09268753230571747, 0.0, 0.3592774271965027, 0.9074351191520691, 0.09635913372039795, 0.35376888513565063, 0.4030689299106598, 1.449874758720398, 2.3537447452545166, 0.0902128592133522, 0.40732404589653015, 0.12514865398406982, 0.6137883067131042, 0.08867722004652023, 1.0054526329040527, 0.10533657670021057, 0.059112586081027985, 0.5819821357727051, 1.7133921384811401, 0.9411117434501648, 2.852903127670288, 0.3676718771457672, 1.0763167142868042, 0.45348042249679565, 2.454031229019165, 2.941908121109009, 0.2174130231142044, 0.31477922201156616, 0.28204768896102905, 0.0, 0.19228185713291168, 4.30902099609375, 0.08865346014499664, 0.0007827525259926915, 0.1645917296409607, 0.007017598953098059, 0.2753060460090637, 0.0, 0.08613216876983643, 0.18803095817565918, 0.23979708552360535, 1.0359703302383423, 0.22506947815418243, 1.6298797130584717, 0.2593761682510376, 0.020162923261523247, 1.1583904027938843, 0.40402206778526306, 0.7487772107124329, 0.7660109996795654, 0.34898948669433594, 0.5314647555351257, 0.8873723745346069, 0.08843160420656204, 0.01632211171090603, 0.10124891996383667, 0.0970233604311943, 1.8182427883148193, 1.851517677307129, 0.1343514323234558, 0.8048710227012634, 0.00892444048076868, 0.8682446479797363, 0.027230000123381615, 0.10485931485891342, 0.7179081439971924, 0.5113633871078491, 0.011354227550327778, 0.06109020486474037, 0.11075970530509949, 0.02225346490740776, 0.6044889092445374, 0.5473493337631226, 0.26834002137184143, 0.020779898390173912, 0.15561185777187347, 0.36711612343788147, 0.0, 0.0670355036854744, 1.3949054479599, 0.006457854062318802, 0.0, 0.3235805332660675, 0.0, 0.025777321308851242, 0.019510705024003983, 0.010045209899544716, 0.028669113293290138, 0.5652161240577698, 0.34477612376213074, 0.2904864251613617, 0.6251047253608704, 0.05640703812241554, 0.2307986468076706, 0.5208228230476379, 0.04011738300323486, 0.0909261703491211, 0.42158105969429016, 0.24615584313869476, 0.021756276488304138, 0.7303211688995361, 0.3607218563556671, 0.40636715292930603, 0.02219942957162857, 0.17156383395195007, 0.2824039161205292, 0.0, 0.0460876002907753, 0.01611616089940071, 0.0, 0.07624323666095734, 0.25789788365364075, 0.7637618184089661, 0.11258448660373688, 0.33016467094421387, 0.09488672018051147, 2.0914306640625, 0.02647015079855919, 0.2013230174779892, 0.27694928646087646, 0.05959254875779152, 0.02977491356432438, 0.08181355148553848, 0.0, 0.32446640729904175, 0.3672599792480469, 1.6886519193649292, 0.2404094636440277, 0.007924342527985573, 0.0, 1.3335338830947876, 0.4957340359687805, 0.9551631212234497, 0.08707287907600403, 0.6990631222724915, 0.27183374762535095, 0.8601643443107605, 0.3062512278556824, 0.21426740288734436, 0.028027676045894623, 0.19693522155284882, 0.8098991513252258, 0.15070553123950958, 0.28128913044929504, 0.6829482913017273, 0.8004005551338196, 0.5339162945747375, 1.0609054565429688, 0.0, 0.6274093985557556, 0.09873746335506439, 0.03457937389612198, 0.19169527292251587, 0.0, 0.5498045086860657, 0.36540666222572327, 0.1923062801361084, 0.42650163173675537, 0.0, 0.0007395671564154327, 2.3613576889038086, 0.18981970846652985, 0.3096987009048462, 0.32696008682250977, 0.19892707467079163, 0.046815335750579834, 0.13684292137622833, 0.0, 0.2716381847858429, 0.0019032127456739545, 0.7194086313247681, 0.050488054752349854, 0.6286033987998962, 0.5846918225288391, 0.5068277716636658, 0.1641189455986023, 0.19016702473163605, 0.1708548367023468, 2.236020565032959, 0.0, 3.97513747215271, 0.20075556635856628, 0.1467086523771286, 0.015578956343233585, 0.0, 0.3003109097480774, 0.8142622113227844, 0.042579710483551025, 1.2922580242156982, 0.0, 0.0, 0.016796184703707695, 0.0, 1.9199827909469604, 0.04462893307209015, 0.9200754761695862, 0.08059439808130264, 2.067243814468384, 0.0, 0.880989670753479, 0.8262545466423035, 1.4420133829116821, 1.0864099264144897, 0.8628346920013428, 2.7193875312805176, 1.736989974975586, 0.38608598709106445, 0.30396342277526855, 0.2149881273508072, 1.3766229152679443, 0.21528314054012299, 0.20713749527931213, 0.0028136044275015593, 0.1777314990758896, 0.12459081411361694, 0.815544843673706, 0.8738757371902466, 0.11422111839056015, 0.6218039393424988, 0.7916713356971741, 1.5076218843460083, 0.15510441362857819, 0.8013442754745483, 0.19241388142108917, 0.21337400376796722, 1.054394006729126, 0.2032662034034729, 0.2576363682746887, 0.05025163292884827, 0.3413061797618866, 0.0, 0.5234776735305786, 0.37837642431259155, 0.7788167595863342, 0.1648697406053543, 0.04163636639714241, 0.0908428281545639, 0.34873059391975403, 0.0, 0.7941728830337524, 1.2057832479476929, 0.10751032084226608, 0.0, 0.6400914192199707, 0.10090122371912003, 0.050826482474803925, 2.5267984867095947, 0.12008828669786453, 0.09119816869497299, 0.2929372489452362, 0.1804511398077011, 0.018748536705970764, 0.06639648228883743, 2.8446450233459473, 0.0, 0.8743155598640442, 0.2751944065093994, 0.4623008370399475, 0.04615223780274391, 0.14928333461284637, 1.451431155204773, 0.02762758545577526, 0.394888699054718, 0.19066086411476135, 0.0, 0.606107234954834, 0.39496278762817383, 0.3215025067329407, 0.0, 0.5979905128479004, 0.5699392557144165, 0.08524223417043686, 0.37183547019958496, 0.13882306218147278, 1.0754274129867554, 0.21559268236160278, 0.14815977215766907, 0.06793176382780075, 1.241552710533142, 0.007086177356541157, 0.003946384415030479, 0.2072325497865677, 5.35445499420166, 0.02279166877269745, 0.000431060791015625, 0.297212690114975, 0.9246063828468323, 0.37865519523620605, 0.008894888684153557, 0.36696329712867737, 0.1555354744195938, 4.884354114532471, 0.2704504430294037, 0.13523989915847778, 0.5591882467269897, 0.0, 0.0034732113126665354, 1.1143321990966797, 0.5192774534225464, 0.0965982973575592, 0.0, 0.0, 0.19187818467617035, 0.5577509999275208, 0.6554667353630066, 0.46964192390441895, 0.0, 0.698986291885376, 0.2760423421859741, 0.47907397150993347, 0.059208065271377563, 1.2095365524291992, 0.02110619843006134, 1.0250006914138794, 0.06875749677419662, 0.009238183498382568, 0.2487645000219345, 1.208613634109497, 0.49277469515800476, 0.0, 1.1976405382156372, 0.10538148880004883, 0.0, 1.057803750038147, 1.119341254234314, 0.22952592372894287, 0.0036042076535522938, 0.05289934575557709, 0.2131023406982422, 0.0, 0.07249494642019272, 0.11869934946298599, 0.03129444643855095, 0.4285171926021576, 2.4963479042053223, 0.0, 1.5347331762313843, 0.020031943917274475, 0.06931088119745255, 0.06292625516653061, 1.3785624504089355, 0.4369686543941498, 0.0, 0.19895383715629578, 0.17248503863811493, 2.448046922683716, 0.04562002420425415, 0.0, 0.26467758417129517, 0.09231267869472504, 0.30947884917259216, 0.11542709171772003, 0.5552456974983215, 0.03535172715783119, 0.7160229086875916, 0.39202070236206055, 0.07767827808856964, 0.044187530875205994, 0.2059081345796585, 0.0, 0.6033055186271667, 0.16133582592010498, 0.08449359983205795, 0.49650001525878906, 0.0, 0.33787357807159424, 2.5684468746185303, 1.5170060396194458, 0.0, 0.6651366949081421, 1.2927193641662598, 0.654015839099884, 0.017090188339352608, 0.0, 0.004772933200001717, 0.045355960726737976, 0.3634323179721832, 0.03445509448647499, 0.5028765797615051, 1.3371775150299072, 0.0, 0.04157520830631256, 0.1496959775686264, 0.6797910928726196, 0.13620851933956146, 1.2687865495681763, 0.0, 0.0022702557034790516, 0.3060016930103302, 0.0, 0.06426563858985901, 0.00958994496613741, 0.0, 0.0562598742544651, 0.052327271550893784, 0.0, 0.32941195368766785, 0.47927600145339966, 0.40337851643562317, 2.3024497032165527, 0.21180614829063416, 1.2590190172195435, 1.723465919494629, 1.4990832805633545, 0.08534714579582214, 0.2345135509967804, 0.4365437924861908, 0.03658449649810791, 0.1024564728140831, 0.014712467789649963, 0.034990761429071426, 0.8728268146514893, 0.6212294697761536, 1.8974990844726562, 0.8210198283195496, 1.8994277715682983, 0.384456992149353, 0.1865537017583847, 0.3967582583427429, 0.28165680170059204, 0.8891136646270752, 0.8129417300224304, 0.0972834900021553, 0.0, 0.09092333912849426, 0.19121544063091278, 0.0, 0.010037663392722607, 1.336220383644104, 0.0, 0.0027980562299489975, 0.6987630724906921, 0.0, 0.7357451915740967, 0.056100983172655106, 0.21110883355140686, 0.5301259756088257, 1.9634507894515991, 0.6532739400863647, 0.10118262469768524, 0.9802230596542358, 1.2401202917099, 0.2544846534729004, 0.5638363361358643, 0.11069222539663315, 1.0964462757110596, 0.2041863352060318, 0.0, 0.8662199974060059, 0.022408077493309975, 1.5808995962142944, 1.3246488571166992, 0.0, 0.002010523108765483, 0.0015923635801300406, 0.0, 0.0, 0.0, 0.020851509645581245, 0.005534142721444368, 0.6758858561515808, 0.5555877089500427, 0.05177690461277962, 0.10114751756191254, 0.013371014967560768, 0.057122647762298584, 1.8602588176727295, 3.676590919494629, 0.03599966689944267, 0.0, 0.09046328067779541, 0.0068827602081000805, 0.0, 0.023682784289121628, 0.06365566700696945, 0.04756265878677368, 0.0, 1.445992350578308, 0.0, 0.0, 0.29656273126602173, 1.6848392486572266, 0.6938535571098328, 0.03971867263317108, 0.5474299788475037, 0.8368899822235107, 0.006264433730393648, 0.885875940322876, 0.8824882507324219, 0.07170942425727844, 0.24042709171772003, 0.01636202074587345, 0.24002642929553986, 1.0435514450073242, 1.3074169158935547, 0.09271614998579025, 0.4356640875339508, 2.6978282928466797, 0.18606719374656677, 0.5700874328613281, 0.5936592817306519, 0.45152875781059265, 0.7453936338424683, 0.09317061305046082, 0.24949957430362701, 0.08029836416244507, 0.144879549741745, 0.01564910262823105, 1.0954662561416626, 0.5270020365715027, 0.04477611184120178, 0.131506085395813, 0.6215143203735352, 0.13896889984607697, 0.2301347702741623, 0.7679939270019531, 0.4504757225513458, 0.07248959690332413, 0.0, 1.7104699611663818, 2.4552717208862305, 0.06497985124588013, 0.04100824519991875, 1.8434609174728394, 0.013751710765063763, 1.041481614112854, 0.5455126762390137, 0.5912864208221436, 0.0, 0.5847226977348328, 0.8493406176567078, 0.09658218175172806, 2.1187093257904053, 0.059894319623708725, 0.02095537818968296, 0.6727403998374939, 0.011774014681577682, 0.8755291700363159, 0.6529625654220581, 0.0, 0.4657878875732422, 0.36130639910697937, 0.008545816875994205, 0.13794749975204468, 0.13340850174427032, 0.033031873404979706, 3.3925588130950928, 0.04827028512954712, 0.3785381019115448, 1.6171423196792603, 0.09428774565458298, 0.06673194468021393, 0.3592642843723297, 0.03134188801050186, 0.058804579079151154, 0.6559860706329346, 0.26520079374313354, 0.22303351759910583, 0.500646710395813, 0.3724237084388733, 1.8861267566680908, 2.211310625076294, 0.36305248737335205, 0.38264578580856323, 0.4857792854309082, 0.22514623403549194, 0.26549679040908813, 0.4881991147994995, 1.3857052326202393, 0.2455587387084961, 0.05572468787431717, 0.0, 2.0876502990722656, 0.11271887272596359, 0.5326221585273743, 0.11706043034791946, 0.7365152835845947, 1.9980255365371704, 1.0378007888793945, 0.07522802799940109, 0.09813432395458221, 0.07656386494636536, 0.271005779504776, 0.2140025943517685, 0.0, 0.6433746814727783, 0.5220395922660828, 0.0033793302718549967, 2.686713457107544, 0.5698208808898926, 0.05262146517634392, 0.3395410180091858, 0.15206649899482727, 0.29037970304489136, 0.49513667821884155, 0.3375002443790436, 0.13068297505378723, 0.0, 0.0, 0.8954526782035828, 0.0, 0.607279896736145, 0.0, 0.4906754493713379, 0.008657173253595829, 0.0, 0.5253114700317383, 0.03763335943222046, 1.0209370851516724, 0.3959917724132538, 0.10726363956928253, 0.22300292551517487, 0.35596805810928345, 0.048421118408441544, 1.3249784708023071, 0.0501687154173851, 0.022133149206638336, 0.278119832277298, 0.2747853994369507, 0.019411802291870117, 0.5593421459197998, 0.006201593205332756, 1.3806324005126953, 0.019319340586662292, 0.08084771037101746, 0.2848978340625763, 0.04664791747927666, 0.0, 0.2943335473537445, 0.502118706703186, 0.33478087186813354, 0.232699915766716, 0.028950875625014305, 0.7183499336242676, 0.024095533415675163, 1.310989499092102, 0.11058736592531204, 0.0, 0.4506654441356659, 0.3726593852043152, 0.20415842533111572, 0.05310061201453209, 2.0318493843078613, 0.05606274679303169, 0.04292677715420723, 0.23038038611412048, 0.004298134706914425, 0.33044686913490295, 0.5304839015007019, 0.11115192621946335, 0.49159911274909973, 1.5296757221221924, 0.09551222622394562, 1.7562984228134155, 0.061859145760536194, 0.13815630972385406, 0.011442719958722591, 1.005954623222351, 0.2394927740097046, 0.32249438762664795, 0.011224678717553616, 0.0, 1.321267008781433, 0.06109195202589035, 0.6926077008247375, 0.5025001168251038, 1.8107765913009644, 0.8951787352561951, 0.7636348009109497, 1.9174370765686035, 0.0, 0.05147324874997139, 0.2472185641527176, 0.7636141180992126, 1.594026803970337, 1.6326935291290283, 1.1767759323120117, 0.00284218555316329, 0.05171385034918785, 1.4142446517944336, 0.21128806471824646, 0.04019671678543091, 0.0, 0.0, 0.6396169662475586, 0.0, 0.4209774434566498, 0.07080932706594467, 0.01448154915124178, 0.08487159013748169, 0.2694350779056549, 0.1921393722295761, 0.0776510089635849, 0.0955064445734024, 1.5661356449127197, 0.14313462376594543, 0.024950416758656502, 0.0, 0.6074404120445251, 0.5352656245231628, 0.5799137949943542, 0.844871997833252, 0.4782886505126953, 0.07622333616018295, 2.4869794845581055, 0.3376224637031555, 0.4713597893714905, 0.07662609964609146, 1.241688847541809, 0.37292414903640747, 0.025751376524567604, 0.0, 0.4457761347293854, 0.157479926943779, 0.11464716494083405, 1.0877553224563599, 0.09034369885921478, 0.03939174860715866, 0.13416533172130585, 0.022680044174194336, 3.426827907562256, 0.4539984464645386, 0.043271131813526154, 0.0, 0.0, 1.494699239730835, 0.035737209022045135, 0.15398137271404266, 0.0, 0.6888066530227661, 0.13179318606853485, 0.9445838928222656, 1.391945719718933, 0.0, 0.11736205220222473, 0.13164086639881134, 0.14395537972450256, 1.6977360248565674, 0.12428079545497894, 0.1710292249917984, 0.12043322622776031, 0.166381374001503, 1.3746176958084106, 0.07690690457820892, 0.039795856922864914, 0.024474801495671272, 0.07117802649736404, 0.6760079264640808, 2.629758834838867, 0.5804744362831116, 0.05078742280602455, 0.2320878505706787, 0.33164772391319275, 0.011200535111129284, 0.022962626069784164, 1.0671792030334473, 0.7476256489753723, 0.08156875520944595, 0.14546023309230804, 9.679625511169434, 0.07598336040973663, 0.275322824716568, 0.20998884737491608, 0.8940882682800293, 0.0690595954656601, 0.31189075112342834, 1.6282541751861572, 0.2237936556339264, 0.07532810419797897, 0.20271821320056915, 1.0430482625961304, 0.565620481967926, 0.0, 0.5552870631217957, 0.23049670457839966, 0.4923741817474365, 0.48412272334098816, 0.0, 0.3176117539405823, 0.1624147742986679, 1.3728036880493164, 0.026474786922335625, 0.05084620788693428, 0.14470811188220978, 0.05320046842098236, 0.0, 1.174330234527588, 0.3057718575000763, 0.1078651025891304, 0.0, 0.416730672121048, 0.08313429355621338, 0.2961209714412689, 4.086946964263916, 0.04809940978884697, 0.009022238664329052, 0.1124238595366478, 0.3078150749206543, 0.19816483557224274, 1.8207818269729614, 0.9115786552429199, 1.0208112001419067, 0.8413146734237671, 0.5018170475959778, 0.41741299629211426, 0.021544266492128372, 0.0010771678062155843, 0.015401256270706654, 0.5685158371925354, 2.2335081100463867, 0.42729833722114563, 2.999434232711792, 0.04606275260448456, 0.0, 0.3436279296875, 0.681855320930481, 0.1336258500814438, 0.5827588438987732, 0.19849908351898193, 0.05519074946641922, 2.1730053424835205, 0.7422785758972168, 0.18351562321186066, 0.0, 0.0804857686161995, 0.049429770559072495, 0.10548092424869537, 0.005018584430217743, 0.19830898940563202, 0.17316043376922607, 0.24019214510917664, 0.51861971616745, 0.2829371690750122, 0.5621797442436218, 0.7621762752532959, 0.1601765751838684, 0.19224190711975098, 0.3218185305595398, 0.12943823635578156, 0.0005634098779410124, 0.9290926456451416, 0.0, 0.11330245435237885, 0.07842384278774261, 0.03365545719861984, 0.02277822233736515, 0.08025753498077393, 0.16743387281894684, 0.6483920812606812, 0.20161722600460052, 0.520229697227478, 0.07600025087594986, 0.0, 2.3156344890594482, 0.6031085252761841, 0.0, 0.376605749130249, 0.02336154691874981, 0.0, 0.11261540651321411, 0.42442387342453003, 0.11030072718858719, 0.49240541458129883, 2.264629364013672, 0.3981112539768219, 0.0, 1.961868166923523, 1.5786492824554443, 1.543929934501648, 0.25322407484054565, 0.11512898653745651, 0.04205150157213211, 0.2660324275493622, 0.11436599493026733, 0.0, 0.4624256491661072, 1.4168202877044678, 0.09630998969078064, 0.6191413998603821, 0.5455524325370789, 0.34311333298683167, 1.3516243696212769, 0.13724260032176971, 0.44218042492866516, 0.1795586496591568, 0.03725370764732361, 0.46973904967308044, 0.37769970297813416, 0.29810404777526855, 0.8994689583778381, 0.27822721004486084, 0.10043961554765701, 0.005036980379372835, 0.4274482727050781, 0.17131753265857697, 0.100145623087883, 0.6384225487709045, 0.09346860647201538, 0.05989012494683266, 0.014489480294287205, 0.026162130758166313, 1.066847801208496, 0.022035321220755577, 1.232792854309082, 0.4871296286582947, 3.667806625366211, 0.4394831359386444, 0.03355088457465172, 2.0282723903656006, 0.8500651717185974, 1.3317235708236694, 0.45064517855644226, 0.4151708781719208, 0.15342529118061066, 0.10997165739536285, 0.6875501871109009, 0.044858139008283615, 1.5961740016937256, 0.5066059827804565, 0.328055739402771, 0.01576191373169422, 1.0289536714553833, 0.9358971118927002, 0.048720285296440125, 1.3432495594024658, 0.023980559781193733, 0.10934792459011078, 0.10907748341560364, 2.6335296630859375, 0.350655198097229, 0.30100348591804504, 0.1716669499874115, 0.09178392589092255, 0.3391554057598114, 1.215422511100769, 1.4469259977340698, 1.563603401184082, 0.4840486943721771, 0.44906654953956604, 0.0, 0.9943627119064331, 0.2195845991373062, 0.04564933478832245, 3.98879075050354, 0.525274395942688, 0.0, 0.2136823683977127, 0.13384070992469788, 1.0067204236984253, 0.1357981264591217, 0.0894959345459938, 1.571879506111145, 0.49709552526474, 0.14830760657787323, 0.008116649463772774, 0.16425341367721558, 0.1624222993850708, 0.8964848518371582, 1.588557481765747, 0.012426504865288734, 0.6782023906707764, 0.0, 0.07819491624832153, 1.5415319204330444, 1.835019588470459, 0.00762682780623436, 0.0, 0.04530256241559982, 0.06937448680400848, 0.09501074999570847, 0.9064079523086548, 0.0, 0.7388449907302856, 0.019299529492855072, 0.765863835811615, 0.0, 0.0, 0.4648444652557373, 0.20829325914382935, 0.10603836923837662, 1.6597634553909302, 0.003958743531256914, 0.008592883124947548, 2.4329607486724854, 0.6587740778923035]",Testing/glioma_tumor/image(69).jpg
"[0.31011101603507996, 1.9911078214645386, 0.008948099799454212, 0.10143377631902695, 0.8922733664512634, 0.35117387771606445, 2.823777198791504, 0.49127742648124695, 0.09723013639450073, 0.012594938278198242, 0.04538610950112343, 0.04592709243297577, 0.009016260504722595, 0.3990188539028168, 0.021027822047472, 0.1698581576347351, 0.6933468580245972, 1.3986579179763794, 1.3584043979644775, 0.010691842064261436, 0.39443400502204895, 0.5847910642623901, 1.2353159189224243, 0.03783750906586647, 0.5324591398239136, 0.23658296465873718, 2.3541953563690186, 0.008907699957489967, 0.19551071524620056, 0.0, 0.3423774540424347, 1.1744450330734253, 0.8350071907043457, 0.1128859594464302, 0.5434508323669434, 0.14952486753463745, 0.12844237685203552, 0.12434972822666168, 0.05879923701286316, 0.039086371660232544, 1.2067992687225342, 0.5695528984069824, 0.07968369871377945, 0.04506564512848854, 0.0, 0.0, 0.0, 0.9673361778259277, 0.2156136929988861, 0.2989259362220764, 0.753538966178894, 0.9654816389083862, 1.5369035005569458, 0.12650275230407715, 0.7996494770050049, 1.9961899518966675, 1.768934726715088, 0.7291588187217712, 0.16763876378536224, 0.0, 0.22416573762893677, 2.662832260131836, 0.45983684062957764, 2.4293582439422607, 0.4890422523021698, 0.0, 0.23666825890541077, 0.10182109475135803, 0.07608886808156967, 0.1145918145775795, 0.050578176975250244, 0.0, 0.11286156624555588, 3.3875396251678467, 0.18708011507987976, 0.0, 1.9591273069381714, 0.3156694769859314, 0.0, 0.11329877376556396, 0.3194483816623688, 0.5653473734855652, 3.4548099040985107, 0.021636229008436203, 0.45595020055770874, 0.3493063747882843, 1.3844349384307861, 0.1747102588415146, 0.27709102630615234, 0.25902479887008667, 0.8783075213432312, 0.2896769642829895, 2.0525240898132324, 0.7310560345649719, 0.31367015838623047, 0.17824219167232513, 0.2585831582546234, 0.10435359179973602, 0.030186038464307785, 0.2604987621307373, 1.0539710521697998, 1.2133653163909912, 0.0, 0.17729148268699646, 3.070905923843384, 0.0, 0.010499934665858746, 2.1518537998199463, 0.0, 1.4497822523117065, 0.023120107129216194, 0.0, 0.2455148547887802, 0.043511342257261276, 0.5528554916381836, 0.3304446041584015, 0.05111111328005791, 0.16632603108882904, 0.34047409892082214, 0.3641253113746643, 0.030985910445451736, 0.010967322625219822, 0.05125809833407402, 0.008595391176640987, 0.203498974442482, 1.5993462800979614, 1.0296645164489746, 0.7680779099464417, 3.5012550354003906, 0.006552007514983416, 0.20690535008907318, 0.7128955125808716, 0.0545295774936676, 0.2518388628959656, 0.23374812304973602, 0.0, 0.6611068248748779, 0.17852751910686493, 0.01167548168450594, 0.03318732976913452, 0.041294705122709274, 0.9485949277877808, 0.0, 0.26324400305747986, 0.736810028553009, 0.3425140678882599, 0.1260286122560501, 0.6387131214141846, 0.471773624420166, 0.219430610537529, 1.311435580253601, 0.10905380547046661, 0.8296321034431458, 0.04499707370996475, 0.14998748898506165, 0.7536280751228333, 0.011823530308902264, 1.044096827507019, 1.9441540241241455, 0.5677527785301208, 0.7790346741676331, 0.0, 0.0, 0.5751832723617554, 0.0, 0.04169066995382309, 1.145449161529541, 0.1147189661860466, 0.1897880733013153, 5.608955383300781, 1.0123018026351929, 0.4178178608417511, 0.06825732439756393, 0.17458297312259674, 0.5401631593704224, 0.5554544925689697, 0.0368633009493351, 0.9371521472930908, 0.055736053735017776, 0.2846158742904663, 0.3257179260253906, 0.0, 0.07002189010381699, 0.12586379051208496, 0.06400196999311447, 0.004217352252453566, 0.03904584050178528, 0.6860341429710388, 0.18277816474437714, 0.15301646292209625, 0.1569286435842514, 0.2301134169101715, 0.29683035612106323, 0.0, 0.887445867061615, 0.3771706521511078, 0.5437949895858765, 0.8963503837585449, 0.0, 0.13048838078975677, 0.1490110456943512, 0.7802268266677856, 1.6226552724838257, 0.023825930431485176, 1.8254703283309937, 0.3324156105518341, 1.6147429943084717, 0.0, 0.2692331075668335, 0.3378598690032959, 0.46232372522354126, 1.7396025657653809, 0.0, 1.875699758529663, 0.0, 1.4705536365509033, 1.8038442134857178, 0.8450680375099182, 0.26121070981025696, 0.0037471079267561436, 0.6600064635276794, 0.0, 1.277010202407837, 0.026764320209622383, 0.0, 0.24874834716320038, 0.094411700963974, 0.09765883535146713, 0.4758487343788147, 0.15076404809951782, 0.2216167449951172, 0.03927944228053093, 0.11415884643793106, 0.17532068490982056, 0.20060290396213531, 0.018970828503370285, 0.002037264872342348, 0.01910303346812725, 0.013422107324004173, 0.6616100668907166, 0.08753328025341034, 0.7099709510803223, 1.5474982261657715, 0.0008213106193579733, 0.10159317404031754, 1.6308690309524536, 0.27374550700187683, 1.2234747409820557, 0.09374994039535522, 1.515557885169983, 0.6289756894111633, 0.34773117303848267, 0.2634051442146301, 0.24595147371292114, 0.7544195055961609, 0.182278573513031, 0.7140004634857178, 2.529855251312256, 0.9607571959495544, 0.4640166163444519, 0.3506150543689728, 0.0, 0.9362502098083496, 0.0, 0.0, 0.59552001953125, 0.6258836388587952, 0.08220192044973373, 0.0, 0.0, 0.46165597438812256, 0.01537003368139267, 0.4865565299987793, 0.2704559564590454, 1.9199347496032715, 0.23240157961845398, 0.02908365987241268, 0.6177851557731628, 0.3961818516254425, 0.10620661824941635, 0.2984839379787445, 0.17465052008628845, 0.9826604127883911, 0.1966446042060852, 0.0, 1.471398949623108, 0.466947078704834, 0.0016032432904466987, 0.13902999460697174, 0.22174841165542603, 0.2508469521999359, 0.5588091015815735, 0.0, 0.22293880581855774, 0.004524965770542622, 4.23301362991333, 0.9058346152305603, 0.032118573784828186, 0.22107219696044922, 1.23569655418396, 0.429220974445343, 0.35859042406082153, 3.918306827545166, 0.050497692078351974, 2.4151673316955566, 0.40158018469810486, 0.14545418322086334, 0.0, 0.45207929611206055, 0.33088698983192444, 0.7257921099662781, 1.1666195392608643, 0.2670333683490753, 0.7940782308578491, 0.09969384223222733, 0.37937110662460327, 0.5317333936691284, 0.06747707724571228, 0.0, 0.4047712981700897, 0.6883634328842163, 2.613121509552002, 1.061939001083374, 0.11554183810949326, 6.101082908571698e-05, 0.0572555735707283, 0.0, 0.3063586354255676, 3.0375454425811768, 0.21931834518909454, 0.0461416095495224, 0.017605993896722794, 1.683618187904358, 0.19763997197151184, 0.00042483757715672255, 0.016129590570926666, 2.699244499206543, 0.30198758840560913, 1.1389713287353516, 0.5129066109657288, 0.2746235728263855, 0.00605466403067112, 0.09318875521421432, 0.14186996221542358, 0.0, 0.05111686512827873, 0.08701515197753906, 0.16757462918758392, 0.1660376638174057, 2.791679620742798, 0.018451854586601257, 0.12468445301055908, 0.09124097228050232, 0.07606403529644012, 0.5923346281051636, 0.24982903897762299, 0.07621433585882187, 0.4974309206008911, 0.002335580065846443, 0.1515413075685501, 0.2147354632616043, 0.24334463477134705, 0.42840880155563354, 0.20298106968402863, 0.1696355938911438, 2.0216588973999023, 0.023692267015576363, 0.204061821103096, 4.3704094886779785, 0.30706003308296204, 0.0876099169254303, 0.21649979054927826, 1.6704339981079102, 0.0736805871129036, 0.045087311416864395, 0.2639194428920746, 2.70802903175354, 1.9916739463806152, 0.0, 0.03036162257194519, 0.1266596019268036, 0.029662927612662315, 0.282400518655777, 0.0, 0.2920418679714203, 0.016182316467165947, 2.44606614112854, 1.3641183376312256, 0.04189883545041084, 1.048891305923462, 0.04577304795384407, 0.33355075120925903, 0.21179530024528503, 0.5335579514503479, 0.19200360774993896, 5.2866339683532715, 0.0017285541398450732, 0.5163010954856873, 1.1223170757293701, 0.632051408290863, 0.06155649572610855, 0.0, 0.0, 0.0, 0.01283884048461914, 2.149670124053955, 0.2771381735801697, 0.054029785096645355, 0.1733497679233551, 0.03190175071358681, 0.1578206568956375, 0.04902671277523041, 0.1073269322514534, 0.002187130507081747, 0.08480456471443176, 2.6941213607788086, 0.19780687987804413, 1.282649278640747, 0.5127265453338623, 0.014420470222830772, 1.5024173259735107, 0.0, 0.30972838401794434, 0.20877601206302643, 0.049624618142843246, 0.19874992966651917, 0.5083289742469788, 0.03445269539952278, 0.21262091398239136, 0.03711606562137604, 0.8301068544387817, 0.0, 0.45852723717689514, 0.9963905215263367, 1.8513236045837402, 0.5605527758598328, 0.053472187370061874, 1.2294644117355347, 1.703603982925415, 0.0, 0.21483172476291656, 0.09651180356740952, 1.1253129243850708, 0.016104532405734062, 0.18973632156848907, 0.20622529089450836, 0.39803704619407654, 0.22613978385925293, 0.12861096858978271, 0.06620732694864273, 0.3538641631603241, 0.00522863632068038, 0.7744596004486084, 0.0004839167231693864, 0.44063347578048706, 0.909110963344574, 0.11670242995023727, 0.06667941063642502, 0.11749430000782013, 1.2926374673843384, 0.20585039258003235, 0.8345963358879089, 0.43520089983940125, 1.1720473766326904, 0.056324779987335205, 0.7921050786972046, 0.17016831040382385, 1.270110011100769, 0.37501248717308044, 0.6311473250389099, 0.2246856838464737, 0.08491653949022293, 0.03963465988636017, 1.6983505487442017, 0.017307154834270477, 0.0292735043913126, 0.05481598153710365, 0.0, 0.04717062786221504, 0.34776341915130615, 1.702122449874878, 1.5285485982894897, 3.182981014251709, 0.3203681707382202, 0.11233507096767426, 0.08932039886713028, 0.18891583383083344, 0.004293434321880341, 0.538854718208313, 0.23407267034053802, 1.0931047201156616, 2.419743537902832, 0.024107718840241432, 0.02082844078540802, 3.0960381031036377, 0.03280966728925705, 0.0006548287929035723, 0.12679845094680786, 1.0140162706375122, 0.19715644419193268, 0.26485732197761536, 0.896638035774231, 0.3494144380092621, 4.109391689300537, 0.07491439580917358, 0.31195947527885437, 0.15643034875392914, 0.0365046001970768, 0.5807479619979858, 0.6111575365066528, 0.0277456846088171, 0.24279455840587616, 0.009683290496468544, 0.26177749037742615, 0.07793592661619186, 0.1159447431564331, 0.03558289632201195, 0.25322064757347107, 0.036555781960487366, 0.00870058499276638, 0.1558317244052887, 0.1904476135969162, 0.0, 0.28855574131011963, 0.05565865337848663, 0.5151267051696777, 0.020435664802789688, 0.04710341989994049, 1.8728824853897095, 0.37682563066482544, 0.07518937438726425, 1.6897609233856201, 0.1612744927406311, 0.9217528700828552, 0.02993346005678177, 0.3705821931362152, 3.0764312744140625, 0.11739690601825714, 0.6774805784225464, 0.0, 0.2625734508037567, 1.4140512943267822, 0.5819367170333862, 0.051192209124565125, 0.7958102822303772, 4.035873889923096, 0.0, 0.556036114692688, 0.2830637991428375, 0.0, 0.06624823808670044, 0.04107751324772835, 0.23891900479793549, 0.006324068643152714, 0.3346698582172394, 1.687122106552124, 1.1927632093429565, 0.009553705342113972, 0.01067755650728941, 1.002173900604248, 0.8283540606498718, 0.4867234528064728, 1.2131274938583374, 0.008563684299588203, 0.0, 0.10754507780075073, 1.9692487716674805, 0.4660079777240753, 1.3361250162124634, 0.04390331357717514, 0.6513579487800598, 0.007710291538387537, 0.40182381868362427, 0.20098666846752167, 0.19568979740142822, 0.6451420783996582, 0.21789391338825226, 0.1293344646692276, 0.10908200591802597, 0.26971590518951416, 0.8642407059669495, 0.022172028198838234, 0.4590085446834564, 0.09895598143339157, 0.1790807545185089, 0.04071564972400665, 1.1214690208435059, 0.006941221188753843, 0.0, 0.063289113342762, 0.009098024107515812, 0.15422062575817108, 0.24097996950149536, 0.0, 0.0, 0.0010531580774113536, 0.6964183449745178, 0.02054496482014656, 0.0075939917005598545, 0.49672216176986694, 0.5384694337844849, 3.7601420879364014, 2.2173867225646973, 0.723217248916626, 0.0, 0.05403127521276474, 1.0729124546051025, 0.11897934973239899, 0.8614563941955566, 2.555101156234741, 1.3514236211776733, 0.5141310691833496, 0.47099509835243225, 0.07333508133888245, 0.460527628660202, 0.2353716939687729, 0.03872809186577797, 0.17714069783687592, 0.0, 0.3131977915763855, 0.3086993098258972, 0.0, 3.204521417617798, 0.5464941263198853, 1.5437387228012085, 0.5785520076751709, 0.49351435899734497, 0.02086598239839077, 0.21712163090705872, 0.3065178096294403, 0.05541291460394859, 0.0, 0.2809443473815918, 0.39449912309646606, 0.02667234092950821, 0.10210748761892319, 0.33750098943710327, 0.003594880225136876, 0.017654847353696823, 0.07853052765130997, 0.5169345140457153, 0.012356758117675781, 0.9807494878768921, 0.6039478778839111, 0.04936201870441437, 2.517662525177002, 2.549328327178955, 1.0572738647460938, 0.11446695774793625, 0.16562002897262573, 0.9413767457008362, 0.09467217326164246, 0.05898480489850044, 0.0026596663519740105, 2.2243289947509766, 0.0768921971321106, 0.06509850919246674, 1.7506499290466309, 0.12204822152853012, 0.12307573854923248, 0.2664984464645386, 0.04696590453386307, 0.05155455321073532, 0.1899377405643463, 1.3965814113616943, 0.13865649700164795, 1.6350024938583374, 0.007712461519986391, 0.022817134857177734, 0.1432291567325592, 0.6595438122749329, 0.582342803478241, 0.05056923255324364, 0.03905130922794342, 1.1231130361557007, 0.5018123388290405, 0.17572586238384247, 0.3764725625514984, 0.08766008168458939, 2.573307514190674, 1.045535922050476, 0.0, 0.0, 0.1301615685224533, 0.15210838615894318, 1.3401535749435425, 0.9172887802124023, 0.39623650908470154, 1.193827748298645, 0.16228610277175903, 0.0, 0.4182470738887787, 0.014401689171791077, 0.03762269392609596, 0.0, 0.021661030128598213, 1.1239410638809204, 0.35760459303855896, 0.0, 0.5790132880210876, 0.1069488450884819, 0.1004638671875, 1.4236602783203125, 0.5474839210510254, 0.08425696939229965, 0.00795689132064581, 0.8905686140060425, 0.9982647895812988, 0.8073059916496277, 0.025983264669775963, 6.1527533531188965, 0.0, 0.9214876890182495, 0.16342949867248535, 0.26556044816970825, 0.24565033614635468, 0.4573127329349518, 0.010160409845411777, 0.0, 0.10621055215597153, 0.6889710426330566, 2.073688507080078, 0.2772338390350342, 0.19533582031726837, 0.23044313490390778, 2.163785696029663, 1.3813221454620361, 0.20839917659759521, 0.09295054525136948, 0.12659300863742828, 1.2413593530654907, 0.11170895397663116, 0.09329591691493988, 0.1442919820547104, 0.5196974873542786, 0.16080190241336823, 0.2962021231651306, 0.05513013154268265, 2.181581974029541, 0.43268996477127075, 0.046107642352581024, 0.48753559589385986, 0.8607831597328186, 0.4012833535671234, 0.05184810981154442, 1.3687145709991455, 0.02015342190861702, 0.0, 0.1554574817419052, 0.0816231444478035, 1.65142822265625, 0.7855201363563538, 0.5082045793533325, 5.829091151099419e-06, 1.2100896835327148, 0.006561914458870888, 1.1413370370864868, 0.21352893114089966, 0.08646058291196823, 0.5748295783996582, 1.369214415550232, 0.07150901108980179, 0.6954498291015625, 0.8520381450653076, 0.07787878811359406, 0.13488809764385223, 0.31196701526641846, 0.3809327483177185, 0.43281304836273193, 1.148720622062683, 0.04593221843242645, 0.01285800151526928, 0.33834418654441833, 0.0, 0.13723871111869812, 0.5646826028823853, 0.03532039746642113, 0.15644626319408417, 2.0794734954833984, 2.5015439987182617, 0.30850058794021606, 1.2110639810562134, 1.0065462589263916, 0.0, 0.006687261629849672, 0.6428837776184082, 0.528474748134613, 0.2866694927215576, 0.42457643151283264, 0.0, 0.045291315764188766, 0.3987390697002411, 0.7765994668006897, 0.008668228052556515, 1.138326644897461, 0.7737609148025513, 0.0, 0.005418675485998392, 0.4727213978767395, 0.08060040324926376, 0.04332837462425232, 0.0, 0.027919506654143333, 1.7451335191726685, 0.002660469152033329, 0.0, 2.6439576148986816, 1.2420051097869873, 0.45414671301841736, 0.2794792652130127, 0.2004861682653427, 0.23889319598674774, 1.537177562713623, 0.0, 0.7399036884307861, 0.0, 1.011113166809082, 1.2046592235565186, 0.03513740375638008, 0.0, 0.0, 0.05167201906442642, 1.1382569074630737, 0.04769868776202202, 0.0, 2.999549150466919, 0.46173515915870667, 0.027625735849142075, 1.6149637699127197, 3.242602586746216, 0.0, 0.45708590745925903, 0.41025686264038086, 1.1812543869018555, 0.06052034720778465, 2.7324557304382324, 0.027947137132287025, 0.029777223244309425, 0.027200300246477127, 0.04304836317896843, 0.07091780751943588, 0.029423322528600693, 0.02988170087337494, 0.8312534689903259, 1.665313720703125, 0.21733924746513367, 0.2772682011127472, 0.16904492676258087, 0.14641211926937103, 4.9303059577941895, 0.017943406477570534, 0.17823758721351624, 2.1215827465057373, 0.0, 0.2904599606990814, 0.5571978688240051, 0.2789250314235687, 0.22940942645072937, 0.17137935757637024, 1.0326337814331055, 0.5858750343322754, 0.13027335703372955, 0.7961995601654053, 0.003217222634702921, 0.7817168235778809, 0.16798171401023865, 0.662219762802124, 0.05707140266895294, 0.12423592805862427, 7.3440961837768555, 1.419403076171875, 1.0533716678619385, 0.0, 0.6485315561294556, 2.7647290229797363, 1.0396742820739746, 0.007421048358082771, 0.664098858833313, 1.8622699975967407, 0.1233622208237648, 0.42946091294288635, 4.6382365226745605, 1.2854515314102173, 0.0, 0.5110897421836853, 0.002416289644315839, 2.7646567821502686, 0.997875988483429, 0.6073384284973145, 0.00841990765184164, 0.0014845570549368858, 0.3309192657470703, 0.1136910542845726, 0.07880783826112747, 0.41220948100090027, 0.2922772169113159, 0.09722559154033661, 0.5330676436424255, 0.06396521627902985, 0.4542210102081299, 0.41715264320373535, 0.7306920289993286, 0.0, 0.012528251856565475, 3.9658854007720947, 0.0, 0.06843201816082001, 0.4347545802593231, 0.17556965351104736, 0.2930583357810974, 0.3986048698425293, 0.12680308520793915, 0.07681169360876083, 0.29077786207199097, 0.3762051463127136, 1.2367429733276367, 0.9315578937530518, 0.08908389508724213, 0.07990103960037231, 0.04146963357925415, 0.042630501091480255, 0.9860581159591675, 0.6270483136177063, 0.031958408653736115, 1.6703943014144897, 0.0, 0.14779481291770935, 0.43562039732933044, 1.745881199836731, 0.0, 0.24006499350070953, 0.769561767578125, 1.3629145622253418, 0.042997073382139206, 0.632889449596405, 1.6139754056930542, 0.0, 0.1948319524526596, 0.0, 0.1984713077545166, 0.241357684135437, 0.20565149188041687, 0.04366736486554146, 0.17017611861228943, 0.015577951446175575, 0.30082201957702637, 0.011539794504642487, 0.30607208609580994, 0.042487844824790955, 1.450828194618225, 0.0, 0.0, 0.15066435933113098, 0.23952187597751617, 0.3202643394470215, 0.5720941424369812, 0.4917341470718384, 1.6193273067474365, 0.47064146399497986, 0.25406843423843384, 0.05108308792114258, 0.043185021728277206, 0.02055082842707634, 0.49593403935432434, 1.3610072135925293, 1.5103700160980225, 0.43749579787254333, 0.9785089492797852, 0.12574687600135803, 0.23047029972076416, 0.3104243874549866, 0.40319809317588806, 0.19104978442192078, 0.16126108169555664, 0.0, 0.3342381715774536, 0.0089651420712471, 0.09944053739309311, 1.202059030532837, 0.056174393743276596, 1.2979398965835571, 1.814374327659607, 0.9884772896766663, 0.0, 0.5903648734092712, 0.0060219960287213326, 0.31779420375823975, 0.225815087556839, 0.0416170135140419, 0.0054152230732142925, 0.04106271639466286, 2.6738498210906982, 0.21658757328987122, 0.5659146308898926, 0.019279904663562775, 0.06264078617095947, 0.09901317209005356, 0.0, 1.080854892730713, 0.044282346963882446, 1.4556148052215576, 0.36871346831321716, 1.3376765251159668, 0.36974093317985535, 0.4249524474143982, 0.12426462024450302, 1.023877739906311, 0.0, 2.866948366165161, 0.0, 0.12516923248767853, 0.0, 0.6257148385047913, 2.478182315826416, 0.05492040142416954, 0.0791991651058197, 0.16693183779716492, 0.04756671190261841, 0.30130982398986816, 0.9070940613746643, 0.5256350040435791, 0.1541469693183899, 0.0, 0.5318444967269897, 0.027729861438274384, 0.0, 0.7343056201934814, 0.18643175065517426, 0.14191383123397827, 0.44356003403663635, 0.17303010821342468, 0.5359520316123962, 0.8173757791519165, 0.01012788712978363, 0.08499517291784286, 0.03508065268397331, 0.7623960375785828, 0.028915677219629288, 0.0028151930309832096, 0.044986750930547714, 0.5078341364860535, 0.43004897236824036, 1.552349328994751, 0.0, 0.0, 0.004504593089222908, 0.0, 0.11662619560956955, 0.0018904939061030746, 0.0, 0.0, 0.040991008281707764, 0.06053326651453972, 0.20745882391929626, 0.09104668349027634, 0.04874062538146973, 0.02303781360387802, 1.7643990516662598, 1.3842540979385376, 1.5067341327667236, 0.23236966133117676, 0.16295860707759857, 0.0552600733935833, 0.07094024866819382, 0.04008032754063606, 0.11014190316200256, 0.19570083916187286, 0.1440393030643463, 0.0, 0.6556304693222046, 0.11770996451377869, 2.033566951751709, 0.23801402747631073, 0.525568425655365, 0.07244753837585449, 0.0, 0.27435094118118286, 0.0793023332953453, 0.214370995759964, 0.05807150527834892, 0.61629319190979, 0.012549522332847118, 0.870750367641449, 0.30059507489204407, 0.14498575031757355, 0.8878745436668396, 0.3949577808380127, 1.378791332244873, 2.8802602291107178, 0.19417960941791534, 0.08524324744939804, 0.3353729248046875, 0.05914983153343201, 0.0, 1.6420564651489258, 0.0, 0.00551964808255434, 0.019725166261196136, 0.0023683381732553244, 0.7598217725753784, 0.00880415365099907, 0.1321558803319931, 0.39557012915611267, 0.0, 0.47091779112815857, 0.8861241340637207, 0.5891101360321045, 0.057552844285964966, 0.04725739359855652, 0.47935017943382263, 0.2229805439710617, 0.18100643157958984, 0.9352414011955261, 0.32767027616500854, 0.35951095819473267, 0.5756686329841614, 0.0, 0.08293702453374863, 0.2212863713502884, 0.13346590101718903, 1.3697036504745483, 0.5577610731124878, 0.09590314328670502, 0.38353830575942993, 0.06204042583703995, 0.9196085333824158, 0.0046621100045740604, 0.22978974878787994, 1.7429463863372803, 0.021807057783007622, 0.0, 0.28717052936553955, 0.043198343366384506, 1.899733543395996, 0.05968543514609337, 0.0, 0.036651719361543655, 0.0, 1.2510123252868652, 0.4738566279411316, 0.01599743589758873, 0.14655464887619019, 2.886502981185913, 0.0, 0.13921155035495758, 0.18090765178203583, 0.33467429876327515, 0.029880207031965256, 0.0, 0.32932040095329285, 1.0865212678909302, 0.17516155540943146, 0.6799517273902893, 0.11703431606292725, 2.3824586868286133, 0.018136395141482353, 0.0, 0.5711699724197388, 0.00602182699367404, 0.548560619354248, 0.019378583878278732, 0.17291538417339325, 0.31637850403785706, 0.08012396097183228, 0.0, 0.0, 0.21117107570171356, 0.05647674947977066, 0.11853665858507156, 1.049729585647583, 0.44277021288871765, 0.0, 0.0, 0.35146448016166687, 0.09031017124652863, 0.2726401388645172, 0.0, 0.08497447520494461, 0.053885649889707565, 1.1778687238693237, 0.06716964393854141, 0.21210555732250214, 0.26016974449157715, 0.009380904957652092, 0.014141873456537724, 0.03611145168542862, 0.12939779460430145, 1.5545604228973389, 0.19515757262706757, 0.32749953866004944, 0.0, 0.34951767325401306, 0.117362380027771, 0.0, 0.07213539630174637, 2.945101022720337, 0.692594051361084, 0.6346601247787476, 0.03550085797905922, 0.5747033357620239, 0.7031890153884888, 0.47860005497932434, 0.05400140956044197, 0.0064212060533463955, 0.5115361213684082, 0.142155721783638, 0.5312495231628418, 0.19605860114097595, 1.4947046041488647, 0.2485649585723877, 0.8840601444244385, 0.0, 0.852844774723053, 2.2292137145996094, 0.028057219460606575, 0.17733578383922577, 0.0, 0.5525640249252319, 0.02064339444041252, 0.39724668860435486, 0.33412134647369385, 0.737102746963501, 0.5567457675933838, 1.1775898933410645, 0.22038830816745758, 0.31938105821609497, 0.23156286776065826, 0.5664469599723816, 0.3963332772254944, 0.22189447283744812, 0.10205918550491333, 0.04930293932557106, 0.0274497102946043, 1.5569281578063965, 0.001344639458693564, 0.0, 0.03821954131126404, 0.20280925929546356, 0.20066051185131073, 0.219797283411026, 0.20533226430416107, 1.1012475490570068, 0.3418287932872772, 3.0947883129119873, 0.031801335513591766, 0.12389437109231949, 0.06452175229787827, 0.0, 0.13157567381858826, 0.15175634622573853, 0.077766552567482, 2.2221643924713135, 0.0, 0.0229247584939003, 0.22779160737991333, 0.6038537621498108, 1.5793375968933105, 0.0, 0.15179668366909027, 0.1300782412290573, 0.6822570562362671, 0.08902565389871597, 0.00847078301012516, 1.452849268913269, 0.2477693408727646, 3.26723051071167, 1.236835241317749, 1.0907396078109741, 0.5659086108207703, 0.07569918036460876, 0.2024751752614975, 0.20534013211727142, 0.2624022662639618, 3.149245500564575, 0.16933277249336243, 0.0, 0.2303292155265808, 0.13996142148971558, 0.0036432426422834396, 0.08549865335226059, 0.0798763707280159, 0.265049010515213, 0.9096654653549194, 0.23248858749866486, 0.024504544213414192, 0.12025679647922516, 0.11229473352432251, 0.49942564964294434, 0.1441475749015808, 2.369896173477173, 0.5089758038520813, 0.003915487322956324, 0.17235220968723297, 0.4377601742744446, 0.0036490352358669043, 0.48093926906585693, 0.01618790626525879, 0.5447501540184021, 0.09070729464292526, 0.04522460326552391, 1.4537450075149536, 0.20215019583702087, 0.3410129249095917, 2.536045551300049, 0.30131101608276367, 0.06597533822059631, 0.020915338769555092, 0.071407251060009, 0.41764014959335327, 0.7012202739715576, 0.6341822743415833, 0.10257407277822495, 0.08912157267332077, 0.03974763676524162, 0.2885169982910156, 0.11015666276216507, 1.2757147550582886, 0.0, 1.6659175157546997, 0.4067269563674927, 1.0703116655349731, 0.09754165261983871, 0.01917366310954094, 0.09082095324993134, 0.10039368271827698, 0.0063317990861833096, 0.3748338222503662, 0.03484061360359192, 1.768716812133789, 0.3371315002441406, 1.8216722011566162, 0.0, 1.4875797033309937, 2.235286235809326, 0.0, 0.0981319397687912, 1.7544374465942383, 0.013830450363457203, 0.5283076763153076, 0.22126922011375427, 0.04607470706105232, 0.03069528564810753, 0.21094997227191925, 0.10649731010198593, 0.0, 3.927579879760742, 0.05106312781572342, 0.014274263754487038, 0.06822523474693298, 1.5445661544799805, 0.18501439690589905, 0.02475566230714321, 0.22182504832744598, 0.007457163650542498, 3.202458381652832, 0.118734210729599, 0.0015452272491529584, 0.5618823170661926, 0.05773307755589485, 0.47194504737854004, 0.5662356019020081, 0.17253686487674713, 0.12940499186515808, 0.014918120577931404, 0.04388929903507233, 0.42257535457611084, 0.10177084058523178, 0.0, 0.22583550214767456, 0.0, 0.6439178586006165, 0.04442673176527023, 0.3413960635662079, 0.08983717113733292, 2.592200517654419, 0.08037347346544266, 0.6468355059623718, 0.005562208127230406, 0.8482757210731506, 0.11044091731309891, 2.464252471923828, 0.9894713759422302, 0.07000722736120224, 0.21254540979862213, 0.20392826199531555, 0.021510140970349312, 1.4216023683547974, 0.06318313628435135, 0.04184625670313835, 0.1178593561053276, 0.032543983310461044, 0.01233482826501131, 0.07209605723619461, 0.36162519454956055, 0.08678000420331955, 0.461166650056839, 0.04607564955949783, 2.462226152420044, 0.0997002050280571, 0.7411140203475952, 0.28792423009872437, 0.7153635025024414, 0.4841536283493042, 1.1868834495544434, 0.004025763366371393, 0.010663406923413277, 0.0, 0.25262340903282166, 0.16024531424045563, 0.14465899765491486, 0.05330535024404526, 0.027908330783247948, 0.10254453867673874, 0.06975109875202179, 0.010211511515080929, 0.38658344745635986, 0.14613811671733856, 2.338732957839966, 0.1479201465845108, 0.08017949014902115, 0.5048889517784119, 0.6607039570808411, 0.0, 0.6077049374580383, 0.045139264315366745, 0.08124136179685593, 0.4795672297477722, 0.0, 0.06064829230308533, 2.1957740783691406, 1.0222387313842773, 0.0, 0.2296449840068817, 0.05025854334235191, 0.0, 0.04172491654753685, 0.0, 0.015265313908457756, 1.160536766052246, 0.6641518473625183, 0.2769501507282257, 0.13213394582271576, 3.8369405269622803, 0.0, 0.25269630551338196, 1.030074119567871, 0.20896442234516144, 0.21066373586654663, 0.2559027075767517, 0.041029464453458786, 0.1381632387638092, 0.06450942903757095, 0.6259473562240601, 0.16783185303211212, 0.0, 0.052942607551813126, 0.021721642464399338, 0.14188048243522644, 0.0, 0.4408896267414093, 0.1838940978050232, 0.0, 0.37882691621780396, 0.46522441506385803, 2.1337599754333496, 1.2778733968734741, 0.2768937647342682, 0.5285885334014893, 0.022324472665786743, 0.003995802719146013, 0.36756303906440735, 0.011272800154983997, 0.5527200102806091, 0.12163905054330826, 0.10476958751678467, 0.0, 1.8168587684631348, 0.18206508457660675, 2.125195264816284, 0.22085747122764587, 0.25317272543907166, 0.6311843395233154, 0.02414955385029316, 0.8566491007804871, 0.11284878104925156, 0.026418184861540794, 0.0, 0.7719961404800415, 0.02756415121257305, 0.0, 0.08093631267547607, 0.12494417279958725, 0.25240960717201233, 0.05376097187399864, 0.2338716685771942, 0.021235402673482895, 0.7441794872283936, 0.13617262244224548, 0.0, 1.49139404296875, 0.08436626940965652, 0.4350064992904663, 0.07457888126373291, 3.394371509552002, 3.5071327686309814, 0.10657336562871933, 0.059419043362140656, 0.20320026576519012, 1.8943601846694946, 0.010873434133827686, 0.0, 2.393754243850708, 0.1861988604068756, 1.0203150510787964, 0.12547247111797333, 0.5990087389945984, 0.23724211752414703, 0.1360148936510086, 0.0, 0.04219074174761772, 1.2462583780288696, 0.11326589435338974, 0.13957692682743073, 0.03838558495044708, 0.9233973622322083, 0.5524995923042297, 0.08318042010068893, 0.0, 0.09817545861005783, 1.5433456897735596, 2.4589195251464844, 0.16690421104431152, 0.0, 0.3830724060535431, 0.0, 0.0, 0.09712723642587662, 0.0, 0.05120466277003288, 0.0, 1.7272796630859375, 0.0, 0.35149767994880676, 0.17028866708278656, 0.03193441405892372, 0.4165499210357666, 0.0, 0.23320670425891876, 0.9150263071060181, 0.020700059831142426, 0.44096922874450684, 0.8732754588127136, 1.136765956878662, 0.0, 0.0, 1.0011290311813354, 1.5267635583877563, 4.628769874572754, 0.9146523475646973, 0.02342643216252327, 1.3757256269454956, 0.07340425252914429, 0.2071855366230011, 0.8552764654159546, 0.049739111214876175, 0.5625434517860413, 0.17078202962875366, 0.12502503395080566, 0.12187027186155319, 0.7600837349891663, 0.03335300832986832, 0.022844942286610603, 0.3338440954685211, 0.23960979282855988, 0.06407245248556137, 0.0, 0.012569607235491276, 0.8243004679679871, 1.2741464376449585, 0.6694279909133911, 0.013374773785471916, 0.009764296934008598, 2.171905279159546, 1.1999781131744385, 0.17131966352462769, 0.0, 1.867246389389038, 0.0, 0.7469115257263184, 0.11278113722801208, 0.07752707600593567, 0.0, 0.6656835079193115, 0.12980219721794128, 0.005371517036110163, 1.7258914709091187, 0.037605538964271545, 0.1385444551706314, 1.516126036643982, 0.06843659281730652, 0.21429553627967834, 0.2977706789970398, 0.0, 0.7913179993629456, 0.0, 0.0670725405216217, 3.473390579223633, 0.45886632800102234, 1.0876173973083496, 2.1459109783172607, 0.009819244965910912, 0.8183095455169678, 0.9913161993026733, 0.07640523463487625, 0.29991796612739563, 0.05779275298118591, 0.033454034477472305, 0.04454382136464119, 1.0511484146118164, 0.005688594188541174, 0.40886735916137695, 0.17881324887275696, 0.17915210127830505, 0.41453295946121216, 0.7136039733886719, 1.7683178186416626, 0.4689749479293823, 0.63791424036026, 0.016587799414992332, 0.2079923003911972, 0.0, 0.3727455139160156, 0.23713119328022003, 0.07510686665773392, 0.0, 1.1621792316436768, 0.04616524279117584, 0.035079680383205414, 0.30253008008003235, 0.09368615597486496, 0.9930814504623413, 0.40481582283973694, 1.0930191278457642, 0.00111923657823354, 0.09765420854091644, 0.7888015508651733, 0.06806353479623795, 0.3231390416622162, 1.4163131713867188, 0.0640493780374527, 0.5200381278991699, 1.0757607221603394, 0.8132510185241699, 2.176162004470825, 0.0, 0.011947384104132652, 0.0, 0.4913828372955322, 0.06863290816545486, 0.08356545120477676, 0.011992746032774448, 0.3876616060733795, 0.19604289531707764, 0.0, 1.159858226776123, 0.6283538341522217, 0.15680696070194244, 0.07404130697250366, 0.1714637726545334, 0.5174648761749268, 0.09018812328577042, 1.8337854146957397, 0.5145604014396667, 0.003291704226285219, 0.012957651168107986, 0.2607859671115875, 0.26564866304397583, 1.0149023532867432, 0.3060927391052246, 0.04709070920944214, 0.19726383686065674, 0.0, 0.04977934807538986, 0.5291882157325745, 0.744297206401825, 1.428200364112854, 0.0038131913170218468, 0.0750630721449852, 0.42654162645339966, 0.6452038884162903, 0.0, 0.0030617008451372385, 0.20949998497962952, 0.02937241457402706, 0.7211121320724487, 0.0854392722249031, 0.43702495098114014, 0.0, 0.8984591960906982, 0.0, 0.1619342416524887, 0.3321624994277954, 0.5158605575561523, 1.0534555912017822, 0.0, 3.159083366394043, 0.06402894109487534, 0.7066462635993958, 0.027100134640932083, 0.17465104162693024, 0.008510409854352474, 0.3370234966278076, 0.229142427444458, 0.0, 0.23843643069267273, 0.13476166129112244, 0.27680590748786926, 0.07143253833055496, 0.055021461099386215, 0.18723975121974945, 1.3010746240615845, 0.17295606434345245, 0.06869464367628098, 0.06411679089069366, 0.04151349514722824, 1.2912392616271973, 0.07335847616195679, 1.1288111209869385, 0.14096732437610626, 1.0458394289016724, 1.1153459548950195, 0.8270472884178162, 0.5897870063781738, 0.0, 0.0064804041758179665, 3.339053153991699, 0.02931273728609085, 1.7681748867034912, 0.0719439908862114, 2.5743820667266846, 0.024252930656075478, 0.0, 0.5670179128646851, 0.08689448237419128, 0.13285662233829498, 0.04434630647301674, 0.0, 0.8831341862678528, 0.3534550666809082, 0.3976342976093292, 0.2166430950164795, 0.027201024815440178, 0.24252237379550934, 0.11443497985601425, 0.9448987245559692, 0.019386135041713715, 0.06859400868415833, 0.3507680594921112, 0.003813777584582567, 0.011905117891728878, 0.13769271969795227, 0.04312343895435333, 0.03204071894288063, 1.9462822675704956, 0.2982424795627594, 0.3109746277332306, 0.37752366065979004, 1.673073649406433, 0.14697140455245972, 1.2528237104415894, 0.14823682606220245, 0.11336956918239594, 0.05650787428021431, 1.0829362869262695, 0.0, 0.15313780307769775, 0.39897775650024414, 0.0, 0.34059494733810425, 0.00236507342197001, 0.0, 0.0, 0.18124040961265564, 3.334440231323242, 1.2806830406188965, 0.6233483552932739, 0.0, 0.05629946291446686, 3.5721936225891113, 0.9833673238754272, 1.8506473302841187, 0.015050506219267845, 0.03912132605910301, 0.156027689576149, 0.08463971316814423, 0.21356098353862762, 0.0, 0.001181096420623362, 0.0, 0.19877906143665314, 1.4260218143463135, 0.2146768718957901, 0.22930562496185303, 0.6745127439498901, 0.04897669330239296, 0.19634829461574554, 0.526875376701355, 0.023709740489721298, 0.0, 0.13283419609069824, 0.7264585494995117, 2.511547803878784, 0.40421536564826965, 0.5786974430084229, 0.3293788731098175, 0.7801093459129333, 0.06716941297054291, 0.006802641786634922, 0.20217245817184448, 0.10305461287498474, 0.29740071296691895, 0.46144577860832214, 8.845742225646973, 0.0, 0.01621035672724247, 0.07032376527786255, 1.032989501953125, 0.01755557768046856, 0.2931721806526184, 1.3590993881225586, 0.0, 0.1248571127653122, 0.14398354291915894, 0.5888146162033081, 1.332980751991272, 0.08426584303379059, 0.0946054458618164, 0.815873920917511, 0.16252975165843964, 0.019388491287827492, 0.007135804742574692, 0.6679415106773376, 0.6457070112228394, 0.2105637788772583, 0.5959604382514954, 0.0, 0.3109937608242035, 0.11468219012022018, 0.0037457433063536882, 1.487486720085144, 1.9263569116592407, 0.002735804533585906, 0.09515304863452911, 0.03498043492436409, 0.10486003011465073, 0.01909453794360161, 3.1500766277313232, 0.12976014614105225, 0.32417890429496765, 0.43270787596702576, 0.19564153254032135, 0.19697308540344238, 0.21298153698444366, 0.43000179529190063, 1.4383132457733154, 0.19875025749206543, 0.16806168854236603, 1.1238404512405396, 0.5155205130577087, 0.0, 0.0, 0.07927951216697693, 2.021425724029541, 0.07290665805339813, 3.766634464263916, 0.1443033069372177, 0.9450564384460449, 0.130624458193779, 0.6833651661872864, 0.7657533884048462, 0.4441271424293518, 0.04409632459282875, 0.02135833166539669, 1.8971970081329346, 2.768115997314453, 0.08662600070238113, 0.0, 0.0, 0.013287962414324284, 0.2767975926399231, 0.06689229607582092, 0.33704373240470886, 1.3128005266189575, 0.012277316302061081, 0.1568167507648468, 0.7059038281440735, 1.9615036249160767, 0.2689809501171112, 0.024017319083213806, 0.07838588953018188, 0.6367924213409424, 0.09031838923692703, 0.007112184539437294, 0.6005329489707947, 0.09321913123130798, 0.009297298267483711, 0.8412608504295349, 0.0017062206752598286, 0.015496884472668171, 0.45631280541419983, 0.10775085538625717, 0.3990475833415985, 0.0, 0.3134837746620178, 0.4562537670135498, 0.14270733296871185, 0.6382028460502625, 2.7328572273254395, 0.0, 0.01905081979930401, 0.5094826221466064, 0.11422494053840637, 0.14123165607452393, 0.18363617360591888, 0.15455760061740875, 0.5971570014953613, 1.7646055221557617, 0.13532787561416626, 0.3576663136482239, 0.2735986113548279, 2.3299033641815186, 2.172560453414917, 0.1511496901512146, 0.0012365749571472406, 0.1151420846581459, 0.12476354837417603, 0.1066705733537674, 0.0018076410051435232, 0.5538036227226257, 1.856374979019165, 0.0, 0.04191753268241882, 0.04298920929431915, 0.03457348048686981, 0.10795828700065613, 0.0, 0.8536558151245117, 1.55250084400177, 0.2312425822019577, 0.8458499312400818, 0.053762637078762054, 0.7062851190567017, 0.45031607151031494, 0.0, 0.025671564042568207, 0.05162745714187622, 0.40526312589645386, 0.379732608795166, 0.031087147071957588, 0.009143341332674026, 0.0, 0.22094200551509857, 0.708473265171051, 0.5497742295265198, 0.04800229147076607, 0.04142981022596359, 1.4300363063812256, 1.2910276651382446, 1.1582438945770264, 0.454439252614975, 0.16965033113956451, 1.5030328035354614, 0.6821430921554565, 1.3584975004196167, 0.01774592697620392, 2.145752191543579, 0.40444424748420715, 0.0, 0.7112202048301697, 0.11808954179286957, 0.233843594789505, 1.1014140844345093, 0.11043815314769745, 0.16613885760307312, 0.40883970260620117, 1.571549654006958, 0.0, 4.109298229217529, 0.1703224927186966, 0.09998451918363571, 0.10282251983880997, 1.9078149795532227, 0.033464159816503525, 0.0, 0.0460723340511322, 0.32723158597946167, 0.11699594557285309, 1.3713515996932983, 0.43834924697875977, 0.3472234904766083, 1.46832275390625, 0.2851003408432007, 0.2497555911540985, 0.11830773949623108, 1.5477608442306519, 0.1962982714176178, 2.424014091491699, 0.0, 0.1537310779094696, 1.335976004600525, 0.7286094427108765, 1.2050336599349976, 0.18299460411071777, 0.02579391747713089, 2.00608229637146, 1.124513864517212, 0.14097969233989716, 0.015351052395999432, 0.7575880289077759, 0.4303043782711029, 0.6696085333824158, 0.4217388331890106, 0.0, 0.25552263855934143, 0.0, 0.01676263101398945, 0.0, 1.3635623455047607, 0.0, 0.13983559608459473, 0.1761094182729721, 0.9555870890617371, 0.0, 0.3279532492160797, 0.06493578106164932, 0.41986212134361267, 0.0, 0.2288878858089447, 0.07058991491794586, 0.09825589507818222, 0.3813687562942505, 0.22292378544807434, 0.15824754536151886, 1.6915632486343384, 0.0, 0.04856619983911514, 1.854622721672058, 0.829728364944458]",Testing/glioma_tumor/image(53).jpg
"[0.14484314620494843, 0.04925491288304329, 0.0, 0.39248767495155334, 0.3456399440765381, 0.09472746402025223, 2.4599363803863525, 0.0, 0.02197313867509365, 0.002008369890972972, 0.03871011361479759, 0.003644675714895129, 0.22111907601356506, 0.9814808368682861, 0.07426459342241287, 0.0, 0.0, 0.4169175922870636, 0.25851109623908997, 0.0, 0.7206214070320129, 0.8206732869148254, 0.5465384125709534, 0.2139805555343628, 0.17236429452896118, 0.15859147906303406, 1.703656554222107, 0.009893572889268398, 0.15366919338703156, 0.15520401298999786, 0.27828118205070496, 0.1359255313873291, 1.0378453731536865, 1.1164368391036987, 0.9256429076194763, 0.08996213972568512, 0.0, 0.02318323403596878, 0.33365997672080994, 0.2315937578678131, 1.6929672956466675, 0.27544277906417847, 0.19067548215389252, 0.006982662249356508, 0.0, 0.0, 0.04808799922466278, 0.0, 0.0, 1.1501744985580444, 0.14148344099521637, 0.5831784009933472, 0.07315872609615326, 0.01233719103038311, 1.5288580656051636, 3.4550859928131104, 0.0, 0.028610223904252052, 0.5029003620147705, 0.19730350375175476, 0.03021944873034954, 0.088468037545681, 0.9105885028839111, 1.5419988632202148, 0.042913708835840225, 0.04001573100686073, 0.0, 0.07172728329896927, 0.0, 0.0, 0.12963902950286865, 0.0, 0.09604257345199585, 3.0936715602874756, 0.5113453269004822, 0.09482215344905853, 4.331039905548096, 0.09159640967845917, 0.0, 0.1462862491607666, 0.34755417704582214, 0.024668866768479347, 0.43311649560928345, 0.4203804135322571, 0.5286046266555786, 0.0, 2.053331136703491, 0.021492721512913704, 0.0, 0.0, 1.2210389375686646, 0.16709615290164948, 0.0, 0.0122630400583148, 0.13633866608142853, 0.021145937964320183, 0.2502436637878418, 0.1098942831158638, 0.4061412513256073, 0.059844762086868286, 0.12242629379034042, 1.1485071182250977, 0.04887391999363899, 0.0, 0.16005635261535645, 0.11363747715950012, 0.004876647610217333, 0.8412356972694397, 0.0, 1.157823085784912, 0.0, 0.05629682168364525, 0.19586828351020813, 0.14381134510040283, 0.21195174753665924, 0.0, 0.557971715927124, 0.39694198966026306, 0.29828041791915894, 0.013530544005334377, 0.0, 0.07055259495973587, 0.0, 0.4176357686519623, 0.6730258464813232, 0.31539931893348694, 0.23434020578861237, 0.015884920954704285, 0.8256480693817139, 0.039769113063812256, 0.00800628773868084, 0.8970146775245667, 0.2027113437652588, 0.4108588695526123, 0.040281884372234344, 0.09266995638608932, 0.13235212862491608, 0.43938329815864563, 0.022471636533737183, 1.1950459480285645, 0.0, 0.016482554376125336, 0.01923241838812828, 0.011912516318261623, 0.024829713627696037, 0.0, 0.49320754408836365, 5.017651081085205, 0.01145690307021141, 0.017263412475585938, 0.3980144262313843, 0.6690696477890015, 0.09199658036231995, 0.0, 0.8823930621147156, 0.12848299741744995, 0.0, 0.0, 1.0902612209320068, 0.0, 0.1220049187541008, 1.034272313117981, 0.0, 0.0, 0.16163283586502075, 0.2364734709262848, 0.3021661341190338, 0.22427445650100708, 0.06219296157360077, 7.049524307250977, 1.1492351293563843, 0.0, 0.09809523820877075, 0.287523478269577, 2.6654720306396484, 0.37251076102256775, 0.0036382991820573807, 0.6485474705696106, 0.05319121107459068, 0.6230924725532532, 0.0, 0.3477839231491089, 0.0020999666303396225, 0.3506927192211151, 0.4794285297393799, 0.2384221851825714, 0.008670738898217678, 0.001874140347354114, 0.023374419659376144, 0.0, 0.017596527934074402, 0.0, 0.15023796260356903, 0.15221641957759857, 0.0, 0.6961783766746521, 0.16469600796699524, 0.4891833961009979, 0.0, 0.09361565858125687, 0.28172141313552856, 0.045240890234708786, 0.1831274777650833, 0.01706749014556408, 0.033680107444524765, 0.11116854846477509, 0.02461743913590908, 0.0, 0.3540148138999939, 0.147356778383255, 0.11360623687505722, 0.5994545221328735, 0.0, 0.04951770603656769, 0.014350752346217632, 0.00695542898029089, 0.15892884135246277, 0.0, 0.0, 0.002333952346816659, 0.04580104723572731, 0.16963781416416168, 0.0, 0.24014849960803986, 0.00871180184185505, 1.6081328392028809, 0.078324094414711, 0.0, 4.266963005065918, 0.02944234013557434, 0.36280977725982666, 0.05567355081439018, 0.24991625547409058, 1.0684641599655151, 1.6384199857711792, 0.5668891072273254, 0.009860909543931484, 0.12255780398845673, 0.07378438860177994, 0.21904011070728302, 0.7203091979026794, 0.319396436214447, 1.7031182050704956, 0.27068090438842773, 0.013410519808530807, 0.06174793466925621, 0.5158777236938477, 1.5101227760314941, 0.017391540110111237, 2.4852428436279297, 0.1552886813879013, 0.0, 0.5434277653694153, 0.0651862695813179, 0.5701704621315002, 0.6389067769050598, 0.06244679540395737, 0.7017226219177246, 0.0, 0.5973654389381409, 0.0, 0.0, 0.025175493210554123, 0.11040845513343811, 0.0, 0.0, 0.0, 0.012599723413586617, 0.0, 0.0, 0.287597119808197, 0.45735394954681396, 0.311452716588974, 0.08011751621961594, 4.444150447845459, 0.2854020595550537, 0.03269198164343834, 1.5794641971588135, 0.4310433566570282, 0.0016444653738290071, 0.8696421384811401, 1.0699952840805054, 3.5828676223754883, 0.28394338488578796, 0.7038270831108093, 0.0, 0.3303067088127136, 0.014544022269546986, 0.0, 0.0, 0.2491433322429657, 0.5113616585731506, 0.0, 0.07535113394260406, 0.5531864762306213, 2.758594036102295, 0.6850476264953613, 0.023611340671777725, 1.0862090587615967, 0.016295544803142548, 0.010145440697669983, 0.0, 4.008150100708008, 0.010226543992757797, 1.7628660202026367, 0.010293043218553066, 0.0, 2.647907257080078, 0.07392170280218124, 0.05209970474243164, 0.0168620478361845, 0.02719867043197155, 0.40017104148864746, 0.006287598982453346, 0.004905377048999071, 0.26271212100982666, 0.0, 0.0, 0.005862921942025423, 0.1374349147081375, 0.03334755450487137, 0.0, 0.0, 0.0, 0.053333885967731476, 0.0634530782699585, 0.6151762008666992, 0.15919974446296692, 2.3224565982818604, 0.553954005241394, 0.01301319245249033, 0.17068064212799072, 1.020334243774414, 0.22932589054107666, 0.0, 0.24865494668483734, 1.2330631017684937, 0.4024604856967926, 2.0733726024627686, 0.007366898003965616, 0.0, 0.12883102893829346, 0.054745737463235855, 0.180362269282341, 0.0, 0.2026364505290985, 0.3751140236854553, 0.22685694694519043, 0.0, 0.09076999872922897, 0.0, 0.0986672043800354, 0.3043403625488281, 0.0, 0.0, 0.05408541113138199, 0.10800937563180923, 0.04624895006418228, 0.21014145016670227, 0.1987534761428833, 0.0, 1.6594961881637573, 0.419098824262619, 0.0, 0.34869998693466187, 0.0, 0.0012450874783098698, 0.3188125193119049, 0.005972351413220167, 0.2768779993057251, 0.03297754004597664, 0.0, 2.5058987140655518, 3.3274126052856445, 0.1790378987789154, 0.08183746039867401, 2.5976929664611816, 0.15786334872245789, 0.006601426284760237, 0.009682592004537582, 0.11018521338701248, 0.09483200311660767, 0.0, 0.009886829182505608, 0.4137558937072754, 0.014880403876304626, 0.44563740491867065, 0.0, 0.016808589920401573, 0.0, 0.0, 0.1310606747865677, 0.0003217702032998204, 0.09966219961643219, 0.41235417127609253, 9.831146240234375, 0.0, 0.062139399349689484, 0.0, 0.0, 0.550621747970581, 0.0, 0.05923258513212204, 0.6405575275421143, 0.0, 0.8325052261352539, 0.004502724856138229, 0.02020445093512535, 0.2574100196361542, 0.44943660497665405, 0.10672442615032196, 0.0, 0.025841834023594856, 0.06574559956789017, 0.1832933872938156, 2.303711175918579, 0.0, 0.0, 0.06119926646351814, 0.02996240183711052, 0.029260840266942978, 0.04794441908597946, 0.704112708568573, 0.11007492244243622, 0.0, 0.13775122165679932, 0.0, 0.022375669330358505, 0.0, 0.010730345733463764, 0.5206028819084167, 0.5022123456001282, 0.7550036311149597, 0.0, 0.831653356552124, 0.6280887722969055, 0.013927260413765907, 4.807920932769775, 0.07184719294309616, 0.0, 0.03368513658642769, 0.020259778946638107, 0.055446650832891464, 0.0, 0.0, 0.019274156540632248, 0.009176596999168396, 0.5680081844329834, 0.06200823932886124, 0.2944934368133545, 2.0011324882507324, 0.0, 0.15223157405853271, 0.0163408275693655, 0.08753101527690887, 0.06759478896856308, 0.1944464147090912, 0.2490263730287552, 0.044044796377420425, 2.1303720474243164, 0.0, 1.3942723274230957, 0.9550488591194153, 0.05979147553443909, 0.0, 0.015354803763329983, 0.14326128363609314, 0.9456215500831604, 0.08262476325035095, 0.0, 0.0, 0.27420172095298767, 0.044735975563526154, 0.024758189916610718, 0.36208271980285645, 0.0, 0.06682932376861572, 0.08789020031690598, 0.9068761467933655, 0.254388689994812, 0.579511284828186, 0.0, 0.13255782425403595, 0.006483117118477821, 0.0, 0.5001545548439026, 0.0, 0.0, 0.4270223379135132, 0.06537912786006927, 0.2880297005176544, 2.565047025680542, 0.3233906626701355, 0.0, 0.3537047505378723, 0.008326077833771706, 0.07444779574871063, 0.23817284405231476, 0.8374752998352051, 0.5629631876945496, 0.027205072343349457, 0.0653686448931694, 0.0, 3.7405433654785156, 1.8089849948883057, 0.04210842773318291, 0.0, 0.02671714685857296, 0.011275140568614006, 0.0, 0.0, 0.0, 0.4370115101337433, 0.015340293757617474, 0.26298514008522034, 0.005325966980308294, 0.43650904297828674, 0.10418421775102615, 0.2953124940395355, 0.017816629260778427, 0.0009069296647794545, 0.14412644505500793, 0.38780614733695984, 0.828953742980957, 0.0, 0.15870092809200287, 0.0, 0.0, 0.0, 0.9498359560966492, 0.3578801155090332, 0.8614667654037476, 1.2067124843597412, 2.0294158458709717, 0.0, 0.6713823080062866, 2.4880435466766357, 0.8338267207145691, 0.0328793004155159, 0.3050009310245514, 0.0, 0.0, 0.3263026773929596, 0.5053710341453552, 0.2748510241508484, 0.0, 0.00035331686376594007, 0.2867887020111084, 0.17807158827781677, 0.04248710721731186, 0.1492244303226471, 1.4137271642684937, 0.3836669921875, 0.06657252460718155, 0.879603922367096, 1.1998894214630127, 0.24151922762393951, 0.0, 0.0, 0.16896237432956696, 4.373190879821777, 0.38227158784866333, 0.009420054033398628, 0.0, 0.0, 0.3370351493358612, 0.016979383304715157, 0.015689831227064133, 0.10905341804027557, 0.0, 1.3135828971862793, 0.029410719871520996, 1.83469557762146, 0.027162060141563416, 0.0, 1.041352391242981, 0.0, 2.438493490219116, 0.013864259235560894, 0.0, 1.0811346769332886, 0.0, 0.019027812406420708, 0.0010268542682752013, 0.0, 0.07682838290929794, 0.08627904951572418, 0.03497038409113884, 0.002227537566795945, 0.0, 0.07122951000928879, 0.011221841908991337, 0.4973478615283966, 0.16110192239284515, 0.4490213096141815, 0.6388452649116516, 0.378885418176651, 0.0, 0.174063578248024, 0.03509719669818878, 0.6128137707710266, 0.0, 0.7406148910522461, 1.2508128881454468, 0.12741002440452576, 0.0, 0.24186253547668457, 0.12225010246038437, 0.24867361783981323, 0.9729037284851074, 0.013471369631588459, 0.1562473177909851, 0.0686504915356636, 1.9250776767730713, 0.0, 0.0038377386517822742, 0.0, 0.09264961630105972, 0.0, 0.40458059310913086, 0.17311453819274902, 0.13849501311779022, 1.5895634889602661, 0.06807857751846313, 0.23583556711673737, 0.2469756305217743, 0.2874807119369507, 0.0, 0.027122261002659798, 0.03834140673279762, 0.13643422722816467, 1.6881933212280273, 0.031393565237522125, 0.0011397964553907514, 0.0, 0.0, 0.16721750795841217, 0.0, 0.024966876953840256, 0.11709331721067429, 2.621835470199585, 0.0, 0.16862362623214722, 0.2760395407676697, 0.0, 0.7058342099189758, 2.3698203563690186, 0.04324185475707054, 0.003836208488792181, 0.0, 0.37878358364105225, 0.42769888043403625, 0.04995451122522354, 0.0, 2.917254686355591, 0.21906159818172455, 0.4335598051548004, 0.0, 0.20307591557502747, 0.0, 1.067781925201416, 0.3898736238479614, 0.01792057976126671, 0.03460616618394852, 0.4089638888835907, 0.0, 0.5336853265762329, 0.7369852066040039, 0.002190609462559223, 0.2912227511405945, 0.0, 0.491047203540802, 0.24543489515781403, 0.028897492215037346, 0.0, 0.3406849205493927, 0.0, 0.029925892129540443, 0.07639122009277344, 2.109543800354004, 1.1840001344680786, 0.0, 0.0, 0.0, 2.364816188812256, 0.9309936761856079, 0.0, 1.0160232782363892, 0.7829068899154663, 0.16317124664783478, 0.02115083672106266, 0.02978740818798542, 0.01953679695725441, 0.08403001725673676, 0.6782617568969727, 0.0, 0.2147592455148697, 0.38738924264907837, 0.00713602127507329, 0.00818839855492115, 0.2785068452358246, 0.2831128239631653, 0.006096854340285063, 0.4646475613117218, 0.10587044060230255, 0.020295092836022377, 2.4066576957702637, 1.7676606178283691, 0.9273982644081116, 0.015482763759791851, 2.3706629276275635, 0.07114604860544205, 0.13953591883182526, 0.0, 0.21648605167865753, 0.17755647003650665, 0.03508681058883667, 0.04197661578655243, 0.0737190917134285, 0.0, 0.07477087527513504, 3.6263105869293213, 0.0781826376914978, 0.9119537472724915, 0.0, 2.1384716033935547, 0.5318232178688049, 0.28132110834121704, 0.08800099045038223, 1.2419369220733643, 0.0, 0.0680307000875473, 0.050410911440849304, 0.19323508441448212, 0.8400635719299316, 0.024950586259365082, 0.09400583803653717, 0.0002713300636969507, 0.19272659718990326, 0.007844158448278904, 0.06609945744276047, 0.23796315491199493, 1.3110665082931519, 0.0008735121227800846, 0.0, 0.955620527267456, 0.11156721413135529, 0.0, 0.0018094218103215098, 1.0262938737869263, 0.3079981207847595, 2.5024290084838867, 0.1028641015291214, 0.038092948496341705, 0.7116223573684692, 0.28634172677993774, 0.8128848671913147, 0.029468609020113945, 0.012051855213940144, 0.019389770925045013, 0.31997108459472656, 0.6342227458953857, 0.12120470404624939, 0.8270984292030334, 0.0, 0.0, 0.0001391342666465789, 0.5809341073036194, 0.6370424628257751, 0.8649691939353943, 0.015093278139829636, 0.21314765512943268, 0.5448890924453735, 0.5291292071342468, 0.08553306758403778, 0.14366385340690613, 0.15299385786056519, 0.00728805223479867, 1.428871989250183, 0.5327638387680054, 0.9961723685264587, 0.5570083856582642, 1.0346251726150513, 0.008956237696111202, 0.9162665605545044, 0.21217869222164154, 1.7775167226791382, 1.1890678405761719, 0.09213761240243912, 0.06885486841201782, 1.735857605934143, 0.8539131283760071, 0.07345221936702728, 0.0, 1.8868274688720703, 0.26590269804000854, 0.036414045840501785, 0.06225942075252533, 0.034430794417858124, 0.0, 0.0, 0.29431068897247314, 0.07803454995155334, 0.008735335431993008, 0.0, 0.32740697264671326, 2.0825037956237793, 0.36678656935691833, 0.23748715221881866, 0.43142208456993103, 0.10884266346693039, 0.005486442241817713, 0.2881917357444763, 0.0, 1.0673378705978394, 0.0006861005676910281, 2.4822587966918945, 0.7212628126144409, 0.03815615922212601, 0.0, 0.0016598846996203065, 0.08368632942438126, 0.7235332131385803, 0.07139760255813599, 0.0, 0.4213802218437195, 0.01802007108926773, 0.030227666720747948, 0.017985329031944275, 4.229809761047363, 0.0, 0.16095979511737823, 0.2399367243051529, 0.2577926814556122, 0.2578299343585968, 1.282393455505371, 0.006086967419832945, 0.0805656686425209, 0.0, 0.5252950191497803, 0.0, 0.0, 0.24468858540058136, 2.297654867172241, 0.8536376953125, 0.0, 0.0, 0.0012839570408686996, 1.4869705438613892, 0.20240744948387146, 0.11830060184001923, 0.14720700681209564, 0.13818404078483582, 0.1004294753074646, 0.03422629088163376, 0.02275839075446129, 0.2634001076221466, 0.007385837845504284, 0.0, 1.71758234500885, 0.15116143226623535, 0.10015220940113068, 0.15373505651950836, 0.034344449639320374, 0.22041697800159454, 0.5206717848777771, 0.4791984558105469, 0.33675500750541687, 0.164773091673851, 4.9963178634643555, 0.32101011276245117, 0.0, 0.0, 0.05626358464360237, 0.11878060549497604, 1.2609196901321411, 0.150640070438385, 0.19383512437343597, 0.7110390663146973, 1.1245359182357788, 0.0, 0.11445267498493195, 0.04433940723538399, 0.013264568522572517, 1.4464300870895386, 0.0, 0.3072949945926666, 0.47368550300598145, 0.2356128692626953, 0.1921386569738388, 0.003531071590259671, 0.04973059147596359, 0.05708299204707146, 0.0, 0.20503725111484528, 0.0, 0.08510840684175491, 0.08813998103141785, 0.055729664862155914, 0.9087889790534973, 0.0, 0.7829451560974121, 0.0, 0.023180732503533363, 2.632113456726074, 0.0547625757753849, 0.04699762910604477, 1.6121456623077393, 1.1104214191436768, 0.010701561346650124, 1.286695957183838, 0.5213189125061035, 0.13504810631275177, 0.07902967929840088, 0.0, 0.2121422290802002, 0.0, 0.09961702674627304, 0.0, 0.0, 0.0, 0.03161681815981865, 0.034571871161460876, 0.09712842106819153, 0.06786028295755386, 0.0, 2.598463296890259, 1.3775725364685059, 2.635990619659424, 0.0, 0.10194021463394165, 0.175750270485878, 1.101581335067749, 0.0, 0.15654318034648895, 2.741513967514038, 0.0, 0.07538542151451111, 0.038895003497600555, 0.0, 0.11454473435878754, 0.010088543407619, 0.12759922444820404, 0.0, 0.6039933562278748, 0.004336201585829258, 0.2095607966184616, 0.15040138363838196, 0.02847953885793686, 0.31614038348197937, 0.0, 0.46990445256233215, 0.03795409947633743, 0.0, 0.3254031240940094, 0.0, 0.04627750813961029, 3.304821729660034, 1.4798166751861572, 0.2900931239128113, 0.22112764418125153, 0.0, 0.07564154267311096, 0.1831388622522354, 0.015895899385213852, 0.5192585587501526, 0.07822267711162567, 0.7263898849487305, 0.18102042376995087, 0.0, 0.06500108540058136, 1.0158023834228516, 0.2171604037284851, 0.2859296500682831, 0.04175551235675812, 0.3056758940219879, 0.009693408384919167, 0.05091526731848717, 0.1563178300857544, 0.0, 1.1666566133499146, 1.9259169101715088, 0.8442834615707397, 0.036701738834381104, 1.2343151569366455, 0.0011388768907636404, 0.11654028296470642, 0.0, 0.3925759196281433, 0.0, 0.18209998309612274, 0.0, 0.19118088483810425, 0.2498316913843155, 0.00250241719186306, 0.002872841665521264, 0.013324684463441372, 0.0, 0.10397029668092728, 0.0, 0.6670361757278442, 0.0862201377749443, 0.0, 0.0, 1.3244333267211914, 1.092611312866211, 0.01403504516929388, 0.1133841872215271, 0.3157406151294708, 0.02100386843085289, 0.12135018408298492, 0.0, 0.35416078567504883, 3.0455565452575684, 0.47036677598953247, 0.0037478525191545486, 0.021426662802696228, 0.0, 0.0, 0.30596616864204407, 0.3517429530620575, 1.0684635639190674, 0.011368291452527046, 0.01893026940524578, 0.05190758407115936, 0.551612913608551, 0.0, 0.17886893451213837, 0.0, 0.0, 0.07362430542707443, 0.5548453330993652, 0.026561705395579338, 0.18902958929538727, 0.0, 1.4626455307006836, 0.0, 0.0, 0.03599529340863228, 0.29806268215179443, 0.009243560954928398, 0.036412663757801056, 1.424694299697876, 0.0, 0.09566473215818405, 0.3029444217681885, 0.06981488317251205, 0.6781463623046875, 0.05474528670310974, 1.1067153215408325, 0.06547397375106812, 0.0, 0.0, 0.3781156837940216, 0.0, 0.2985500395298004, 0.45305147767066956, 1.3803116083145142, 0.28016650676727295, 0.2109486162662506, 0.0, 0.12572726607322693, 0.15498638153076172, 0.18235710263252258, 0.378467857837677, 0.0, 0.7231318950653076, 0.2954477071762085, 0.0263938270509243, 0.032418884336948395, 0.01682351529598236, 2.9429402351379395, 0.23952235281467438, 0.17649516463279724, 0.4199785888195038, 0.3426220417022705, 0.1743410974740982, 0.0, 0.1519271433353424, 0.7618645429611206, 0.11617165058851242, 0.0, 0.10627225786447525, 1.5120538473129272, 0.00754289235919714, 0.1631612330675125, 0.2578434944152832, 1.946556568145752, 0.8070363402366638, 0.058983560651540756, 0.0, 0.006431800778955221, 0.8478631973266602, 0.0, 0.7952088117599487, 0.0, 0.13271495699882507, 0.04635839909315109, 0.0, 0.7350603342056274, 0.00030901480931788683, 0.0, 0.0, 0.19387848675251007, 0.0, 0.0, 0.0, 0.12370546162128448, 0.30582594871520996, 0.06276986747980118, 0.16823387145996094, 0.0, 0.0, 0.0, 0.6272965669631958, 0.051545046269893646, 0.04873525723814964, 0.00016144099936354905, 0.02099950611591339, 0.02853844128549099, 0.134566992521286, 0.1640918254852295, 0.05625588446855545, 0.36756110191345215, 0.0, 0.014891194179654121, 0.025347771123051643, 0.13518941402435303, 0.01233865786343813, 0.4425370395183563, 0.009778144769370556, 0.37086498737335205, 0.0, 2.224133253097534, 0.0, 0.0, 0.008538961410522461, 0.0, 0.029292212799191475, 0.020293649286031723, 0.0, 0.3768143653869629, 1.5069483518600464, 0.0, 0.28821897506713867, 0.0, 0.0, 0.0, 0.5152688026428223, 0.00585635332390666, 0.2965954840183258, 0.0009005434694699943, 0.0, 0.4527279734611511, 2.1570651531219482, 0.2867873013019562, 0.18015433847904205, 0.08941138535737991, 0.0, 4.271663188934326, 0.0, 0.02637488581240177, 0.005366639234125614, 0.0, 0.04248445853590965, 0.01856345497071743, 0.614320695400238, 0.36329954862594604, 0.018057813867926598, 0.18729031085968018, 0.23848856985569, 0.043769579380750656, 0.08355540782213211, 0.08283733576536179, 0.0, 0.13297845423221588, 0.0, 0.0, 0.1247837096452713, 0.5294459462165833, 0.069654181599617, 0.1812196522951126, 0.0, 0.0, 0.03201642632484436, 0.013224747963249683, 0.11945977807044983, 0.2500680983066559, 1.431422233581543, 1.3873368501663208, 0.702262282371521, 0.05425763502717018, 0.42588019371032715, 0.0017533934442326427, 0.15524600446224213, 0.00589495524764061, 0.3141106963157654, 0.09114150702953339, 0.05925380066037178, 0.008597019128501415, 0.12249540537595749, 0.0, 0.6676968932151794, 0.11638329923152924, 1.0725996494293213, 0.023322952911257744, 0.4446132779121399, 0.28975796699523926, 0.1659187376499176, 1.170444369316101, 3.1985960006713867, 0.0, 0.8111506700515747, 1.014323115348816, 0.0, 0.137277290225029, 0.02135564386844635, 0.2200450897216797, 0.027556810528039932, 0.5656940937042236, 0.021508052945137024, 0.026479683816432953, 0.31581762433052063, 0.5524802803993225, 0.0, 0.7697908282279968, 0.10927145183086395, 0.2327287644147873, 0.8483359813690186, 0.3706834614276886, 0.005593560170382261, 0.3143749237060547, 0.04272227734327316, 2.8070414066314697, 0.10892550647258759, 0.02232016995549202, 0.6664631366729736, 0.04615286365151405, 0.1894388198852539, 0.22871004045009613, 0.02039966732263565, 0.03937153518199921, 0.5166199207305908, 0.28907620906829834, 0.3512859046459198, 0.3715704381465912, 0.3049042224884033, 0.169682577252388, 0.06127763167023659, 0.07042451947927475, 0.11856108158826828, 0.5855650901794434, 0.8310391306877136, 0.0, 0.1839761584997177, 0.0, 0.7825158834457397, 0.005360817536711693, 0.00558818131685257, 0.10609649866819382, 0.0, 0.016901550814509392, 0.20860445499420166, 2.6844382286071777, 0.5254513621330261, 0.2599436640739441, 0.3035915791988373, 1.5287777185440063, 0.7723308205604553, 0.37649908661842346, 0.0, 0.0014776830794289708, 0.1419321596622467, 0.0, 0.04139207676053047, 0.07105553150177002, 0.05176352337002754, 0.46463099122047424, 0.2977234423160553, 0.045004069805145264, 0.1363450586795807, 0.12101035565137863, 0.13840334117412567, 0.4045877754688263, 0.0, 0.5036158561706543, 0.009242694824934006, 0.34921619296073914, 0.38579675555229187, 0.132757768034935, 0.17458395659923553, 0.11510104686021805, 0.04520994424819946, 0.0, 0.025284552946686745, 0.0, 0.6889046430587769, 2.369633197784424, 0.005719766486436129, 0.0, 1.0564504861831665, 0.0, 0.056866634637117386, 0.5444809198379517, 0.06761828809976578, 0.0, 0.03577405959367752, 0.0, 0.6112086176872253, 4.050868034362793, 0.4359220862388611, 0.07672674208879471, 0.5197128653526306, 0.0, 0.21235981583595276, 0.5818418264389038, 0.29355183243751526, 0.3050996661186218, 0.0, 0.3358687162399292, 1.457093358039856, 0.00014705804642289877, 0.49342089891433716, 0.0, 0.3354077935218811, 0.0, 0.13871842622756958, 0.0, 0.5265710353851318, 0.0, 0.0, 0.03787139803171158, 0.9158037900924683, 0.0, 0.17610786855220795, 0.006325916387140751, 0.3424299955368042, 0.0, 0.8283938765525818, 3.882554054260254, 0.0, 0.09412812441587448, 0.24091382324695587, 0.0, 0.020410630851984024, 0.4703451693058014, 0.0, 0.009709453210234642, 0.09322436153888702, 1.9637731313705444, 0.0, 0.09658313542604446, 1.3237829208374023, 0.0960717722773552, 1.487136960029602, 0.0, 0.1744023859500885, 0.06702359765768051, 0.17543886601924896, 0.017796741798520088, 0.025583116337656975, 0.0532052218914032, 0.0, 0.4357494115829468, 0.0, 4.09306001663208, 0.08019255846738815, 0.07691660523414612, 0.11864280700683594, 0.0, 0.004510305356234312, 0.09501959383487701, 0.041979625821113586, 0.0, 2.6463654041290283, 1.0159364938735962, 0.319000244140625, 0.24569405615329742, 0.042726967483758926, 0.0, 1.5203180313110352, 0.729790210723877, 0.0, 0.42174914479255676, 0.12499723583459854, 0.0, 0.15523496270179749, 0.15845058858394623, 0.5646960735321045, 0.02604326419532299, 0.0, 0.0, 0.3263167142868042, 0.0, 0.0, 0.18685555458068848, 0.0, 2.1567816734313965, 0.06750233471393585, 0.4656393229961395, 0.0, 2.2284698486328125, 0.058190297335386276, 0.6900650262832642, 0.4280959963798523, 0.0, 0.34486719965934753, 0.2916598916053772, 0.3495228886604309, 0.03669733181595802, 0.5192748308181763, 0.3345848023891449, 0.0, 0.0, 0.2219049632549286, 0.3599802851676941, 0.2937353551387787, 0.04697968438267708, 0.14302502572536469, 0.1060619056224823, 0.0, 0.0, 0.0, 0.04513818398118019, 0.024507896974682808, 0.005881550256162882, 0.2864688038825989, 0.0, 0.7078041434288025, 1.4465513229370117, 0.0, 0.0, 0.05088673159480095, 0.024970950558781624, 0.05013778433203697, 0.0, 0.0, 0.02280510775744915, 0.5071834921836853, 0.051718249917030334, 0.0782315582036972, 0.06446997076272964, 0.628136157989502, 0.0, 0.07100320607423782, 0.3161625266075134, 0.024757161736488342, 0.0, 0.11541230976581573, 0.15745903551578522, 0.5473694801330566, 0.0, 0.06220844015479088, 0.0003367540775798261, 0.0, 0.0, 0.003885772777721286, 0.0, 0.055696386843919754, 0.03659076988697052, 0.7831196784973145, 0.0, 0.45297911763191223, 0.7732847332954407, 1.274787425994873, 3.247347354888916, 0.011666025035083294, 0.708742618560791, 0.7752047181129456, 0.0, 0.2619813084602356, 0.8000765442848206, 1.8667449951171875, 0.21136130392551422, 3.688237190246582, 0.08091836422681808, 1.1846048831939697, 0.19675621390342712, 1.0457230806350708, 0.16854363679885864, 0.15159888565540314, 0.0909886434674263, 0.0, 0.15482653677463531, 0.866187572479248, 0.08853308111429214, 0.0, 0.5580074787139893, 0.04398861527442932, 0.0, 0.0077092694118618965, 1.5475496053695679, 0.0, 0.36988207697868347, 0.07618081569671631, 0.5864892601966858, 2.9459187984466553, 0.2830066382884979, 0.0, 1.7385427951812744, 1.0913089513778687, 0.7362465262413025, 0.4237039387226105, 1.1465157270431519, 0.5323953032493591, 0.2525542378425598, 0.0, 1.0666377544403076, 0.633010983467102, 0.0, 0.0, 1.6464415788650513, 0.13883553445339203, 1.792427897453308, 0.11941935867071152, 0.013337373733520508, 0.2014458328485489, 0.04727150872349739, 0.08624047785997391, 0.3172593116760254, 0.19189190864562988, 0.27001771330833435, 0.30758607387542725, 2.210890054702759, 0.29809361696243286, 0.029026636853814125, 0.0, 0.002678303048014641, 0.6578822135925293, 0.3501453399658203, 0.12617678940296173, 0.024681804701685905, 0.0, 0.004570182412862778, 0.02602718025445938, 0.0, 0.12257523089647293, 0.079360730946064, 0.0, 0.0, 0.5202268362045288, 0.0, 0.0, 0.10955454409122467, 0.0, 0.0359080508351326, 0.004920317325741053, 0.0, 0.13254503905773163, 0.08415138721466064, 1.5945241451263428, 0.021159004420042038, 0.004050102550536394, 0.008954283781349659, 0.30992650985717773, 0.6488695740699768, 0.05289579927921295, 2.122152090072632, 0.2025003582239151, 0.3526078164577484, 0.17331242561340332, 0.014283798635005951, 0.4869113862514496, 0.0039929174818098545, 0.020707368850708008, 0.24767851829528809, 0.0, 0.9568231701850891, 0.005853249225765467, 0.0, 0.009583008475601673, 0.05751803517341614, 1.3518807888031006, 1.3823258876800537, 0.06753165274858475, 0.16848735511302948, 0.40029600262641907, 0.33326441049575806, 0.0, 0.0, 0.046814970672130585, 0.01166995707899332, 0.38760626316070557, 0.051398977637290955, 0.021791638806462288, 0.1801236867904663, 0.6150107979774475, 0.049056049436330795, 0.19440655410289764, 0.10572647303342819, 0.0, 0.0, 0.0014810513239353895, 0.0030153284315019846, 1.112183690071106, 0.16195274889469147, 0.867850661277771, 0.016502374783158302, 0.5189338326454163, 0.10833127051591873, 0.865755558013916, 1.2098969221115112, 0.008293414488434792, 0.1619146764278412, 0.0, 0.18399754166603088, 0.20470985770225525, 0.0, 0.17036248743534088, 0.3071942627429962, 0.06314115971326828, 0.13822340965270996, 0.17080198228359222, 0.0, 0.014247670769691467, 0.0569639652967453, 0.2588036060333252, 0.03644535318017006, 0.02267020381987095, 0.0, 0.0, 0.09782595187425613, 1.008775234222412, 0.600300669670105, 0.3781093657016754, 0.8048796653747559, 1.8113627433776855, 4.348388195037842, 0.10157179087400436, 0.04016375541687012, 0.0, 0.428289532661438, 0.006877819076180458, 0.0, 0.018520696088671684, 1.0597257614135742, 0.02695939503610134, 0.0, 0.0963415578007698, 0.1142309159040451, 0.22908879816532135, 0.8018417954444885, 0.8962870836257935, 0.8894941210746765, 0.026225106790661812, 0.5202544331550598, 0.0030880875419825315, 0.0, 1.8756725788116455, 0.33055225014686584, 0.024377120658755302, 0.13640333712100983, 2.507030487060547, 0.12497133761644363, 0.005074036307632923, 0.05603897199034691, 0.0, 0.0042465366423130035, 0.03285972401499748, 0.29164546728134155, 0.3621920347213745, 0.014598783105611801, 0.005510347429662943, 0.0, 0.02985868975520134, 0.48077893257141113, 0.6416575312614441, 0.08704043179750443, 0.02755758725106716, 0.02744363062083721, 0.0, 0.0, 0.19075852632522583, 0.033941060304641724, 0.3491874933242798, 0.518309473991394, 0.19253641366958618, 0.4457794427871704, 0.0, 0.04066154360771179, 0.0, 0.0, 0.01248918753117323, 0.01975233294069767, 0.0014421355444937944, 0.5519724488258362, 0.008584910072386265, 0.4617748558521271, 1.1063685417175293, 0.0, 0.050259366631507874, 0.1308303326368332, 0.008590389043092728, 0.0, 0.0, 1.3777858018875122, 0.19212563335895538, 0.0, 0.7869172096252441, 0.0, 0.11639659106731415, 0.018060551956295967, 0.5299912095069885, 1.1022733449935913, 0.0, 0.4659462869167328, 0.47242504358291626, 0.5119160413742065, 3.7850164517294616e-05, 0.00994181353598833, 0.035994917154312134, 0.5218190550804138, 0.12731945514678955, 0.16171270608901978, 0.0, 0.0, 0.0, 0.07911749929189682, 0.003709525568410754, 0.0, 0.8406270742416382, 0.25494611263275146, 2.1271755695343018, 0.7488834857940674, 0.24735061824321747, 0.0, 0.0975349098443985, 0.0, 0.7661283612251282, 0.04175964742898941, 1.4407531023025513, 0.0, 2.136195659637451, 0.0, 0.403472363948822, 0.9306706190109253, 0.007491715252399445, 0.9234526753425598, 2.6435625553131104, 1.84710693359375, 0.029185548424720764, 0.0, 0.005621910095214844, 1.4138996601104736, 0.0, 0.0, 0.3481336236000061, 0.01765439473092556, 0.01804555207490921, 0.3317677974700928, 0.3126523494720459, 0.0, 0.004262447357177734, 0.13826300203800201, 0.11029371619224548, 0.5947239995002747, 0.04167689010500908, 1.088969349861145, 0.0, 0.03300157189369202, 0.0, 0.31409457325935364, 0.03828892111778259, 0.12719345092773438, 0.204645037651062, 0.2666798532009125, 1.5030381679534912, 1.2001632452011108, 0.0, 0.4088294506072998, 0.0, 0.0949496179819107, 0.09774221479892731, 0.24444708228111267, 0.10669928044080734, 0.0, 1.8533152341842651, 1.2352583408355713, 0.8819386959075928, 0.0, 0.10913974046707153, 0.0, 0.0, 0.37575864791870117, 0.3479130268096924, 0.025484250858426094, 0.0, 0.013344195671379566, 0.09472023695707321, 0.08059471100568771, 0.18841388821601868, 0.022449368610978127, 0.6145871877670288, 0.10637544840574265, 0.0, 0.29122453927993774, 0.10277771204710007, 0.1627776026725769, 0.0, 0.0, 3.02388072013855, 0.031212829053401947, 0.0, 0.05155682936310768, 0.0, 0.07083562761545181, 0.42700931429862976, 0.0, 0.0, 0.3911345303058624, 0.0077655925415456295, 0.39351019263267517, 0.0467798188328743, 0.3989220857620239, 0.009686091914772987, 0.5344129204750061, 0.10445776581764221, 0.4271389842033386, 0.15805402398109436, 0.049672216176986694, 0.9477545022964478, 0.0, 4.0916619300842285, 0.0, 0.05830343812704086, 1.2599577903747559, 0.6108030676841736, 0.005807825364172459, 0.002707425504922867, 0.3198992609977722, 0.0, 0.0037455218844115734, 0.0, 1.2904038429260254, 0.0, 0.05649055913090706, 0.07280571013689041, 0.09029311686754227, 1.2738126516342163, 0.03785285726189613, 0.0, 0.054240792989730835, 0.2446051687002182, 0.2094668745994568, 0.04765060171484947, 0.07504541426897049, 0.0, 0.0017793835140764713, 0.020566636696457863, 0.9957438707351685, 0.0, 0.008796543814241886, 0.0, 0.7250096797943115, 0.09023313224315643, 0.11315486580133438, 0.7802571058273315, 0.21291302144527435, 0.00640517333522439, 0.1924593448638916, 0.0, 0.24688614904880524, 0.0, 0.17636023461818695, 0.9784736037254333, 0.4799089729785919, 0.5494483709335327, 0.1261553317308426, 0.8328666090965271, 0.0, 0.2910802364349365, 0.2321634292602539, 1.4568370580673218, 0.016833359375596046, 0.5426790118217468, 0.7273849248886108, 0.13005556166172028, 0.35716840624809265, 0.0, 0.7806400656700134, 0.0, 0.08768878877162933, 0.0, 1.2243279218673706, 1.1970124244689941, 0.0, 0.0, 0.0, 0.05550666153430939, 0.08374675363302231, 0.04240715876221657, 0.16517016291618347, 3.9037606716156006, 0.4248338043689728, 0.10120604187250137, 0.16762328147888184, 1.8137556314468384, 0.5163568258285522, 0.046170759946107864, 0.5449660420417786, 0.07604564726352692, 0.025266749784350395, 0.07736116647720337, 1.2841347455978394, 0.0, 0.060612455010414124, 0.24609485268592834, 0.34550943970680237, 0.008031333796679974, 0.020633846521377563, 0.3067851960659027, 0.0, 0.06602784991264343, 0.20277933776378632, 0.0, 0.002324586035683751, 0.1226910948753357, 0.20187696814537048, 0.0, 0.0, 0.0, 0.03579920530319214, 0.07351069897413254, 0.0, 0.01100070122629404, 0.25124120712280273, 0.296411395072937, 2.843407154083252, 0.03118746541440487, 0.20192784070968628, 0.9217297434806824, 0.04480323940515518, 0.0, 0.21635876595973969, 0.045178163796663284, 0.1681968718767166, 0.24046337604522705, 0.04720260575413704, 1.1469298601150513, 0.0, 0.12660205364227295, 0.0018364579882472754, 0.0, 0.0, 2.453486680984497, 1.3749587535858154, 1.5144870281219482, 0.0031413277611136436, 0.1301855891942978, 0.0, 0.875420331954956, 0.07069944590330124, 0.01712763123214245, 0.07235151529312134, 0.0, 0.3213319182395935, 0.2260647863149643, 2.5330681800842285, 0.010876543819904327, 0.4995589256286621, 0.016967982053756714, 0.013651478104293346, 0.0, 0.12089494615793228, 0.01825215294957161, 0.06741790473461151, 0.26976633071899414, 0.0, 0.3077481985092163, 0.0006661901716142893, 0.05637087672948837, 0.19553418457508087, 0.8432177901268005, 0.01642412506043911, 0.0, 1.2344117164611816, 0.0, 0.0, 1.8179234266281128, 0.02441098541021347, 0.00857288483530283, 0.0067070722579956055, 0.14264699816703796, 0.1263781040906906, 0.10961851477622986, 1.0261659622192383, 0.0, 0.2916576862335205, 0.7892586588859558, 0.0536014698445797, 0.0, 0.0, 0.013592647388577461, 0.002347201807424426, 0.0, 0.0, 0.8672671914100647, 0.16417719423770905, 1.1214396953582764, 0.38301023840904236, 2.8939754962921143, 0.0, 1.1432350873947144, 0.00816347450017929, 3.212520122528076, 1.0409681797027588, 2.249903678894043, 0.04997686296701431, 0.012355680577456951, 0.19524593651294708, 0.05766061320900917, 2.0894904136657715, 0.20430709421634674, 0.008702156133949757, 0.8130124807357788, 0.03322192654013634, 0.18264342844486237, 0.15560214221477509, 0.35898298025131226, 0.3612903654575348, 0.03299881890416145, 0.26052147150039673, 0.0, 0.021571021527051926, 0.0238824263215065, 0.03484677895903587, 1.3877511024475098, 2.356309652328491, 0.039407696574926376, 0.012524162419140339, 0.00804093200713396, 0.5251849293708801, 0.6593174338340759, 0.7052512168884277, 0.003093573497608304, 0.4048852324485779, 0.0, 0.062180694192647934, 0.004806019831448793, 0.0032698330469429493, 0.0, 0.0, 0.008052371442317963, 0.3928477168083191, 0.0, 0.03531523793935776, 4.217581748962402, 1.0113831758499146]",Testing/glioma_tumor/image(28).jpg
"[0.7331798076629639, 0.5386400818824768, 0.0, 0.7421340346336365, 0.5630421042442322, 0.7091000080108643, 2.5199577808380127, 0.050591226667165756, 0.037220314145088196, 0.0, 0.13520169258117676, 0.6331089735031128, 0.22754034399986267, 0.5975708365440369, 0.4036581814289093, 0.05151502043008804, 0.38221800327301025, 2.9955759048461914, 1.3850281238555908, 0.00782099086791277, 0.07480749487876892, 0.057537999004125595, 0.3436889350414276, 0.016486989334225655, 1.076474666595459, 1.3423435688018799, 2.3354525566101074, 0.018178187310695648, 0.009926012717187405, 0.1863786280155182, 0.33895188570022583, 2.6698551177978516, 0.44247663021087646, 0.2610109746456146, 1.802849292755127, 0.756716251373291, 0.06957989931106567, 0.02550683543086052, 0.3657049834728241, 1.3738445043563843, 0.478131502866745, 0.2873592674732208, 0.023367224261164665, 0.02605140022933483, 0.12165556848049164, 0.45047783851623535, 0.012783476151525974, 1.1403465270996094, 0.044617097824811935, 0.3882293403148651, 2.1953718662261963, 0.48157620429992676, 1.1270112991333008, 0.44996100664138794, 1.3153325319290161, 2.7255306243896484, 1.2850905656814575, 0.10728148370981216, 0.7573575973510742, 0.021826855838298798, 0.8814926743507385, 1.8350510597229004, 0.48021674156188965, 0.026040829718112946, 0.16789250075817108, 0.11819998919963837, 0.19186723232269287, 0.04664843901991844, 0.0, 1.1497787237167358, 0.10463245213031769, 0.0, 0.022689813748002052, 2.186001777648926, 0.29618871212005615, 0.03766379877924919, 1.3278985023498535, 0.30064719915390015, 0.029706288129091263, 1.0081464052200317, 0.018614554777741432, 0.3273371756076813, 0.6156425476074219, 0.10180184990167618, 0.3881206810474396, 0.26780810952186584, 2.425661087036133, 0.02956882305443287, 0.03162235766649246, 0.2557239234447479, 1.7177858352661133, 0.04185334965586662, 2.339134931564331, 1.3141069412231445, 0.719463586807251, 0.2644140422344208, 0.0, 0.7603340744972229, 0.05994151532649994, 0.109133780002594, 1.7372673749923706, 0.018546422943472862, 0.23333346843719482, 0.22972573339939117, 1.0114414691925049, 0.0, 2.3816206455230713, 0.34136223793029785, 0.15015648305416107, 0.6149760484695435, 0.08308225870132446, 0.0, 0.08470278978347778, 0.006223305128514767, 0.35944968461990356, 0.08463805913925171, 0.010066098533570766, 0.5083066821098328, 0.7501493096351624, 0.8212552070617676, 0.0, 0.07140380889177322, 0.18943463265895844, 0.0, 0.15923543274402618, 1.4316284656524658, 0.4425445795059204, 0.8097035884857178, 1.5839003324508667, 0.007040957920253277, 0.06743849068880081, 0.3502723276615143, 0.20310376584529877, 0.6758801341056824, 0.028782853856682777, 0.22798743844032288, 0.16565871238708496, 0.061236344277858734, 0.32924559712409973, 0.20240914821624756, 0.8481937050819397, 2.3589720726013184, 0.175739586353302, 0.6175639629364014, 1.2882729768753052, 1.485304832458496, 0.31331726908683777, 3.5771870613098145, 1.1125423908233643, 0.018850484862923622, 1.561541199684143, 0.06402355432510376, 0.00380046502687037, 0.3499729335308075, 0.4121095836162567, 0.6880670785903931, 0.016323693096637726, 0.36144763231277466, 3.306730270385742, 0.0, 1.1663545370101929, 0.06191866844892502, 0.004349674563854933, 0.9225773811340332, 0.1710377335548401, 0.33443182706832886, 0.40701061487197876, 0.2642858028411865, 0.5005119442939758, 6.705781936645508, 0.8040634393692017, 0.10970287024974823, 0.01324218139052391, 0.7526763677597046, 0.6755473017692566, 0.6608471870422363, 0.4781232178211212, 1.0286771059036255, 0.13558658957481384, 0.2492285817861557, 0.022251613438129425, 0.2235511690378189, 0.3178495764732361, 0.07099034637212753, 0.07458007335662842, 0.0, 0.006302746012806892, 1.5296883583068848, 0.23733681440353394, 0.18211707472801208, 0.03768673166632652, 2.26949405670166, 0.0481858067214489, 0.04897262156009674, 0.7261170148849487, 0.33843767642974854, 3.5567421913146973, 0.6987866759300232, 0.03139934316277504, 0.04777147248387337, 0.11577874422073364, 0.4649335443973541, 3.3808631896972656, 0.4705103635787964, 1.1939969062805176, 0.12497449666261673, 0.07197704911231995, 0.005241048522293568, 0.2920929789543152, 0.3511476218700409, 0.04261509329080582, 1.3695558309555054, 0.011415024287998676, 1.1116944551467896, 0.31200140714645386, 0.7403841614723206, 0.5497360825538635, 0.1587328463792801, 0.5137205719947815, 0.060422737151384354, 0.9205844402313232, 0.5569942593574524, 0.6318708062171936, 0.6135660409927368, 0.045773252844810486, 0.13954567909240723, 0.002950741210952401, 0.1818692535161972, 2.3846044540405273, 0.09887301176786423, 0.17682577669620514, 0.2938772141933441, 0.014136863872408867, 0.04555840417742729, 0.07332552969455719, 0.19400551915168762, 0.015789445489645004, 0.14643016457557678, 0.5332579612731934, 0.6238685250282288, 1.0770105123519897, 0.7979501485824585, 2.2688252925872803, 0.0008804870885796845, 0.46713700890541077, 1.0229504108428955, 2.439673662185669, 3.81870698928833, 0.04143514856696129, 0.47009819746017456, 1.7706106901168823, 0.226329505443573, 0.6886995434761047, 0.7204681634902954, 0.4427371025085449, 0.8602925539016724, 0.8450802564620972, 1.621444582939148, 0.1525302678346634, 0.8182647228240967, 0.07798035442829132, 0.1395920217037201, 0.11581990867853165, 0.15109725296497345, 0.0, 0.03780314698815346, 0.012097246944904327, 0.02048582024872303, 0.04623787850141525, 0.0, 0.619075357913971, 0.0842951238155365, 0.12631992995738983, 0.13253839313983917, 2.5864901542663574, 0.5604968070983887, 0.05193271115422249, 0.9603101015090942, 1.052233099937439, 0.8184628486633301, 0.8644337058067322, 0.9612963795661926, 0.31734082102775574, 0.993394672870636, 0.09006083756685257, 0.2981007993221283, 0.10661535710096359, 0.003325630212202668, 0.4012606739997864, 0.760515570640564, 0.5332238078117371, 0.4590373933315277, 0.03868212178349495, 0.49335935711860657, 0.17162348330020905, 1.3024300336837769, 1.988182544708252, 0.16114787757396698, 0.07028377056121826, 3.1781511306762695, 0.02960284799337387, 0.2676566541194916, 4.533576011657715, 0.17025040090084076, 2.7357826232910156, 1.0682556629180908, 1.3529458045959473, 0.07177504897117615, 1.1268129348754883, 0.15538160502910614, 0.4836776554584503, 1.2474579811096191, 0.5331167578697205, 0.0, 0.09649796038866043, 1.191074252128601, 0.7740514874458313, 0.0967460423707962, 0.784998893737793, 0.2153559774160385, 1.8005799055099487, 1.993412971496582, 0.08995582908391953, 0.29494521021842957, 0.3033980429172516, 0.03020647168159485, 0.017813846468925476, 0.1456815004348755, 3.334273338317871, 1.0310770273208618, 0.03145625814795494, 0.4634396731853485, 2.238530158996582, 0.26818913221359253, 0.08270911872386932, 0.05544848367571831, 1.2598332166671753, 0.19692447781562805, 1.4448710680007935, 0.07717388868331909, 2.9861278533935547, 0.04639258608222008, 0.0, 0.11230075359344482, 0.0, 0.6071648001670837, 0.5351191759109497, 0.01079003419727087, 0.09633972495794296, 2.166680097579956, 0.0, 0.5113875269889832, 0.8316881656646729, 0.08507028967142105, 0.0, 0.0, 0.28561338782310486, 0.0, 0.08868373930454254, 1.5194978713989258, 0.047975268214941025, 1.461714267730713, 1.6824723482131958, 0.2420700639486313, 2.5483286380767822, 1.3007490634918213, 0.24962954223155975, 0.07762949168682098, 1.0690944194793701, 0.4009387791156769, 0.3449137210845947, 0.18674442172050476, 0.7577676773071289, 0.11567039787769318, 0.35256287455558777, 0.4617648124694824, 1.768436074256897, 1.8598031997680664, 0.0, 0.01467637624591589, 0.15519578754901886, 0.09965435415506363, 0.035870570689439774, 0.28966110944747925, 0.08008917421102524, 0.42758750915527344, 8.192153930664062, 0.3814114034175873, 0.08781394362449646, 1.2387173175811768, 0.0, 0.22715796530246735, 0.9103770852088928, 2.2708683013916016, 1.9405590295791626, 1.2852060794830322, 0.05728587880730629, 1.27039635181427, 0.6663007140159607, 3.2627968788146973, 0.6795763373374939, 0.0018054782412946224, 0.03203369677066803, 0.6576992869377136, 0.005728317890316248, 2.1507821083068848, 0.00604662112891674, 0.07392028719186783, 0.1537386178970337, 0.10618565231561661, 0.5661433339118958, 0.24702906608581543, 0.26941755414009094, 0.10355106741189957, 0.210078164935112, 0.5095263719558716, 0.0, 0.5053090453147888, 0.6074183583259583, 0.0, 0.9697967171669006, 0.09806790947914124, 0.22937794029712677, 2.7063381671905518, 0.13764521479606628, 0.011167555116117, 0.8013066053390503, 0.9118003249168396, 0.21972571313381195, 0.537956953048706, 0.8802552223205566, 0.0, 0.7225369215011597, 1.5704349279403687, 4.1793975830078125, 0.19818958640098572, 0.004602490458637476, 2.891244649887085, 2.8466572761535645, 0.0, 0.3186854422092438, 0.055139392614364624, 0.7321917414665222, 0.584059476852417, 0.20323005318641663, 0.03186892345547676, 4.3467864990234375, 0.7190456986427307, 0.20531950891017914, 0.6422275304794312, 0.7133625745773315, 0.06251785904169083, 0.96141517162323, 0.0033126533962786198, 0.43433862924575806, 0.6143295168876648, 0.34976625442504883, 0.3622421324253082, 0.14010228216648102, 2.137902021408081, 0.5643810629844666, 4.031113624572754, 0.207362562417984, 0.3744977116584778, 0.30070987343788147, 1.041391372680664, 0.00042852089973166585, 2.3112454414367676, 0.2916913330554962, 0.21930892765522003, 0.4686719477176666, 0.0, 0.0, 0.12905268371105194, 0.3131609261035919, 0.011326397769153118, 0.5122934579849243, 0.0, 0.05727626755833626, 1.4658849239349365, 2.3052468299865723, 0.4526559114456177, 0.4188070595264435, 0.5946054458618164, 0.11857748031616211, 1.2733354568481445, 0.08002424985170364, 0.019364722073078156, 1.3378500938415527, 0.0, 1.116072177886963, 1.8819773197174072, 0.19202746450901031, 0.04556456208229065, 0.6419609785079956, 0.0382140688598156, 0.008852978236973286, 0.27733394503593445, 0.3878248929977417, 0.46706950664520264, 0.25849294662475586, 1.0673466920852661, 0.0, 5.365331649780273, 0.08431809395551682, 0.10093654692173004, 1.223554015159607, 0.0, 0.04710576310753822, 0.6085153818130493, 0.008764303289353848, 0.371286004781723, 0.13458216190338135, 0.2096462994813919, 0.8505632281303406, 0.17363689839839935, 1.0880353450775146, 0.14300207793712616, 0.40515756607055664, 0.0, 0.0033013748470693827, 1.0330747365951538, 0.38948145508766174, 0.3747783601284027, 0.0, 0.20201778411865234, 0.14147143065929413, 0.005991452839225531, 4.598882675170898, 2.8667571544647217, 0.2608878016471863, 3.040938377380371, 0.25157907605171204, 0.9528612494468689, 0.028461763635277748, 0.16464468836784363, 6.554020881652832, 0.2727554738521576, 2.2361388206481934, 0.2298072874546051, 0.10829665511846542, 0.6864913702011108, 0.6879516839981079, 1.1618590354919434, 0.3380400240421295, 0.6939167976379395, 0.07749795913696289, 0.2011987268924713, 0.7381117939949036, 0.03260552138090134, 0.3627833425998688, 0.24145150184631348, 0.07416795939207077, 0.043518733233213425, 0.20164275169372559, 1.8321162462234497, 0.7699382305145264, 0.09954847395420074, 0.22732047736644745, 0.5537314414978027, 0.43263307213783264, 0.6811738014221191, 0.8079603314399719, 0.13335074484348297, 0.10647962242364883, 0.27559542655944824, 0.10575828701257706, 0.854942798614502, 3.6844241619110107, 0.5131006836891174, 0.13029809296131134, 0.0759098008275032, 2.094036102294922, 0.16061599552631378, 0.050292130559682846, 0.5830070376396179, 0.05911252275109291, 0.060291338711977005, 0.5349644422531128, 0.1590314656496048, 1.74028480052948, 0.0, 0.08243007212877274, 0.2463337779045105, 0.0, 0.010183894075453281, 0.2351018488407135, 0.0, 0.0, 0.16845650970935822, 0.0, 0.03996635600924492, 0.41298091411590576, 0.0, 0.029578296467661858, 0.007985594682395458, 0.14917169511318207, 0.15383252501487732, 0.0051294052973389626, 0.44020330905914307, 0.4692685008049011, 0.16939260065555573, 2.557375431060791, 1.6887454986572266, 0.2172388732433319, 0.0, 0.9431785345077515, 0.0, 0.5730605721473694, 1.7006152868270874, 0.5312352180480957, 0.14541630446910858, 0.3295070230960846, 0.04153312370181084, 0.022341066971421242, 0.5994259715080261, 0.0, 0.5010231733322144, 0.07579551637172699, 0.6431277990341187, 0.7250051498413086, 0.18220555782318115, 1.0242365598678589, 1.4224320650100708, 0.40048956871032715, 0.8634167313575745, 0.10077537596225739, 0.4516489505767822, 0.06727689504623413, 0.12269890308380127, 0.31050100922584534, 0.29805663228034973, 0.04971660301089287, 0.7875946760177612, 0.28679734468460083, 0.07155800610780716, 0.6576545834541321, 0.06071900948882103, 0.05901360511779785, 0.04916279762983322, 0.29544663429260254, 0.41065266728401184, 0.0, 0.12606845796108246, 0.060509782284498215, 1.2963080406188965, 3.0924437046051025, 1.4506983757019043, 0.2782198190689087, 0.005099566653370857, 0.26165762543678284, 0.5894197821617126, 0.11749058216810226, 0.0, 2.8266477584838867, 0.9983397722244263, 0.08725038915872574, 1.1035035848617554, 0.03539685532450676, 0.11075591295957565, 2.1902570724487305, 0.0185831468552351, 0.22542227804660797, 0.8431575298309326, 1.3790102005004883, 0.06153213605284691, 2.5575432777404785, 1.13043212890625, 0.1716354787349701, 0.5463321805000305, 0.46654027700424194, 0.35209906101226807, 0.01845174841582775, 0.731757640838623, 0.20840713381767273, 0.41908136010169983, 0.16158904135227203, 0.6769099235534668, 0.5439282059669495, 1.9637253284454346, 0.5916951298713684, 0.09688156843185425, 0.028263840824365616, 0.13163596391677856, 0.8418917059898376, 0.2176731824874878, 0.38086140155792236, 0.5688778758049011, 1.9832829236984253, 0.12948456406593323, 0.19924627244472504, 0.9552066326141357, 0.07896595448255539, 0.26310986280441284, 0.008562273345887661, 0.09412571787834167, 3.4308438301086426, 1.6475772857666016, 0.0005903256242163479, 0.39891380071640015, 0.019183998927474022, 0.00455787219107151, 0.9198473691940308, 0.01949428766965866, 0.09491439908742905, 0.3487694263458252, 1.0642211437225342, 0.8001548647880554, 0.7777902483940125, 0.025391381233930588, 5.657285213470459, 0.06919418275356293, 3.9891040325164795, 0.0, 0.5709109306335449, 0.11096706986427307, 0.05782240256667137, 0.0, 0.14992189407348633, 0.0, 2.5766730308532715, 2.967775583267212, 0.5602465867996216, 0.7542186379432678, 0.6634846925735474, 1.5286520719528198, 0.09099426865577698, 1.330370545387268, 0.19074676930904388, 0.9674215316772461, 0.794312059879303, 0.1062682569026947, 0.8312214612960815, 0.050307732075452805, 0.1364128440618515, 0.9446075558662415, 0.4732429087162018, 0.9410429000854492, 0.772844135761261, 0.3037154972553253, 0.04913942143321037, 0.4925931692123413, 0.5056968331336975, 2.3836164474487305, 0.28692251443862915, 0.4328134059906006, 0.023426104336977005, 0.0, 0.2937934696674347, 0.0, 1.5709589719772339, 0.8879519104957581, 0.8779082298278809, 0.0, 1.783328890800476, 0.6910059452056885, 0.5105870962142944, 0.1449914276599884, 0.2502201795578003, 0.1022234857082367, 0.6735199689865112, 0.6531012654304504, 0.40381020307540894, 0.5596916079521179, 0.24837587773799896, 1.2941031455993652, 0.18076281249523163, 1.2402245998382568, 1.527036428451538, 1.4620473384857178, 0.33439740538597107, 0.0, 0.17218652367591858, 0.023691950365900993, 0.03504102677106857, 0.5259394645690918, 0.023365098983049393, 0.016458528116345406, 0.7694219350814819, 2.744668483734131, 0.43349379301071167, 2.884108543395996, 2.0104877948760986, 0.006256142631173134, 0.6585370898246765, 0.2668003737926483, 4.130685806274414, 0.10177676379680634, 0.3208327889442444, 0.0, 0.2842119038105011, 0.5204764604568481, 0.07607438415288925, 0.04290932044386864, 1.0810811519622803, 1.0090465545654297, 0.23042184114456177, 0.0, 0.3182827830314636, 0.4939709007740021, 0.015731213614344597, 0.0, 0.3297812342643738, 1.3411121368408203, 0.1645147204399109, 2.3578264713287354, 0.21722343564033508, 0.5389496684074402, 0.44289320707321167, 0.5012932419776917, 0.2426041066646576, 0.0, 1.585584044456482, 0.13941098749637604, 0.29440438747406006, 0.0, 0.8128067851066589, 2.190645694732666, 0.0, 0.01646048203110695, 0.0015201763017103076, 0.1699531376361847, 0.850627601146698, 0.02570902742445469, 0.36000341176986694, 1.4435032606124878, 0.548244059085846, 0.7157505750656128, 0.2988816797733307, 2.56650447845459, 0.12320662289857864, 0.4346444308757782, 0.8344337344169617, 0.045047082006931305, 0.6959971189498901, 4.555427074432373, 0.13594621419906616, 0.0, 0.083436518907547, 0.09555989503860474, 0.0, 0.5711996555328369, 0.14296062290668488, 1.1831507682800293, 2.144766330718994, 0.16289713978767395, 0.31935566663742065, 0.13589948415756226, 0.09607929736375809, 2.517388105392456, 0.006511999759823084, 0.504932165145874, 0.44349685311317444, 0.6931997537612915, 0.03686482086777687, 0.17744800448417664, 0.14348115026950836, 0.08927065879106522, 1.618918538093567, 3.1120903491973877, 0.5628759860992432, 0.7219544053077698, 0.2239999771118164, 0.12348375469446182, 0.457375168800354, 0.3209741711616516, 0.1196923553943634, 0.33189859986305237, 0.6157838702201843, 3.18186354637146, 1.371126651763916, 0.3901381194591522, 0.0, 0.21973095834255219, 1.4058656692504883, 0.6053231358528137, 0.050485581159591675, 0.34607070684432983, 0.7209045886993408, 0.9738574028015137, 0.46127942204475403, 3.3271467685699463, 0.26090407371520996, 0.0, 0.9329765439033508, 0.1843913346529007, 2.295064926147461, 1.6801462173461914, 1.4649877548217773, 0.027022892609238625, 0.14625650644302368, 0.5939310789108276, 0.21124272048473358, 0.06242445856332779, 0.3438190519809723, 0.004528449382632971, 0.8258631229400635, 0.02621208131313324, 0.1944396197795868, 0.2776547372341156, 0.0, 1.5909748077392578, 0.0, 0.30504220724105835, 3.6494815349578857, 0.2721315026283264, 0.0353449285030365, 0.5334593057632446, 0.24867898225784302, 0.9594550728797913, 0.5007106065750122, 0.7297939658164978, 0.09195990115404129, 0.5172522664070129, 0.07288215309381485, 1.309981107711792, 1.5012638568878174, 2.2139732837677, 0.3060424327850342, 0.0, 0.4573536217212677, 0.12581385672092438, 0.16252465546131134, 0.3493354618549347, 0.08578656613826752, 0.0, 0.6730178594589233, 1.9154495000839233, 3.4592301845550537, 1.5679670572280884, 0.9031206965446472, 0.7907365560531616, 0.4179733097553253, 0.01116998866200447, 1.7288880348205566, 0.5523366928100586, 0.030911611393094063, 1.1920057535171509, 0.0536816231906414, 0.026478148996829987, 0.4318220615386963, 0.0, 0.3560882806777954, 0.45549190044403076, 0.997523844242096, 0.0647704005241394, 0.6531252264976501, 1.004910945892334, 0.0, 2.1516242027282715, 0.0, 0.05180123448371887, 0.1057777926325798, 0.03110772743821144, 0.2738913595676422, 0.15583191812038422, 0.06675833463668823, 0.649070680141449, 0.3771524131298065, 0.35031166672706604, 0.004185350611805916, 0.3785306215286255, 0.03367338329553604, 0.4562651216983795, 0.250194787979126, 2.1013715267181396, 0.14204686880111694, 0.33554530143737793, 0.02867312729358673, 0.02070065401494503, 0.11537014693021774, 0.8746913075447083, 0.08801133930683136, 0.052617449313402176, 0.0, 0.44367730617523193, 0.26422250270843506, 0.44138920307159424, 1.3132964372634888, 0.08117694407701492, 0.08452971279621124, 0.37535205483436584, 0.052165672183036804, 1.1315991878509521, 1.1682010889053345, 0.0, 2.024117946624756, 0.0, 1.1784367561340332, 0.3103277385234833, 0.15878106653690338, 1.1855467557907104, 0.014320935122668743, 0.11820105463266373, 0.3273598849773407, 0.0, 0.0, 0.11126261949539185, 0.37592557072639465, 0.06122354418039322, 1.810760498046875, 0.9749862551689148, 0.6576858162879944, 1.4165863990783691, 0.5379713177680969, 4.445234775543213, 1.0484439134597778, 0.399597704410553, 2.5499167442321777, 0.009307595901191235, 0.3407849669456482, 0.0, 5.085732460021973, 2.6944663524627686, 0.05525090917944908, 0.512207567691803, 0.2914237976074219, 0.04330328479409218, 0.6645340323448181, 0.921409010887146, 0.007328154984861612, 0.3534284234046936, 0.042176503688097, 0.27777644991874695, 1.1871381998062134, 0.13467039167881012, 0.13735663890838623, 0.757664680480957, 0.17153173685073853, 0.8073679804801941, 1.1284613609313965, 0.39149612188339233, 0.12408344447612762, 2.1621193885803223, 0.16670562326908112, 0.0253264419734478, 0.18571464717388153, 0.09139836579561234, 0.10198599845170975, 1.0464917421340942, 0.4148714244365692, 0.2831338942050934, 1.1821088790893555, 0.014948558062314987, 0.0037133595906198025, 0.09821056574583054, 0.5490826368331909, 0.04726427420973778, 0.1306476891040802, 0.028664544224739075, 0.0, 0.3437045216560364, 0.10213098675012589, 0.7354227304458618, 1.578378438949585, 0.6619438529014587, 0.2208140641450882, 0.9283104538917542, 4.0711188316345215, 0.5866233706474304, 0.04822894185781479, 0.3105093240737915, 0.026537863537669182, 0.09148964285850525, 0.2668110430240631, 0.04583651199936867, 2.1340701580047607, 0.026899641379714012, 0.04764189571142197, 0.22920188307762146, 0.5597531199455261, 0.5988288521766663, 0.2848532795906067, 0.5442644953727722, 0.42170342803001404, 0.3240663409233093, 0.07547875493764877, 0.10735998302698135, 0.14011362195014954, 0.04998837038874626, 1.6109602451324463, 0.5136494636535645, 0.131544828414917, 0.7486317753791809, 0.05263732001185417, 0.6593063473701477, 1.6666110754013062, 3.5211007595062256, 3.9560647010803223, 0.0, 1.0239949226379395, 0.1731368452310562, 0.05899090692400932, 0.2648869752883911, 1.4986214637756348, 0.12708696722984314, 0.06065010651946068, 0.1533152461051941, 0.0, 0.13693222403526306, 0.04592299088835716, 0.1255631297826767, 0.1345432996749878, 0.7363160848617554, 1.104694128036499, 0.11228998005390167, 0.7004035115242004, 8.947995411290321e-06, 0.04734140634536743, 2.263535976409912, 0.20764853060245514, 0.5247873067855835, 0.59047931432724, 0.42233937978744507, 1.1172502040863037, 0.8334017992019653, 0.10677483677864075, 0.0, 0.28354379534721375, 0.00991617888212204, 0.43383195996284485, 0.26548001170158386, 0.0, 0.28596875071525574, 0.00788988545536995, 0.11953987181186676, 0.010024343617260456, 0.22736181318759918, 1.0708681344985962, 0.6205769181251526, 0.1260160505771637, 0.22301681339740753, 0.5583829879760742, 0.16111473739147186, 0.01277957670390606, 0.0, 0.011369033716619015, 0.0, 0.0009441083529964089, 0.23912473022937775, 0.0, 0.7751482725143433, 1.7715083360671997, 0.04641756787896156, 0.01912575587630272, 0.0, 0.4074108600616455, 0.0, 0.045335154980421066, 0.5943204760551453, 0.5781559944152832, 0.10162375867366791, 0.4846746027469635, 1.2887887954711914, 1.6571099758148193, 0.4169570803642273, 0.007875478826463223, 0.0, 0.13737650215625763, 0.9156158566474915, 0.29133427143096924, 0.664165735244751, 0.2941538691520691, 0.034417442977428436, 1.3012477159500122, 0.05353806912899017, 3.0045106410980225, 0.4229428470134735, 0.2752488851547241, 0.08870570361614227, 0.9277225136756897, 0.11967834085226059, 0.037577368319034576, 0.18879739940166473, 0.173932284116745, 1.3817389011383057, 0.008305822499096394, 0.03836720436811447, 0.4108472466468811, 0.4688635766506195, 0.2541637122631073, 0.38231736421585083, 0.21598991751670837, 0.05938631296157837, 0.029362354427576065, 0.12341579794883728, 0.054410725831985474, 1.718057632446289, 0.31232690811157227, 0.21612216532230377, 1.3967182636260986, 0.02571764774620533, 0.6993004679679871, 0.29020068049430847, 0.3047899901866913, 1.0541146993637085, 0.3209373950958252, 0.4047134518623352, 0.007631627842783928, 1.149972915649414, 1.2743377685546875, 0.07220304012298584, 0.23332296311855316, 0.4248007833957672, 0.9409598708152771, 0.007936330512166023, 0.44930416345596313, 0.4747466742992401, 0.5310869216918945, 1.3493937253952026, 0.7375648617744446, 0.006361416541039944, 2.8352129459381104, 0.2647537589073181, 0.0, 0.1781986653804779, 0.03214520961046219, 0.02847164496779442, 0.014830667525529861, 0.11377483606338501, 0.0, 0.9037758111953735, 0.07287000864744186, 0.16148310899734497, 1.0266047716140747, 0.11368181556463242, 0.5590558052062988, 1.0163373947143555, 0.280170202255249, 0.7225303649902344, 0.4090781807899475, 0.12146038562059402, 0.01824936643242836, 0.8595907092094421, 0.10484600812196732, 0.09882185608148575, 0.0, 0.0, 0.9106506705284119, 0.2639909088611603, 0.9475390315055847, 1.1417864561080933, 1.3962947130203247, 2.430341958999634, 0.6307180523872375, 0.12499185651540756, 0.12015712261199951, 0.4181988835334778, 0.15898795425891876, 0.12515971064567566, 0.15188787877559662, 0.12041647732257843, 0.0, 0.010169320739805698, 0.6112269163131714, 0.008158990181982517, 0.48394903540611267, 0.11536115407943726, 0.7493299245834351, 0.058744776993989944, 1.3852055072784424, 0.006508579012006521, 1.3560935258865356, 0.8133125305175781, 2.001878499984741, 1.6654576063156128, 0.9963816404342651, 3.095672369003296, 1.7657779455184937, 1.2354481220245361, 0.22542202472686768, 1.648939847946167, 1.4054979085922241, 1.4739115238189697, 0.20135295391082764, 0.12092780321836472, 0.04689221456646919, 1.4022459983825684, 0.48140376806259155, 0.6716029644012451, 0.41291821002960205, 0.8690242171287537, 3.5939769744873047, 0.23106135427951813, 0.33283373713493347, 1.4260149002075195, 0.14732305705547333, 0.33008134365081787, 0.3479778468608856, 0.20530599355697632, 0.6270382404327393, 0.22633443772792816, 0.3591853678226471, 0.08485250920057297, 0.561363935470581, 1.0393561124801636, 0.09493566304445267, 1.2697163820266724, 0.0, 0.0, 2.64890456199646, 0.7738649249076843, 0.0, 0.5497875809669495, 0.22288787364959717, 0.019099419936537743, 0.16325652599334717, 0.0239858441054821, 0.07369886338710785, 1.09453547000885, 0.5554942488670349, 0.0, 0.20555545389652252, 0.13906416296958923, 1.657583236694336, 0.07057172060012817, 0.8330063819885254, 0.013098224997520447, 1.225425124168396, 0.20410580933094025, 1.8514713048934937, 0.2117297649383545, 0.7168454527854919, 0.11680233478546143, 0.8331143856048584, 0.24188800156116486, 0.276205450296402, 0.0893949419260025, 0.6778801679611206, 0.5822010040283203, 1.1521658897399902, 0.00878449808806181, 0.7065701484680176, 1.6846121549606323, 0.0889706239104271, 0.44179752469062805, 1.471255898475647, 0.12621499598026276, 0.24695725739002228, 0.21622928977012634, 0.3348691165447235, 0.7851038575172424, 0.7724366188049316, 0.0, 0.2703770399093628, 0.9048759937286377, 0.0, 0.0022418450098484755, 0.06586338579654694, 0.9743849039077759, 0.034725043922662735, 0.33964040875434875, 0.590484082698822, 0.23438870906829834, 1.8272901773452759, 0.03815073147416115, 0.049019258469343185, 0.4044061303138733, 0.8613330125808716, 0.0, 1.1500790119171143, 0.3539261221885681, 0.11645045876502991, 0.014994609169661999, 0.11346297711133957, 1.5882039070129395, 0.05498075112700462, 0.0744544044137001, 1.331544041633606, 0.14501792192459106, 0.2527450919151306, 0.7062927484512329, 0.32291561365127563, 0.0, 3.448300361633301, 1.8089723587036133, 0.1864006221294403, 0.08893856406211853, 0.034282248467206955, 0.0, 1.6115672588348389, 1.5374201536178589, 0.13174386322498322, 0.8839402198791504, 0.08117007464170456, 0.0, 0.40176305174827576, 0.012870467267930508, 0.28462132811546326, 0.0573183111846447, 0.11828184872865677, 0.024056941270828247, 0.03893667832016945, 0.04102861136198044, 0.11508762836456299, 0.10008899867534637, 0.0, 0.9512673020362854, 0.12131576240062714, 0.3089166283607483, 0.17333610355854034, 2.0451841354370117, 0.49362945556640625, 1.0183407068252563, 0.12663716077804565, 0.0, 0.0, 1.1191136837005615, 0.13502861559391022, 0.009879820048809052, 0.6581096053123474, 0.11467360705137253, 0.6487247943878174, 0.058212388306856155, 0.04116940125823021, 0.8708672523498535, 0.050032563507556915, 2.4439635276794434, 0.4806954562664032, 1.144519329071045, 3.332125186920166, 1.0802730321884155, 0.0, 0.3308177590370178, 0.0, 0.07353592664003372, 0.60027015209198, 0.21206285059452057, 2.241838216781616, 3.7630481719970703, 0.5603309869766235, 0.0011772745056077838, 0.0, 0.5649189949035645, 0.14960652589797974, 0.0, 0.0, 0.0, 0.05342455208301544, 1.0272817611694336, 0.5059813857078552, 0.0, 2.15097713470459, 0.1579824686050415, 0.5490464568138123, 0.5374736189842224, 1.2304142713546753, 0.0, 0.24593263864517212, 0.02497054822742939, 0.5864136815071106, 0.0, 0.5240858197212219, 1.1549326181411743, 0.0, 0.293185830116272, 0.14756356179714203, 0.03306399658322334, 0.07416550070047379, 0.8089269399642944, 0.26145392656326294, 0.36576715111732483, 0.049815624952316284, 0.3108954131603241, 2.3431894779205322, 0.1997312307357788, 0.9267302751541138, 0.6265376210212708, 0.1548243910074234, 0.0, 0.12859883904457092, 0.10009369254112244, 1.5125000476837158, 0.3904772400856018, 0.41600707173347473, 0.013140826486051083, 3.1230716705322266, 0.18489591777324677, 0.38543501496315, 0.11852367222309113, 0.10423985123634338, 0.2501702308654785, 0.13756337761878967, 1.3014516830444336, 0.647144615650177, 0.09358981996774673, 0.008818039670586586, 1.0108460187911987, 0.1295493245124817, 0.006181089207530022, 0.1736839860677719, 0.07539864629507065, 0.05051010847091675, 0.18886519968509674, 2.255866527557373, 0.13646550476551056, 1.9286894798278809, 0.5017826557159424, 0.2628547251224518, 2.354865789413452, 0.1227414682507515, 0.8018264770507812, 0.013440080918371677, 2.0586910247802734, 3.617149829864502, 0.22126415371894836, 0.013945093378424644, 0.17697447538375854, 1.3554315567016602, 0.014237725175917149, 0.0, 2.9349405765533447, 0.17265595495700836, 1.4155864715576172, 0.08314542472362518, 0.000963575963396579, 0.15411318838596344, 0.06806646287441254, 0.2930132746696472, 0.1461518555879593, 0.5841403007507324, 0.013728360645473003, 0.01443890668451786, 1.5690205097198486, 0.0770907998085022, 0.3978796899318695, 0.3056734502315521, 0.08479515463113785, 0.0737479031085968, 1.4273509979248047, 0.024664059281349182, 0.050249021500349045, 0.0, 0.1350562870502472, 0.007832041010260582, 0.06220259889960289, 0.573042094707489, 0.012308590114116669, 0.0, 0.07659590244293213, 1.3620786666870117, 0.020685095340013504, 0.19353562593460083, 0.11010227352380753, 0.32839542627334595, 2.853397846221924, 0.0, 0.901701807975769, 0.8685933947563171, 0.02320767007768154, 2.128476619720459, 0.31872814893722534, 0.3006947934627533, 0.02197934128344059, 0.1463644802570343, 0.2673642039299011, 1.854910135269165, 2.807730197906494, 3.294271945953369, 0.03535742685198784, 0.301498681306839, 0.191728413105011, 0.038085512816905975, 0.07839354872703552, 0.022813694551587105, 0.1501970738172531, 0.15831439197063446, 0.03542404621839523, 0.08345683664083481, 0.016386527568101883, 0.06262724101543427, 0.9336045980453491, 0.14058934152126312, 0.22531439363956451, 0.06201521307229996, 0.637345552444458, 1.0471606254577637, 0.17515213787555695, 0.21214084327220917, 1.7768019437789917, 0.06286600232124329, 0.023670611903071404, 0.7391923666000366, 0.3590259253978729, 0.12146628648042679, 0.13367822766304016, 2.7988338470458984, 0.0010827123187482357, 0.9338300824165344, 0.24236030876636505, 0.016064228489995003, 0.5566181540489197, 0.9315539598464966, 0.3379524350166321, 0.1422898918390274, 0.7578292489051819, 0.8852370977401733, 0.10119971632957458, 1.7215927839279175, 0.11956485360860825, 0.5776433944702148, 0.42403459548950195, 0.824921190738678, 0.6837723255157471, 0.04108954593539238, 0.008679550141096115, 0.3965315520763397, 0.03316117450594902, 0.49585121870040894, 1.2737301588058472, 0.0010789268417283893, 1.140123724937439, 2.3780405521392822, 0.0, 0.052109863609075546, 0.028972221538424492, 0.020940961316227913, 0.0, 0.10024099051952362, 0.0010887797689065337, 0.3327677249908447, 0.019817115738987923, 0.9656199216842651, 1.0031192302703857, 0.7902804017066956, 0.7183389663696289, 0.02791213057935238, 1.5908844470977783, 0.00523787597194314, 0.08223159611225128, 0.03401194512844086, 1.14308762550354, 0.1320379078388214, 0.2893849313259125, 0.0007820494356565177, 1.616896152496338, 0.09948638826608658, 0.4623225927352905, 0.6811084151268005, 0.5117964148521423, 0.8171003460884094, 0.26165732741355896, 2.739464521408081, 0.040246859192848206, 0.08101673424243927, 0.5428048372268677, 0.13736125826835632, 0.2194582223892212, 1.0171411037445068, 0.5615473985671997, 0.11341721564531326, 0.05233130231499672, 3.365449905395508, 3.6180787086486816, 0.12198829650878906, 0.10878831148147583, 0.0, 0.703126847743988, 0.18919508159160614, 0.0885327011346817, 0.0, 0.18169617652893066, 0.3894943296909332, 0.26073044538497925, 0.24559733271598816, 0.3131731450557709, 0.18011683225631714, 0.12858420610427856, 0.0021314378827810287, 0.6396193504333496, 0.023236926645040512, 0.20592547953128815, 0.7384875416755676, 0.01633639447391033, 0.09170277416706085, 2.4991629123687744, 2.7955844402313232, 0.17590507864952087, 0.23819619417190552, 0.1375487595796585, 0.006012739147990942, 0.07617630064487457, 0.0, 0.091216541826725, 0.1358383595943451, 1.112390160560608, 0.03607374429702759, 0.5590330362319946, 1.4343571662902832, 0.1880926936864853, 0.06598907709121704, 0.08368895202875137, 0.42975300550460815, 0.0, 1.130922794342041, 1.4457039833068848, 0.20400327444076538, 0.0, 1.9644720554351807, 0.0, 0.014064623042941093, 0.05678766593337059, 0.1822865605354309, 1.1609389781951904, 0.014394745230674744, 2.235182046890259, 0.5076473951339722, 2.2865543365478516, 0.0, 0.24820132553577423, 0.0, 0.16968579590320587, 0.0, 0.07850485295057297, 1.7919808626174927, 0.05561647191643715, 0.0013614528579637408, 0.45898833870887756, 0.0033757248893380165, 0.0, 0.8684938549995422, 0.06862464547157288, 0.008640605956315994, 0.2939801514148712, 0.5320204496383667, 0.8854143023490906, 0.0548577606678009, 0.18967939913272858, 0.23279577493667603, 1.1458745002746582, 0.5758589506149292, 2.148855447769165, 1.4924997091293335, 0.03490803763270378, 0.41042929887771606, 1.1478742361068726, 0.006292732432484627, 3.9040982723236084, 0.23664644360542297, 2.2402443885803223, 0.08312848210334778, 0.0, 0.23413309454917908, 1.7744072675704956, 1.6293736696243286, 0.010430194437503815, 1.7424741983413696, 0.7450664043426514, 0.14788410067558289, 0.7252408862113953, 1.0596915483474731, 0.02002675272524357, 0.08154826611280441, 0.08939151465892792, 0.4338379204273224, 0.741758406162262, 0.13113024830818176, 0.6107639074325562, 0.0, 0.23200689256191254, 0.06039000675082207, 0.722212016582489, 0.003850388340651989, 0.16492030024528503, 0.3522868752479553, 0.23256516456604004, 0.40901315212249756, 1.4364629983901978, 0.0, 0.3260137438774109, 0.3321993947029114, 0.7068480849266052, 0.28855815529823303, 0.07827290147542953, 0.0, 0.019263258203864098, 6.431395053863525, 1.2430404424667358, 0.7123496532440186, 0.014297913759946823, 0.051740195602178574, 0.16509538888931274, 0.05235918611288071, 1.0398685932159424, 0.4898358881473541, 0.10246379673480988, 0.08064726740121841, 0.07303141802549362, 3.0712287425994873, 0.6813634037971497, 0.2496713399887085, 0.36639416217803955, 0.3653356730937958, 0.16593657433986664, 0.0199905913323164, 0.08429571986198425, 0.0, 0.030537398532032967, 0.21633587777614594, 0.05529719591140747, 2.3824422359466553, 1.1541979312896729, 0.2524455785751343, 0.4495202600955963, 0.0, 0.032036278396844864, 0.6464911103248596, 0.03771562874317169, 0.0, 0.07169085741043091, 0.6635716557502747, 2.961092948913574, 0.06704781204462051, 1.0556339025497437, 1.3170042037963867, 0.4548323154449463, 1.501382827758789, 0.22150832414627075, 0.10843535512685776, 0.28720077872276306, 1.1069514751434326, 0.09579811245203018, 1.4332571029663086, 0.0, 0.32086166739463806, 0.0, 1.567121982574463, 0.19319401681423187, 0.48442700505256653, 0.25633713603019714, 0.0, 1.3198726177215576, 0.18804867565631866, 2.096855878829956, 0.2997867465019226, 0.03856264427304268, 0.6146840453147888, 0.4771595001220703, 0.16266097128391266, 0.5967369675636292, 0.04806290194392204, 0.08927031606435776, 1.3914622068405151, 0.4695631265640259, 1.681843638420105, 0.0, 0.3036843240261078, 0.9514317512512207, 0.052176717668771744, 0.5285370349884033, 0.029759271070361137, 0.0, 0.0013560469960793853, 0.2944965362548828, 0.0, 0.28100961446762085, 2.8414390087127686, 0.5293887257575989, 0.17026221752166748, 0.04448414221405983, 0.14079834520816803, 0.15782228112220764, 0.12030163407325745, 0.21485087275505066, 0.41064706444740295, 0.8951377272605896, 0.588932454586029, 0.1000218465924263, 0.27439871430397034, 0.15637123584747314, 0.0, 0.9195253849029541, 2.177908420562744, 0.588911771774292, 2.702502489089966, 0.1554633229970932, 2.1720528602600098, 0.1297905147075653, 0.9378545880317688, 0.7553012371063232, 1.1163121461868286, 0.12181778997182846, 0.1681879460811615, 1.4801926612854004, 4.396810054779053, 0.008087391965091228, 0.0, 0.0, 0.03361973911523819, 0.22411058843135834, 0.05420033633708954, 0.36171793937683105, 1.6368216276168823, 0.04663388431072235, 0.28229308128356934, 0.1287078857421875, 1.7018054723739624, 0.2556093633174896, 0.37809914350509644, 0.4788604974746704, 0.3351935148239136, 0.0, 0.11860520392656326, 1.1381618976593018, 0.21840301156044006, 0.0, 0.365978866815567, 0.3320460915565491, 0.0, 0.9752193093299866, 0.04864667356014252, 0.671597957611084, 0.18521542847156525, 0.6235802173614502, 0.4005039632320404, 0.12259422987699509, 0.6542112231254578, 0.9962412118911743, 0.029818827286362648, 0.03879018872976303, 0.15269163250923157, 0.0, 0.035651471465826035, 0.46543005108833313, 0.21711787581443787, 0.06767234951257706, 1.026661992073059, 2.219259262084961, 0.5152113437652588, 0.16205143928527832, 1.9977561235427856, 0.3755098879337311, 0.27668842673301697, 0.5096176266670227, 0.44642794132232666, 0.2457086741924286, 0.0, 0.0, 0.46129530668258667, 0.4922044575214386, 0.07467745244503021, 0.0795786902308464, 0.07346085458993912, 0.05261118710041046, 1.8942357301712036, 0.2060568630695343, 0.3352971076965332, 0.16056281328201294, 0.34536346793174744, 0.4173852503299713, 0.0, 0.9370490312576294, 0.488764226436615, 0.1846005618572235, 0.24373479187488556, 0.01756083220243454, 0.09720650315284729, 2.223165988922119, 0.30084073543548584, 0.567866325378418, 0.0, 0.07535378634929657, 0.5187171697616577, 0.36716678738594055, 0.1465623676776886, 0.15272165834903717, 0.6914414167404175, 0.1267567276954651, 0.49640896916389465, 0.5514189004898071, 0.19693000614643097, 0.4484240412712097, 0.8694854974746704, 0.4276657998561859, 0.2679918110370636, 2.98323655128479, 0.6769309639930725, 1.4802379608154297, 2.1769356727600098, 0.0355365052819252, 0.5115036368370056, 0.9720723628997803, 0.17975199222564697, 0.12533223628997803, 0.9745013117790222, 1.389714002609253, 0.0002511131460778415, 2.1709506511688232, 0.290468692779541, 0.23971381783485413, 0.5487040281295776, 1.262662410736084, 0.3690876066684723, 0.06410130858421326, 0.0008213714463636279, 0.4526269733905792, 0.1941600739955902, 0.17414052784442902, 1.0230101346969604, 0.5505040287971497, 1.0609989166259766, 0.4176478087902069, 1.6840206384658813, 0.22974540293216705, 3.2638437747955322, 0.4564759135246277, 0.830769419670105, 0.11713361740112305, 0.09851407259702682, 1.0032260417938232, 2.2476742267608643, 0.366787314414978, 0.17961052060127258, 0.006163412239402533, 1.1053681373596191, 1.0837167501449585, 0.0030927681364119053, 0.42138975858688354, 1.5473943948745728, 0.507794976234436, 0.12340465188026428, 0.6914504170417786, 0.0, 0.1222231313586235, 0.08605772256851196, 0.800458550453186, 0.30763426423072815, 1.0491218566894531, 0.3570285737514496, 0.28274908661842346, 0.8757919669151306, 0.7522290945053101, 1.3228338956832886, 0.14948363602161407, 0.09940951317548752, 1.5104951858520508, 0.010000450536608696, 0.09943757951259613, 0.13377535343170166, 0.1329621523618698, 0.7190473079681396, 0.21382765471935272, 0.06821132451295853, 2.4663805961608887, 0.012416168116033077, 0.10389598459005356, 1.5591654777526855, 0.3798946440219879]",Testing/glioma_tumor/image(42).jpg
"[0.21870268881320953, 1.2896193265914917, 0.2253490686416626, 1.1526238918304443, 1.7443492412567139, 0.4454821050167084, 2.3963496685028076, 0.015631772577762604, 0.878502368927002, 0.0, 0.00526433065533638, 0.0, 0.07276719808578491, 0.5445213317871094, 0.030462970957159996, 0.0716002807021141, 0.11051380634307861, 0.5461037158966064, 0.9275853633880615, 0.002244623377919197, 0.5215552449226379, 0.49841320514678955, 1.4277502298355103, 0.10740529000759125, 0.16012991964817047, 0.05265463516116142, 1.7111430168151855, 0.09561268240213394, 0.0, 0.015455460175871849, 0.008581502363085747, 0.3461880683898926, 0.2873263359069824, 0.36993762850761414, 0.597657322883606, 1.1332286596298218, 0.3777332603931427, 1.0131012201309204, 0.014375698752701283, 0.016278963536024094, 1.8388553857803345, 2.507873296737671, 0.20164252817630768, 0.6750999093055725, 0.029212143272161484, 0.48404234647750854, 0.01423332653939724, 0.0052132997661828995, 0.23092888295650482, 0.8445553183555603, 0.5419908761978149, 1.352195382118225, 0.6218128800392151, 0.05426831170916557, 0.2543822228908539, 3.3300869464874268, 0.6591687798500061, 0.5805984735488892, 1.0185624361038208, 0.27621766924858093, 0.3236779272556305, 0.35434699058532715, 1.0360932350158691, 1.487905740737915, 0.08727709203958511, 0.15095502138137817, 0.4282456636428833, 0.22805431485176086, 0.3134489357471466, 0.0, 0.9391157031059265, 0.23447240889072418, 0.09110963344573975, 1.4320591688156128, 0.5387417674064636, 0.10014627128839493, 2.4668214321136475, 0.0485629066824913, 0.0, 0.13851869106292725, 0.1477237492799759, 0.0058320979587733746, 0.11190976947546005, 0.0777619257569313, 1.1319876909255981, 0.09005378186702728, 0.9447927474975586, 0.12371267378330231, 0.2611033022403717, 0.0, 1.3406322002410889, 0.29402390122413635, 0.07198215276002884, 2.410250663757324, 0.046859025955200195, 0.23925979435443878, 0.40479815006256104, 0.11766846477985382, 0.42049354314804077, 0.5422229170799255, 0.6681391596794128, 0.9240419268608093, 0.04551297798752785, 0.16074693202972412, 1.3953828811645508, 0.05156071484088898, 0.2716509997844696, 0.2207065373659134, 0.07897724211215973, 2.120037078857422, 0.0, 3.581214189529419, 0.24521416425704956, 0.18583333492279053, 0.321190744638443, 0.016711002215743065, 0.013763679191470146, 0.12969888746738434, 0.2455366551876068, 0.11064039170742035, 0.22459940612316132, 0.0, 0.0, 0.03356676921248436, 0.908284068107605, 0.9003984332084656, 0.0, 0.23767109215259552, 0.6341995000839233, 0.0, 0.007617763243615627, 1.112081527709961, 0.114485003054142, 0.0, 0.9870656132698059, 0.07730670273303986, 0.0, 0.06914527714252472, 0.0, 0.11184138059616089, 0.12285257130861282, 1.6536415815353394, 0.6404560804367065, 0.008476383984088898, 0.4169728755950928, 0.08244127780199051, 0.49718931317329407, 2.697598934173584, 0.19883695244789124, 0.5373424291610718, 0.5523956418037415, 0.3522920310497284, 0.16974374651908875, 0.02214151993393898, 0.5019877552986145, 0.09161670506000519, 0.08144630491733551, 0.10834363847970963, 2.9105172157287598, 0.10195372253656387, 0.029953589662909508, 1.3893283605575562, 0.03619157895445824, 1.0820519924163818, 0.2143086940050125, 0.4190082252025604, 0.22551994025707245, 0.2028777301311493, 0.18761122226715088, 8.94746208190918, 1.2962579727172852, 0.08252476900815964, 0.6355772018432617, 1.425315022468567, 0.5977845191955566, 1.2320977449417114, 0.05981293320655823, 0.2531815469264984, 0.17354685068130493, 0.41541555523872375, 0.375519722700119, 0.01991179957985878, 1.383139729499817, 0.05101267993450165, 0.05815253034234047, 0.2869047522544861, 0.07795979827642441, 0.4594326317310333, 0.2854941487312317, 0.9110652208328247, 0.020869098603725433, 0.04692473262548447, 0.19412678480148315, 0.0, 0.08866101503372192, 0.7328658699989319, 0.11126609891653061, 0.11673121899366379, 0.07750285416841507, 0.3361668884754181, 0.5896117687225342, 0.1579018086194992, 0.19353848695755005, 0.09473355114459991, 1.0651683807373047, 0.5300208926200867, 0.3268567621707916, 0.0, 0.8342803120613098, 1.312300682067871, 0.5713717341423035, 0.7503975629806519, 0.0, 0.5720447897911072, 0.12458524107933044, 1.1682685613632202, 0.12579868733882904, 0.1726047545671463, 0.3285467326641083, 0.0, 0.21080785989761353, 0.15013855695724487, 0.6249156594276428, 0.1397245228290558, 1.5375277996063232, 2.261873483657837, 0.08811629563570023, 0.036422330886125565, 0.9872095584869385, 0.18715974688529968, 0.0, 0.3247443735599518, 0.20262020826339722, 0.7321942448616028, 1.1213018894195557, 1.542611837387085, 0.14357464015483856, 1.100490689277649, 0.3227880001068115, 0.02865944616496563, 0.4199422001838684, 0.5443350076675415, 2.690896987915039, 0.03295372799038887, 0.11294583231210709, 1.057839274406433, 0.6080358624458313, 0.7461631894111633, 0.5498614311218262, 0.23837248980998993, 0.08054004609584808, 0.6037790179252625, 0.9723877310752869, 0.08089760690927505, 0.08983109891414642, 0.21931172907352448, 0.028408639132976532, 0.7804355025291443, 0.0, 0.2693707346916199, 0.3255822956562042, 0.26509740948677063, 1.136694312095642, 0.1993856430053711, 0.00934999343007803, 0.0, 0.0, 0.0, 0.0, 0.0, 0.5034461617469788, 0.7651417255401611, 1.146305799484253, 0.0, 3.7614552974700928, 0.16703930497169495, 0.1374523639678955, 0.6224578619003296, 0.06282279640436172, 0.049510736018419266, 0.5778598189353943, 0.11957747489213943, 2.4768776893615723, 0.27423134446144104, 0.45489072799682617, 2.7962100505828857, 1.4320253133773804, 1.121450424194336, 0.4607833921909332, 0.12339302152395248, 0.012721886858344078, 0.14552092552185059, 0.042496807873249054, 0.22551633417606354, 0.2940048277378082, 1.7417618036270142, 0.18834982812404633, 0.1632925570011139, 0.0, 0.189670130610466, 0.009152015671133995, 0.026952140033245087, 3.671520709991455, 0.5094745755195618, 2.1037678718566895, 0.02852332405745983, 0.0, 1.2624270915985107, 0.0, 0.09516986459493637, 0.0661637932062149, 0.10192606598138809, 0.0, 0.0352545790374279, 0.41424039006233215, 1.2824088335037231, 0.5973452925682068, 0.0, 0.00900585763156414, 0.23426683247089386, 0.005847770255059004, 1.0422024726867676, 0.029802117496728897, 6.355071673169732e-05, 0.0, 0.0, 1.790626049041748, 0.10134373605251312, 2.4534108638763428, 0.3137095272541046, 0.5090233087539673, 0.13275158405303955, 0.12787093222141266, 2.442107677459717, 0.07683739066123962, 0.11350245028734207, 2.3512325286865234, 0.4591633677482605, 0.6973026990890503, 1.6975085735321045, 0.1475290060043335, 0.0496511347591877, 0.3213214874267578, 0.044904619455337524, 0.0, 0.6526656150817871, 0.004964400082826614, 0.014572372660040855, 0.042688969522714615, 0.2506761848926544, 0.1796119511127472, 0.33196160197257996, 0.21193037927150726, 0.0002391240996075794, 0.03724000230431557, 0.0, 0.2573084235191345, 0.07356054335832596, 0.7746714949607849, 0.11629018932580948, 0.20310816168785095, 1.8065290451049805, 0.0, 0.08114702999591827, 0.26173481345176697, 0.3502049446105957, 0.0656530037522316, 0.0348488911986351, 2.3002266883850098, 0.4349096715450287, 0.028516191989183426, 0.2604878544807434, 1.507448434829712, 3.976438522338867, 0.06459785252809525, 0.43387719988822937, 4.130107879638672, 3.056394577026367, 1.1468887329101562, 0.3508549630641937, 0.2999906837940216, 0.5063105821609497, 0.905914306640625, 0.14862866699695587, 0.13374653458595276, 0.002322946209460497, 0.18214981257915497, 0.06912875175476074, 0.19101810455322266, 0.044999174773693085, 0.0, 0.1005048155784607, 1.6601626873016357, 0.0, 0.7158349752426147, 2.318753719329834, 0.0, 1.81085205078125, 0.15646834671497345, 0.14015179872512817, 1.0800658464431763, 0.4785487651824951, 0.027499914169311523, 0.2267388105392456, 0.06870940327644348, 1.3579163551330566, 0.3563968539237976, 0.004699667915701866, 0.2483178973197937, 0.3451291024684906, 0.0014213225804269314, 0.0, 2.207145929336548, 0.007549329660832882, 0.12840405106544495, 2.6958320140838623, 0.011462459340691566, 0.14791487157344818, 0.07401014864444733, 0.3868268132209778, 0.6056829690933228, 0.10419339686632156, 0.33475661277770996, 0.273372620344162, 0.048833031207323074, 0.03981676697731018, 0.09865912795066833, 1.2579166889190674, 0.08025947958230972, 0.4364357888698578, 0.7057074904441833, 0.9735419750213623, 1.233891487121582, 1.6253820657730103, 0.4582769572734833, 0.9033132791519165, 0.0007948072743602097, 2.237433910369873, 1.513901948928833, 0.0036981396842747927, 0.09630466997623444, 0.012174314819276333, 0.4910060465335846, 0.15805001556873322, 0.25346639752388, 0.0023610251955688, 0.015315624885261059, 0.14540483057498932, 0.2209433764219284, 0.6308472156524658, 0.0, 0.01986624300479889, 0.2884773015975952, 0.014257910661399364, 0.32938331365585327, 1.0178683996200562, 0.6294775009155273, 0.0, 0.0, 4.138121128082275, 0.428367018699646, 2.7908856868743896, 0.3030896484851837, 0.09735020995140076, 0.06753513962030411, 0.003506803885102272, 0.006916479207575321, 0.06192432716488838, 0.33024901151657104, 0.016827799379825592, 0.4013688862323761, 0.5332968831062317, 0.09718587249517441, 0.9705472588539124, 0.07820567488670349, 0.15410491824150085, 1.8733636140823364, 0.0, 0.07056888937950134, 0.05524842441082001, 0.4073929786682129, 0.014186807908117771, 1.5493587255477905, 0.023040788248181343, 0.048920173197984695, 0.8838938474655151, 0.019563183188438416, 0.25670918822288513, 0.23810172080993652, 0.06322265416383743, 0.6101523637771606, 1.600917935371399, 0.27319207787513733, 0.018761644139885902, 0.7995003461837769, 0.003581124823540449, 0.03416622802615166, 0.2078513354063034, 0.640479564666748, 0.07283227145671844, 0.019002588465809822, 0.8171951770782471, 0.0677151158452034, 1.9247127771377563, 0.2183111160993576, 0.13388298451900482, 0.9003081321716309, 0.04348814859986305, 0.008347287774085999, 0.04597873240709305, 0.03470326587557793, 1.5898842811584473, 0.2966729998588562, 0.5766248106956482, 0.4694494903087616, 0.07320476323366165, 0.403638631105423, 0.03236202150583267, 0.09996815770864487, 0.19515185058116913, 0.0, 1.7232463359832764, 0.08461779356002808, 0.03409484773874283, 0.06188026815652847, 0.1230662614107132, 0.028173023834824562, 0.0, 0.014747113920748234, 0.7608621716499329, 0.2067832201719284, 0.3157694339752197, 1.3234872817993164, 2.1101696491241455, 0.6408054828643799, 0.24433447420597076, 1.5409200191497803, 0.15523381531238556, 0.01096143014729023, 0.016607489436864853, 0.001960216788575053, 0.3633567690849304, 0.00881926342844963, 0.3520304560661316, 1.3954116106033325, 0.06050029397010803, 0.09362088143825531, 0.3430344760417938, 0.8019670844078064, 0.8650107979774475, 0.04158838838338852, 0.08367826789617538, 0.04082324728369713, 0.30342984199523926, 0.11325929313898087, 1.577977180480957, 0.20397694408893585, 0.014169327914714813, 0.012680725194513798, 0.07075489312410355, 3.822035551071167, 0.05192450061440468, 0.5808137655258179, 0.025540288537740707, 0.02125724032521248, 0.18236497044563293, 1.4553157091140747, 0.14933691918849945, 0.7453035116195679, 0.08220444619655609, 0.2871783971786499, 1.0241081714630127, 0.06419038772583008, 0.02734638750553131, 0.006865411531180143, 0.18010392785072327, 0.004654069431126118, 0.7975771427154541, 0.008281965740025043, 0.07456830143928528, 1.4045058488845825, 0.0, 0.08423278480768204, 0.06839966028928757, 0.3043014705181122, 0.16730856895446777, 0.1287919133901596, 0.04834752157330513, 0.0, 0.0, 0.21177229285240173, 0.25493401288986206, 1.1073335409164429, 0.0, 0.502734363079071, 0.06376399099826813, 0.318724125623703, 0.9401334524154663, 0.0, 0.6682800054550171, 1.7215479612350464, 0.0, 1.7775272130966187, 0.25146088004112244, 0.1596662998199463, 0.11319711059331894, 3.257169485092163, 1.634602427482605, 0.5670949220657349, 1.9495972394943237, 0.21136809885501862, 0.1302468478679657, 0.21092236042022705, 0.8064188957214355, 0.0, 0.0, 0.0, 0.1185624971985817, 0.03491903468966484, 0.05561375990509987, 0.07580909878015518, 0.6201539039611816, 1.5717393159866333, 0.014774993993341923, 0.31260791420936584, 0.20142535865306854, 0.21450282633304596, 0.18903854489326477, 0.060310520231723785, 0.010646151378750801, 0.04183618351817131, 0.7462802529335022, 0.03710748255252838, 0.06253889948129654, 0.0, 0.1808495968580246, 0.06851961463689804, 0.1617804765701294, 0.03177020326256752, 0.473153293132782, 0.37508049607276917, 0.14693166315555573, 0.20282518863677979, 0.48388203978538513, 0.0, 1.3796484470367432, 3.006010055541992, 0.03847381845116615, 0.0, 0.0, 0.08911570906639099, 0.10486042499542236, 0.049832817167043686, 0.0011958808172494173, 1.2470977306365967, 0.1958545744419098, 2.536339044570923, 0.07976890355348587, 0.6205044388771057, 0.0055373176001012325, 0.06328979134559631, 0.7315558791160583, 0.09443677216768265, 0.0, 0.7933998703956604, 0.2137405276298523, 0.7584376931190491, 0.14790835976600647, 0.095051608979702, 0.0, 0.8724334239959717, 0.04813425987958908, 0.4704340696334839, 1.1143015623092651, 0.0, 0.2152821123600006, 0.09842373430728912, 0.15446250140666962, 0.11688610166311264, 1.8036326169967651, 1.2152246236801147, 0.34213948249816895, 0.0, 0.03705213591456413, 2.8222756385803223, 0.22170193493366241, 0.18620817363262177, 0.38893696665763855, 0.06898908317089081, 0.2846204936504364, 0.8776514530181885, 0.0, 0.08484486490488052, 0.0, 0.07314880192279816, 1.0367894172668457, 0.27976760268211365, 0.2826257050037384, 0.017560046166181564, 0.047214582562446594, 0.1954282820224762, 0.20428048074245453, 0.008819949813187122, 0.17286750674247742, 0.0, 0.37085676193237305, 0.30853572487831116, 0.983695387840271, 1.261387825012207, 0.07279184460639954, 2.482971429824829, 0.45522525906562805, 0.8475080132484436, 0.39564695954322815, 0.40094515681266785, 2.1026673316955566, 0.12057933956384659, 0.00922650471329689, 0.0, 0.048344533890485764, 0.0, 1.364105224609375, 0.4184098243713379, 0.45183196663856506, 0.12581689655780792, 2.0171844959259033, 0.4160677492618561, 1.1823525428771973, 0.13235722482204437, 0.9849772453308105, 0.07450241595506668, 0.20271456241607666, 0.07077658176422119, 0.2468966692686081, 1.300850510597229, 0.009525459259748459, 0.029194872826337814, 0.20151734352111816, 0.08618316054344177, 0.007658068090677261, 0.6624364256858826, 0.18478818237781525, 2.420058012008667, 0.5567722916603088, 0.0, 0.20719072222709656, 0.12546829879283905, 0.4730106592178345, 0.22693927586078644, 1.0692981481552124, 0.1086316704750061, 0.3561265468597412, 0.720594048500061, 0.581453263759613, 0.3940461277961731, 0.10187295079231262, 1.4844316244125366, 0.06184970960021019, 0.2511439621448517, 0.06724242866039276, 1.204047679901123, 0.05955801531672478, 0.06998859345912933, 2.255295753479004, 0.0, 0.0, 0.0019007313530892134, 0.7428215146064758, 0.6067151427268982, 1.0265685319900513, 0.0006752597982995212, 0.042131949216127396, 1.5029298067092896, 0.9261229634284973, 0.01534118503332138, 0.14052903652191162, 1.7910221815109253, 0.037107113748788834, 0.9962021708488464, 2.3938820362091064, 0.4023177921772003, 1.3939288854599, 0.1838814616203308, 0.09696511179208755, 1.565036416053772, 0.10553865879774094, 2.411162853240967, 1.232211709022522, 0.4630235433578491, 0.24694612622261047, 1.202012538909912, 0.03933500871062279, 0.9455350041389465, 0.021255023777484894, 0.7318560481071472, 0.02544121816754341, 0.024746816605329514, 0.0, 0.33065804839134216, 0.933790385723114, 0.05685649439692497, 0.07010982185602188, 0.28510963916778564, 0.5439138412475586, 0.0, 0.6582664847373962, 3.3643321990966797, 0.907604455947876, 0.45923444628715515, 0.726396918296814, 0.0239628367125988, 0.05935518443584442, 0.49488767981529236, 0.14118459820747375, 1.28947913646698, 0.17652593553066254, 2.8459174633026123, 0.6993888020515442, 0.12811926007270813, 0.0, 0.18673312664031982, 0.11077754199504852, 2.8040099143981934, 0.0, 0.06025295332074165, 0.3953005075454712, 0.0, 0.3437863290309906, 2.1123788356781006, 3.375211238861084, 0.04200490564107895, 0.4535983204841614, 0.0, 0.09105955064296722, 0.052726130932569504, 1.4759870767593384, 0.008516861125826836, 0.0, 0.005016409792006016, 0.29887673258781433, 0.002126829931512475, 0.0, 0.7258137464523315, 0.40661492943763733, 0.45175668597221375, 0.012239103205502033, 0.9003912210464478, 0.05713329836726189, 0.5939446091651917, 0.09534584730863571, 0.04831605404615402, 0.23382943868637085, 3.3134024143218994, 0.16923803091049194, 0.07683128863573074, 0.10961364209651947, 0.10955240577459335, 0.0, 0.8527035117149353, 3.7232015132904053, 1.052669644355774, 0.17011943459510803, 0.23976905643939972, 0.0, 0.05551430210471153, 0.5466699600219727, 0.24777334928512573, 1.038935661315918, 0.05302147567272186, 3.851729393005371, 1.072579026222229, 0.23834583163261414, 0.004871713928878307, 0.06688635796308517, 0.07983694970607758, 1.5555200576782227, 0.20188158750534058, 0.29217082262039185, 0.7314442992210388, 0.885401725769043, 0.0028601642698049545, 0.0, 0.4232952296733856, 0.0, 1.5769524574279785, 0.13655366003513336, 0.7165924310684204, 0.12178394943475723, 0.01959928125143051, 0.15895994007587433, 0.08967572450637817, 0.0011185528710484505, 0.035810139030218124, 0.01262823399156332, 0.1318511664867401, 0.0, 0.015099771320819855, 0.99733966588974, 0.0, 0.6599770188331604, 0.4558098018169403, 1.443668007850647, 0.2427654266357422, 0.31634634733200073, 0.9757009148597717, 0.006692166440188885, 0.09544163942337036, 1.8584283590316772, 0.0, 0.3031318187713623, 0.09306827932596207, 0.32394182682037354, 1.7798806428909302, 2.011721611022949, 0.0, 0.2967304587364197, 0.07130348682403564, 0.19253596663475037, 0.5553361773490906, 0.03544478118419647, 0.1185382530093193, 0.5204717516899109, 0.21883976459503174, 0.12445606291294098, 0.24726983904838562, 1.2505296468734741, 0.9045432209968567, 1.5671850442886353, 0.06158773601055145, 0.20112499594688416, 0.28492337465286255, 0.25682511925697327, 0.6513765454292297, 0.0, 0.2448640614748001, 2.5429258346557617, 0.14406609535217285, 0.015731491148471832, 0.15637092292308807, 0.11656753718852997, 0.5180937647819519, 0.3614485561847687, 0.13104960322380066, 0.17840521037578583, 1.059302568435669, 0.007054591551423073, 0.20569567382335663, 1.0717767477035522, 0.4321313202381134, 0.18476010859012604, 0.0, 1.802817463874817, 0.1576480120420456, 0.17454172670841217, 0.8315608501434326, 0.0, 0.5900769233703613, 1.150145411491394, 0.0643412321805954, 0.3960006833076477, 0.0, 0.0, 0.0, 1.2502754926681519, 0.0772734060883522, 1.384718894958496, 0.32796502113342285, 0.2320176661014557, 0.23027002811431885, 0.026122083887457848, 0.09571094810962677, 0.07852184772491455, 0.028037190437316895, 0.2050725519657135, 0.1503489911556244, 0.010185129940509796, 0.40813812613487244, 0.05079450458288193, 0.7466486692428589, 0.021443618461489677, 1.7653652429580688, 0.4308505952358246, 0.1959737241268158, 0.01403704471886158, 0.45554983615875244, 0.07845678925514221, 0.739452600479126, 0.12225062400102615, 1.0334798097610474, 0.0, 0.08612091839313507, 0.009037328884005547, 0.006840978283435106, 0.020037343725562096, 0.09221290796995163, 0.0, 0.20910309255123138, 0.011042142286896706, 0.031919509172439575, 0.36443406343460083, 0.6879348158836365, 1.048820972442627, 0.0, 0.04524097591638565, 0.9575632810592651, 0.4618048667907715, 0.32686078548431396, 0.4502120912075043, 1.8009278774261475, 0.10681631416082382, 0.0, 0.030849648639559746, 0.052820827811956406, 0.3017963767051697, 0.07428250461816788, 0.0, 1.0005407333374023, 0.19854488968849182, 0.383283406496048, 3.0883145332336426, 0.008414535783231258, 0.5760402679443359, 0.008954675868153572, 0.21452867984771729, 0.01095487643033266, 0.37216824293136597, 0.0, 0.0, 0.07291208207607269, 0.5359064340591431, 0.014840126037597656, 0.22910791635513306, 0.03359891474246979, 0.35445672273635864, 0.26560747623443604, 0.6934769153594971, 0.3298356831073761, 0.06549186259508133, 0.06442266702651978, 0.1856153905391693, 0.043446656316518784, 0.007154729682952166, 2.552137613296509, 0.0, 1.0213524103164673, 0.2050633281469345, 0.15711061656475067, 0.01634797267615795, 0.22525426745414734, 0.09852845221757889, 0.028983043506741524, 0.0, 0.061984188854694366, 0.29484373331069946, 0.0, 0.06106443703174591, 0.3299974203109741, 1.1032044887542725, 0.0, 0.22630061209201813, 0.03551635146141052, 0.09751835465431213, 0.12360063195228577, 0.11722292006015778, 0.5142094492912292, 0.0, 0.8148984909057617, 0.7865636944770813, 0.0012954254634678364, 0.08278113603591919, 0.05553630366921425, 4.807476043701172, 0.20952236652374268, 0.10536486655473709, 0.5096469521522522, 0.11525874584913254, 0.0, 0.07609851658344269, 0.1526409387588501, 0.45351141691207886, 0.17142973840236664, 0.2619853615760803, 0.361430823802948, 1.5583698749542236, 0.09810450673103333, 0.2324094921350479, 0.5607523918151855, 0.46128860116004944, 1.7431626319885254, 0.057770684361457825, 0.04835648834705353, 0.008681832812726498, 0.07129135727882385, 0.18292726576328278, 2.0340535640716553, 0.06981837749481201, 0.2160157412290573, 0.029766080901026726, 0.0, 1.1068897247314453, 0.022840367630124092, 0.0, 0.1567264348268509, 0.7890470623970032, 0.0323704294860363, 0.12574565410614014, 0.058860886842012405, 0.002530983416363597, 0.20151673257350922, 0.377930611371994, 0.0022217107471078634, 0.041519906371831894, 0.16461849212646484, 0.19267964363098145, 0.3366939425468445, 0.41897091269493103, 0.0672968178987503, 0.0, 0.13135428726673126, 0.007094874512404203, 2.0814099311828613, 1.1916462182998657, 0.20584924519062042, 0.32986027002334595, 0.27279794216156006, 0.48999178409576416, 0.6483936905860901, 0.05890115350484848, 0.03748296946287155, 1.9824237823486328, 0.011855811811983585, 0.0, 0.0, 0.725928783416748, 0.24720628559589386, 0.01834728568792343, 0.0, 0.07673825323581696, 0.05399186909198761, 0.37548118829727173, 0.12010152637958527, 0.015342294238507748, 0.1483154594898224, 0.01686953566968441, 0.01845621131360531, 0.0, 0.28420984745025635, 0.0, 0.2215825617313385, 0.04903241991996765, 0.09191694855690002, 0.0, 0.06010739505290985, 0.1233782097697258, 2.4133358001708984, 0.09417164325714111, 4.879795596934855e-05, 0.3728482127189636, 0.0, 0.25613391399383545, 0.592384397983551, 0.08207003772258759, 0.048139095306396484, 0.010311562567949295, 0.03626953810453415, 0.10788252204656601, 0.4056946933269501, 0.005071280058473349, 0.1699061542749405, 0.031561821699142456, 0.013685688376426697, 1.5297542810440063, 0.2732519507408142, 0.06612104177474976, 0.0, 0.47073209285736084, 0.019008424133062363, 0.0, 0.00299936905503273, 0.7003624439239502, 0.7869061827659607, 0.0, 0.03336401283740997, 0.029258299618959427, 0.002045621629804373, 0.09006716310977936, 0.3766940236091614, 0.38538694381713867, 0.37725830078125, 0.949185848236084, 0.3519001007080078, 0.0, 0.1587321162223816, 0.16982606053352356, 0.036736954003572464, 0.18722975254058838, 0.5307101607322693, 0.027255136519670486, 0.5209670066833496, 0.0, 0.5116627216339111, 1.4852100610733032, 0.6372504234313965, 0.09762921929359436, 1.2046462297439575, 0.006566675379872322, 0.12909452617168427, 0.3681613504886627, 1.673856258392334, 0.9225759506225586, 2.3187527656555176, 0.05265253409743309, 0.2815631628036499, 0.9244430065155029, 0.09823089838027954, 0.012427615001797676, 0.0, 0.19145594537258148, 0.1376822143793106, 0.18492579460144043, 0.20564602315425873, 0.6515434980392456, 0.0020683687180280685, 0.6816862225532532, 0.668982207775116, 0.2897678017616272, 0.19078890979290009, 0.059384267777204514, 0.36566683650016785, 0.3455159366130829, 0.07521522045135498, 0.026678722351789474, 0.027317175641655922, 1.7600655555725098, 0.02449474111199379, 0.3819875419139862, 0.16259777545928955, 0.746071457862854, 0.23896221816539764, 0.6884017586708069, 0.17349550127983093, 0.32101020216941833, 0.10482463240623474, 2.3028171062469482, 0.4763028919696808, 0.3376716673374176, 0.04762091860175133, 0.0, 0.055962610989809036, 0.06601116806268692, 0.01307414285838604, 0.2927277684211731, 0.4978916049003601, 0.12462840974330902, 0.07674763351678848, 0.0, 0.6353552937507629, 0.09063179790973663, 0.0, 0.0, 0.022504527121782303, 0.12469442188739777, 0.362804651260376, 1.1539926528930664, 0.20475773513317108, 0.77468341588974, 0.26062583923339844, 0.39992162585258484, 5.134617328643799, 0.415356308221817, 0.35460150241851807, 0.0, 0.14147214591503143, 0.0659712702035904, 0.7127968668937683, 0.027359554544091225, 0.4676229655742645, 0.0, 0.8578904867172241, 0.6383722424507141, 1.363541603088379, 0.21745504438877106, 0.03150574117898941, 0.2189812809228897, 0.024833591654896736, 0.3583846092224121, 0.043076612055301666, 0.38499364256858826, 0.14683346450328827, 0.09228944778442383, 0.005543905775994062, 0.16005298495292664, 0.013677159324288368, 0.2741195261478424, 0.24948421120643616, 0.9749161601066589, 0.8162834048271179, 1.8541698455810547, 0.0, 0.0, 0.8945378661155701, 0.0, 0.6142905950546265, 1.3528125286102295, 0.021989107131958008, 0.0, 0.21422380208969116, 0.15286469459533691, 0.2009326070547104, 1.970049500465393, 0.5375488996505737, 0.0, 0.11636307835578918, 0.07643144577741623, 0.23192253708839417, 0.6884104013442993, 2.7804150581359863, 0.040052562952041626, 1.6058354377746582, 1.7626951932907104, 1.0616780519485474, 0.0, 0.07154969871044159, 0.39916303753852844, 0.034012846648693085, 0.2930040657520294, 0.21346570551395416, 0.0, 1.7055721282958984, 0.22833099961280823, 0.7418965101242065, 0.19344641268253326, 1.4139080047607422, 0.2900155484676361, 0.09975805878639221, 0.5178653001785278, 0.44754931330680847, 3.223099708557129, 0.2908915877342224, 0.6129517555236816, 0.0, 0.29925596714019775, 0.007144344039261341, 0.0, 0.03125928342342377, 2.0382373332977295, 0.23187674582004547, 0.0589863657951355, 0.025323420763015747, 1.823600172996521, 0.9796196818351746, 0.5369551777839661, 1.3924195766448975, 1.7147085666656494, 5.901300430297852, 0.127802774310112, 0.05770282447338104, 0.04984520748257637, 0.1527683138847351, 0.018911555409431458, 0.9021183848381042, 0.44247347116470337, 0.0, 0.06957569718360901, 0.0, 1.7226917743682861, 0.1125825047492981, 0.3968754708766937, 0.5932604670524597, 0.07902230322360992, 0.0022862760815769434, 0.1611373871564865, 0.16155610978603363, 0.0670139268040657, 2.407242774963379, 0.5547338128089905, 0.15577471256256104, 0.029179325327277184, 0.16984519362449646, 0.05051741376519203, 2.119568109512329, 1.2771084308624268, 0.02544288896024227, 0.698148787021637, 0.18468743562698364, 0.13772639632225037, 0.1350010633468628, 1.343375325202942, 0.6271021366119385, 0.0, 0.14853215217590332, 0.00035599785041995347, 0.0, 0.036726828664541245, 0.004689810331910849, 0.0007906933315098286, 0.0, 2.5821170806884766, 0.1440832018852234, 1.6986706256866455, 0.05462008714675903, 0.3300818204879761, 0.23287247121334076, 0.6745121479034424, 1.0161068439483643, 0.016436824575066566, 0.0018258945783600211, 0.23872701823711395, 1.1451716423034668, 0.13697268068790436, 0.24833372235298157, 0.5101275444030762, 0.0, 0.29003387689590454, 0.018148615956306458, 0.20291616022586823, 0.6011098027229309, 0.11035698652267456, 0.20661257207393646, 0.21055176854133606, 0.0, 0.0, 0.0, 0.22540096938610077, 0.3310287594795227, 0.07392804324626923, 0.8827147483825684, 0.0, 1.0430532693862915, 0.6915596723556519, 0.3879556357860565, 0.0, 0.0, 0.2066504955291748, 0.2138703167438507, 0.0, 0.0, 0.15283378958702087, 0.02998250164091587, 0.011937443166971207, 0.09866872429847717, 0.06343314051628113, 0.8483270406723022, 0.1924283504486084, 0.02449655532836914, 0.09540363401174545, 0.41528499126434326, 0.0, 1.60422682762146, 0.055586665868759155, 0.09026762843132019, 0.019067594781517982, 0.06722170114517212, 0.022455167025327682, 0.0, 0.009631173685193062, 0.013903859071433544, 0.12775245308876038, 0.1486256867647171, 0.0, 0.19041472673416138, 0.010869826190173626, 0.8069134950637817, 1.2596650123596191, 2.2566301822662354, 3.5802619457244873, 1.4957729578018188, 0.26782017946243286, 0.4825579524040222, 0.10320907086133957, 0.12682344019412994, 0.7206851243972778, 0.9073410034179688, 0.007214745506644249, 2.2859652042388916, 0.14574652910232544, 0.7719296216964722, 0.8389095664024353, 1.0394532680511475, 0.301690936088562, 0.20922832190990448, 0.024242963641881943, 0.18759344518184662, 0.4100072383880615, 1.1050912141799927, 0.09458821266889572, 0.008187191560864449, 0.24499255418777466, 1.0714610815048218, 0.034190405160188675, 0.0, 1.6793804168701172, 0.0, 0.0, 0.15726515650749207, 0.00985475443303585, 0.9645703434944153, 0.14483241736888885, 0.013056531548500061, 0.45311495661735535, 1.4166406393051147, 0.3348279595375061, 1.1310278177261353, 0.9199338555335999, 2.3622446060180664, 0.12584497034549713, 0.6060318946838379, 0.2538524866104126, 0.45404404401779175, 0.3595554828643799, 0.11465568840503693, 0.41266515851020813, 0.2105095535516739, 2.8004791736602783, 0.1145026907324791, 0.060458119958639145, 0.007154669146984816, 0.22277653217315674, 0.12481126189231873, 0.08318550884723663, 0.03132043033838272, 0.6045204997062683, 0.00748240202665329, 1.3791143894195557, 0.7046951055526733, 0.022619053721427917, 0.09807001799345016, 0.03627666085958481, 0.1761227697134018, 0.5962423086166382, 0.39591941237449646, 0.033521220088005066, 0.0, 0.10973866283893585, 0.0, 0.0, 0.0768691897392273, 0.0, 0.2427869588136673, 0.10264775902032852, 1.7666670083999634, 0.0006493183900602162, 0.0, 0.35429075360298157, 0.8035878539085388, 0.04728323221206665, 0.016817506402730942, 0.07016829401254654, 0.3284144103527069, 0.016788745298981667, 0.2022392451763153, 0.0601799450814724, 0.057562749832868576, 0.08851870894432068, 0.09792429208755493, 0.42579400539398193, 0.8839794993400574, 1.7310632467269897, 0.08615633100271225, 0.7672833800315857, 0.24741604924201965, 0.01660032384097576, 0.5236546993255615, 0.31899234652519226, 0.31956928968429565, 0.19791677594184875, 0.0, 0.6214385628700256, 0.325006365776062, 0.0, 0.03675199672579765, 0.03497925028204918, 1.7317073345184326, 0.7202791571617126, 0.5902250409126282, 0.3526698052883148, 0.10088293999433517, 0.6836585402488708, 0.10261605679988861, 0.22507716715335846, 0.0, 0.0, 1.744911789894104, 0.7018261551856995, 0.009019005112349987, 0.18220317363739014, 1.0077818632125854, 0.0, 0.028831729665398598, 0.22217980027198792, 0.02993989735841751, 0.0, 0.15873408317565918, 0.25566354393959045, 0.22811025381088257, 1.0168826580047607, 1.1191082000732422, 0.0, 1.557645559310913, 0.0, 0.1508609652519226, 0.053502414375543594, 0.05186959356069565, 0.3312559425830841, 0.12215881049633026, 0.009859895333647728, 0.20328326523303986, 0.02360425889492035, 0.3575950860977173, 1.147921085357666, 0.07411874830722809, 0.7733686566352844, 0.2601674795150757, 0.1081996038556099, 0.0, 0.21898028254508972, 0.09371782839298248, 0.0, 0.7790900468826294, 1.442173957824707, 0.01549072191119194, 0.2592695355415344, 0.5140165686607361, 0.4000867009162903, 0.9088442921638489, 0.0760965570807457, 1.2426496744155884, 2.604438543319702, 0.022994715720415115, 0.1803525984287262, 0.40253978967666626, 1.08670973777771, 0.25432324409484863, 0.0, 0.0, 0.7204398512840271, 0.11713940650224686, 0.8522989749908447, 0.0, 0.3558197021484375, 0.521000862121582, 0.7024539113044739, 0.01708083227276802, 0.4002341330051422, 0.024468041956424713, 0.5613424181938171, 0.012248457409441471, 0.0, 1.3086131811141968, 0.2588912546634674, 0.02842406928539276, 1.0172972679138184, 2.676081418991089, 0.12234773486852646, 0.08699287474155426, 0.00995278637856245, 0.0, 0.0, 0.4387834072113037, 0.17040550708770752, 0.004122101701796055, 0.25462621450424194, 0.48485374450683594, 0.0, 0.0, 0.20574887096881866, 0.17723847925662994, 0.057090483605861664, 0.08200371265411377, 0.5341851115226746, 0.0, 0.50546795129776, 0.1617049127817154, 0.0, 0.12080120295286179, 1.1452078819274902, 0.05801592022180557, 1.9171340465545654, 0.1125585213303566, 0.03432636335492134, 0.0, 0.3923289179801941, 0.1720900684595108, 0.04773687198758125, 0.0, 1.258952021598816, 0.0, 0.5622100830078125, 0.05966545641422272, 0.0, 0.06331652402877808, 0.1205935999751091, 0.6839448809623718, 0.0, 0.0, 0.30223238468170166, 0.8131373524665833, 0.017807507887482643, 0.3758019506931305, 0.0, 0.2202027142047882, 0.0, 0.6111504435539246, 0.5510653853416443, 0.03245296701788902, 1.2947568893432617, 0.6755510568618774, 0.18381279706954956, 0.0, 0.022942470386624336, 0.0, 0.1392057090997696, 0.01819751039147377, 0.05006217956542969, 0.019994137808680534, 0.07138828188180923, 0.3641766905784607, 0.23257340490818024, 0.03457515686750412, 0.08848067373037338, 1.0369106531143188, 0.09639749675989151, 0.2284976840019226, 0.011596368625760078, 0.07823477685451508, 0.8876253366470337, 0.10000207275152206, 0.4977291524410248, 0.8015637993812561, 0.734129011631012, 0.7585248947143555, 0.03949829563498497, 0.958598792552948, 0.0, 0.17501729726791382, 0.8557935357093811, 2.178619384765625, 1.5515893697738647, 1.914992332458496, 1.7525066137313843, 0.0, 0.13615861535072327, 1.086611270904541, 0.429231733083725, 0.0, 0.02087143436074257, 0.08356227725744247, 0.34606513381004333, 0.0, 0.121333546936512, 0.17423579096794128, 0.06847206503152847, 0.23830193281173706, 0.3679748475551605, 0.14975705742835999, 0.030198214575648308, 0.09380599111318588, 1.656386375427246, 0.0, 0.14661628007888794, 0.06212984770536423, 0.46599307656288147, 0.28331631422042847, 0.17854472994804382, 0.1362234503030777, 0.3982284963130951, 2.0885322093963623, 2.2198030948638916, 0.0020119755063205957, 0.12517188489437103, 0.4390392601490021, 0.6097590327262878, 0.1195225790143013, 0.28966647386550903, 0.0, 0.24420714378356934, 0.8906334638595581, 0.47880545258522034, 0.24659641087055206, 0.1844857633113861, 0.10299429297447205, 0.08079183101654053, 0.0, 1.8981207609176636, 1.3681097030639648, 0.07548554986715317, 0.0, 0.0, 0.013445372693240643, 0.2576357126235962, 0.16870824992656708, 0.43004438281059265, 0.29530999064445496, 0.07410228252410889, 0.044556859880685806, 1.637690544128418, 0.0, 0.1311393529176712, 0.003765602596104145, 0.21444173157215118, 0.6444610953330994, 0.0513945110142231, 0.002355522010475397, 0.5765828490257263, 0.05152203515172005, 0.4885837137699127, 0.34344035387039185, 0.010560215450823307, 0.0, 0.45780450105667114, 0.09810084849596024, 0.6871302127838135, 0.04272768273949623, 0.0018029067432507873, 0.28773730993270874, 0.2609948515892029, 0.1580348163843155, 0.7008394002914429, 0.9196332097053528, 0.22816665470600128, 1.2704617977142334, 0.1426371932029724, 3.5671305656433105, 0.006686692126095295, 0.4726913571357727, 0.4118433892726898, 0.7865695357322693, 0.11204413324594498, 1.0264612436294556, 1.0066554546356201, 0.005384581629186869, 0.0725594162940979, 0.2150086611509323, 0.9528701901435852, 0.32109808921813965, 0.02715994603931904, 0.3363553285598755, 0.5587484836578369, 0.46826112270355225, 0.7600871324539185, 0.004464412108063698, 0.5604413151741028, 0.3720264136791229, 1.6900317668914795, 0.0, 0.2271547168493271, 0.33388519287109375, 0.4081672728061676, 0.0, 0.12250760197639465, 0.06457427144050598, 0.030788851901888847, 0.014835837297141552, 0.04576365649700165, 0.08524977415800095, 0.09859393537044525, 0.7526994943618774, 0.16077250242233276, 0.14443790912628174, 0.2122112512588501, 0.10381980985403061, 0.3657163083553314, 0.18929213285446167, 0.20435239374637604, 1.1174081563949585, 0.6440408825874329, 0.08805055171251297, 0.1063210740685463, 0.2364187091588974, 0.0, 1.21253502368927, 0.19359351694583893, 0.8830413222312927, 0.08574201911687851, 1.361292839050293, 0.27777114510536194, 0.0023598135448992252, 0.010487088933587074, 0.3361797630786896, 0.6884381771087646, 1.2046867609024048, 0.1983654797077179, 1.3988627195358276, 1.0484232902526855, 1.2503060102462769, 0.21193629503250122, 0.0, 0.05261904001235962, 0.06136731803417206, 0.016151322051882744, 0.0, 0.05798770487308502, 1.7242511510849, 0.0452723503112793, 1.3745441436767578, 0.8392713665962219, 1.9330605268478394, 0.3715919852256775, 0.15924909710884094, 0.45652228593826294, 1.373084545135498, 0.14155952632427216, 0.15731167793273926, 0.09215281903743744, 0.0, 0.0, 0.35655903816223145, 0.26905274391174316, 0.05478083714842796, 0.0, 0.7029711604118347, 0.4492981433868408, 0.27280688285827637, 1.0325863361358643, 0.4155063331127167, 0.0, 0.6203609704971313, 0.05468166992068291, 0.1822005808353424, 0.14889901876449585, 0.056881655007600784, 0.0, 0.0, 0.013936607167124748, 0.05527324974536896, 0.6466728448867798, 0.550930380821228, 2.9853932857513428, 0.2608061730861664, 0.40588584542274475, 2.929905414581299, 0.31841421127319336, 0.14287111163139343, 0.2281518280506134, 0.10930909216403961, 0.1708323210477829, 0.18011321127414703, 0.018181664869189262, 0.06419359892606735, 0.9031426310539246, 0.10631831735372543, 2.2219722270965576, 0.21298128366470337, 0.3131437599658966, 3.90736722946167, 0.2947794795036316, 0.5179756879806519, 0.3934449255466461, 0.10172531753778458, 0.47181764245033264, 0.7413685917854309, 0.5465204119682312, 0.5353875756263733, 0.019349053502082825, 0.015960322692990303, 0.41351091861724854, 0.8412537574768066, 0.27775317430496216, 0.0, 0.02785688079893589, 0.01624148152768612, 0.07712167501449585, 0.0, 0.052413612604141235, 0.028013385832309723, 0.0031444928608834743, 0.47179925441741943, 0.09994897246360779, 1.5880086421966553, 0.323787659406662, 0.0, 0.6507092714309692, 0.4540424644947052, 0.04584861174225807, 0.04513942822813988, 0.9512431621551514, 0.0, 0.06866789609193802, 0.8103525042533875, 0.0, 0.15486524999141693, 0.537132740020752, 0.02751343324780464, 1.4525717496871948, 0.0, 0.06588734686374664, 0.0, 1.0776170492172241, 1.0075619220733643, 0.06260194629430771, 0.0, 1.0007961988449097, 0.18591850996017456, 0.2549819052219391, 0.10171909630298615, 0.3517574071884155, 1.3276301622390747, 0.5756248235702515, 0.40898397564888, 0.08702582865953445, 2.669680118560791, 0.5364857912063599, 0.27823740243911743, 0.13367217779159546, 2.476058006286621, 0.1958356648683548, 2.1924822330474854, 0.3269999623298645, 0.03624960407614708, 0.12820935249328613, 0.13517791032791138, 1.3213014602661133, 0.16358189284801483, 0.0, 0.6571429371833801, 0.0, 0.2580680549144745, 0.45099055767059326, 0.08664242178201675, 0.16074156761169434, 0.1677214354276657, 2.000845193862915, 0.13726603984832764, 0.05496835708618164, 0.0019006608054041862, 0.08679234236478806, 0.7586926817893982, 1.2168707847595215, 0.10911466926336288, 0.0, 0.2824971675872803, 0.11071838438510895, 0.2393113374710083, 0.48751476407051086, 0.008762169629335403, 0.13365718722343445, 0.10372946411371231, 0.4856577515602112, 0.12168074399232864, 0.00524440361186862, 0.011051608249545097, 0.3498696982860565, 0.08437522500753403, 0.5446187853813171, 0.01635093428194523, 0.0, 2.8500211238861084, 0.2007245570421219]",Testing/glioma_tumor/image(12).jpg
"[0.6712989807128906, 1.0260206460952759, 0.014539123512804508, 0.043524228036403656, 0.6212605237960815, 0.23854559659957886, 1.8583705425262451, 0.24237357079982758, 0.0668560191988945, 0.0, 0.023169970139861107, 0.07445401698350906, 0.2516164481639862, 0.3971046805381775, 0.8487635254859924, 0.44821685552597046, 0.10770981013774872, 0.26453933119773865, 0.1319102644920349, 0.13672225177288055, 1.034424901008606, 0.42389631271362305, 0.006383127067238092, 0.031472187489271164, 0.19752055406570435, 0.30641186237335205, 1.082399845123291, 0.023498933762311935, 0.06557600200176239, 0.012593084014952183, 0.2711786925792694, 0.02651957795023918, 0.7911267280578613, 0.452722430229187, 0.0, 0.5808249711990356, 0.0, 0.05844171345233917, 0.0, 0.11103123426437378, 0.8304025530815125, 0.22940345108509064, 0.009728861972689629, 0.015143236145377159, 0.22275410592556, 0.0013846037909388542, 0.0, 0.0, 0.0, 0.4462122321128845, 0.9772063493728638, 0.0965786948800087, 1.235219955444336, 0.07814723998308182, 1.7975927591323853, 0.5852311253547668, 0.41380858421325684, 0.05993998795747757, 0.5795499682426453, 0.03079134412109852, 0.020517343655228615, 1.2672628164291382, 0.2571645975112915, 4.15340518951416, 0.11676272749900818, 0.0, 0.07609403133392334, 0.0, 0.245916485786438, 0.0, 0.10881324857473373, 0.015690920874476433, 0.18747711181640625, 3.6726441383361816, 0.5166599750518799, 0.0, 0.6013718843460083, 0.17077338695526123, 0.0, 0.23542234301567078, 0.7645511031150818, 0.2313612401485443, 1.4701578617095947, 0.03237413242459297, 1.0014898777008057, 0.09065153449773788, 1.5912566184997559, 0.007755167782306671, 0.0042807129211723804, 0.2691206634044647, 0.45996370911598206, 0.09742768853902817, 0.15342223644256592, 0.8679708242416382, 0.04411952942609787, 0.0, 0.3009721040725708, 0.0, 0.0078070019371807575, 0.21675226092338562, 0.0, 1.1923967599868774, 0.0, 0.005033351946622133, 0.7334465980529785, 0.0494706816971302, 0.5762227177619934, 2.7881367206573486, 0.0, 1.272744059562683, 0.45467057824134827, 0.12496675550937653, 0.0533912368118763, 0.0, 0.1893935650587082, 0.08704391866922379, 0.10590432584285736, 0.24856102466583252, 0.0, 0.0424785241484642, 0.05849825590848923, 0.06668363511562347, 0.0, 0.027385780587792397, 0.22941137850284576, 0.8275233507156372, 0.06470032781362534, 1.0097161531448364, 3.315413475036621, 0.03727909177541733, 0.0, 0.9290891885757446, 0.0, 0.08160032331943512, 0.0198090560734272, 0.06945285201072693, 0.7368881702423096, 0.4108295440673828, 0.0400986522436142, 0.0, 0.0027931223157793283, 0.11300191283226013, 0.0, 0.08184187859296799, 0.0, 0.0, 0.2798169255256653, 0.22531266510486603, 0.0021031585056334734, 0.0, 0.6312753558158875, 0.8187597393989563, 0.007274919655174017, 0.01680656522512436, 0.18643464148044586, 0.8443029522895813, 0.00917363166809082, 0.0892190933227539, 0.5533307790756226, 0.004863349720835686, 0.22044117748737335, 0.06703414022922516, 0.0, 0.03238113224506378, 0.0, 0.0, 1.5277022123336792, 0.22064100205898285, 0.14614076912403107, 5.319637775421143, 0.9506410360336304, 0.0, 0.051781412214040756, 0.0, 1.1985266208648682, 0.04063286632299423, 0.1049146056175232, 1.2600018978118896, 0.38918745517730713, 0.2288736253976822, 0.20514939725399017, 0.003197090933099389, 0.01914234459400177, 0.06823829561471939, 0.5460643768310547, 0.36697155237197876, 0.05566192790865898, 0.9490948915481567, 0.21568754315376282, 0.0, 0.04163486137986183, 0.11114848405122757, 0.020082324743270874, 0.0, 0.0, 0.09442882984876633, 0.026493826881051064, 0.4579114317893982, 0.0, 0.3672311007976532, 0.8668434619903564, 0.03222087770700455, 0.20647183060646057, 0.20565453171730042, 0.3811942934989929, 0.19410355389118195, 0.021498383954167366, 0.0, 0.12673036754131317, 0.6296966075897217, 0.537980854511261, 0.16318213939666748, 0.0, 0.238567054271698, 0.0675840973854065, 0.674914538860321, 0.0, 0.036287907510995865, 0.164312481880188, 0.0020865907426923513, 0.34565305709838867, 0.0046354555524885654, 1.2420343160629272, 0.6104884147644043, 0.0, 0.6503397822380066, 0.14510534703731537, 0.0, 0.7453460097312927, 0.26470717787742615, 0.42403602600097656, 1.4869104623794556, 0.2165728062391281, 0.8862127065658569, 0.7019209861755371, 0.07444677501916885, 0.0, 0.0, 0.10005518794059753, 0.018740644678473473, 0.04214930906891823, 0.8790415525436401, 0.24352875351905823, 0.17276860773563385, 0.016653865575790405, 0.047673992812633514, 0.2831089198589325, 0.7765145301818848, 0.0, 1.727493166923523, 1.1213563680648804, 0.041966408491134644, 0.04959317669272423, 0.028049414977431297, 0.2912324070930481, 0.05111994221806526, 0.23204770684242249, 1.8797250986099243, 0.23872166872024536, 0.12203244119882584, 0.03888387233018875, 0.0, 0.339476615190506, 0.07655748724937439, 0.0, 0.034430354833602905, 0.7679196000099182, 0.0, 0.04505526274442673, 0.0, 1.0259960889816284, 0.0, 0.2464861422777176, 0.0, 1.4895522594451904, 0.15765799582004547, 0.09972620010375977, 0.3361203372478485, 0.32896924018859863, 0.0, 2.346181631088257, 0.7945772409439087, 1.579897403717041, 0.06503371894359589, 0.0930478423833847, 0.8384139537811279, 0.5525729656219482, 0.04670025408267975, 0.21019116044044495, 0.053137365728616714, 0.3499073088169098, 0.00804287102073431, 0.0, 0.0, 0.41796794533729553, 4.087761402130127, 0.6565688252449036, 0.08253864198923111, 0.8635588884353638, 0.0, 0.1752307265996933, 0.044958606362342834, 3.140815019607544, 0.06924409419298172, 0.38390716910362244, 0.40215247869491577, 0.3356805145740509, 0.04735212400555611, 0.017461078241467476, 0.005170836579054594, 0.1446283459663391, 0.6850192546844482, 0.017565671354532242, 0.04472947493195534, 0.1353142261505127, 0.23445257544517517, 0.35170575976371765, 0.013268436305224895, 0.0, 0.0, 0.13603763282299042, 0.10851597040891647, 0.000580386258661747, 0.01631128042936325, 0.0, 0.0, 0.0, 0.4682353734970093, 2.7480876445770264, 0.14462147653102875, 0.2915608286857605, 0.0, 1.3567830324172974, 0.009476029314100742, 0.0, 0.09760192036628723, 0.4341995418071747, 1.0847830772399902, 1.847633719444275, 0.27309513092041016, 0.0, 0.10998624563217163, 0.3095913231372833, 0.18198435008525848, 0.0, 0.03534182533621788, 0.38993898034095764, 0.0, 0.5926925539970398, 0.43507254123687744, 0.0, 0.050713811069726944, 0.10272349417209625, 0.17559660971164703, 0.014275492168962955, 0.0, 0.668235719203949, 0.010032128542661667, 0.10317832231521606, 0.0007001258782111108, 0.034052714705467224, 0.1634824126958847, 0.6015512347221375, 0.2643824517726898, 0.01659522019326687, 0.11349239200353622, 0.038089569658041, 0.0, 1.1836708784103394, 0.06020735576748848, 0.0, 0.09330545365810394, 2.026151418685913, 2.771503448486328, 0.01995374634861946, 0.12583455443382263, 0.42594656348228455, 0.0, 0.0, 0.025668689981102943, 0.0, 0.07850626856088638, 0.0, 0.0, 0.0015142986085265875, 0.034131161868572235, 0.5292766094207764, 0.014416208490729332, 0.0, 0.16930609941482544, 0.0, 0.11555027216672897, 0.008966580033302307, 0.15767845511436462, 0.0375688262283802, 4.828052520751953, 0.02231508120894432, 1.3624389171600342, 0.21429723501205444, 0.0, 0.8075419664382935, 0.0, 0.37494751811027527, 0.011241452768445015, 0.09528875350952148, 2.056786298751831, 0.08669092506170273, 0.0041090152226388454, 0.008667834103107452, 0.2084731012582779, 0.003136557061225176, 0.0, 0.05206143110990524, 0.0, 0.0, 2.250572681427002, 0.0, 0.019271887838840485, 0.0, 0.03288545086979866, 0.3408893942832947, 0.0, 0.051736462861299515, 0.20714129507541656, 0.0, 0.02505849115550518, 0.1150791198015213, 0.0, 0.013235214166343212, 0.04240385442972183, 0.37818804383277893, 0.0, 1.0074118375778198, 0.05815092846751213, 1.7540065050125122, 0.9208816289901733, 0.02167801558971405, 1.0698524713516235, 0.07822208851575851, 4.300535874790512e-05, 0.0, 0.07939046621322632, 0.16410523653030396, 0.150462806224823, 0.14007608592510223, 0.0, 0.0, 0.7798920273780823, 0.0179132129997015, 0.0, 0.2809896469116211, 0.017285186797380447, 0.6222630143165588, 0.0, 0.037440285086631775, 0.030722206458449364, 0.46150389313697815, 0.04969925805926323, 0.1433570384979248, 0.7354096174240112, 0.08200277388095856, 0.2565843164920807, 0.19638915359973907, 0.026304204016923904, 0.02114420011639595, 0.0, 0.0446799136698246, 0.4335319995880127, 0.23881199955940247, 0.0, 0.3957386314868927, 0.04355458915233612, 0.033601365983486176, 0.21216750144958496, 0.0, 0.0, 0.06384050846099854, 0.0, 0.03329920396208763, 1.2218234539031982, 1.3614282608032227, 0.008307116106152534, 0.9581522941589355, 0.06241949275135994, 0.26794907450675964, 0.0, 0.0, 0.0, 0.47426411509513855, 0.031557224690914154, 2.9552080631256104, 0.6106219291687012, 2.1137168407440186, 0.051890771836042404, 0.29524609446525574, 0.0, 0.011085717007517815, 0.0729067474603653, 0.10696124285459518, 0.2901296615600586, 0.2017090618610382, 0.10603182762861252, 0.002601419109851122, 4.584075450897217, 0.1528605967760086, 0.10965006798505783, 0.07461544126272202, 0.0, 0.37413570284843445, 0.06478026509284973, 0.0, 0.18627673387527466, 0.0045253499411046505, 0.26932382583618164, 0.0, 0.23322723805904388, 0.18324820697307587, 0.09051326662302017, 0.2028551697731018, 0.025061024352908134, 0.052497733384370804, 0.007543252315372229, 0.0, 0.10550753027200699, 0.014521343633532524, 0.41588476300239563, 0.0, 0.2647526264190674, 0.6319282650947571, 0.38387995958328247, 0.03362465277314186, 0.9418289065361023, 0.38825446367263794, 1.9954793453216553, 0.0, 0.7494066953659058, 0.5276942253112793, 0.06746615469455719, 0.03557636961340904, 0.21917475759983063, 0.0, 0.2579607367515564, 0.19810664653778076, 0.5336698293685913, 0.01225754152983427, 0.1441490203142166, 0.05905815213918686, 0.2780734598636627, 0.130209282040596, 0.021967221051454544, 0.0, 0.16778863966464996, 0.20995113253593445, 0.0, 1.707123875617981, 0.23223841190338135, 0.11684324592351913, 0.0, 0.10711762309074402, 0.0, 0.9668998122215271, 0.3876166045665741, 0.8356949090957642, 0.0, 0.0, 0.0, 0.9555091261863708, 0.277432918548584, 0.18090108036994934, 0.11933095008134842, 1.4851754903793335, 0.0, 0.11867409944534302, 0.2733845114707947, 0.09168914705514908, 1.6753474473953247, 0.0, 1.460511326789856, 0.7450180053710938, 0.21623927354812622, 0.13394220173358917, 0.0, 0.0, 0.013127767480909824, 0.0, 0.007357933092862368, 0.0, 0.028374312445521355, 0.21504095196723938, 0.0, 0.009680869989097118, 0.0, 0.0, 0.08063536137342453, 0.0, 0.0, 2.1343276500701904, 0.06282228976488113, 0.2671714723110199, 0.0998174399137497, 1.2154618501663208, 0.0044857896864414215, 1.8875679969787598, 0.3008114695549011, 0.0, 0.07732449471950531, 0.0, 0.0, 0.43350449204444885, 2.313164234161377, 0.01215821597725153, 0.06800367683172226, 0.16896291077136993, 0.3369811773300171, 0.0, 0.0, 0.0, 0.0, 0.0, 0.2777272164821625, 0.0, 0.0, 2.9341957569122314, 0.4784948527812958, 1.0342134237289429, 0.09861665964126587, 0.06380857527256012, 0.01646372675895691, 0.01962776854634285, 0.0, 0.06980596482753754, 0.20204856991767883, 0.0836968719959259, 0.049015842378139496, 0.05766722559928894, 0.0, 0.007106073200702667, 0.0, 0.46877819299697876, 0.02471095882356167, 0.8314177989959717, 0.034872449934482574, 2.1219000816345215, 0.3970052897930145, 0.0, 0.37230047583580017, 0.6280580759048462, 0.007008971180766821, 0.0, 0.0, 1.4770479202270508, 0.3052305579185486, 0.08847013115882874, 0.0, 1.4707943201065063, 0.080010324716568, 0.09230244904756546, 0.4237719476222992, 0.0, 0.031198041513562202, 0.48531007766723633, 0.021779075264930725, 0.4274839162826538, 0.08014671504497528, 0.29522329568862915, 0.004381877835839987, 1.156303882598877, 0.6224433183670044, 0.0, 1.58078932762146, 0.40331533551216125, 0.07816744595766068, 0.0036166273057460785, 0.11830183863639832, 0.4593518376350403, 0.23164749145507812, 0.0, 0.07340800017118454, 0.0479256734251976, 1.617666482925415, 0.8452438116073608, 0.0, 0.0, 0.1677047610282898, 1.1190112829208374, 0.4737599492073059, 0.012568715028464794, 0.0, 0.8245385885238647, 0.3409176766872406, 0.0, 0.07587456703186035, 0.10431282222270966, 0.044121723622083664, 0.04755843058228493, 0.1712556779384613, 0.7183568477630615, 0.2494102418422699, 0.0, 0.06174629181623459, 0.05154088884592056, 0.022034885361790657, 0.2653120458126068, 0.0, 0.0, 0.007193658035248518, 1.556465983390808, 1.490831971168518, 0.8188517093658447, 0.0, 3.2874202728271484, 0.005623992532491684, 0.1486130654811859, 0.06942709535360336, 0.2627975344657898, 0.0, 0.42351841926574707, 0.0, 0.008817995898425579, 0.0, 0.4481850564479828, 2.4754281044006348, 0.1411621868610382, 0.039204418659210205, 0.02858845517039299, 2.591029644012451, 0.21059398353099823, 0.0005917013622820377, 0.12384252995252609, 0.09018086642026901, 0.0, 1.4114933013916016, 0.01870116963982582, 0.28707098960876465, 0.4408515691757202, 0.23156660795211792, 0.06004573777318001, 0.1948971450328827, 0.30299556255340576, 0.0, 0.03518154099583626, 0.16149769723415375, 0.1970069855451584, 0.4449720084667206, 0.00400749035179615, 0.2726598083972931, 0.1921459138393402, 0.0, 0.17101779580116272, 0.7835276126861572, 0.3928956389427185, 0.44092097878456116, 0.9840298891067505, 0.0, 0.7598546743392944, 0.4441033899784088, 1.4269293546676636, 0.0, 0.06199624761939049, 0.15212836861610413, 0.5047318339347839, 1.3021661043167114, 1.04032564163208, 0.9331555962562561, 0.0006295223720371723, 0.17194291949272156, 0.0766536220908165, 0.08717142790555954, 0.19170691072940826, 0.4141397774219513, 0.015365250408649445, 0.048625726252794266, 0.015884215012192726, 0.05441150441765785, 0.0, 0.0, 0.008182084187865257, 0.04244311526417732, 1.8435423374176025, 0.3950442373752594, 0.7558398842811584, 0.7797498106956482, 0.3908398151397705, 0.050468116998672485, 0.16742673516273499, 0.030283426865935326, 1.5816092491149902, 0.31625688076019287, 0.048384491354227066, 0.0, 0.18230316042900085, 0.20015467703342438, 1.1560513973236084, 0.021608304232358932, 0.9568783640861511, 0.10198303312063217, 0.02665524184703827, 0.0, 0.5765273571014404, 0.0, 0.0, 0.014706105925142765, 0.0026115933433175087, 0.1991180181503296, 0.007959329523146152, 0.011819143779575825, 0.3918251395225525, 0.7031257748603821, 0.5596211552619934, 0.7767852544784546, 0.0, 0.03463025391101837, 0.7752909064292908, 0.07930520176887512, 2.286053419113159, 0.0005349675193428993, 2.381704330444336, 0.9154365658760071, 0.03642915561795235, 0.0, 0.0, 0.005754164420068264, 0.0516902320086956, 0.18925534188747406, 0.02217663638293743, 2.121901750564575, 0.0, 0.0, 0.30749401450157166, 3.378976583480835, 0.08827954530715942, 0.4329591989517212, 0.02826210856437683, 1.1432262659072876, 0.1265183836221695, 1.5721638202667236, 0.0, 0.013768437318503857, 0.0, 0.3490547239780426, 0.0, 0.0, 0.47790881991386414, 2.2095813751220703, 0.18286217749118805, 0.005912252701818943, 0.2594726085662842, 0.1589147299528122, 0.497137188911438, 0.8766566514968872, 0.0, 0.0, 0.5402306318283081, 0.0, 0.032134704291820526, 0.2510463297367096, 0.21693338453769684, 0.2099495530128479, 0.30148762464523315, 1.6049153804779053, 0.0, 0.009006439708173275, 1.5630782842636108, 0.0, 1.2366892099380493, 0.2614346444606781, 0.0043711247853934765, 0.024052400141954422, 0.2322569042444229, 5.522631645202637, 0.28838878870010376, 0.0, 0.0, 0.12315603345632553, 0.0018351247999817133, 0.058434873819351196, 0.2935541868209839, 0.07920969277620316, 2.681140899658203, 0.8375556468963623, 0.1878451555967331, 0.6429114937782288, 0.820214569568634, 0.0, 0.22362016141414642, 0.06180470809340477, 2.3458240032196045, 1.9159590005874634, 0.032330047339200974, 0.0, 0.09959052503108978, 0.0444764569401741, 0.0, 0.0009516793652437627, 0.008464253507554531, 0.02668570727109909, 0.00548452278599143, 0.0, 0.16543936729431152, 1.0595953464508057, 0.0, 0.11330373585224152, 0.39323222637176514, 0.0, 3.6367809772491455, 0.005513397976756096, 0.2436499148607254, 1.093380093574524, 0.0, 0.2465343028306961, 2.733541965484619, 0.05472525209188461, 0.09425231069326401, 0.10467110574245453, 0.0005201660678721964, 1.1184450387954712, 0.0002742056967690587, 0.0, 0.37778472900390625, 0.036712151020765305, 0.0, 0.1261185109615326, 0.13018938899040222, 0.0, 2.746626138687134, 0.08492434769868851, 0.6477697491645813, 0.7027570605278015, 3.6082327365875244, 0.0, 0.0, 0.046034637838602066, 1.38515305519104, 0.0, 0.05657113343477249, 0.7772921919822693, 0.04801302030682564, 0.017290597781538963, 0.0, 0.09192141890525818, 0.4578731954097748, 0.05191871523857117, 0.08341404050588608, 0.42854440212249756, 0.11811131983995438, 0.13754111528396606, 0.0, 0.06349734961986542, 0.05636679008603096, 0.1999485045671463, 0.11335115879774094, 0.06355699151754379, 0.08780883997678757, 0.0, 0.4391338527202606, 0.0, 0.027251826599240303, 1.8208332061767578, 1.376221776008606, 0.20501646399497986, 0.13783472776412964, 0.009273186326026917, 0.0, 0.12212047725915909, 0.2428852766752243, 1.2261450290679932, 0.34374088048934937, 0.09426400810480118, 0.03567240759730339, 0.8417943120002747, 0.0, 0.0, 0.09383399784564972, 0.0, 0.015329701825976372, 0.11856388300657272, 1.2626105546951294, 0.03811483457684517, 0.1548592746257782, 0.02901163138449192, 2.2264909744262695, 2.3009390830993652, 0.042528342455625534, 0.04106195271015167, 0.5206966996192932, 0.0, 0.02736032009124756, 0.0, 0.15110337734222412, 0.009376270696520805, 0.08559716492891312, 0.20584876835346222, 0.05012800171971321, 0.11411123722791672, 0.1681370586156845, 0.0, 0.10134539008140564, 0.0, 0.27310851216316223, 0.009578884579241276, 0.45750659704208374, 0.0, 0.0, 0.6793866753578186, 0.534761905670166, 0.005625301506370306, 0.1796208620071411, 0.3419497013092041, 1.4037092924118042, 0.00047530446317978203, 0.4082411527633667, 0.0, 0.05140328407287598, 5.4561028480529785, 0.4906560480594635, 0.07611218094825745, 0.24325765669345856, 0.0, 0.016454197466373444, 0.07120132446289062, 1.2095005512237549, 0.03713100031018257, 0.0, 0.00216366327367723, 0.022004922851920128, 0.0, 0.10908348858356476, 0.16050377488136292, 0.11753006279468536, 0.051133669912815094, 0.17547784745693207, 0.11049824953079224, 0.6409263014793396, 0.25693896412849426, 0.08857611566781998, 0.5569739937782288, 0.0, 0.0, 0.024442464113235474, 0.0, 0.25758013129234314, 0.0, 0.29918378591537476, 0.008724582381546497, 0.0, 0.0, 0.0, 0.0, 0.07253725826740265, 0.16879406571388245, 0.0, 0.04189857095479965, 0.014552746899425983, 0.006283638533204794, 0.09707789868116379, 0.027517642825841904, 0.1334640085697174, 3.556760787963867, 0.042530570179224014, 0.3451663851737976, 0.0, 0.17165164649486542, 0.3787260949611664, 0.0, 0.0, 0.004136039409786463, 0.5459358096122742, 0.28247830271720886, 0.025143306702375412, 0.8307593464851379, 0.4216381311416626, 3.870820999145508, 0.032880328595638275, 0.23337459564208984, 0.19366933405399323, 0.0, 0.029920920729637146, 0.0, 0.0004708110063802451, 0.2806781828403473, 1.2362151145935059, 0.04159140586853027, 0.20963753759860992, 1.5126934051513672, 0.06525202840566635, 0.3565908968448639, 0.016906898468732834, 0.7729281783103943, 2.227083921432495, 0.1648794263601303, 0.2815587818622589, 0.0, 0.6318333148956299, 0.001765348482877016, 2.837493896484375, 0.006514150183647871, 0.0, 0.14913877844810486, 0.06534045189619064, 0.4173716604709625, 0.021784111857414246, 0.1103590577840805, 0.03853849321603775, 0.578913152217865, 0.007872370071709156, 0.0, 0.16794458031654358, 0.05722825974225998, 0.6580731272697449, 0.022366683930158615, 0.18698742985725403, 0.0056564053520560265, 0.009807270020246506, 1.156977653503418, 0.41266241669654846, 0.010114180855453014, 0.004745592828840017, 0.27654704451560974, 0.1483459621667862, 0.12373459339141846, 0.5043123960494995, 0.0, 0.058041106909513474, 0.630946934223175, 0.07310102880001068, 0.2696383595466614, 0.2561877369880676, 0.16372661292552948, 0.004863089416176081, 0.0, 0.0, 0.7413147687911987, 0.4208788573741913, 1.654865026473999, 0.0, 0.08937680721282959, 0.05275632068514824, 0.0, 0.23657843470573425, 0.0, 0.0052258847281336784, 0.002589746378362179, 1.412724256515503, 0.0, 0.14705969393253326, 0.0, 0.0, 0.0, 0.0, 0.0633029043674469, 0.798596978187561, 0.011954082176089287, 0.0, 0.0649404302239418, 0.526421070098877, 0.10247129946947098, 0.004300380125641823, 0.21829374134540558, 0.040616508573293686, 0.37923917174339294, 0.0, 0.0025375522673130035, 0.6321013569831848, 0.20327147841453552, 0.295243501663208, 0.09306679666042328, 0.109800785779953, 0.19201703369617462, 0.2859676778316498, 0.029246700927615166, 2.8299808502197266, 0.0, 0.12094700336456299, 0.0, 0.18963326513767242, 0.23175659775733948, 0.0, 0.0, 0.1407645046710968, 2.1607847213745117, 0.0284816212952137, 0.0, 0.09913556277751923, 0.04697957634925842, 0.0, 0.0, 0.008622726425528526, 1.3417123556137085, 0.06049961969256401, 0.28871893882751465, 0.5608073472976685, 0.4602421224117279, 0.06303720921278, 0.0, 0.0962565466761589, 0.8476617932319641, 0.25107482075691223, 0.020677726715803146, 0.0, 0.0, 0.5447831749916077, 0.08378081768751144, 0.13069914281368256, 0.29338687658309937, 0.06146270036697388, 0.0, 0.08350841701030731, 0.9756231307983398, 0.0, 0.23628617823123932, 0.7303628921508789, 0.0, 0.0, 0.7724065780639648, 0.03828690946102142, 0.0, 0.0, 0.0838797315955162, 0.004530835896730423, 0.08333031088113785, 1.092886209487915, 0.07224921882152557, 0.00024279282661154866, 0.11899213492870331, 0.0, 0.3376557230949402, 0.9190520644187927, 0.04440625384449959, 0.027127975597977638, 0.0, 0.04519953951239586, 0.8133269548416138, 0.024587996304035187, 1.7002201080322266, 0.09857358038425446, 0.02886415459215641, 0.34943392872810364, 0.0, 0.02264595776796341, 0.0715167373418808, 0.273066908121109, 0.005115533247590065, 1.0759745836257935, 0.23150424659252167, 0.0006501966854557395, 0.5622133612632751, 0.1466599702835083, 0.006090743001550436, 0.22758649289608002, 0.43508127331733704, 0.005564227234572172, 1.1435304880142212, 0.2862226665019989, 0.0, 0.0, 0.20288944244384766, 0.6509081125259399, 0.022266913205385208, 0.0, 0.01833493448793888, 0.0, 0.010109842754900455, 0.005786642897874117, 0.745720386505127, 0.5275440812110901, 0.32397177815437317, 0.9875410199165344, 0.03358269855380058, 0.06115720793604851, 0.14454896748065948, 0.43458783626556396, 0.07887133210897446, 0.050369277596473694, 0.2793169319629669, 0.02258552797138691, 0.1625213325023651, 0.6880266070365906, 0.18817387521266937, 0.08829466998577118, 0.7205275893211365, 0.0, 0.22205066680908203, 0.0, 0.25825631618499756, 0.5258361101150513, 0.010899558663368225, 0.11348992586135864, 0.3092772364616394, 0.292138934135437, 2.943801164627075, 0.04002334177494049, 0.023075122386217117, 0.20727984607219696, 0.1150098517537117, 0.05527369678020477, 0.07000347226858139, 0.07036600261926651, 0.27551019191741943, 0.10116775333881378, 0.15483196079730988, 0.330953985452652, 0.013324941508471966, 0.01597636751830578, 1.5731664896011353, 0.03279969096183777, 0.05468476191163063, 0.30120325088500977, 0.0, 0.8245272040367126, 1.3512221574783325, 0.12315121293067932, 0.22735992074012756, 0.0023513862397521734, 0.0, 0.08504882454872131, 0.55810546875, 0.35330310463905334, 0.0, 0.05593213811516762, 0.6186971664428711, 1.079411506652832, 0.6373776197433472, 0.6607438921928406, 0.06310156732797623, 0.3619561493396759, 0.17665597796440125, 0.5228208899497986, 0.0, 0.9563301205635071, 0.09201978147029877, 0.19617146253585815, 0.1744113713502884, 0.13651280105113983, 0.0, 0.03759045526385307, 0.05001840740442276, 1.0277836322784424, 0.0, 0.5940449833869934, 0.36352911591529846, 0.0, 0.10326041281223297, 0.1558719426393509, 0.02850944735109806, 0.0, 4.036024570465088, 0.0, 0.01807454600930214, 0.0, 1.0403543710708618, 0.15990036725997925, 0.07275495678186417, 0.0, 0.008971870876848698, 1.2483962774276733, 0.08509032428264618, 0.028414065018296242, 0.3294157385826111, 0.008864115923643112, 0.02448577620089054, 0.05489374324679375, 0.20933189988136292, 0.01037542149424553, 0.005007622297853231, 0.0, 0.5182179808616638, 0.020275110378861427, 0.0574871264398098, 0.14223706722259521, 0.0040654405020177364, 0.3859573006629944, 0.1357412338256836, 0.2148258239030838, 0.0, 4.495668888092041, 0.7539374828338623, 0.22017140686511993, 0.039776988327503204, 0.2323034405708313, 0.0, 2.6098756790161133, 0.22981221973896027, 0.07244085520505905, 0.5635309815406799, 0.9292551279067993, 0.0, 0.1995096653699875, 0.1973641812801361, 0.06436163932085037, 0.0, 0.005395794287323952, 0.0, 0.5122818946838379, 0.021734213456511497, 0.0, 0.08863692730665207, 0.0, 1.9300986528396606, 0.0, 0.0, 0.02866220474243164, 1.004974365234375, 0.0, 1.3082301616668701, 0.010372629389166832, 0.0, 0.04459955170750618, 0.7100030779838562, 0.13030827045440674, 0.06445760279893875, 0.48624178767204285, 0.0, 0.0, 0.07116395980119705, 0.0, 0.19275608658790588, 0.08498366177082062, 0.15088297426700592, 0.03336011990904808, 0.2542741000652313, 0.0, 0.17259158194065094, 0.006717506796121597, 2.9100067615509033, 0.0, 0.022173160687088966, 0.0, 0.0, 0.10152577608823776, 1.8911782503128052, 0.012875786051154137, 0.21359418332576752, 0.022660722956061363, 0.1684068739414215, 0.1335316300392151, 0.023147670552134514, 0.0717964842915535, 0.036773279309272766, 0.6154073476791382, 0.22360986471176147, 0.25978174805641174, 0.2733083963394165, 1.1136605739593506, 0.0, 0.12886925041675568, 0.1412317156791687, 6.851858051959425e-05, 0.0, 0.025106001645326614, 0.0, 0.035387177020311356, 0.0, 0.22255173325538635, 0.014751721173524857, 0.027914835140109062, 0.11531660705804825, 0.049182161688804626, 0.0, 0.0, 0.7103912830352783, 0.41134971380233765, 0.08285995572805405, 0.04621931165456772, 0.21151740849018097, 1.612917423248291, 1.239086389541626, 0.0, 0.8431169986724854, 0.1242862269282341, 0.0, 1.5645252466201782, 0.27699393033981323, 1.8122851848602295, 0.15413445234298706, 0.8988691568374634, 0.0, 0.24584674835205078, 0.011568994261324406, 1.0368094444274902, 0.06109056994318962, 0.024273181334137917, 0.030677692964673042, 0.24095143377780914, 0.06982520967721939, 0.9091953635215759, 0.16721396148204803, 0.0, 0.4594103693962097, 0.0, 0.0, 0.0, 2.4640181064605713, 0.08402857184410095, 0.0, 2.885697364807129, 0.03638942539691925, 0.09145376831293106, 0.10608476400375366, 0.0, 2.009343385696411, 0.3283441364765167, 0.34601888060569763, 0.0, 2.114522933959961, 0.2915019094944, 0.7639965415000916, 0.0, 0.0011955135269090533, 0.04594152793288231, 0.22772212326526642, 0.04224834963679314, 1.6032222509384155, 0.28080418705940247, 0.34746652841567993, 0.022493742406368256, 0.0, 0.03338278830051422, 0.0, 0.0, 0.0, 0.07899710536003113, 0.08554995805025101, 0.2699206471443176, 0.014756540767848492, 0.00012947102368343621, 0.011960847303271294, 0.10948877036571503, 0.0, 0.27046671509742737, 1.059298038482666, 0.1688559353351593, 0.0, 0.0007106090197339654, 0.28291603922843933, 0.13779933750629425, 0.034779224544763565, 0.19127389788627625, 0.013920854777097702, 0.07699791342020035, 0.20815041661262512, 0.43913811445236206, 0.0, 0.0370618999004364, 0.19074928760528564, 0.09600286930799484, 0.0, 0.1266283243894577, 0.0043629868887364864, 0.5061072111129761, 0.04412442445755005, 0.12033651024103165, 0.12401341646909714, 0.890140950679779, 0.008261481299996376, 0.16332465410232544, 1.6991288661956787, 0.03654182329773903, 3.0772786140441895, 0.0, 0.08400685340166092, 0.5939437747001648, 0.030479513108730316, 0.054709307849407196, 0.22241397202014923, 0.03051110729575157, 0.6123136878013611, 0.04617268592119217, 0.18908686935901642, 0.44706258177757263, 0.17682874202728271, 0.002990099834278226, 0.3145291805267334, 0.8584828972816467, 0.08541382849216461, 0.20148511230945587, 0.4841907024383545, 0.753601610660553, 0.18764527142047882, 1.3571226596832275, 0.0, 0.5444743633270264, 0.0, 0.550392746925354, 0.13016091287136078, 0.0, 0.2764347493648529, 0.3363363444805145, 0.07528519630432129, 0.4502721130847931, 0.0, 0.4316976070404053, 0.0, 0.0008163062739185989, 0.0, 0.5267396569252014, 1.5538843870162964, 0.020069725811481476, 0.10900255292654037, 2.508071184158325, 0.034195851534605026, 0.17725759744644165, 0.7531989216804504, 0.967318058013916, 1.421900749206543, 0.014029312878847122, 0.02726626954972744, 0.844221293926239, 0.028185423463582993, 0.3953150510787964, 1.1655209064483643, 0.0, 1.0131760835647583, 0.8513739705085754, 0.0019841997418552637, 0.004878289997577667, 0.04637229070067406, 0.0072351302951574326, 0.0, 0.0, 0.0033576488494873047, 0.16004568338394165, 0.48064205050468445, 0.16086049377918243, 0.10086631774902344, 0.34570786356925964, 1.7707233428955078, 0.049007561057806015, 1.6384289264678955, 0.0, 0.0, 0.0, 0.3017537295818329, 0.03481607511639595, 0.007451704703271389, 0.0, 1.2326246500015259, 0.0, 0.0, 0.06598500162363052, 0.6160090565681458, 0.443823903799057, 0.06307052820920944, 0.9993889331817627, 0.0624590702354908, 0.0, 0.2327585220336914, 0.0026010784786194563, 0.0, 0.7860674262046814, 0.2789602279663086, 0.1814527064561844, 1.645643711090088, 1.0936723947525024, 1.342067837715149, 0.0, 0.0, 0.4625926613807678, 0.20801781117916107, 0.0, 0.08057048171758652, 0.0, 0.0, 0.06824268400669098, 0.19495603442192078, 0.05223274603486061, 1.0424144268035889, 1.4188029766082764, 0.11526180803775787, 0.0, 0.7666643261909485, 0.021930767223238945, 1.2082356214523315, 0.208709254860878, 0.15795502066612244, 0.0, 0.06571558862924576, 0.2847609519958496, 0.184316948056221, 0.0, 0.10699352622032166, 0.0, 0.0, 0.012931626290082932, 0.5077215433120728, 0.0, 1.769981861114502, 0.0, 0.09056856483221054, 0.4854108989238739, 0.18835361301898956, 0.0, 0.0, 0.002794319298118353, 0.0, 0.05495429411530495, 0.0, 0.0, 0.06392842531204224, 2.322512626647949, 0.0, 0.0038012582808732986, 0.2960880398750305, 0.6453381776809692, 0.061584629118442535, 0.04908027499914169, 0.16074086725711823, 0.18146832287311554, 0.34714022278785706, 0.0, 0.029783891513943672, 0.19516517221927643, 0.0, 0.028981441631913185, 0.018542645499110222, 0.0, 0.045123353600502014, 0.4592297673225403, 0.23045271635055542, 0.009859357960522175, 0.0010755889816209674, 0.6477643847465515, 0.1635943502187729, 0.6341635584831238, 0.444873571395874, 0.0, 0.01439813245087862, 0.14571528136730194, 0.04973253607749939, 0.2654529809951782, 0.0026556982193142176, 2.207418441772461, 0.2710464596748352, 0.32671305537223816, 0.0453408882021904, 0.6220544576644897, 4.314129829406738, 0.5154624581336975, 1.2581548690795898, 1.0215867757797241, 1.42717707157135, 0.0, 0.0, 0.0028065734077244997, 0.591528594493866, 0.0, 0.08764082193374634, 0.11081068962812424, 0.18188318610191345, 0.20626161992549896, 0.33475261926651, 0.24418997764587402, 0.03551201522350311, 0.013936130329966545, 0.23174935579299927, 1.1912018060684204, 0.024506889283657074, 0.22051437199115753, 0.09854036569595337, 0.0, 0.0, 0.06239478290081024, 0.24878083169460297, 0.0, 0.4408627450466156, 0.3353511393070221, 0.1733580231666565, 0.10298974066972733, 1.3201979398727417, 0.1646578311920166, 0.18777117133140564, 0.0, 0.03383108228445053, 0.017478840425610542, 0.0, 0.0, 0.11918000131845474, 0.27827873826026917, 0.23828212916851044, 0.12414903938770294, 0.0077144126407802105, 0.11389518529176712, 0.07322433590888977, 0.0, 1.153664231300354, 0.2886558473110199, 0.5539957284927368, 0.0, 0.1550537794828415, 1.55301833152771, 0.006593884434551001, 0.047758132219314575, 0.009622262790799141, 0.2852919101715088, 0.0, 0.0, 0.09403938055038452, 0.0, 0.0, 0.019717857241630554, 0.13543203473091125, 3.368687629699707, 0.0, 0.07451870292425156, 0.1859942078590393, 0.13351871073246002, 0.0, 1.091515064239502, 0.0, 0.0, 0.1286289393901825, 0.18120968341827393, 1.5742685794830322, 0.1984177827835083, 0.006231278646737337, 0.8015401363372803, 0.6372683048248291, 0.2647780478000641, 0.4374653697013855, 0.020424097776412964, 0.004231939557939768, 0.11055202782154083, 0.0, 10.272285461425781, 0.02144802361726761, 0.0, 0.76446133852005, 0.1868375986814499, 0.02342977374792099, 0.17521828413009644, 1.2060049772262573, 0.0, 0.42132288217544556, 0.01789439283311367, 0.33692440390586853, 0.03408530354499817, 0.27159446477890015, 0.02752259373664856, 0.13094668090343475, 0.14365153014659882, 0.0, 0.0, 0.1830132156610489, 0.6580589413642883, 0.0191038828343153, 0.19834181666374207, 0.012055372819304466, 0.0, 0.20211946964263916, 0.11498607695102692, 1.2066521644592285, 0.0, 0.001729288836941123, 0.011092003434896469, 0.42135152220726013, 0.26513755321502686, 0.17048271000385284, 1.8318307399749756, 0.0, 0.17861391603946686, 0.0826912522315979, 0.0030384014826267958, 0.36972132325172424, 0.180736243724823, 0.3281998634338379, 0.9664916396141052, 0.05428452417254448, 0.2608993351459503, 0.021766215562820435, 0.2705385684967041, 0.0, 0.0374390184879303, 0.44748157262802124, 1.337942123413086, 0.06298036873340607, 2.157780885696411, 0.1092391312122345, 0.3516942262649536, 0.0001661290880292654, 0.3203129470348358, 0.22324205935001373, 0.22820137441158295, 0.5527614951133728, 0.05336454138159752, 2.359407663345337, 1.344247579574585, 0.41661378741264343, 0.0, 0.004285199102014303, 0.0, 0.1366289258003235, 0.0, 0.11562443524599075, 1.764070749282837, 0.04866095632314682, 0.011565363965928555, 0.0032725357450544834, 1.1034562587738037, 0.6992378234863281, 0.4004434049129486, 0.09727281332015991, 0.45951250195503235, 0.04208054021000862, 0.026152219623327255, 0.2545118033885956, 0.027008285745978355, 0.16918690502643585, 0.2797966003417969, 0.3671761751174927, 0.0, 0.0, 0.0, 0.0, 0.0, 0.23033365607261658, 0.1816808134317398, 0.0, 0.5243280529975891, 0.11147969961166382, 0.011097528040409088, 0.014826003462076187, 1.5302790403366089, 0.0, 0.03463751822710037, 0.010021822527050972, 0.0042937821708619595, 0.3787679076194763, 0.3944321572780609, 0.8755183219909668, 0.05391060933470726, 0.06205461546778679, 0.7514824271202087, 1.1353354454040527, 0.018577247858047485, 0.0, 0.5559791922569275, 0.5406543016433716, 0.00870936457067728, 0.0, 1.0931274890899658, 0.0, 0.18633408844470978, 0.028363976627588272, 0.017153337597846985, 0.0, 0.5600433945655823, 0.7319033741950989, 0.5794984698295593, 0.38985762000083923, 0.13866610825061798, 0.0, 0.3513586223125458, 0.0, 0.1135626807808876, 0.0, 0.0, 0.09582748264074326, 0.2787702977657318, 0.2551839053630829, 0.051300689578056335, 0.6619889140129089, 0.0, 0.06572354584932327, 0.62494957447052, 0.05361566320061684, 0.0, 0.09929033368825912, 0.5172001719474792, 0.008443971164524555, 0.11721019446849823, 0.0, 0.004488628823310137, 0.2810329794883728, 0.9330739974975586, 0.4663892388343811, 0.013193023391067982, 0.13909544050693512, 0.0, 0.0, 0.3022536039352417, 0.17009155452251434, 0.047227926552295685, 0.0, 0.016812751069664955, 0.11005985736846924, 1.2466050386428833, 1.6899429559707642, 0.0, 0.35362011194229126, 0.35299938917160034, 0.04892997443675995, 0.04774760082364082, 0.11595185101032257, 0.0010711319046095014, 0.16287465393543243, 0.1685439497232437, 0.07002188265323639, 0.4693603515625, 0.07628390938043594, 1.6499537229537964, 0.18400588631629944, 1.7393842935562134, 0.33394089341163635, 0.8560852408409119, 0.0, 2.398895740509033, 0.13059751689434052, 2.256945848464966, 0.01733652874827385, 0.7491304874420166, 0.23402856290340424, 0.0, 1.4918506145477295, 0.02656526491045952, 0.051779840141534805, 0.03452618047595024, 0.0011869206791743636, 0.08356991410255432, 0.28870993852615356, 0.6597186326980591, 1.2857824563980103, 1.043872356414795, 0.02213452383875847, 0.0, 0.3277444541454315, 0.0, 0.037971146404743195, 0.013135944493114948, 0.021778518334031105, 0.0, 0.22828494012355804, 0.009017331525683403, 1.1705598831176758, 0.019179660826921463, 0.2448957860469818, 0.0, 1.0259480476379395, 0.02166721038520336, 0.05134126543998718, 0.0, 0.046219903975725174, 0.04545387625694275, 0.010025644674897194, 0.06756535172462463, 0.47325143218040466, 0.0, 0.04682770371437073, 2.3164656162261963, 0.9361730813980103]",Testing/glioma_tumor/image(49).jpg
"[0.43292415142059326, 0.29622137546539307, 0.15455777943134308, 0.22681790590286255, 1.581138253211975, 0.3329572379589081, 2.415602922439575, 0.0, 0.16913145780563354, 0.0, 0.016134126111865044, 0.0, 0.0, 1.1853539943695068, 0.0, 0.0, 0.02111879177391529, 0.6546002626419067, 0.05943143740296364, 0.06116097792983055, 0.4539082646369934, 0.4917401969432831, 0.2379426509141922, 0.022832728922367096, 0.1796872466802597, 0.11621174216270447, 1.3256183862686157, 0.0, 0.06316562741994858, 0.07818008959293365, 0.001694100210443139, 0.021632838994264603, 0.9366510510444641, 0.7614615559577942, 0.522443950176239, 0.27348262071609497, 0.0, 0.40316328406333923, 0.0, 0.03153853118419647, 0.9438895583152771, 1.2070292234420776, 0.0, 0.0, 0.0, 0.017405373975634575, 0.0367235466837883, 0.0, 0.0, 0.5388517379760742, 0.08455159515142441, 0.31724676489830017, 1.4881267547607422, 0.05693662539124489, 1.8716984987258911, 0.7031816244125366, 0.23048889636993408, 0.15316572785377502, 0.06018393486738205, 0.0, 0.3654274344444275, 1.7401540279388428, 0.06399127840995789, 2.371565580368042, 0.0009116445435211062, 0.0, 0.08455537259578705, 0.05895959213376045, 0.7827913165092468, 0.07249663025140762, 0.26352447271347046, 0.1080411896109581, 0.18056634068489075, 1.7000981569290161, 0.004628726281225681, 0.11047438532114029, 1.857312560081482, 0.20332607626914978, 0.0, 0.06277937442064285, 0.21919500827789307, 0.0, 0.2508234679698944, 0.0, 0.32892024517059326, 0.7015052437782288, 1.0790765285491943, 0.19497260451316833, 0.29727187752723694, 0.44279083609580994, 0.4186411201953888, 0.05689054727554321, 0.0, 0.015263696201145649, 0.5034435987472534, 0.0, 0.16817671060562134, 0.2816612422466278, 0.1752556711435318, 0.02030528336763382, 0.16864058375358582, 1.2537504434585571, 0.05023350194096565, 0.03309349715709686, 2.264664888381958, 0.37571024894714355, 0.7729156017303467, 0.5928217172622681, 0.0, 1.7552359104156494, 0.0, 0.3628353178501129, 0.0015328709268942475, 0.21530871093273163, 0.04433370754122734, 0.40027210116386414, 0.013337879441678524, 0.30079594254493713, 0.0, 0.028636887669563293, 0.10075207054615021, 0.0, 0.0, 0.06025552377104759, 0.4394686222076416, 1.7270936965942383, 0.09854139387607574, 0.3442820608615875, 1.7730093002319336, 0.0, 0.0, 0.5865973234176636, 0.0615057572722435, 0.06491312384605408, 0.07729573547840118, 0.030960487201809883, 0.5498785376548767, 0.0069637056440114975, 0.0, 0.0, 0.10521955788135529, 0.013901125639677048, 0.0, 0.10835093259811401, 0.07822831720113754, 0.1493287980556488, 0.21128802001476288, 0.9505075812339783, 0.013183895498514175, 0.09839881956577301, 2.450711727142334, 0.8610801100730896, 0.17004968225955963, 0.0014161820290610194, 0.05806542560458183, 1.0144075155258179, 0.0, 0.11894118785858154, 2.8701581954956055, 0.04645497351884842, 0.3367498815059662, 0.0, 0.0, 0.00880143791437149, 0.09300724416971207, 0.0, 0.044141367077827454, 0.7470396161079407, 0.12147732824087143, 4.572183609008789, 0.8593721389770508, 0.2156982421875, 0.02756892889738083, 0.050508081912994385, 0.26732033491134644, 0.31715670228004456, 0.0, 0.4383143186569214, 0.0, 0.8538129925727844, 0.0, 0.0, 0.0, 0.06772714108228683, 0.4806097447872162, 0.3120299279689789, 0.0677984282374382, 1.3359941244125366, 0.6565682291984558, 0.0, 0.009697155095636845, 0.01843026652932167, 0.0, 0.1479722112417221, 0.0, 0.34814146161079407, 0.08822699636220932, 0.7823765277862549, 0.0, 0.03857848420739174, 1.3543492555618286, 0.11693691462278366, 0.3038131892681122, 0.22670002281665802, 0.7776380181312561, 0.7618670463562012, 0.1033121794462204, 0.18228504061698914, 1.298469066619873, 0.15134543180465698, 0.07179366052150726, 0.6515634655952454, 0.0, 1.1667084693908691, 0.09592787176370621, 1.15770423412323, 0.18522168695926666, 0.02248009666800499, 0.1492597460746765, 0.0, 2.334638833999634, 0.09831149876117706, 2.366783857345581, 0.4816543757915497, 0.01142679713666439, 3.3538143634796143, 0.18058530986309052, 0.03641585260629654, 1.3857152462005615, 0.06213981658220291, 0.9991275072097778, 0.1688774675130844, 0.0711996927857399, 0.6769940257072449, 0.09942328929901123, 0.24620744585990906, 0.0, 0.0, 0.003429991891607642, 0.2275122106075287, 0.009298723191022873, 0.786604106426239, 0.18032607436180115, 0.0, 0.0, 0.056606974452733994, 0.5850043296813965, 1.8384712934494019, 0.12633532285690308, 0.57340407371521, 0.1297352910041809, 0.06299695372581482, 1.2801634073257446, 0.4321861267089844, 0.8387941718101501, 0.1494266390800476, 0.256314218044281, 1.2946701049804688, 0.0, 0.8097485303878784, 0.01470090914517641, 0.0, 0.2349216341972351, 0.002464479301124811, 0.0014644325710833073, 0.0, 0.33062276244163513, 0.17579765617847443, 0.0, 0.0, 0.2508294880390167, 0.0, 0.14968936145305634, 0.012504855170845985, 3.0869221687316895, 0.005644712131470442, 0.018410950899124146, 0.030762754380702972, 0.31730934977531433, 0.0, 2.5943188667297363, 0.9002783894538879, 1.7802239656448364, 0.4697546660900116, 1.0877201557159424, 0.502662181854248, 0.5698575377464294, 0.09400635212659836, 0.12855511903762817, 0.09706053137779236, 0.10204054415225983, 0.03203700855374336, 0.012416183017194271, 0.35574886202812195, 0.12440710514783859, 0.9995494484901428, 0.28765809535980225, 0.021952103823423386, 1.0958162546157837, 0.010783015750348568, 0.5625, 0.013064189814031124, 3.753638744354248, 0.2910430431365967, 1.5131845474243164, 0.1686805933713913, 0.07526537030935287, 0.0, 0.2785740792751312, 0.2196953445672989, 0.14996641874313354, 0.39246153831481934, 0.2031005322933197, 0.2559853494167328, 0.08332383632659912, 0.017196010798215866, 0.702264666557312, 0.0, 0.0012001115828752518, 0.32408493757247925, 0.03046771138906479, 0.13312362134456635, 0.5715780258178711, 0.041217103600502014, 0.0, 0.0, 0.0, 0.07493224740028381, 0.35579729080200195, 0.8742160201072693, 0.42262202501296997, 0.0, 1.177903413772583, 0.3224773705005646, 0.0, 0.047968789935112, 0.6791844367980957, 1.2305840253829956, 3.106015205383301, 0.10416040569543839, 0.7456511855125427, 0.13839876651763916, 0.9409217238426208, 0.10253763943910599, 0.0, 0.21039067208766937, 0.0, 0.013644315302371979, 0.1894383579492569, 0.5744962692260742, 0.0, 0.12209921330213547, 1.5192791223526, 0.3005310297012329, 0.2554446756839752, 0.017408767715096474, 0.18713133037090302, 0.0023666839115321636, 0.03263862803578377, 0.0, 0.0, 0.9904672503471375, 0.0, 0.20871727168560028, 0.03761190176010132, 0.9082888960838318, 0.0011595293181017041, 0.027369197458028793, 0.7555763125419617, 0.07866592705249786, 0.08689787983894348, 0.1665189266204834, 4.369884014129639, 2.864656686782837, 0.0028287828899919987, 0.002356276148930192, 0.38867709040641785, 0.1163000762462616, 0.10024736076593399, 0.10218425840139389, 0.016049541532993317, 0.0, 0.005624610465019941, 0.0368499793112278, 0.15344290435314178, 0.1777620166540146, 0.827028751373291, 0.0, 0.0, 0.05764264613389969, 0.0, 0.11029075086116791, 0.0838964581489563, 0.0, 0.010707787238061428, 4.309822082519531, 0.0, 1.7907341718673706, 0.0, 0.015790555626153946, 0.012441206723451614, 0.021559948101639748, 0.0, 0.007439771667122841, 0.37401556968688965, 3.3820738792419434, 0.0, 0.17693009972572327, 0.36965319514274597, 0.9040387272834778, 0.007479380816221237, 0.0, 0.0, 0.0, 0.10939627140760422, 0.6338713765144348, 0.007323561701923609, 0.029170075431466103, 0.05352063477039337, 0.3553920388221741, 0.6874364614486694, 0.01374311838299036, 0.04308058321475983, 0.2645828425884247, 0.0898047462105751, 0.0, 0.10375767946243286, 0.0025877952575683594, 0.0505736842751503, 0.0, 0.33013853430747986, 0.5471624732017517, 0.7031125426292419, 0.31644442677497864, 0.7929288148880005, 0.4265100061893463, 0.0077851745299994946, 4.011717796325684, 1.1088565587997437, 0.0006669467547908425, 0.04486541450023651, 0.0, 0.7515370845794678, 0.0, 0.12382513284683228, 0.0830492377281189, 0.0, 0.003350362414494157, 0.06877933442592621, 0.0, 0.3420461416244507, 0.02631956711411476, 0.03426285833120346, 0.05105213075876236, 0.10439348965883255, 0.19466888904571533, 0.1330731213092804, 0.15651074051856995, 0.0, 1.3919086456298828, 0.0, 0.2974403202533722, 0.37117865681648254, 0.39442431926727295, 0.0, 0.05756015330553055, 0.1164475753903389, 0.6291643381118774, 0.8248918652534485, 0.028187012299895287, 0.19791023433208466, 0.09871464967727661, 0.03180982172489166, 0.0036454005166888237, 0.039275556802749634, 0.04976961389183998, 0.0035600371193140745, 0.0, 0.013509628362953663, 0.7478788495063782, 0.06030689924955368, 0.0182667076587677, 0.5941104292869568, 0.5978633165359497, 0.05214134603738785, 0.13975635170936584, 0.0, 0.022897588089108467, 0.13157445192337036, 0.16348996758460999, 0.09135577827692032, 4.207901477813721, 1.003464698791504, 0.005769547075033188, 2.4475765228271484, 0.0386478453874588, 0.0, 0.3106408715248108, 0.5980854630470276, 0.43315234780311584, 0.06773754209280014, 0.6157615780830383, 0.12426942586898804, 4.156599521636963, 0.5043823719024658, 0.2908596098423004, 0.08266092836856842, 0.22071433067321777, 0.01567818596959114, 1.1585801839828491, 0.0, 0.3508816063404083, 0.15466225147247314, 0.34812530875205994, 0.15995047986507416, 0.21974559128284454, 0.0323324017226696, 0.16666850447654724, 0.0, 0.07842932641506195, 0.0, 0.41759181022644043, 0.0, 0.1264309585094452, 0.0, 0.19537214934825897, 0.0, 0.0, 0.10621067136526108, 1.8586721420288086, 0.08366870880126953, 2.047001600265503, 0.39012792706489563, 2.290661096572876, 0.46812447905540466, 0.4300931394100189, 2.654151201248169, 0.33073949813842773, 0.0, 0.045939601957798004, 0.01610291562974453, 0.04001360386610031, 0.0, 0.11618505418300629, 0.1320003718137741, 0.8533294200897217, 0.0, 0.07175951451063156, 0.02394131012260914, 0.014753100462257862, 0.0, 0.03613891080021858, 0.258425772190094, 0.012927930802106857, 1.0124043226242065, 0.8750861287117004, 0.01236684713512659, 0.0, 0.020636973902583122, 0.009953710250556469, 1.7870266437530518, 3.14216685295105, 1.0670822858810425, 0.0, 0.09145473688840866, 0.0, 0.47368481755256653, 0.1261085569858551, 1.2490767240524292, 0.35076653957366943, 0.2516670227050781, 0.018850374966859818, 0.2891048491001129, 0.12138528376817703, 0.02274169772863388, 0.780040442943573, 0.017993275076150894, 0.1829439401626587, 0.24513129889965057, 0.08329738676548004, 0.964680016040802, 0.01633155532181263, 0.0, 0.044358424842357635, 0.0, 0.0, 0.031360089778900146, 0.29640793800354004, 0.007387934718281031, 0.0, 0.0, 0.5314453840255737, 0.0, 0.0, 0.0, 0.0026314500719308853, 0.23931635916233063, 0.2634599208831787, 0.025699449703097343, 0.10962782800197601, 0.8057448863983154, 0.0, 1.1291751861572266, 0.2666287422180176, 0.01628236658871174, 0.11206979304552078, 0.4193367063999176, 0.00616249768063426, 0.010788698680698872, 0.8381638526916504, 0.414288192987442, 0.311541885137558, 0.3962441384792328, 0.0697796568274498, 0.0, 0.05821734666824341, 0.047644276171922684, 0.05852798372507095, 0.0, 0.7355274558067322, 0.024752456694841385, 0.0, 3.2639310359954834, 0.9267420768737793, 1.4801075458526611, 0.1957196593284607, 0.0, 0.25584691762924194, 0.08480358868837357, 0.05040520057082176, 0.08486458659172058, 0.004128463566303253, 0.08671493083238602, 0.026717569679021835, 0.0, 0.0, 0.0, 0.0, 0.3396590054035187, 0.02170458622276783, 0.5160261988639832, 0.3434208929538727, 1.489408016204834, 0.4568575620651245, 0.0, 0.12722891569137573, 2.8270907402038574, 0.0, 0.18363036215305328, 0.0, 0.6650763750076294, 0.22619520127773285, 0.4418247640132904, 0.0, 2.483320474624634, 0.03140510991215706, 0.6820417046546936, 0.4040294587612152, 0.4185798168182373, 0.052199382334947586, 0.02040432207286358, 0.005439899396151304, 0.05364864692091942, 0.2367589771747589, 1.8437259197235107, 0.0, 1.706973671913147, 0.03767533600330353, 0.010984493419528008, 0.06767876446247101, 0.0, 0.47174081206321716, 0.0048476336523890495, 1.0378808975219727, 0.0, 0.9386036992073059, 0.050618696957826614, 0.0, 0.3447355031967163, 1.5123708248138428, 0.9867778420448303, 0.007362404838204384, 0.009534402750432491, 0.0165609922260046, 0.5639345645904541, 0.33661630749702454, 0.0, 0.024716313928365707, 1.2333776950836182, 0.33298859000205994, 0.0, 0.10026108473539352, 0.15481476485729218, 0.042480405420064926, 9.306839638156816e-05, 0.005224213469773531, 1.8064665794372559, 0.9347906112670898, 0.11724452674388885, 0.0005868843873031437, 0.08081667125225067, 0.0819355919957161, 0.4519256353378296, 0.13824282586574554, 0.0, 0.04594985768198967, 1.9308104515075684, 1.216664433479309, 0.8832967281341553, 0.010824935510754585, 3.5448477268218994, 0.0, 0.0, 0.0001123730035033077, 0.013199551030993462, 0.0, 0.006152187008410692, 0.0, 0.0, 0.0, 1.4392703771591187, 2.8874149322509766, 0.15961149334907532, 0.0, 0.08082989603281021, 2.5734751224517822, 0.439617395401001, 0.32392770051956177, 0.44336140155792236, 0.0, 0.22780367732048035, 0.1903837025165558, 0.39481431245803833, 0.1555761843919754, 1.1390066146850586, 0.0, 0.13128149509429932, 0.8057657480239868, 1.2037460803985596, 0.15112990140914917, 0.0, 0.03801242634654045, 3.124555826187134, 0.22958257794380188, 0.2291041612625122, 0.13167567551136017, 0.017741713672876358, 0.0, 0.12389040738344193, 0.02659204602241516, 1.0185714960098267, 1.5200657844543457, 0.0, 0.0, 0.08734873682260513, 0.059169381856918335, 1.3522899150848389, 0.5675688982009888, 0.03844315558671951, 0.1467077136039734, 3.237048625946045, 0.3136012554168701, 1.6547601222991943, 0.635641872882843, 0.04106768220663071, 0.008716972544789314, 0.17908720672130585, 1.7920968532562256, 0.9303025007247925, 0.9093695878982544, 0.08057749271392822, 0.0, 0.2763926386833191, 0.0423031747341156, 0.13850513100624084, 0.0748998299241066, 0.0, 0.16185063123703003, 3.979713201522827, 0.5711895823478699, 0.3115338385105133, 0.4672171175479889, 2.1672167778015137, 0.3956989347934723, 0.2752976417541504, 0.07633162289857864, 0.5872652530670166, 0.9749974012374878, 0.0, 0.0, 0.10491042584180832, 0.47100040316581726, 0.716707170009613, 0.0, 0.884340226650238, 0.019259152933955193, 0.0, 0.0, 0.21782921254634857, 0.17997430264949799, 0.2850285768508911, 0.0, 0.0, 0.808324933052063, 0.0, 0.1367800533771515, 0.7222514748573303, 0.7275444865226746, 0.6674441695213318, 0.0825042724609375, 0.00198720907792449, 0.13714534044265747, 0.604698896408081, 0.0, 1.2160422801971436, 0.14042295515537262, 2.600600004196167, 0.9920108318328857, 0.027159633114933968, 0.0, 0.061089154332876205, 0.0034727174788713455, 0.9742133617401123, 0.16012491285800934, 0.004307795315980911, 0.3151780068874359, 0.0, 0.0, 0.36229366064071655, 3.8250863552093506, 0.0, 1.068261742591858, 0.13502055406570435, 0.11367307603359222, 0.5002818703651428, 2.450263261795044, 0.0, 0.000993205583654344, 0.0, 0.015815574675798416, 0.0012818186078220606, 0.0, 0.10680728405714035, 2.4612860679626465, 0.6318382620811462, 0.0, 0.9304354190826416, 0.0, 0.10422171652317047, 0.5751751661300659, 0.13144811987876892, 0.04760432615876198, 2.794076681137085, 0.011694295331835747, 0.01083287876099348, 0.21282126009464264, 0.013775528408586979, 0.013197183609008789, 0.2536126375198364, 1.0833745002746582, 0.21627488732337952, 0.8408798575401306, 0.31862568855285645, 0.0, 0.21390557289123535, 0.07403493672609329, 0.6673578023910522, 0.07741488516330719, 0.08850675821304321, 6.181277751922607, 0.23505090177059174, 0.07965227961540222, 0.0, 0.007812127936631441, 0.28342780470848083, 0.2614251673221588, 0.16738714277744293, 0.08090746402740479, 2.685917854309082, 0.0, 0.0, 1.7383487224578857, 1.407888412475586, 0.0, 1.6779775619506836, 0.013227725401520729, 2.0235421657562256, 1.31404709815979, 0.13173338770866394, 0.2200348973274231, 0.0, 0.6788874864578247, 0.368868350982666, 0.0, 0.011771243065595627, 0.1246495321393013, 0.0, 0.0, 0.008437811397016048, 0.8978559374809265, 0.07559499144554138, 0.24620798230171204, 0.015488537028431892, 0.0, 4.748679161071777, 0.0, 0.01826218143105507, 0.8369849920272827, 0.0939430519938469, 0.005226775072515011, 0.8245574235916138, 0.016141094267368317, 0.1300538331270218, 0.07849537581205368, 0.058575838804244995, 1.7043458223342896, 0.08780552446842194, 0.002727888058871031, 0.8494107127189636, 0.058756716549396515, 0.0, 0.1374945193529129, 0.047510236501693726, 0.49628910422325134, 0.30984118580818176, 0.0, 0.5147539973258972, 1.0034260749816895, 1.6762416362762451, 0.015301055274903774, 0.12632419168949127, 0.7647827863693237, 1.9601730108261108, 0.004291923716664314, 0.08818614482879639, 1.1006479263305664, 0.0, 0.03270762786269188, 0.0, 0.0, 0.3620750308036804, 0.3630713224411011, 0.0, 0.02411275915801525, 0.0, 0.018110379576683044, 0.0, 0.045274749398231506, 0.11774403601884842, 0.06487792730331421, 0.0, 0.11882661283016205, 0.0, 0.0, 0.4497794806957245, 0.031216178089380264, 0.07423044741153717, 0.7136434316635132, 0.053961675614118576, 0.854984700679779, 0.0, 0.0, 0.0, 0.48840761184692383, 0.5370160937309265, 1.7440505027770996, 0.04887751117348671, 0.373624712228775, 0.07993949949741364, 0.15095451474189758, 0.0, 0.07945413142442703, 0.731420636177063, 0.27302372455596924, 0.0, 0.0, 0.23026347160339355, 0.006940148305147886, 0.05888177827000618, 0.1617579609155655, 1.1705390214920044, 2.5442113876342773, 0.0, 0.0, 0.7172920107841492, 0.0012813027715310454, 0.11646193265914917, 0.0018749674782156944, 0.0, 0.0, 0.0, 0.6327374577522278, 0.0, 0.02318604104220867, 0.03833651542663574, 0.0, 0.0996226891875267, 0.0, 0.0, 0.03810318559408188, 0.2975596487522125, 0.0, 0.16821812093257904, 0.8162147998809814, 2.845076560974121, 0.5181146860122681, 0.0, 0.32004818320274353, 1.08999502658844, 0.15873579680919647, 0.017413046211004257, 0.0, 0.1353614628314972, 1.4390228986740112, 0.01110486313700676, 0.0, 0.09269648045301437, 0.07314170151948929, 0.020764971151947975, 1.0484285354614258, 0.3176676332950592, 0.03798488527536392, 0.0, 0.06391606479883194, 0.0, 0.7351420521736145, 0.30369478464126587, 0.0003602407523430884, 0.0, 0.22534403204917908, 0.17378857731819153, 0.04512130096554756, 0.21593411266803741, 0.5173231959342957, 0.27550554275512695, 0.10524092614650726, 0.016768597066402435, 0.0, 0.014817111194133759, 0.040541086345911026, 0.0, 0.0, 0.33724445104599, 0.040239643305540085, 0.0, 0.0, 0.022431418299674988, 0.06305680423974991, 0.060261234641075134, 0.0, 0.0016840575262904167, 0.05696418508887291, 0.05343112349510193, 0.058644894510507584, 0.028764380142092705, 0.0, 0.5700855851173401, 1.652813196182251, 0.10523739457130432, 0.8541637063026428, 0.030545705929398537, 0.0724809393286705, 0.0029969774186611176, 0.028362171724438667, 0.0, 0.0, 0.7628018856048584, 0.3643140494823456, 0.1597672551870346, 1.392475962638855, 0.12919604778289795, 3.5206098556518555, 0.0, 0.357768714427948, 0.0, 0.008311363868415356, 0.006195944268256426, 0.03200688585639, 0.12352803349494934, 0.5199034214019775, 2.014221668243408, 0.0, 1.1398680210113525, 0.7735579609870911, 0.014074194245040417, 0.8073853254318237, 0.007458360865712166, 3.2173776626586914, 4.00649881362915, 0.22346733510494232, 0.0, 0.057290855795145035, 0.6033055186271667, 0.00890404637902975, 5.349624156951904, 0.009288369677960873, 0.006843255367130041, 0.0, 0.08190526068210602, 0.08503984659910202, 0.0, 0.0, 0.21564042568206787, 0.0, 0.07753404974937439, 0.012199110351502895, 0.31871867179870605, 0.6622464060783386, 0.6260825395584106, 0.0008369173156097531, 0.45057955384254456, 0.03518598526716232, 0.3683732748031616, 0.0, 0.4496713876724243, 0.0, 0.1656506359577179, 0.0, 0.42276155948638916, 0.0, 0.8726643323898315, 0.015552623197436333, 0.22487124800682068, 0.4076569974422455, 0.0, 0.12878723442554474, 0.24391314387321472, 0.0, 0.10466811805963516, 0.0, 0.0015995915746316314, 1.295315146446228, 0.005065149161964655, 2.325096607208252, 0.010254519060254097, 0.0, 0.756504476070404, 0.0, 0.017957370728254318, 0.020032407715916634, 0.13745586574077606, 0.5249190926551819, 2.045830488204956, 0.0, 0.3726203441619873, 0.2705853283405304, 0.0, 0.0, 0.0, 0.09279818087816238, 0.2611219882965088, 0.4951573610305786, 0.045808542519807816, 0.16225749254226685, 2.198855400085449, 0.004327423870563507, 0.06271100789308548, 0.0, 0.0058418926782906055, 0.11602562665939331, 0.015094853937625885, 0.0036973832175135612, 0.2351868450641632, 0.509199857711792, 0.06553236395120621, 0.09841004014015198, 0.13574150204658508, 0.0, 0.05211987718939781, 0.3133411109447479, 0.036805566400289536, 0.0, 0.20190437138080597, 0.4653182625770569, 0.06662795692682266, 0.12031839042901993, 0.0818696916103363, 0.07347951084375381, 0.0, 0.5377975106239319, 0.03991832211613655, 0.0, 0.06999444216489792, 0.0037822090089321136, 0.0, 0.004682083614170551, 0.03487597033381462, 1.5587188005447388, 0.3195852041244507, 0.13936863839626312, 1.1420691013336182, 0.0, 0.08405996114015579, 0.14239349961280823, 0.06482285261154175, 0.700291097164154, 0.07958169281482697, 0.0, 0.05095328018069267, 0.37065353989601135, 0.09602885693311691, 0.05706992372870445, 0.0, 0.22412949800491333, 0.5431945323944092, 0.005628376733511686, 0.4752374291419983, 0.2465282678604126, 0.0, 0.43967458605766296, 2.2599101066589355, 0.0, 0.19043676555156708, 1.0118441581726074, 0.0, 0.014641260728240013, 0.0, 0.07864338159561157, 0.18407489359378815, 0.3757111728191376, 0.5522319078445435, 0.3563174903392792, 0.0, 1.0017526149749756, 0.000247777730692178, 0.14830076694488525, 0.0, 0.1442445069551468, 0.8455662727355957, 0.008128304965794086, 0.0060937064699828625, 0.02773117460310459, 0.0, 3.8058576583862305, 0.05976148694753647, 0.0, 0.1447502225637436, 0.0, 0.09220939129590988, 0.18771745264530182, 0.8023261427879333, 0.04212566837668419, 0.5284433364868164, 0.8994150161743164, 0.009590314701199532, 0.495959609746933, 0.04782836139202118, 0.12803903222084045, 0.03846194967627525, 0.03273151442408562, 0.1674758791923523, 1.9261575937271118, 0.30942606925964355, 0.09508130699396133, 0.019566679373383522, 0.08190653473138809, 0.7137176990509033, 0.12177037447690964, 0.05717653036117554, 0.0, 0.04038585349917412, 0.03879488632082939, 0.10161115974187851, 0.5846989750862122, 0.3294362425804138, 3.7102668285369873, 0.34756189584732056, 0.4357733428478241, 0.06252037733793259, 0.05178120359778404, 0.0033830234315246344, 0.0, 0.3392549753189087, 0.07718896120786667, 0.0, 0.16118046641349792, 0.36527636647224426, 0.0, 0.027607383206486702, 0.12044299393892288, 0.0, 0.24771074950695038, 1.1207243204116821, 0.2852497398853302, 0.0, 0.2777460515499115, 0.00630445871502161, 0.2848663032054901, 0.25079309940338135, 0.12019496411085129, 0.05418219789862633, 0.004985086619853973, 0.291893869638443, 0.0, 0.0025527914986014366, 0.1007310003042221, 0.0, 0.6351692080497742, 0.0, 0.022373344749212265, 0.1705862134695053, 0.3864140808582306, 0.15353736281394958, 1.5451325178146362, 0.08264993876218796, 0.06916482746601105, 0.31395724415779114, 0.0, 0.6491376757621765, 2.3697500228881836, 0.8888542056083679, 0.05000957101583481, 0.0884852409362793, 0.0, 0.20493054389953613, 1.4579304456710815, 0.13932429254055023, 0.1868259608745575, 0.27410104870796204, 1.6517034769058228, 2.1425533294677734, 0.002890689065679908, 0.007266161497682333, 0.3145809471607208, 0.0, 0.0, 0.013168101198971272, 0.0, 1.133122205734253, 0.08533217012882233, 0.008036253042519093, 0.0, 0.44927114248275757, 0.02119377627968788, 0.04371308162808418, 0.027105718851089478, 0.08481156826019287, 0.34627532958984375, 0.6987112164497375, 0.0955880805850029, 0.0800333321094513, 0.1697964370250702, 0.18828216195106506, 0.04148907959461212, 0.0, 3.659590005874634, 0.0, 0.0, 0.0, 0.7987012267112732, 0.23212803900241852, 0.010759652592241764, 0.3493196666240692, 0.032971251755952835, 3.6540396213531494, 0.0, 0.0, 0.34852728247642517, 0.09966427832841873, 0.1995125561952591, 0.4117165505886078, 0.7033961415290833, 0.0, 0.0, 0.0, 0.8390597105026245, 0.0, 1.086611032485962, 0.015237459912896156, 0.03288023918867111, 0.4440973103046417, 0.6349813342094421, 0.4735080599784851, 0.0, 3.0810935497283936, 0.6364541053771973, 0.2820988893508911, 0.0010482072830200195, 0.03522694483399391, 0.0, 2.2633566856384277, 0.727730393409729, 0.016114313155412674, 0.9159716963768005, 0.01794145256280899, 0.0020479352679103613, 0.42338693141937256, 0.11118567734956741, 0.04875073954463005, 0.020580053329467773, 0.0, 0.0, 0.01888420060276985, 0.06363777071237564, 0.0, 0.03360511362552643, 0.0, 5.846977233886719, 0.0, 0.5333576798439026, 0.0494886077940464, 0.5358825325965881, 0.0, 0.815281093120575, 0.01444424781948328, 0.0, 0.0, 0.2682662308216095, 1.4322810173034668, 0.00632791593670845, 0.4123145043849945, 0.027648312970995903, 0.0009687214624136686, 0.2663666903972626, 0.040212467312812805, 0.6194978952407837, 0.24323038756847382, 0.0, 0.09090490639209747, 0.16324184834957123, 0.0, 0.11146436631679535, 0.0, 0.17498378455638885, 0.04773014411330223, 0.09259519726037979, 0.009631332010030746, 0.0, 0.066415935754776, 1.932058334350586, 0.0, 0.017273234203457832, 0.025280550122261047, 0.5889269113540649, 0.057257648557424545, 0.09318497031927109, 0.0, 0.03360138460993767, 0.18908201158046722, 0.32967787981033325, 0.009429951198399067, 0.0, 4.192282676696777, 0.012889652512967587, 0.14860446751117706, 0.14982903003692627, 0.01850367896258831, 0.001120124594308436, 0.1509232521057129, 0.10541762411594391, 0.016509508714079857, 0.0, 0.3563576638698578, 0.12680232524871826, 0.0, 0.0, 0.0, 0.0, 0.0, 0.07108423858880997, 0.0, 0.0, 0.9427233338356018, 0.795795738697052, 0.22157521545886993, 2.3900718688964844, 0.2642381489276886, 1.2231093645095825, 1.4415791034698486, 0.0, 0.7733556628227234, 0.005532435141503811, 1.9110387563705444, 0.14106446504592896, 0.5187965035438538, 0.21019616723060608, 1.0760905742645264, 0.09426534175872803, 0.9676996469497681, 0.029643438756465912, 0.5340174436569214, 0.0919518694281578, 0.1282840520143509, 0.1254817545413971, 0.14383290708065033, 0.3387185037136078, 0.0, 0.0037721493281424046, 0.01188094262033701, 0.0, 0.0, 2.89988112449646, 0.09902839362621307, 0.026711339130997658, 0.48715081810951233, 0.10735008865594864, 0.4865857660770416, 0.0216571893543005, 0.0, 2.5702338218688965, 0.45245853066444397, 0.7920314073562622, 0.0017037829384207726, 2.1987392902374268, 0.968507707118988, 0.227688267827034, 0.0, 0.0009831335628405213, 0.9104899168014526, 0.03132404759526253, 0.0, 2.341433525085449, 0.08380524814128876, 1.5222804546356201, 0.17817604541778564, 0.0, 0.5791677236557007, 0.003017488867044449, 0.024828718975186348, 0.0, 0.0, 0.10499583184719086, 0.0, 0.17861056327819824, 0.8944554328918457, 0.0, 0.022070500999689102, 0.1030784547328949, 0.08886473625898361, 3.96220326423645, 0.9240404367446899, 0.1497146040201187, 0.0, 0.5622486472129822, 0.21193982660770416, 0.0, 0.2672649621963501, 0.3299539387226105, 0.0, 0.0389537550508976, 0.2159576416015625, 0.0, 0.0, 0.07446900010108948, 0.00948549248278141, 0.19610947370529175, 0.15678641200065613, 0.1645255982875824, 0.28152358531951904, 0.16680780053138733, 0.9852045178413391, 0.26821082830429077, 0.01827249675989151, 0.042178165167570114, 0.022246599197387695, 2.3019793033599854, 0.11389048397541046, 4.815248966217041, 0.02158246748149395, 0.06868811696767807, 0.4452917277812958, 0.0, 0.06257151812314987, 0.9022679924964905, 0.0, 0.8820746541023254, 0.31968268752098083, 0.3997689187526703, 0.016360130161046982, 0.014701444655656815, 0.0, 0.06170663982629776, 0.7818422317504883, 2.191502809524536, 0.0, 0.1866339147090912, 0.3896650969982147, 0.12442732602357864, 0.8842865228652954, 0.0, 0.26559779047966003, 0.0, 1.9978097677230835, 0.09829629212617874, 0.0, 0.01899763196706772, 0.5206862688064575, 0.0, 0.43646466732025146, 0.24980807304382324, 0.10301040858030319, 0.0, 0.01696513406932354, 0.01183361653238535, 0.07170836627483368, 0.33974188566207886, 0.003534535877406597, 0.009984585456550121, 1.2735369205474854, 0.0, 1.4117395877838135, 0.43644794821739197, 0.2475200593471527, 0.12513703107833862, 0.03511980548501015, 0.0030129721853882074, 0.3880005180835724, 0.045853834599256516, 0.21077214181423187, 2.1972923278808594, 0.0, 0.6518306732177734, 0.19538594782352448, 0.0, 0.06570115685462952, 0.09824078530073166, 0.04734213650226593, 0.12524749338626862, 0.09716726839542389, 0.18987992405891418, 0.15641780197620392, 2.073416233062744, 0.9387431144714355, 1.4803407192230225, 0.9679082036018372, 0.899602472782135, 1.0795774459838867, 1.2926392555236816, 0.0, 0.063229039311409, 0.0, 1.0538740158081055, 0.051807306706905365, 0.0, 0.0, 0.9582513570785522, 0.3504362404346466, 0.1647535115480423, 1.0647889375686646, 0.07112091779708862, 2.4219717979431152, 0.09498995542526245, 0.44409531354904175, 0.0, 0.031594280153512955, 0.3346869945526123, 0.18910066783428192, 0.010947799310088158, 0.9102628827095032, 0.0, 0.09358301013708115, 1.1024951934814453, 2.0933406352996826, 0.05568927526473999, 0.0008907342562451959, 0.0, 0.0, 0.0, 0.0, 0.0527857169508934, 0.0, 0.05366842448711395, 0.0033128431532531977, 0.0, 0.031072456389665604, 0.48445722460746765, 2.41646146774292, 0.4081324338912964, 0.0, 0.0, 0.008086791262030602, 0.48936182260513306, 0.0, 0.02024594135582447, 0.0, 0.12315699458122253, 0.0, 0.0503569133579731, 0.0, 0.05632840842008591, 0.11711540818214417, 0.07933913171291351, 0.10788773745298386, 0.08892744779586792, 0.0, 0.21314029395580292, 0.0, 0.19257023930549622, 0.43468815088272095, 0.0, 0.0020051489118486643, 0.0009003099403344095, 0.0, 0.2743409276008606, 0.05720121040940285, 0.20083381235599518, 0.023985065519809723, 0.02626260370016098, 0.603142261505127, 0.0, 0.2897994816303253, 0.08442138880491257, 0.7538027763366699, 0.9112560749053955, 0.302184522151947, 0.7230712175369263, 0.002020140178501606, 0.00899573229253292, 0.025779452174901962, 0.0, 0.14056038856506348, 0.023493817076086998, 0.0, 0.10335411131381989, 0.23624902963638306, 0.07224888354539871, 1.4005422592163086, 0.27114343643188477, 0.028536178171634674, 0.0371156670153141, 0.9691503643989563, 0.0763777494430542, 0.44549980759620667, 0.0, 0.26000896096229553, 0.006127688568085432, 0.06415224075317383, 0.4850650727748871, 1.3333821296691895, 1.5254247188568115, 0.5383273959159851, 0.03046642430126667, 2.8323261737823486, 0.024895215407013893, 0.0, 1.6580113172531128, 0.02253142185509205, 0.8879602551460266, 0.0902387723326683, 2.7313365936279297, 0.012213794514536858, 0.0, 0.054430242627859116, 1.4202678203582764, 0.0, 0.014098906889557838, 0.01291026920080185, 0.06448008865118027, 0.0, 1.420309066772461, 0.6816715598106384, 0.0, 0.09956274181604385, 0.6311419606208801, 0.0012563442578539252, 0.0846957191824913, 0.30393263697624207, 0.36123186349868774, 0.003622147487476468, 0.0, 0.03981328755617142, 0.04048160836100578, 0.02481384202837944, 0.4964713752269745, 0.15017937123775482, 0.5238550305366516, 0.7288765907287598, 1.5387818813323975, 0.0761149525642395, 0.23870792984962463, 0.0, 0.0, 0.15566958487033844, 0.0, 0.03130900487303734, 0.028619257733225822, 0.40308594703674316, 0.33662164211273193, 0.2710883319377899, 0.0, 0.02218754217028618, 0.037472035735845566, 0.0, 1.7912516593933105, 0.01893443427979946, 0.39496374130249023, 0.0, 0.0, 1.6530956029891968, 0.0, 0.25144368410110474, 0.007582333404570818, 0.8643467426300049, 0.026355354115366936, 0.0, 0.3632855713367462, 0.49559757113456726, 0.06378403306007385, 0.0, 0.05236838757991791, 2.1539173126220703, 0.0, 0.027172785252332687, 0.034555159509181976, 0.2428322434425354, 0.14284199476242065, 1.056058645248413, 0.0, 0.0013655935181304812, 0.17080222070217133, 0.3365219235420227, 0.7754979133605957, 0.0, 0.11914311349391937, 0.711272120475769, 0.6345392465591431, 0.08652521669864655, 0.010640299879014492, 0.8238558769226074, 0.6316255331039429, 0.7323511838912964, 0.0, 9.876688957214355, 0.0, 0.008375830017030239, 0.9436099529266357, 0.06379134207963943, 0.4916441738605499, 0.014083925634622574, 2.7614026069641113, 0.0, 0.35535964369773865, 0.012018036097288132, 1.1403015851974487, 0.10169529169797897, 0.012565914541482925, 0.03435837849974632, 0.12362176179885864, 0.0, 0.017170244827866554, 0.0, 0.21963125467300415, 0.8475295901298523, 0.09600397944450378, 0.07210168987512589, 0.011833959259092808, 0.01522361021488905, 0.09641139209270477, 0.0, 0.020933225750923157, 0.0, 0.0734066590666771, 0.2024715393781662, 0.012752318754792213, 0.17644177377223969, 0.041369009763002396, 2.0604403018951416, 0.039709556847810745, 0.1737416684627533, 0.9950796365737915, 0.0, 0.15528683364391327, 0.02362150140106678, 1.1136473417282104, 2.553345203399658, 0.009654239751398563, 0.6070374250411987, 0.08956846594810486, 0.0, 0.014860615134239197, 0.3381383717060089, 1.234000563621521, 0.8469769954681396, 0.23257054388523102, 4.640725135803223, 0.22050872445106506, 0.0, 0.0, 0.21910099685192108, 0.26196032762527466, 0.0, 0.08508742600679398, 0.15861134231090546, 1.3727656602859497, 1.24592924118042, 0.6887924671173096, 0.0, 0.024494880810379982, 0.006128768436610699, 0.038142554461956024, 0.0, 0.087397001683712, 1.0959572792053223, 0.0, 0.20363150537014008, 0.0195982214063406, 3.1762351989746094, 0.4216609001159668, 0.0758250504732132, 0.10225441306829453, 0.0, 0.04332999140024185, 0.12930794060230255, 0.0, 0.0, 0.0, 0.09045229107141495, 0.0312594473361969, 0.0, 0.0, 0.07301325350999832, 0.0, 0.0, 0.03759336099028587, 0.03130917251110077, 0.007766071707010269, 1.5021133422851562, 2.6402876377105713, 0.0, 0.012849501334130764, 0.37382370233535767, 0.0, 0.060054123401641846, 0.0, 0.11490512639284134, 0.2129480391740799, 1.0123714208602905, 0.739622175693512, 0.06041422113776207, 0.05310330539941788, 0.17170627415180206, 0.9924840927124023, 0.0, 0.0, 0.03503221645951271, 0.16180525720119476, 0.12384146451950073, 0.0, 1.0306607484817505, 0.04895618185400963, 0.0, 0.0581827275454998, 0.1383158415555954, 0.0, 0.7189954519271851, 0.0649496391415596, 2.2819418907165527, 0.006255592685192823, 0.8150774240493774, 0.04116368293762207, 0.40305280685424805, 0.0, 0.14758530259132385, 0.0, 0.0, 0.02230997011065483, 0.6441227793693542, 0.24871547520160675, 0.030318981036543846, 0.3671516180038452, 0.0, 0.25014522671699524, 0.0, 0.02618538588285446, 0.12602874636650085, 0.48209652304649353, 1.2029403448104858, 0.20768597722053528, 0.7180072069168091, 0.000589069037232548, 0.0014527622843161225, 1.0980693101882935, 1.8520004749298096, 2.135681390762329, 0.009014144539833069, 1.9101505279541016, 0.1220308244228363, 0.0, 0.4322735071182251, 0.02665700949728489, 0.0, 0.0, 0.05908525362610817, 0.017492754384875298, 0.5811666250228882, 0.4744683802127838, 0.014935561455786228, 0.668601930141449, 0.5793735980987549, 0.15823695063591003, 0.0, 1.0072957277297974, 0.1139342337846756, 0.28174740076065063, 0.0, 0.0, 0.3740357458591461, 1.2960413694381714, 0.5795267820358276, 0.0, 0.4955775737762451, 0.0007880707271397114, 0.3904544711112976, 0.0, 1.2415318489074707, 0.5166496634483337, 4.388525009155273, 0.0, 0.17586474120616913, 0.7338233590126038, 0.1470802277326584, 2.4955992698669434, 0.0, 0.2005220502614975, 0.22780480980873108, 0.0, 0.08468183875083923, 0.15712286531925201, 0.29134365916252136, 0.916534423828125, 0.28643831610679626, 0.01885339617729187, 0.0, 0.0007132389000616968, 0.0, 0.006504778750240803, 0.9568732380867004, 1.812021017074585, 0.0, 0.0, 0.058713242411613464, 0.18933919072151184, 0.025060635060071945, 0.38693758845329285, 0.23292814195156097, 1.302184820175171, 0.09869670867919922, 0.07749326527118683, 0.1518896222114563, 0.0, 0.04414956271648407, 0.030570920556783676, 0.5037569999694824, 0.22093893587589264, 0.0, 0.26633137464523315, 3.2914023399353027, 0.37944045662879944]",Testing/glioma_tumor/image(45).jpg
"[0.45851796865463257, 0.02447882480919361, 0.12988266348838806, 0.04393644630908966, 0.4841068387031555, 0.1713234782218933, 4.0737833976745605, 0.0, 0.01262451708316803, 0.0, 0.0, 0.0, 0.21674717962741852, 0.09664733707904816, 0.060524776577949524, 0.0, 0.0, 0.22276324033737183, 0.2168484330177307, 0.0, 0.09940046072006226, 1.399516224861145, 0.13697946071624756, 0.0159495510160923, 0.24005824327468872, 0.007167003583163023, 1.4017839431762695, 0.10195281356573105, 0.08224652707576752, 0.1540687382221222, 0.003117770655080676, 0.0, 0.6115190386772156, 0.5616236925125122, 0.7897815108299255, 0.5060437917709351, 0.12663115561008453, 0.10275160521268845, 0.05737296864390373, 0.057035207748413086, 1.9271612167358398, 0.11155994236469269, 0.11742296814918518, 0.00933927670121193, 0.0, 0.17830166220664978, 0.0, 0.0, 0.0, 0.6821903586387634, 0.0, 0.343761146068573, 1.2976149320602417, 0.2751930058002472, 1.8073064088821411, 1.7650257349014282, 0.07737994939088821, 0.03686077892780304, 0.44765591621398926, 0.17183327674865723, 0.3857792019844055, 0.5726571083068848, 0.8837717771530151, 2.670346736907959, 0.0561988390982151, 0.01875726506114006, 0.1880837082862854, 0.0, 0.6424840092658997, 0.017039727419614792, 1.3148739337921143, 0.0, 1.061823844909668, 1.0537734031677246, 0.14571897685527802, 0.0447486937046051, 2.5099828243255615, 0.26728320121765137, 0.0, 0.25774306058883667, 0.07103689014911652, 0.00821173470467329, 0.3451315462589264, 0.010480992496013641, 0.3079749643802643, 0.02297120727598667, 3.150421142578125, 0.00858757458627224, 0.0, 0.0648401528596878, 0.6314282417297363, 0.3180018365383148, 0.1003672182559967, 0.0517302043735981, 0.0, 0.0, 0.05740159749984741, 0.0, 0.40140673518180847, 0.04824431240558624, 0.011514970101416111, 0.5135881900787354, 0.0, 0.01334948930889368, 1.103232741355896, 0.06426585465669632, 0.3533894419670105, 3.905400514602661, 0.05496751517057419, 1.73264479637146, 0.13293766975402832, 0.04282976686954498, 0.38409653306007385, 1.0625407695770264, 0.03784488886594772, 0.5102585554122925, 0.012704773806035519, 1.0776872634887695, 0.034040067344903946, 0.0020989009644836187, 0.0, 0.38134312629699707, 0.0, 0.013005567714571953, 0.390777587890625, 0.8563995361328125, 0.013862380757927895, 0.0, 2.243303060531616, 0.0, 0.008765298873186111, 1.4840528964996338, 0.00045043593854643404, 0.05781511217355728, 0.0, 0.01865248568356037, 0.237407386302948, 0.04317310452461243, 0.0, 0.0, 0.046980127692222595, 0.0, 0.0, 0.29683879017829895, 0.0007629588944837451, 0.0, 0.13165804743766785, 0.9509298205375671, 0.0, 0.024442344903945923, 1.6357192993164062, 0.458910197019577, 0.04784773662686348, 0.12597782909870148, 0.3119928538799286, 0.34128332138061523, 0.0, 0.003795706434175372, 0.02092919498682022, 0.0, 0.31393754482269287, 0.0533953495323658, 0.0, 0.0, 0.0, 0.4633499085903168, 0.4590097963809967, 0.002497585490345955, 0.3754280209541321, 7.672600746154785, 2.6147236824035645, 0.15217454731464386, 0.32712721824645996, 0.10662622004747391, 0.9976359009742737, 0.008723864331841469, 0.11107034236192703, 1.2023065090179443, 0.01179950125515461, 1.2018539905548096, 0.0, 0.004108229652047157, 0.03054434433579445, 0.22383323311805725, 0.1761682629585266, 0.3969287574291229, 0.03760628402233124, 0.8491618633270264, 0.6864845752716064, 0.0, 0.007185994181782007, 0.021533595398068428, 0.0, 9.826738096307963e-05, 0.0, 0.23672711849212646, 0.020252928137779236, 1.6196949481964111, 0.0, 0.44641613960266113, 0.424976646900177, 0.11737509071826935, 0.10810525715351105, 0.0, 0.6877341270446777, 0.14286717772483826, 0.01915225200355053, 0.0, 0.8017972111701965, 0.5746001601219177, 0.5951061844825745, 0.15846647322177887, 0.0, 1.1557952165603638, 0.0, 0.3715016841888428, 0.06999579071998596, 0.051678113639354706, 0.054914962500333786, 0.0, 1.393093466758728, 0.018514571711421013, 1.2485870122909546, 0.0, 0.0, 1.2335872650146484, 0.01751343160867691, 0.2726994454860687, 1.0860594511032104, 0.0, 0.9909948110580444, 0.06840890645980835, 0.16348713636398315, 1.1103417873382568, 0.1875062733888626, 0.7799521684646606, 0.0, 0.06418385356664658, 0.0, 0.009976007044315338, 0.06882814317941666, 0.6746653318405151, 0.051484569907188416, 0.0026572237256914377, 0.016955239698290825, 0.0, 0.19608540832996368, 0.6831555962562561, 0.0, 1.4914129972457886, 0.34434765577316284, 0.0, 1.928879976272583, 0.17460313439369202, 0.12534527480602264, 0.1642090529203415, 0.147821307182312, 2.8971734046936035, 0.01332300528883934, 1.5566686391830444, 0.0, 0.025771591812372208, 1.622322916984558, 0.28165173530578613, 0.001270953449420631, 0.0, 0.0, 0.0, 0.0, 0.0, 0.8505485653877258, 0.00315043400041759, 0.08703556656837463, 0.0010869186371564865, 3.726732015609741, 0.374729186296463, 0.007056513801217079, 1.0667898654937744, 0.15051963925361633, 0.0, 1.2685359716415405, 0.13340938091278076, 2.387711763381958, 0.24309863150119781, 0.10851020365953445, 0.06761807203292847, 0.0, 0.022540276870131493, 0.007968335412442684, 0.0, 0.19114911556243896, 0.06341530382633209, 0.0, 0.10086844116449356, 0.3112719655036926, 5.33621072769165, 0.0, 0.008091923780739307, 0.7262636423110962, 0.002156476490199566, 0.2178180068731308, 0.021795907989144325, 3.4734139442443848, 0.0, 0.17074811458587646, 0.0, 0.08883834630250931, 0.031387362629175186, 0.8902788758277893, 0.06874803453683853, 0.06580468267202377, 0.4417249262332916, 0.1812661588191986, 0.03039400652050972, 0.18564629554748535, 0.09911755472421646, 0.41316697001457214, 0.025423098355531693, 0.0, 0.0, 0.06138792261481285, 0.14126434922218323, 0.07665005326271057, 0.13122442364692688, 0.0, 0.0, 0.1368972361087799, 0.20452098548412323, 1.9928115606307983, 3.1325652599334717, 0.09957732260227203, 0.0031508279498666525, 0.7654568552970886, 0.11437655240297318, 0.0, 0.1600940227508545, 3.6722216606140137, 0.9944555163383484, 2.963392972946167, 0.12969385087490082, 0.08877767622470856, 0.09595958888530731, 0.0, 0.020870525389909744, 0.018477708101272583, 0.0, 0.6002193093299866, 0.003323533106595278, 0.5065251588821411, 0.3860308527946472, 0.013722522184252739, 0.21018218994140625, 0.2118992656469345, 0.291521281003952, 0.022378692403435707, 0.0, 1.789573073387146, 0.08469472825527191, 0.09920800477266312, 0.20509400963783264, 0.025422437116503716, 1.7456742525100708, 0.8469879627227783, 0.12708336114883423, 0.03873518481850624, 0.08946465700864792, 0.026865607127547264, 0.0, 0.0022460806649178267, 0.8349291682243347, 0.008790719322860241, 0.002005083253607154, 1.8717960119247437, 3.062822103500366, 0.04070710018277168, 0.0, 0.7417861819267273, 0.020009804517030716, 0.0002988406631629914, 0.01481118518859148, 0.00989065133035183, 0.026195146143436432, 0.004084326792508364, 0.0, 0.34507012367248535, 0.03439164161682129, 0.2809753119945526, 0.029422137886285782, 0.0, 0.0, 0.0, 0.13798974454402924, 0.009677826426923275, 0.007703713141381741, 0.0, 5.180905818939209, 0.0, 0.4100494086742401, 0.006517680361866951, 0.06422442942857742, 0.07635955512523651, 0.00031317982939071953, 0.008434037677943707, 0.003574227914214134, 0.0, 3.532824993133545, 0.06746339797973633, 0.13187682628631592, 0.015287450514733791, 0.7233291864395142, 0.023714980110526085, 0.0, 0.0, 0.06720279902219772, 0.0, 3.253002643585205, 0.04037702456116676, 0.05567557364702225, 0.08447090536355972, 0.13857300579547882, 0.07357420027256012, 0.0, 0.0, 0.18795107305049896, 0.0, 0.0, 0.0, 0.04818455129861832, 0.02011415921151638, 0.022505460307002068, 0.03660497069358826, 0.39733365178108215, 1.2709685564041138, 0.19765275716781616, 0.20160448551177979, 0.42886030673980713, 0.01545117050409317, 2.4367194175720215, 0.15205858647823334, 0.20180928707122803, 0.0, 0.1954072266817093, 0.5293267965316772, 0.03485019505023956, 0.12390092015266418, 0.0, 0.07473219931125641, 0.22602970898151398, 0.11735443025827408, 0.19752997159957886, 1.095644235610962, 0.051876164972782135, 0.0, 0.0, 0.04955581575632095, 0.0415019616484642, 0.0, 0.1053088828921318, 0.0, 1.101190209388733, 0.012010082602500916, 0.1801685392856598, 0.4580613374710083, 0.05988845229148865, 0.03661609813570976, 0.0022825466003268957, 0.03236009553074837, 0.49308738112449646, 0.4810402989387512, 0.06432592868804932, 0.011401117779314518, 0.32811811566352844, 0.156903475522995, 0.0, 0.0, 0.22811457514762878, 0.0, 0.038869600743055344, 0.25786054134368896, 0.48712339997291565, 0.02197941020131111, 0.13860850036144257, 0.2999831438064575, 0.4373422861099243, 0.0, 0.20235024392604828, 0.0, 0.010848726145923138, 0.26365000009536743, 0.05945508927106857, 0.009021423757076263, 2.2015762329101562, 0.2331584393978119, 0.0, 0.4670306146144867, 0.0, 0.3244851231575012, 0.12246338278055191, 0.11805350333452225, 0.2633858919143677, 0.3639923930168152, 0.1646990031003952, 1.0076440572738647, 1.5659332275390625, 0.015332122333347797, 0.0010459081968292594, 0.12488466501235962, 0.11823640763759613, 0.3364883363246918, 0.29311302304267883, 0.0, 0.04721176251769066, 0.22341527044773102, 0.2569747567176819, 0.0905878096818924, 0.43939387798309326, 0.22890549898147583, 0.0006269775913096964, 0.03377370536327362, 0.029446762055158615, 0.0, 0.45069563388824463, 0.013229724951088428, 0.6316220164299011, 0.033264923840761185, 0.1328543871641159, 0.0, 0.005184251349419355, 0.41605618596076965, 0.8548070192337036, 0.09023723006248474, 0.3439393639564514, 1.2564759254455566, 3.4983136653900146, 0.048837848007678986, 0.3244333565235138, 0.2683483362197876, 0.012182128615677357, 0.22364766895771027, 0.030781099572777748, 0.003013535402715206, 0.17358018457889557, 0.06808006763458252, 0.0400860570371151, 0.06622310727834702, 0.06414377689361572, 0.0, 0.0, 0.09497978538274765, 0.006647659931331873, 0.0, 0.5642638206481934, 0.31991663575172424, 0.0, 0.9265790581703186, 0.7813074588775635, 0.0, 0.0, 0.06395593285560608, 0.04782770946621895, 3.9533348083496094, 0.63379967212677, 0.08850819617509842, 0.005524971056729555, 0.016751671209931374, 0.0, 0.3921068012714386, 0.0011205041082575917, 0.37423014640808105, 0.08335631340742111, 0.44408050179481506, 0.0, 1.439927577972412, 0.10675907880067825, 0.0, 0.4913603663444519, 0.0, 1.4215785264968872, 0.5333933234214783, 0.10261818021535873, 1.4480581283569336, 0.0, 0.0, 0.5288073420524597, 0.0, 0.09694960713386536, 0.010729542002081871, 0.022487182170152664, 0.0, 0.0, 0.02228272147476673, 0.24325264990329742, 0.7086370587348938, 0.0, 0.1043279618024826, 0.0036152966786175966, 0.0, 0.047078438103199005, 0.013783602975308895, 0.0, 0.9628430604934692, 0.0, 2.077237606048584, 0.6719444394111633, 0.08254194259643555, 0.0, 0.46533656120300293, 0.020430900156497955, 0.2649042010307312, 2.6525866985321045, 0.03242532163858414, 0.00043756133527494967, 0.01548459567129612, 0.4263089895248413, 0.003486545756459236, 0.0, 0.0, 0.11535865068435669, 0.0, 1.0693578720092773, 0.02890092507004738, 0.047021202743053436, 4.501376152038574, 0.015087142586708069, 1.5332708358764648, 0.1101970449090004, 0.05990344658493996, 0.0, 0.0, 0.0, 0.029933221638202667, 0.059886787086725235, 0.13229666650295258, 0.032360732555389404, 0.0, 0.0, 0.006979946978390217, 0.0, 0.13470742106437683, 0.31324782967567444, 0.8253201842308044, 0.12583781778812408, 0.7840965390205383, 0.24148888885974884, 0.001113453647121787, 0.23617145419120789, 1.9300533533096313, 0.0027603907510638237, 0.18178950250148773, 0.0, 1.6815226078033447, 0.39492276310920715, 0.43195363879203796, 0.0, 1.5126903057098389, 0.0, 0.5053885579109192, 0.0, 0.22779788076877594, 0.013658448122441769, 0.0, 0.4277469515800476, 0.09431584179401398, 0.063535176217556, 0.7849789261817932, 0.0, 2.4552359580993652, 0.6411877274513245, 0.0, 0.03049289993941784, 0.0, 0.23683835566043854, 0.00285903038457036, 0.07022404670715332, 0.010455039329826832, 0.556348443031311, 0.04681513085961342, 0.06948268413543701, 0.13835932314395905, 2.488351345062256, 0.42225852608680725, 0.11161357164382935, 0.002879225416108966, 0.010301857255399227, 2.8095479011535645, 1.6506781578063965, 0.0, 0.0, 1.2438205480575562, 0.521034300327301, 0.0, 0.0, 0.0, 0.0, 0.30058184266090393, 0.7724362015724182, 0.17016156017780304, 0.6858687400817871, 0.0, 0.0, 0.23304124176502228, 0.0, 0.1608567088842392, 0.6001514792442322, 0.0, 0.0, 0.8010112047195435, 1.8645954132080078, 0.8583369255065918, 0.0, 1.2866640090942383, 0.00622155936434865, 0.11790172755718231, 0.0, 1.0279278755187988, 0.0, 0.0, 0.011296306736767292, 0.0, 0.0, 0.11557304859161377, 1.4281355142593384, 0.2408747375011444, 0.06064116209745407, 0.04263000935316086, 3.4433505535125732, 0.19166740775108337, 0.01400496531277895, 0.08469842374324799, 0.5553812980651855, 0.5139616131782532, 1.0358062982559204, 0.0, 1.6558218002319336, 0.196099653840065, 0.21650341153144836, 0.23554778099060059, 0.0, 0.1954241842031479, 0.006364454980939627, 0.0885600820183754, 0.0, 3.6907849311828613, 0.08004852384328842, 0.0, 0.8509743213653564, 0.18231970071792603, 0.0, 0.2552744150161743, 0.394067645072937, 0.08667729049921036, 0.732795238494873, 0.12338230758905411, 0.027511168271303177, 0.3483380973339081, 0.10450088977813721, 0.6122204661369324, 0.014658932574093342, 0.03707475960254669, 0.16215869784355164, 0.6691601276397705, 0.17806074023246765, 0.5036454796791077, 1.883007287979126, 0.0, 0.0, 0.2334943562746048, 0.4180038571357727, 1.2606688737869263, 0.2608228325843811, 0.13183683156967163, 0.00890655629336834, 0.0727425143122673, 0.0, 0.33757421374320984, 0.03295668959617615, 0.0, 0.0, 4.1431097984313965, 0.12779149413108826, 0.6081352233886719, 0.2477685511112213, 1.111456036567688, 0.0, 1.0229376554489136, 0.2186518907546997, 1.779107689857483, 1.184849739074707, 0.4144519865512848, 0.0, 1.8939802646636963, 0.04806702584028244, 0.40017011761665344, 0.017144320532679558, 0.6742337942123413, 0.06346647441387177, 0.0, 0.0, 0.2649761438369751, 0.0, 0.035473085939884186, 0.03813702613115311, 0.009632107801735401, 0.17373120784759521, 0.023015037178993225, 0.003389290301129222, 1.7896722555160522, 0.7213281393051147, 0.4008381962776184, 0.24437184631824493, 0.0, 0.0, 1.1526436805725098, 0.007774253375828266, 1.3530874252319336, 0.0, 2.649203300476074, 0.5369958281517029, 0.0, 0.046688780188560486, 0.00548964599147439, 0.0, 0.6839932799339294, 0.09558477997779846, 0.18916715681552887, 0.9501767754554749, 0.026508620008826256, 0.0, 0.16374023258686066, 3.1160640716552734, 0.05527782067656517, 0.5799674391746521, 0.16488158702850342, 0.8825887441635132, 0.0222312118858099, 2.6166744232177734, 0.0, 0.10945314168930054, 0.0, 0.15906238555908203, 0.014251373708248138, 0.004446000326424837, 0.4504288136959076, 2.718761444091797, 0.7387033700942993, 0.17225544154644012, 0.12730397284030914, 0.3520652949810028, 0.4737008512020111, 0.07324852794408798, 0.030273929238319397, 0.008226855657994747, 0.8964772820472717, 0.10161327570676804, 0.0, 0.12355957925319672, 0.23068268597126007, 0.05226054787635803, 0.00898481160402298, 2.8540456295013428, 0.3167937397956848, 0.04437646269798279, 0.9219870567321777, 0.0, 0.7478713989257812, 0.8325321674346924, 0.010355981066823006, 0.049579113721847534, 0.001671815407462418, 5.390055179595947, 0.0, 0.19401443004608154, 0.0, 0.0, 0.04400262236595154, 0.12088180333375931, 0.11866120249032974, 0.0, 0.7626501321792603, 0.00892068911343813, 0.03695782274007797, 0.10805962234735489, 0.2839040458202362, 0.0, 1.3806527853012085, 0.37256091833114624, 0.868432343006134, 1.1856169700622559, 0.23483799397945404, 0.5847521424293518, 0.0, 0.1787203550338745, 0.04852158576250076, 0.0003522926417645067, 0.02971033751964569, 0.05895691365003586, 0.025850806385278702, 0.04580505192279816, 0.02346624806523323, 0.7464196085929871, 0.022318396717309952, 0.34879374504089355, 0.16662026941776276, 0.0, 3.122983455657959, 0.0, 0.030699605122208595, 1.1907365322113037, 0.03414521738886833, 0.0, 0.41195157170295715, 0.12123442441225052, 0.06894391775131226, 0.10463237017393112, 0.0, 1.2750707864761353, 0.022029845044016838, 0.0, 0.200882226228714, 0.0, 0.0044288053177297115, 0.014660041779279709, 0.06957002729177475, 0.5037328004837036, 0.6541301012039185, 0.0, 0.5519686937332153, 0.6150421500205994, 1.9140737056732178, 0.0, 0.02198740653693676, 0.0, 0.5136769413948059, 0.0, 0.020235270261764526, 0.49530020356178284, 0.0, 0.24597346782684326, 0.002416143659502268, 0.09882012009620667, 0.009026196785271168, 0.03094678558409214, 0.03520701080560684, 0.029334455728530884, 0.005704062525182962, 0.5193396806716919, 0.13749602437019348, 0.36928558349609375, 0.061747513711452484, 0.2641470432281494, 0.0, 1.0736110210418701, 0.18949991464614868, 0.0, 0.3459088206291199, 0.0, 0.0, 2.9298107624053955, 0.2819545269012451, 0.22259128093719482, 0.039785340428352356, 0.0, 0.0030088182538747787, 0.030814116820693016, 1.0724132061004639, 0.5380945205688477, 0.030178111046552658, 0.6755813360214233, 0.0, 0.01974019780755043, 0.0, 0.32883185148239136, 0.00710708275437355, 0.39006486535072327, 0.0, 0.016391104087233543, 0.35867542028427124, 0.0, 0.09336598962545395, 0.4900076389312744, 2.4221158027648926, 0.98065185546875, 0.06924370676279068, 0.049841638654470444, 1.5531518459320068, 0.0, 0.06403987109661102, 0.04499710351228714, 0.0, 0.0, 0.08887725323438644, 0.0010931540746241808, 0.10649918764829636, 0.07082527875900269, 0.050530992448329926, 0.0, 0.20040278136730194, 0.0, 0.2656252682209015, 0.02559223771095276, 0.5308274030685425, 0.0, 0.007584946695715189, 0.14174525439739227, 2.0869855880737305, 1.2509591579437256, 0.031298648566007614, 0.17582592368125916, 0.7733895182609558, 0.02294035628437996, 0.9788886904716492, 0.02030610479414463, 0.043950095772743225, 1.1455061435699463, 0.19078318774700165, 0.0, 0.19520346820354462, 0.0, 0.4161406457424164, 0.3534920811653137, 0.15718530118465424, 0.6554545164108276, 0.0029012621380388737, 0.3596248924732208, 0.2956693172454834, 0.20993459224700928, 0.000916821591090411, 0.0, 0.0, 0.019077682867646217, 0.12134604901075363, 0.05850816145539284, 0.6095389723777771, 0.015444410033524036, 0.0, 0.7400972247123718, 0.176266610622406, 0.0, 0.10757878422737122, 0.0, 0.14108557999134064, 0.0, 0.09645742923021317, 0.013664444908499718, 0.0, 0.0, 0.0005623758770525455, 0.0, 0.13521374762058258, 0.017552413046360016, 0.2079392671585083, 0.0, 0.0, 0.16143272817134857, 0.13111305236816406, 0.0, 0.2501542866230011, 3.3256940841674805, 0.0, 0.7558391094207764, 0.0, 0.0, 0.21061564981937408, 0.005662467796355486, 0.04289064556360245, 0.0, 0.2749656140804291, 0.18850313127040863, 0.053794749081134796, 0.6405559182167053, 0.29966112971305847, 2.9712114334106445, 0.1386418491601944, 0.2888979911804199, 0.19839902222156525, 0.20272952318191528, 0.11393647640943527, 0.03200433775782585, 0.11796421557664871, 0.1546439379453659, 0.532070517539978, 0.0095175476744771, 0.29333969950675964, 2.0358715057373047, 0.02018154412508011, 0.0, 0.004854497965425253, 0.6947082281112671, 1.6204054355621338, 0.4570040702819824, 0.0, 0.0, 0.3308200538158417, 0.008541004732251167, 4.896097660064697, 0.0, 0.25410205125808716, 0.0, 0.0, 0.3610627055168152, 0.0, 0.0, 0.21362948417663574, 1.0428215265274048, 0.0059320926666259766, 0.025142168626189232, 0.05482028052210808, 0.16553117334842682, 0.0508137047290802, 0.07282742857933044, 0.49598875641822815, 0.02071223221719265, 0.09864184260368347, 0.05114419758319855, 0.3176010251045227, 0.010136237367987633, 0.1871144026517868, 0.05849098041653633, 0.45037922263145447, 0.005501751787960529, 0.5770912766456604, 0.1850185990333557, 0.008677983656525612, 0.4551994800567627, 0.0, 0.0, 0.46896421909332275, 0.10638044029474258, 0.058457404375076294, 0.03610485792160034, 0.0, 0.4434111416339874, 0.001031637191772461, 3.1027283668518066, 0.0, 0.11318308115005493, 0.10539378970861435, 0.0, 0.12502259016036987, 0.44058459997177124, 0.0, 0.3154275417327881, 1.3101375102996826, 0.0, 0.11011283099651337, 0.0, 0.0, 0.0, 0.30158427357673645, 0.02468077465891838, 0.03581614792346954, 0.0036264341324567795, 0.014554393477737904, 0.08048569411039352, 2.660844564437866, 0.06997168064117432, 0.32054731249809265, 0.024619992822408676, 0.0, 0.7306976318359375, 0.0, 0.0862659439444542, 0.03972521051764488, 0.06658608466386795, 0.06928016990423203, 0.045446619391441345, 0.34161755442619324, 0.31601789593696594, 0.0, 0.0010951393051072955, 0.0, 0.31949537992477417, 0.0, 0.1459949016571045, 0.017326004803180695, 0.34710943698883057, 0.0, 0.0007576905773021281, 0.0, 1.0968873500823975, 0.04100342094898224, 0.11822523176670074, 0.0, 0.0, 0.01881123147904873, 0.0, 0.07397831976413727, 1.9498704671859741, 0.2514847218990326, 0.16731375455856323, 0.6520217061042786, 0.04034271836280823, 0.10297426581382751, 0.0, 0.0, 0.3267635405063629, 1.130770206451416, 0.016727112233638763, 0.0, 0.0, 0.3725864589214325, 0.08097868412733078, 1.4989635944366455, 0.8563461303710938, 0.6374190449714661, 0.0, 0.07338834553956985, 0.23051409423351288, 0.0, 0.08709463477134705, 1.160125732421875, 0.11943449079990387, 0.11092084646224976, 0.9417846202850342, 0.0, 0.0, 0.0, 0.0, 0.018277516588568687, 0.26729026436805725, 0.6734482049942017, 0.0, 0.01648193970322609, 0.17518207430839539, 0.33686399459838867, 0.1391192078590393, 0.0, 0.04116300493478775, 0.3952314853668213, 0.014290077611804008, 0.36803382635116577, 0.0, 0.030371656641364098, 3.828925609588623, 0.01955544762313366, 0.009162761270999908, 0.05976549908518791, 0.0, 0.5171185731887817, 0.4141905605792999, 0.5145584344863892, 0.0, 0.7892654538154602, 0.6312904357910156, 0.035101134330034256, 0.19487716257572174, 0.009806565009057522, 0.30669382214546204, 0.005559224169701338, 0.0674847811460495, 0.5157247185707092, 1.6676383018493652, 0.46921563148498535, 0.0, 0.049716439098119736, 0.0, 1.4614465236663818, 0.020339399576187134, 0.0, 0.0007244494627229869, 0.0, 0.09283570945262909, 0.18450979888439178, 0.7577804327011108, 0.057127416133880615, 0.9566686153411865, 0.6678441166877747, 0.0055482047609984875, 0.07998032122850418, 0.0446164645254612, 0.0979994386434555, 0.07503905892372131, 0.17186550796031952, 0.10689657926559448, 0.08045567572116852, 0.022883668541908264, 1.0040172338485718, 0.012607214041054249, 0.02856260910630226, 0.06291192770004272, 0.0770072340965271, 0.0414106510579586, 0.29641249775886536, 0.05105845630168915, 0.02260001003742218, 0.7653882503509521, 0.0022389255464076996, 0.42269647121429443, 0.26695510745048523, 0.6896440386772156, 0.09233436733484268, 0.1057443842291832, 0.3038288354873657, 0.0019759791903197765, 0.0, 0.0, 0.7114022970199585, 1.5088469982147217, 0.0016923972871154547, 0.0, 0.07420499622821808, 0.17717446386814117, 0.023838689550757408, 0.4456859529018402, 0.0, 0.0, 0.08093249052762985, 0.16979065537452698, 0.17427107691764832, 4.104019641876221, 0.10754984617233276, 0.43763652443885803, 0.09047459810972214, 0.0, 0.08358272910118103, 0.7461979389190674, 0.047405555844306946, 0.1446181982755661, 0.0, 3.552173614501953, 1.9243450164794922, 0.04799458757042885, 0.7070174217224121, 0.01060270331799984, 0.022757159546017647, 0.0, 0.3480573296546936, 0.0, 1.2124305963516235, 0.04596028849482536, 0.0929921418428421, 0.14868572354316711, 0.6156423091888428, 0.11458329111337662, 0.04648552089929581, 0.07303915917873383, 0.4023045003414154, 0.0, 0.7572605609893799, 1.477555513381958, 0.0008024439448490739, 0.3010216951370239, 0.02000652626156807, 0.07928125560283661, 0.02360077202320099, 2.4347972869873047, 0.06851237267255783, 0.02077668346464634, 0.027755720540881157, 0.9857704043388367, 0.0920497328042984, 0.0708812028169632, 0.24757330119609833, 0.0, 1.1151074171066284, 0.020840436220169067, 0.0, 0.09006211906671524, 0.0012642558431252837, 0.27250197529792786, 0.0, 0.4115007221698761, 0.02099420875310898, 0.6599075198173523, 0.0, 1.19599449634552, 0.031026484444737434, 0.24817976355552673, 0.20382072031497955, 0.057137977331876755, 0.048127681016922, 0.3720504641532898, 0.20063357055187225, 0.0, 2.554133892059326, 0.3397459387779236, 0.07520728558301926, 0.06637351214885712, 0.05303185433149338, 0.0, 1.1932814121246338, 1.4601138830184937, 0.3673892021179199, 2.215512275695801, 0.34951502084732056, 0.0, 0.027161691337823868, 0.34583935141563416, 0.42309966683387756, 0.05296885222196579, 0.0, 0.0, 0.9040828347206116, 0.01753881759941578, 0.04674428701400757, 0.10533645004034042, 0.0, 4.142487049102783, 0.0804058164358139, 0.5320082902908325, 0.3378285765647888, 1.1096504926681519, 0.0, 1.1573518514633179, 1.2384449243545532, 0.0, 0.0026481393724679947, 1.4376133680343628, 2.352952480316162, 0.0, 0.01513156108558178, 0.38490816950798035, 0.011775810271501541, 0.11534939706325531, 0.033072903752326965, 0.45998507738113403, 0.04491904377937317, 0.03821943700313568, 0.0329308919608593, 0.08614321053028107, 0.03453440219163895, 0.004740340169519186, 0.0, 0.28877079486846924, 0.0973305031657219, 0.26992082595825195, 0.19523531198501587, 0.03322277590632439, 0.05514799803495407, 1.6582239866256714, 0.0, 0.0, 0.0, 1.0794378519058228, 0.8596683144569397, 0.0, 0.0, 0.30060574412345886, 0.6310182809829712, 0.04737447574734688, 0.19369100034236908, 0.013785897754132748, 2.499080181121826, 0.0, 0.03794495016336441, 0.0, 0.05156630277633667, 0.0, 0.057377319782972336, 0.00951940193772316, 0.14876985549926758, 0.3213512599468231, 0.05184366926550865, 0.0627347081899643, 0.0, 0.0, 0.20164649188518524, 0.0, 0.030522547662258148, 0.024146683514118195, 0.4128879904747009, 0.00923833530396223, 0.0064882454462349415, 1.2323825359344482, 0.5037834644317627, 2.547396421432495, 0.0, 0.28401121497154236, 1.0230207443237305, 0.0, 0.45856738090515137, 0.19761042296886444, 0.7010676860809326, 0.0, 2.1635384559631348, 0.0, 0.4336598515510559, 0.005491556134074926, 0.9631518721580505, 0.0447421558201313, 0.25748735666275024, 0.03886871412396431, 0.17029456794261932, 0.1043764054775238, 0.1696208417415619, 0.1514768749475479, 0.029280517250299454, 0.09902434796094894, 0.02404438704252243, 0.0, 0.0, 2.723782539367676, 0.0, 0.22700224816799164, 0.366671621799469, 0.011955051682889462, 0.1341855823993683, 0.7066045999526978, 0.027629921212792397, 2.823908805847168, 0.22900016605854034, 0.5294632315635681, 0.0, 1.0139284133911133, 1.3788914680480957, 0.3203747868537903, 0.0, 0.0, 0.514559805393219, 0.0, 0.009128677658736706, 0.3664805293083191, 0.0382230281829834, 0.6067199110984802, 0.17379997670650482, 0.0, 0.02014263905584812, 0.07961687445640564, 0.09694165736436844, 0.1562352031469345, 0.0281645767390728, 0.08783743530511856, 0.004077780060470104, 1.4429386854171753, 0.1443970501422882, 0.25612521171569824, 0.0, 0.13738180696964264, 1.078933596611023, 1.5716744661331177, 0.6235685348510742, 0.017900660634040833, 0.06986410915851593, 0.18456438183784485, 0.0, 0.0, 1.2322134971618652, 8.775020251050591e-05, 0.06303189694881439, 0.19926013052463531, 0.5231117606163025, 0.0, 0.010492285713553429, 0.1664893925189972, 0.0, 0.0, 0.09508238732814789, 0.012094908393919468, 0.052055347710847855, 0.0, 0.46539196372032166, 0.20343610644340515, 0.25782492756843567, 0.0, 0.06598661094903946, 2.804476261138916, 0.2770526707172394, 2.394118070602417, 0.04580765217542648, 0.27854400873184204, 0.5736252069473267, 0.2751142382621765, 0.7353230714797974, 0.48025038838386536, 0.0, 0.28044065833091736, 0.0, 0.6426083445549011, 0.15821051597595215, 0.08201634138822556, 0.0, 0.001826237654313445, 0.7868338823318481, 1.4997550249099731, 0.0031061756890267134, 0.4277277886867523, 0.1809302121400833, 0.39474475383758545, 0.75568026304245, 0.007984304800629616, 0.368638277053833, 0.008785836398601532, 0.5906062722206116, 0.004342921078205109, 0.0, 0.007850968278944492, 0.08065103739500046, 0.21149086952209473, 0.052246034145355225, 0.2319859117269516, 0.0, 0.0, 0.0, 0.128350168466568, 0.3562198281288147, 0.33712366223335266, 1.6099730730056763, 0.0, 1.2235664129257202, 0.3054993152618408, 0.35139086842536926, 0.5260357856750488, 0.11411797255277634, 0.7761550545692444, 0.0, 0.06450960785150528, 0.44919589161872864, 0.038077667355537415, 0.09729404747486115, 0.6743599772453308, 0.0, 0.3399086892604828, 0.0795317217707634, 0.06933741271495819, 0.05261646956205368, 0.5858452320098877, 0.35485967993736267, 0.5533052682876587, 0.10250289738178253, 0.036928873509168625, 0.0, 0.05737433210015297, 0.47269299626350403, 2.162712335586548, 1.1398764848709106, 0.21467363834381104, 1.131418228149414, 3.5833120346069336, 0.0, 0.0, 0.0, 1.4340944290161133, 0.12439314275979996, 0.010937929153442383, 0.06450760364532471, 1.0819813013076782, 0.19398583471775055, 0.009767372161149979, 0.035403989255428314, 0.09570558369159698, 1.470009207725525, 0.0, 0.11922289431095123, 0.0, 0.0, 0.45807817578315735, 0.0, 0.019649634137749672, 3.156524419784546, 0.06865707784891129, 0.0, 0.988163948059082, 1.820479154586792, 0.28688666224479675, 0.3988516628742218, 0.0, 0.02787507325410843, 0.0010407749796286225, 0.0, 0.1273699253797531, 0.1024613082408905, 0.10727117210626602, 0.14312922954559326, 0.02382480911910534, 0.19656701385974884, 0.2944644093513489, 0.5916701555252075, 0.57419353723526, 0.269819051027298, 0.29665324091911316, 0.0, 0.9117785096168518, 0.05147619545459747, 0.10988059639930725, 0.00011159692803630605, 0.22702282667160034, 0.2697375416755676, 0.01991870440542698, 0.051313210278749466, 0.041644398123025894, 0.0, 0.2664010524749756, 0.12937171757221222, 0.34183260798454285, 0.009004310704767704, 0.5071467757225037, 0.00443169055506587, 0.340353399515152, 0.6696546673774719, 0.01186323631554842, 0.251323401927948, 9.97830429696478e-05, 0.0409713089466095, 0.0, 0.012318659573793411, 0.10866587609052658, 0.16337662935256958, 0.0, 0.42613285779953003, 0.0, 0.21379464864730835, 0.10778050869703293, 0.8433153033256531, 0.11559048295021057, 0.16255632042884827, 0.2176743745803833, 0.42491787672042847, 0.0, 0.0, 0.029951484873890877, 0.0, 0.3023333251476288, 0.0, 0.12019538879394531, 0.0, 0.08662879467010498, 0.6120702028274536, 0.04114685580134392, 0.0, 0.0, 1.0252838134765625, 0.031520821154117584, 0.7606191039085388, 0.0, 0.014324611984193325, 0.0, 0.03381849452853203, 0.06870203465223312, 1.6752641201019287, 0.24325308203697205, 1.2748693227767944, 0.1484839916229248, 1.8176952600479126, 0.004583293106406927, 0.0289387796074152, 2.4725005626678467, 0.1661618947982788, 1.2572401762008667, 2.42722487449646, 2.531287908554077, 0.0, 0.0, 0.0, 1.2047795057296753, 0.0, 0.3165162205696106, 0.17840367555618286, 0.9061213135719299, 0.005617453251034021, 0.5643605589866638, 0.29991477727890015, 0.0434357188642025, 0.029395395889878273, 0.3362855315208435, 0.32984212040901184, 0.3455258309841156, 0.17362253367900848, 1.4385497570037842, 0.09953747689723969, 0.0005294522270560265, 0.03817372769117355, 0.01220620609819889, 0.03893818333745003, 0.45656251907348633, 0.1848958134651184, 0.37694206833839417, 0.6066374778747559, 0.3544647693634033, 0.0035501839593052864, 0.7494871020317078, 0.00770967360585928, 0.0, 0.0, 0.10510680824518204, 0.03528684750199318, 0.0, 0.41340044140815735, 0.16427963972091675, 0.4490415155887604, 0.0, 0.0, 0.09461022168397903, 0.008046473376452923, 0.4717452824115753, 0.0, 0.10748732835054398, 0.0, 0.0481715202331543, 0.7753166556358337, 0.017647622153162956, 0.21877409517765045, 0.14249002933502197, 0.3560393452644348, 0.1372590810060501, 0.0, 0.062234241515398026, 0.05141512304544449, 0.3342292308807373, 0.0, 0.0, 1.2000279426574707, 0.0, 0.0, 0.058611124753952026, 0.1256232112646103, 0.164273202419281, 0.942326009273529, 0.03673360124230385, 0.0, 0.1515255719423294, 0.0015687796985730529, 0.13275691866874695, 0.0007127207354642451, 0.11162461340427399, 3.1160459518432617, 0.740683913230896, 0.0, 1.4242644309997559, 0.1713852435350418, 0.041690412908792496, 0.2916118800640106, 0.0, 6.969919204711914, 0.008420545607805252, 0.12021685391664505, 0.9888537526130676, 0.08112537860870361, 0.2485324740409851, 0.0, 2.217970371246338, 0.013478760607540607, 0.528163731098175, 0.0, 2.9726624488830566, 0.0, 0.04012543335556984, 0.06539186090230942, 0.0, 0.3615107238292694, 0.0, 0.0, 0.06491421163082123, 0.5237980484962463, 0.0, 0.01829768717288971, 0.01495400257408619, 0.0, 0.17882448434829712, 0.007880378514528275, 1.413972020149231, 0.0, 0.0, 0.0, 0.010312924161553383, 0.6622719764709473, 0.33537089824676514, 0.34511181712150574, 0.0, 0.04393724352121353, 0.08177118748426437, 0.0022861131001263857, 0.4523922801017761, 0.0, 0.13290582597255707, 2.148677349090576, 0.05038099363446236, 0.05301378294825554, 0.05904139205813408, 0.2653166353702545, 0.0, 0.5167323350906372, 0.5818835496902466, 0.6836993098258972, 0.0, 2.265667676925659, 0.28846171498298645, 0.0031615032348781824, 0.0, 0.002823922084644437, 1.1347057819366455, 0.0, 0.2934890389442444, 0.0, 0.908244252204895, 1.2931004762649536, 0.08473857492208481, 0.006322924047708511, 0.0, 0.06195006147027016, 0.034581273794174194, 0.0, 0.0, 2.3688786029815674, 0.018166886642575264, 0.2123849093914032, 0.08580255508422852, 0.6801950335502625, 1.0441142320632935, 0.15503820776939392, 0.08739424496889114, 0.07865426689386368, 0.04506826400756836, 0.026963751763105392, 0.0, 0.05778636783361435, 0.0, 0.13858374953269958, 0.17259667813777924, 0.011117708869278431, 0.027640054002404213, 0.11293122917413712, 0.008902260102331638, 0.030399249866604805, 0.3283940255641937, 0.7256532907485962, 0.0, 0.4775342345237732, 0.5425437092781067, 0.0, 0.527988851070404, 0.6384814381599426, 0.008336459286510944, 0.014217576012015343, 0.0, 0.07996107637882233, 1.1307647228240967, 0.2989279329776764, 1.230647087097168, 0.005687713623046875, 0.004452262539416552, 0.21665187180042267, 0.3355158567428589, 0.0, 0.033692046999931335, 0.011718268506228924, 0.0948808416724205, 0.35501691699028015, 0.20109900832176208, 0.9657164812088013, 0.0, 0.03540223091840744, 0.0008158927084878087, 0.0, 0.0, 0.8542653322219849, 1.1643462181091309, 1.3334931135177612, 0.20445547997951508, 0.8028754591941833, 0.0, 1.0612940788269043, 0.0, 0.19273793697357178, 0.0, 0.0, 0.43434587121009827, 0.7835810780525208, 2.0503780841827393, 0.03673611208796501, 0.060441166162490845, 0.0, 0.1131991595029831, 0.010226225480437279, 0.08663106709718704, 0.05734175071120262, 0.38656261563301086, 0.795189380645752, 0.040988363325595856, 0.0, 0.0006196158356033266, 0.0, 0.1353624314069748, 0.42411452531814575, 0.49897679686546326, 0.0, 0.11068365722894669, 0.0, 0.0, 0.3198884129524231, 0.4371156394481659, 0.0015660888748243451, 0.0, 0.026719968765974045, 0.12904804944992065, 0.020310446619987488, 0.1645737886428833, 0.0, 0.13020280003547668, 0.9507721066474915, 0.2162247747182846, 0.0, 0.0, 0.03084643930196762, 0.49815499782562256, 0.0, 0.04458913952112198, 0.3713158071041107, 0.16400115191936493, 0.2192806452512741, 0.058778975158929825, 3.205103635787964, 0.0, 1.6928104162216187, 0.0, 4.3796563148498535, 0.8581653237342834, 1.5737684965133667, 0.0428924597799778, 1.0746533870697021, 0.41449078917503357, 0.6528566479682922, 3.4063801765441895, 0.06516554206609726, 0.12788617610931396, 0.13035854697227478, 0.2106798142194748, 0.46982765197753906, 2.6176421642303467, 0.2323996126651764, 0.4372139871120453, 0.05773669853806496, 0.0, 0.0, 0.0, 0.0, 0.0, 0.6591507792472839, 0.09045571833848953, 0.03622898831963539, 0.08230076730251312, 0.1460980921983719, 1.0983080863952637, 0.12841956317424774, 0.33322012424468994, 0.0, 0.5341473817825317, 0.03577201068401337, 0.10752753913402557, 0.0, 0.0, 0.0, 0.10038217157125473, 0.07759504020214081, 0.20914559066295624, 0.0, 0.8262527585029602, 2.4725351333618164, 0.41179516911506653]",Testing/glioma_tumor/image(81).jpg
"[0.17114520072937012, 1.798311471939087, 0.0, 0.7765419483184814, 1.6925665140151978, 0.13884958624839783, 2.5948517322540283, 0.017098689451813698, 0.04274478182196617, 0.0, 0.0, 0.11247498542070389, 0.00020092360500711948, 0.3619478940963745, 0.07682596147060394, 0.0, 0.05040683224797249, 0.2708497643470764, 0.24779382348060608, 0.034790150821208954, 0.32281556725502014, 1.6624696254730225, 0.054379530251026154, 0.2043265849351883, 0.2282036542892456, 0.15714286267757416, 1.8604309558868408, 0.028600210323929787, 0.294445663690567, 0.08392851799726486, 0.01453643199056387, 0.045225441455841064, 0.022351790219545364, 0.5042523741722107, 0.22260212898254395, 1.2141423225402832, 0.4181654751300812, 0.33498895168304443, 0.05310651287436485, 0.34154775738716125, 1.3195210695266724, 0.1818709522485733, 0.09098310023546219, 0.11079884320497513, 0.0, 0.0, 0.0, 0.17946141958236694, 0.0, 0.022868862375617027, 0.35184985399246216, 0.1821901798248291, 0.627273678779602, 0.20030519366264343, 0.48396679759025574, 4.014860153198242, 1.7171452045440674, 0.4493202567100525, 0.4472207725048065, 0.004154380410909653, 0.4708547294139862, 0.7108151316642761, 0.14083656668663025, 0.28017300367355347, 0.0, 0.02647116780281067, 1.261413812637329, 0.08785665035247803, 0.7640106678009033, 0.0, 0.2821553945541382, 0.005750344600528479, 0.2861202657222748, 3.3569278717041016, 0.04272432252764702, 0.05158006772398949, 1.4173392057418823, 0.5203087329864502, 0.0, 0.7374540567398071, 0.0027946720365434885, 0.7444366216659546, 1.521571159362793, 0.18952609598636627, 0.9669346809387207, 0.06875289231538773, 1.7409535646438599, 0.22174017131328583, 0.0, 0.00383754656650126, 0.32439684867858887, 0.6707133054733276, 0.6263352036476135, 0.3436606526374817, 0.00603695772588253, 0.0, 0.4867764711380005, 0.10207007825374603, 0.014701899141073227, 0.1534525752067566, 0.40947651863098145, 0.0786702036857605, 0.1338118463754654, 0.17524103820323944, 1.314950704574585, 0.05857059359550476, 0.6550461053848267, 0.17747937142848969, 0.04175272583961487, 1.3447808027267456, 0.0, 0.6184223890304565, 0.04736320301890373, 0.31827861070632935, 0.7152493596076965, 0.2185286283493042, 0.05813980475068092, 0.1836676299571991, 0.8365704417228699, 0.0, 0.0, 0.36563748121261597, 0.14976179599761963, 0.1875850260257721, 0.09709825366735458, 0.3448517322540283, 0.07059827446937561, 0.5462513566017151, 3.5389158725738525, 0.0, 0.03735381364822388, 1.896848440170288, 0.24424050748348236, 0.2326502501964569, 0.03507952392101288, 0.09487872570753098, 0.6065535545349121, 0.33090540766716003, 0.0262723620980978, 0.018624432384967804, 0.10789667814970016, 0.05763997882604599, 0.4903598427772522, 0.13022665679454803, 0.07271713018417358, 0.20233969390392303, 0.1789177507162094, 1.5009934902191162, 0.24661007523536682, 0.03986687213182449, 1.4276483058929443, 1.3952574729919434, 0.3865354359149933, 0.18791338801383972, 0.5426048636436462, 2.02351975440979, 0.0, 0.456365168094635, 2.3218932151794434, 0.0, 0.875063419342041, 1.3008506298065186, 0.0, 0.5874256491661072, 0.0, 0.2780159115791321, 0.7541092038154602, 0.017624687403440475, 0.19207553565502167, 8.474090576171875, 0.017264993861317635, 0.0, 0.0, 0.3973831534385681, 1.2410556077957153, 0.23557336628437042, 0.8846539258956909, 0.44753336906433105, 0.2838183343410492, 0.27402177453041077, 0.0, 0.0006714548217132688, 0.04202120006084442, 0.04471231997013092, 0.05536268278956413, 0.04177539795637131, 0.19504794478416443, 1.2718878984451294, 0.11450882256031036, 0.0, 0.0497821606695652, 0.07832133769989014, 0.05768779665231705, 0.0, 0.035443566739559174, 0.2650105655193329, 0.061907343566417694, 0.1593901813030243, 0.02825867384672165, 0.28064772486686707, 0.10400445759296417, 0.5196218490600586, 0.07254382222890854, 0.1257091760635376, 0.20532533526420593, 0.08240453898906708, 0.10214567929506302, 0.0, 0.20367030799388885, 1.1954412460327148, 0.05118923261761665, 1.0813685655593872, 0.0, 0.8945614695549011, 0.0987262949347496, 0.013787206262350082, 1.6751271486282349, 0.1632835417985916, 0.14065209031105042, 0.0, 1.3641026020050049, 0.0, 1.3008075952529907, 0.0, 0.0, 0.03771572932600975, 0.17324328422546387, 0.24036934971809387, 1.242184042930603, 0.020963095128536224, 0.5193382501602173, 0.295581579208374, 0.6763573288917542, 0.28818273544311523, 0.2125672549009323, 1.9307459592819214, 0.0007597232470288873, 0.07497262954711914, 0.16451138257980347, 0.11555299907922745, 0.15885843336582184, 0.20507623255252838, 0.4749636650085449, 0.19892767071723938, 0.011886348947882652, 0.03281007707118988, 0.14371559023857117, 0.7900140881538391, 0.05636642873287201, 0.04313935711979866, 1.2981810569763184, 0.17694930732250214, 0.6213544011116028, 0.992304265499115, 1.5576541423797607, 0.22625026106834412, 0.029192255809903145, 0.9960706830024719, 0.06713991612195969, 0.2785111367702484, 0.0, 0.13460753858089447, 0.3354532718658447, 0.004455388989299536, 0.0, 0.455658882856369, 0.08130232244729996, 0.3750743865966797, 0.007850865833461285, 0.23114052414894104, 0.40586018562316895, 0.037424471229314804, 1.2726362943649292, 0.07632476091384888, 1.7256801128387451, 0.2603009343147278, 0.39858731627464294, 0.06384889781475067, 0.2608332633972168, 0.0, 0.6410732865333557, 0.7110438346862793, 2.2520203590393066, 0.02520102635025978, 0.719482958316803, 0.2831195890903473, 1.4238836765289307, 0.12537901103496552, 0.0, 0.09843090921640396, 0.08354561030864716, 0.531461238861084, 0.0, 0.37723448872566223, 0.5832967162132263, 0.8778107166290283, 0.0, 0.02829694002866745, 0.8323837518692017, 0.0, 0.1710387021303177, 0.0, 2.408287763595581, 0.03821422532200813, 0.068809375166893, 0.20811329782009125, 0.19242733716964722, 0.6108007431030273, 0.4517930746078491, 0.2842218577861786, 0.2903657555580139, 0.5998193621635437, 0.36528244614601135, 0.6000058054924011, 0.01892208866775036, 0.506771445274353, 0.5047281384468079, 0.2535558342933655, 0.0, 0.022194193676114082, 0.22146910429000854, 0.8606427311897278, 2.999415874481201, 0.020863065496087074, 0.46534475684165955, 0.13501965999603271, 0.4796088933944702, 0.11069996654987335, 3.9874510765075684, 0.5499648451805115, 0.09804990142583847, 0.0, 0.07641677558422089, 0.10990765690803528, 0.003061328548938036, 0.0, 1.539118766784668, 0.4220651090145111, 1.6133320331573486, 0.5103611350059509, 0.01732741855084896, 0.03823016583919525, 0.0, 0.5454916954040527, 0.0, 0.00551650719717145, 0.3031120002269745, 0.0, 0.016201570630073547, 0.9351020455360413, 0.034499641507864, 0.2683197855949402, 1.11881422996521, 0.6203749775886536, 0.8172594904899597, 0.07247047126293182, 0.00598501181229949, 0.00481921061873436, 0.2594562768936157, 0.3753643035888672, 0.051568273454904556, 1.6448215246200562, 0.46389397978782654, 0.0, 0.02630811743438244, 0.8398067951202393, 0.3407706320285797, 0.045706991106271744, 2.1632986068725586, 0.9261528849601746, 0.19236120581626892, 1.0947628021240234, 0.694226086139679, 1.175687551498413, 0.5698267221450806, 0.3924126923084259, 0.9008181095123291, 2.4032106399536133, 0.07432689517736435, 0.0, 0.0, 0.04403384029865265, 1.285678744316101, 0.0, 0.004223227500915527, 0.09609238058328629, 2.2294809818267822, 0.03778257220983505, 0.03028124012053013, 0.4097606837749481, 0.0, 0.0, 0.18322497606277466, 0.8720927238464355, 0.11924450099468231, 1.7650216817855835, 0.049801524728536606, 0.8116180896759033, 0.15358738601207733, 0.9068992733955383, 0.04800467565655708, 0.0, 0.06583631783723831, 0.5667415261268616, 0.0, 6.115055084228516, 0.021359434351325035, 0.23499298095703125, 0.41606372594833374, 0.6413218975067139, 0.099109947681427, 0.10057426244020462, 0.0, 0.3487996459007263, 0.0, 3.226576805114746, 0.0400567501783371, 0.014366921037435532, 0.45744237303733826, 0.0, 0.6994578242301941, 0.3931533694267273, 0.3405721187591553, 0.7767089009284973, 0.0, 0.5938685536384583, 0.0519368015229702, 0.18543553352355957, 0.34211957454681396, 0.013627005741000175, 0.16879840195178986, 0.0640793889760971, 0.5783806443214417, 0.8263283371925354, 3.4209494590759277, 0.22312425076961517, 0.050508275628089905, 2.7952849864959717, 0.20840014517307281, 0.03194071352481842, 0.15873484313488007, 0.06003941223025322, 1.2570195198059082, 0.016913019120693207, 0.20224490761756897, 0.0, 0.052722882479429245, 0.13864779472351074, 0.10164353996515274, 0.23997941613197327, 0.23158767819404602, 0.025746645405888557, 0.11881042271852493, 0.010491662658751011, 0.046903688460588455, 0.6619530320167542, 0.18446090817451477, 0.39604896306991577, 0.0, 1.246389627456665, 0.13152390718460083, 0.6379207968711853, 0.42693835496902466, 0.19298367202281952, 0.5193796157836914, 0.07529489696025848, 0.04794606566429138, 0.2739402651786804, 0.019426973536610603, 0.29149097204208374, 0.4335385262966156, 0.0, 0.20074164867401123, 2.735560894012451, 0.3669015169143677, 0.484129935503006, 0.32374289631843567, 0.14498992264270782, 0.09408935159444809, 0.38988566398620605, 0.8320468068122864, 0.6037002205848694, 0.010895894840359688, 0.3732054829597473, 0.041141949594020844, 0.05737916752696037, 0.10682620853185654, 0.002310042502358556, 0.3234986960887909, 0.9437355995178223, 1.1577626466751099, 2.8009631633758545, 0.08455213904380798, 0.06426381319761276, 1.9176671504974365, 0.029597973451018333, 0.003986378200352192, 0.11074911057949066, 0.4549517333507538, 1.1589869260787964, 0.4188389778137207, 0.1157628670334816, 0.14936794340610504, 2.4048197269439697, 0.274568647146225, 1.3385661840438843, 0.001462425454519689, 0.09056924283504486, 0.32534337043762207, 0.4039689600467682, 0.030305856838822365, 0.6189206838607788, 0.0, 0.11921920627355576, 0.7204332947731018, 0.5592496991157532, 0.4625738561153412, 0.2057938277721405, 0.157577246427536, 0.5450878739356995, 0.04604743421077728, 0.7793429493904114, 0.0, 0.29694390296936035, 0.0, 0.5297762155532837, 0.0006315902573987842, 0.0, 0.02161971479654312, 0.019379863515496254, 0.02622907981276512, 1.4352326393127441, 0.25077977776527405, 2.979057788848877, 0.0012194088194519281, 0.3174351751804352, 3.3332576751708984, 0.09188593924045563, 1.978438377380371, 0.6494956612586975, 0.16128596663475037, 0.6224159598350525, 0.07916432619094849, 0.23424525558948517, 2.100944995880127, 1.0030854940414429, 0.09678451716899872, 0.051929447799921036, 0.5395760536193848, 0.06445697695016861, 0.2133239209651947, 0.11325394362211227, 0.29224079847335815, 0.09749128669500351, 0.36257702112197876, 1.9523721933364868, 0.37865838408470154, 0.0797397643327713, 0.048680491745471954, 0.03534156456589699, 2.6059212684631348, 1.2708649635314941, 0.15327729284763336, 0.1917736530303955, 0.023888612166047096, 0.0, 0.1771770715713501, 0.0011222483590245247, 1.3584502935409546, 0.039233479648828506, 0.0, 0.0, 0.2738046944141388, 0.007421405985951424, 0.011865468695759773, 0.027782892808318138, 0.06051446124911308, 0.13209085166454315, 0.5372917652130127, 0.041548650711774826, 0.9689608812332153, 0.0, 0.003730944124981761, 0.03919524699449539, 0.00547746242955327, 0.0, 0.33318787813186646, 0.044677793979644775, 0.0448557585477829, 0.0013630937319248915, 0.24871604144573212, 0.04436594620347023, 2.953401803970337, 0.026425249874591827, 0.08068019896745682, 0.24788285791873932, 0.056048549711704254, 0.005143729969859123, 0.0803031176328659, 0.7098316550254822, 0.23707295954227448, 0.1914719045162201, 5.383364200592041, 0.7653294801712036, 0.0, 0.3028457760810852, 0.567088782787323, 0.20179538428783417, 1.0118598937988281, 3.03810453414917, 0.7076520919799805, 0.3301383852958679, 0.6316957473754883, 0.08291016519069672, 0.0, 0.001814119634218514, 0.010749788023531437, 0.19175420701503754, 0.0, 0.24854640662670135, 0.26513800024986267, 0.2499614953994751, 1.3628625869750977, 0.6111479997634888, 1.375158667564392, 0.04281049966812134, 0.015529165044426918, 0.03514306992292404, 0.007146913092583418, 0.026873063296079636, 0.0017864825204014778, 0.18736813962459564, 0.24020527303218842, 0.21167786419391632, 0.09321814030408859, 0.0, 0.07330387830734253, 0.0, 0.0, 0.13054248690605164, 1.0923196077346802, 0.0859757661819458, 0.11978194117546082, 1.0367779731750488, 0.0, 0.47223901748657227, 1.2764248847961426, 0.5345553755760193, 0.0, 0.0, 0.9710850715637207, 0.5532102584838867, 0.3639744818210602, 0.0, 2.257430076599121, 0.050305161625146866, 0.8712698221206665, 0.5372687578201294, 0.33139532804489136, 0.0, 1.277752161026001, 0.23478490114212036, 0.2163930982351303, 0.12797626852989197, 3.6098520755767822, 0.16631853580474854, 3.027761936187744, 0.23737646639347076, 0.03316429629921913, 0.012349678203463554, 0.1282789260149002, 0.19135482609272003, 0.4827301502227783, 0.6740697026252747, 0.5869517922401428, 0.37139004468917847, 0.030208999291062355, 0.0027506109327077866, 0.01995929330587387, 1.7686671018600464, 1.6633050441741943, 0.9176981449127197, 0.25141802430152893, 0.042440202087163925, 1.5230885744094849, 0.9113329648971558, 0.28938528895378113, 0.3319030702114105, 1.5402562618255615, 0.6787770986557007, 0.015956193208694458, 0.061663344502449036, 0.0010996157070621848, 0.02342066541314125, 0.05489024519920349, 0.6736907362937927, 0.36206865310668945, 0.46819761395454407, 0.04517088085412979, 0.00016549168503843248, 0.04495549574494362, 0.0, 0.6454736590385437, 0.26206955313682556, 0.07323011010885239, 0.16074049472808838, 0.4039960503578186, 2.5461084842681885, 0.4283139705657959, 0.0, 2.989978790283203, 0.1744934320449829, 0.006547584664076567, 0.0, 0.00842912308871746, 0.14012542366981506, 0.0, 0.20995654165744781, 0.03608500957489014, 0.0, 1.2811270952224731, 3.1142356395721436, 0.6980255246162415, 0.14513441920280457, 0.5026765465736389, 1.1812548637390137, 0.18487988412380219, 0.0, 0.5293638110160828, 0.14890260994434357, 0.0, 0.032128170132637024, 0.07183762639760971, 0.11960278451442719, 1.6947381496429443, 0.939111590385437, 0.3248524069786072, 0.3384004831314087, 0.583156168460846, 0.03008166141808033, 0.023390036076307297, 0.16275808215141296, 2.594139814376831, 0.6094464063644409, 0.0016064083902165294, 1.7710169553756714, 0.4221976101398468, 0.0, 0.25323647260665894, 0.02782575972378254, 0.23074479401111603, 2.1077771186828613, 0.30091187357902527, 0.0, 0.2401542216539383, 1.6555730104446411, 0.7891601324081421, 0.350400447845459, 0.21490903198719025, 0.0072307949885725975, 0.21934640407562256, 0.41798409819602966, 1.3388149738311768, 2.765676975250244, 0.0, 0.09495396167039871, 0.1137479841709137, 0.03521692007780075, 1.41261887550354, 0.6574244499206543, 0.14307236671447754, 0.07800744473934174, 0.2970952093601227, 0.024451877921819687, 0.14734825491905212, 0.0, 0.07606149464845657, 0.008636696264147758, 1.7825953960418701, 0.07167523354291916, 0.13426077365875244, 0.4723842144012451, 0.17760047316551208, 0.09966973960399628, 0.33373525738716125, 0.20979346334934235, 1.783724308013916, 0.7895200848579407, 0.6504708528518677, 0.03309629485011101, 0.6512987017631531, 2.061492919921875, 0.06269120424985886, 0.2793520987033844, 4.542547225952148, 2.3042995929718018, 0.1695009022951126, 0.0, 0.06920686364173889, 0.01219938974827528, 0.23006318509578705, 0.0, 0.05913321673870087, 0.33111995458602905, 0.0, 0.5693607926368713, 1.9766465425491333, 0.6997383832931519, 0.5817432403564453, 0.3660418391227722, 0.7232472896575928, 0.30555224418640137, 2.9025063514709473, 5.714990766136907e-05, 1.1884087324142456, 0.005212657153606415, 1.3436670303344727, 0.07124917209148407, 0.021866919472813606, 0.0, 0.04472258687019348, 0.025127911940217018, 1.066758155822754, 0.0, 0.029711207374930382, 0.698192298412323, 0.025014668703079224, 0.0, 0.10064207017421722, 3.1504666805267334, 0.0, 0.0075473543256521225, 0.33602309226989746, 0.021412722766399384, 0.0, 2.4879443645477295, 0.0, 0.0037644761614501476, 0.05060277134180069, 0.5259613394737244, 0.0030362217221409082, 0.28897717595100403, 0.13941839337348938, 5.205267906188965, 1.0100401639938354, 0.24537837505340576, 0.20119915902614594, 0.2905469536781311, 0.19816964864730835, 0.1947692334651947, 0.0, 0.015113959088921547, 2.9146180152893066, 0.012743993662297726, 0.037750449031591415, 0.22076739370822906, 0.4143597483634949, 0.130851149559021, 0.23891106247901917, 1.1820429563522339, 0.2828197479248047, 0.12711608409881592, 0.23322170972824097, 0.007037498522549868, 0.23311543464660645, 0.31811773777008057, 0.07585842162370682, 0.356228232383728, 2.4375715255737305, 3.9538333415985107, 0.09775470942258835, 0.08692798018455505, 0.0357469767332077, 0.5209736227989197, 2.035414934158325, 0.040829211473464966, 0.020133227109909058, 0.11831441521644592, 0.14563719928264618, 0.6029858589172363, 0.0, 0.6491110324859619, 0.1063234731554985, 0.0, 0.29067280888557434, 0.24251055717468262, 1.0793591737747192, 0.9775875806808472, 1.2683203220367432, 0.05139428749680519, 0.0, 1.363704800605774, 0.028844758868217468, 0.03610440343618393, 0.0, 0.06936706602573395, 0.08869602531194687, 0.16768047213554382, 0.24034367501735687, 2.069798707962036, 0.12568224966526031, 1.706557035446167, 0.14219479262828827, 0.0, 5.087177753448486, 0.0, 0.026327945291996002, 1.915940761566162, 0.8065416216850281, 0.10680776834487915, 0.4515010416507721, 0.04991824924945831, 0.05859425663948059, 1.7730616331100464, 0.018258100375533104, 1.6174570322036743, 0.0, 0.016403453424572945, 0.5872812867164612, 0.00581099558621645, 0.07575833797454834, 0.5988980531692505, 0.6482847332954407, 0.02498011291027069, 0.18178582191467285, 0.13818100094795227, 0.34491831064224243, 0.6557444334030151, 1.9916434288024902, 0.0, 0.0, 1.04444420337677, 0.5792266130447388, 0.015127605758607388, 0.24540507793426514, 0.31609907746315, 0.14166299998760223, 0.15140633285045624, 0.23227886855602264, 0.0024055023677647114, 0.4482934772968292, 0.08173317462205887, 0.13928371667861938, 0.13713698089122772, 0.0506453700363636, 0.10855614393949509, 0.23947228491306305, 0.01684858649969101, 0.07558673620223999, 0.05013766884803772, 0.0, 0.6616547107696533, 0.07980263233184814, 0.02902580238878727, 0.6176806688308716, 0.016951411962509155, 0.01774604432284832, 2.4911227226257324, 0.26042085886001587, 0.08201245963573456, 0.16462787985801697, 0.0, 0.09703318029642105, 0.021562371402978897, 1.4963628053665161, 1.7261170148849487, 0.0, 1.4172499179840088, 0.0, 0.1252557933330536, 0.0060899159871041775, 0.4496701955795288, 0.17485776543617249, 0.8074185252189636, 0.00220891903154552, 0.25193822383880615, 0.015088505111634731, 0.0, 2.0930707454681396, 0.0, 0.45368584990501404, 0.8389571905136108, 0.6342719793319702, 0.0850924700498581, 1.3705081939697266, 0.0, 0.04788896068930626, 0.010921454057097435, 0.041461240500211716, 0.0021520124282687902, 0.061916012316942215, 0.0, 0.0009290429879911244, 0.1408100128173828, 0.0, 0.0, 0.017542671412229538, 0.07101543247699738, 0.24201208353042603, 0.23774166405200958, 2.0684731006622314, 0.37011709809303284, 0.0, 0.5507714748382568, 0.8177435994148254, 1.1436614990234375, 0.27380073070526123, 0.009456041269004345, 2.3462209701538086, 0.13247933983802795, 0.0650603249669075, 0.0, 0.6719393134117126, 1.9707757234573364, 0.5493723750114441, 0.1247299313545227, 0.7243384718894958, 0.03753954917192459, 0.03181682899594307, 3.5829317569732666, 0.3859213888645172, 0.7414013743400574, 0.0, 0.0, 0.33807694911956787, 0.15774403512477875, 0.03669778257608414, 0.0, 0.047032445669174194, 0.016459140926599503, 0.0341452918946743, 0.077074334025383, 0.09236710518598557, 0.23659901320934296, 0.0, 0.4011825919151306, 0.542351245880127, 0.0, 0.06252481788396835, 0.3656521737575531, 0.14126421511173248, 0.0017588600749149919, 0.371304452419281, 0.021754534915089607, 0.049769189208745956, 0.1028045266866684, 0.0, 0.10003662109375, 0.06847871840000153, 0.03199503943324089, 0.05912817642092705, 0.03632166609168053, 0.0, 0.12436201423406601, 0.04616052284836769, 0.2832871079444885, 1.9957157373428345, 2.475363254547119, 0.6277367472648621, 0.6544955372810364, 0.0, 0.0, 0.682196319103241, 0.04551706463098526, 0.10527999699115753, 0.20092631876468658, 0.10677952319383621, 0.006191764492541552, 0.0, 0.32499176263809204, 0.4479076862335205, 1.8952314853668213, 0.09664174169301987, 0.1543407291173935, 0.7451448440551758, 0.0, 0.42825567722320557, 0.6718266010284424, 0.012821861542761326, 0.08959636092185974, 0.29256126284599304, 0.8215212821960449, 0.09695015847682953, 3.3268134593963623, 0.5303399562835693, 0.5081263184547424, 1.1269922256469727, 0.8119751214981079, 4.570495128631592, 0.003938195761293173, 0.21076805889606476, 0.0, 0.051290132105350494, 0.007371751591563225, 2.8604605197906494, 0.04962805286049843, 0.13231919705867767, 0.0, 0.0, 0.08459329605102539, 0.04507209733128548, 0.7356849312782288, 0.16290807723999023, 0.7831225991249084, 0.07840049266815186, 0.048207446932792664, 1.255798101425171, 0.07949889451265335, 0.0, 0.6410579085350037, 0.0, 0.21330507099628448, 0.20021387934684753, 0.0, 0.8985427618026733, 0.2815477252006531, 0.07249311357736588, 0.0, 0.2526467442512512, 0.007958830334246159, 2.0181896686553955, 0.17191174626350403, 0.41491201519966125, 0.9356945753097534, 0.0, 0.0, 0.05329526588320732, 0.3798244297504425, 0.2718188166618347, 0.697507381439209, 0.012070667929947376, 0.4506869912147522, 0.003915112931281328, 2.761355400085449, 0.0, 0.005521236453205347, 0.0037219913210719824, 0.0, 0.05012661963701248, 0.0863766148686409, 0.010173355229198933, 0.010659981518983841, 2.5875704288482666, 0.0, 0.16594111919403076, 0.0, 0.0, 0.0, 0.25045791268348694, 0.40067827701568604, 0.019402526319026947, 0.5470640063285828, 0.45741763710975647, 0.02879617176949978, 5.253722667694092, 0.030913220718503, 0.3344673216342926, 1.3798167705535889, 0.0, 0.003583149053156376, 0.25442102551460266, 0.0307092797011137, 0.02514057233929634, 0.4519377052783966, 0.035502802580595016, 0.0, 0.2506852447986603, 0.19888220727443695, 0.0, 0.0, 0.0, 0.12479782849550247, 0.15663203597068787, 0.0, 0.1432703137397766, 0.7381123304367065, 0.007101299706846476, 0.12652499973773956, 0.015224996954202652, 2.4147439002990723, 0.0, 0.9477258920669556, 0.10401252657175064, 0.0, 0.003983711823821068, 0.012010624632239342, 0.702485978603363, 1.1209100484848022, 0.18873710930347443, 0.1716000735759735, 0.06922150403261185, 0.009493891149759293, 0.055927976965904236, 0.0185193233191967, 0.023089352995157242, 0.2516176998615265, 0.6697939038276672, 0.6572704911231995, 0.0, 0.0, 0.636772632598877, 0.19018858671188354, 0.025826487690210342, 0.2561027407646179, 2.7223589420318604, 0.11661586910486221, 0.02472500130534172, 0.9471607804298401, 0.9041570425033569, 0.08315658569335938, 1.6293033361434937, 0.0, 0.31538552045822144, 0.7861211895942688, 0.0, 0.13416382670402527, 0.35307106375694275, 0.026880010962486267, 0.0944942906498909, 0.2614986300468445, 0.26338011026382446, 0.0, 0.20968668162822723, 2.3991920948028564, 0.6637682318687439, 1.049599289894104, 0.1507454514503479, 0.3546464741230011, 0.0, 0.028037235140800476, 0.10472583770751953, 0.0, 0.11197531223297119, 3.7286319732666016, 0.0485907681286335, 0.09911645948886871, 0.12705089151859283, 0.032785654067993164, 0.7638474106788635, 0.2546599209308624, 0.08109982311725616, 0.7097595930099487, 0.4226575195789337, 1.2285754680633545, 1.2359411716461182, 0.2757570743560791, 0.23206189274787903, 0.009871935471892357, 0.1867232471704483, 0.4699264466762543, 0.9690544605255127, 1.9869706630706787, 0.01315257977694273, 0.0, 0.15987803041934967, 0.038000110536813736, 2.9282755851745605, 0.18484579026699066, 0.2790510058403015, 0.10680697113275528, 0.09488397091627121, 0.03942177817225456, 0.1233644112944603, 0.8682087659835815, 0.4949629008769989, 0.7706642746925354, 3.10636568069458, 1.4489946365356445, 0.32028427720069885, 0.2222522646188736, 0.021629516035318375, 0.03552999719977379, 0.0, 0.7399208545684814, 0.0, 0.0, 0.4787076711654663, 0.6755025386810303, 0.0, 0.18531107902526855, 0.04497242346405983, 0.2877650558948517, 0.2531058192253113, 0.059997282922267914, 0.07048507779836655, 1.1201318502426147, 0.0, 0.3216206729412079, 1.274458408355713, 1.2087141275405884, 0.541506826877594, 0.06154349446296692, 1.6899242401123047, 1.0018104314804077, 0.16272737085819244, 0.0, 0.20675702393054962, 0.5897689461708069, 0.0077931322157382965, 0.0, 0.14359252154827118, 0.0, 0.6054092645645142, 1.5448131561279297, 0.0, 0.0, 0.04540141671895981, 0.23004761338233948, 0.00020264848717488348, 3.5944008827209473, 0.026173410937190056, 0.3790762722492218, 0.0, 0.03650401160120964, 0.5203761458396912, 0.07554618269205093, 0.313231498003006, 0.15262417495250702, 0.2779635488986969, 1.1896624565124512, 1.2204729318618774, 0.0, 0.1314256191253662, 0.0, 1.0485762357711792, 0.0, 0.32165083289146423, 0.0, 0.7883222103118896, 0.0, 0.08598807454109192, 0.014804139733314514, 0.734247624874115, 0.6189333200454712, 0.23236289620399475, 0.4015559256076813, 0.012539231218397617, 0.6309822201728821, 0.0, 0.31880977749824524, 0.005888861138373613, 0.17560259997844696, 0.0, 0.0013131997548043728, 0.06246485188603401, 1.9372544288635254, 0.0, 0.1905890852212906, 0.021904632449150085, 0.463495671749115, 0.07895446568727493, 0.016160011291503906, 0.2235214114189148, 0.21481846272945404, 2.1189918518066406, 0.013993212021887302, 0.46443837881088257, 0.3950618803501129, 0.08643089234828949, 0.07798910140991211, 0.562440812587738, 0.26216351985931396, 0.0653396025300026, 0.1793190836906433, 0.0, 1.537949562072754, 0.19399946928024292, 0.2669815123081207, 2.054288148880005, 0.1337447315454483, 0.02621592953801155, 0.2578664720058441, 0.578590989112854, 0.015727514401078224, 1.4690866470336914, 0.5504382252693176, 0.2810384929180145, 0.3145942986011505, 0.184274822473526, 0.0, 0.7395346760749817, 2.149721145629883, 0.2840786576271057, 0.8082629442214966, 0.2196468859910965, 0.15832698345184326, 0.07273270934820175, 0.04577608406543732, 0.49903348088264465, 0.06440340727567673, 0.06008011847734451, 0.0, 0.008680704049766064, 0.0, 0.008369187824428082, 0.4007129967212677, 0.4449903070926666, 1.4737179279327393, 0.5309485793113708, 0.9787467122077942, 0.16333816945552826, 1.9245202541351318, 0.22114017605781555, 1.7681808471679688, 0.40197864174842834, 0.05617440491914749, 0.007758310995995998, 0.10301148146390915, 2.1134285926818848, 0.0, 0.14451183378696442, 1.2351182699203491, 0.23857708275318146, 0.0, 0.41678112745285034, 0.15464411675930023, 0.0, 2.076801300048828, 1.0412367582321167, 0.24281080067157745, 0.0, 0.41740337014198303, 0.0, 0.003039170289412141, 0.04426708072423935, 0.15021495521068573, 0.6598440408706665, 0.026131683960556984, 0.49461469054222107, 1.9453104734420776, 1.3511191606521606, 0.0, 0.06634397059679031, 0.8241914510726929, 0.03945624455809593, 0.006005014758557081, 0.020366884768009186, 0.011464403942227364, 0.800761878490448, 0.09413076937198639, 0.28702521324157715, 0.007367766462266445, 0.9647900462150574, 0.00989487674087286, 0.021700991317629814, 0.0, 0.16337157785892487, 0.0, 0.03767362982034683, 0.04329199716448784, 0.1272057443857193, 0.10926605015993118, 0.019175900146365166, 0.0, 0.043658383190631866, 0.0, 0.44982239603996277, 0.03571632131934166, 0.0, 0.3317032754421234, 0.13643880188465118, 0.04918051138520241, 0.06135283038020134, 0.8705998659133911, 1.0483406782150269, 1.3464747667312622, 0.10226794332265854, 0.8643221259117126, 0.14168934524059296, 0.08034906536340714, 0.5130734443664551, 0.0, 0.505335807800293, 0.022315427660942078, 0.457046777009964, 0.06164075806736946, 1.8949781656265259, 0.05220424011349678, 1.061179518699646, 0.17188644409179688, 0.00565086817368865, 0.09116262197494507, 0.0, 1.5586711168289185, 0.2223985195159912, 0.07024629414081573, 0.0, 0.19141221046447754, 0.3271072506904602, 0.0, 0.0, 1.4073923826217651, 0.30607831478118896, 0.4604181945323944, 0.3389056921005249, 0.08029430359601974, 0.42328909039497375, 0.0, 0.0048775868490338326, 2.7119839191436768, 0.5377782583236694, 0.005943655967712402, 0.09334710985422134, 1.4351561069488525, 0.22340406477451324, 1.0854520797729492, 0.0, 0.018466060981154442, 0.5656094551086426, 0.049079302698373795, 0.0, 0.7755580544471741, 0.31483379006385803, 0.6664800047874451, 0.7920068502426147, 0.0, 0.05764618143439293, 0.08694294840097427, 0.3346397578716278, 0.0, 0.0, 0.041231993585824966, 0.6000415682792664, 3.0863840579986572, 0.2260054051876068, 0.0, 0.5080316066741943, 0.00947472732514143, 0.027088237926363945, 2.0866568088531494, 0.7808554768562317, 0.0, 0.1241297498345375, 0.02827821671962738, 0.0, 0.0, 0.3888843357563019, 0.039448607712984085, 0.19033455848693848, 0.0049362159334123135, 0.5524975657463074, 0.002071365946903825, 0.0, 1.7753838300704956, 0.10386168956756592, 0.4137980341911316, 0.15531331300735474, 0.11805864423513412, 2.018441915512085, 0.001247812295332551, 0.6299793720245361, 0.20147518813610077, 0.4100324213504791, 0.006878354120999575, 0.05833250284194946, 0.46326982975006104, 0.22513987123966217, 2.1750335693359375, 0.0, 0.03959781676530838, 0.3796856999397278, 0.015815991908311844, 1.0678091049194336, 0.37405750155448914, 0.4082373082637787, 0.6531051397323608, 0.0013721840223297477, 1.2298897504806519, 0.360004186630249, 0.04524906724691391, 0.15856218338012695, 0.0, 1.2928190231323242, 0.38821133971214294, 0.8538972735404968, 1.0095181465148926, 0.644324004650116, 0.3354989290237427, 0.495515912771225, 0.4085010290145874, 0.08036760240793228, 0.010991295799612999, 1.0316277742385864, 0.7483984231948853, 0.0, 0.0, 0.1719282865524292, 0.008803240954875946, 0.4054783284664154, 0.14978951215744019, 0.06028241664171219, 0.0, 0.01531975157558918, 0.18229305744171143, 0.19445334374904633, 1.138009786605835, 1.3069955110549927, 0.23190422356128693, 3.2612810134887695, 0.43606436252593994, 0.1042756512761116, 0.6616523861885071, 0.0, 0.7157267928123474, 0.04362624138593674, 0.18893733620643616, 0.8624259829521179, 0.02725176513195038, 0.49818381667137146, 2.3683266639709473, 0.0, 0.2165650725364685, 0.15641316771507263, 0.004241966642439365, 0.0, 0.0021961417514830828, 0.5360342264175415, 0.0020869506988674402, 0.09951050579547882, 0.025487020611763, 0.21745046973228455, 0.04113496467471123, 0.6243477463722229, 1.7423770427703857, 0.29608234763145447, 0.35799163579940796, 1.362129807472229, 4.297842979431152, 0.0, 0.047427888959646225, 0.0, 0.9798799753189087, 0.07674573361873627, 0.007542137987911701, 0.0020359803456813097, 1.385732650756836, 1.1254037618637085, 0.36825060844421387, 0.06079018861055374, 0.38193395733833313, 1.0027021169662476, 0.3460497260093689, 1.0667502880096436, 0.25232890248298645, 0.004006115719676018, 0.03738068416714668, 0.0, 0.044687334448099136, 1.2211010456085205, 0.6749048233032227, 0.0, 0.9842497110366821, 1.5127543210983276, 0.7547256946563721, 0.06698694080114365, 0.14913615584373474, 0.0, 0.2539345622062683, 0.014714734628796577, 0.09347853064537048, 0.6399590373039246, 0.08846130967140198, 0.2532120943069458, 0.12076111137866974, 0.6302478909492493, 0.6677006483078003, 0.13227440416812897, 0.08754278719425201, 0.1084570363163948, 0.2005942016839981, 0.015448436141014099, 0.6421668529510498, 0.09086921066045761, 0.14268405735492706, 0.10460328310728073, 0.07913971692323685, 0.9527270197868347, 0.04021703824400902, 0.02807772345840931, 0.06919517368078232, 0.054088301956653595, 0.0030061297584325075, 0.0, 0.47073131799697876, 0.0978580117225647, 0.019880246371030807, 0.005922256503254175, 0.21685440838336945, 0.28096023201942444, 0.0, 0.0137307895347476, 0.2545599043369293, 0.23003819584846497, 0.0, 0.09479881078004837, 1.2698858976364136, 0.04467601329088211, 0.062174223363399506, 2.311704158782959, 0.020818449556827545, 0.20604254305362701, 0.1980336457490921, 0.1951078176498413, 0.3864213526248932, 0.0, 0.9829831719398499, 0.327237606048584, 0.1595633625984192, 0.000742761476431042, 0.0, 0.015433759428560734, 0.054667502641677856, 0.02512921206653118, 0.41845831274986267, 0.0, 0.02917003631591797, 0.2019229382276535, 0.03244258835911751, 0.0, 0.05673665553331375, 0.5461615920066833, 0.301212340593338, 1.863311767578125, 0.47976595163345337, 0.19030970335006714, 0.5736773610115051, 0.0, 0.04300398752093315, 1.0709377527236938, 0.20098429918289185, 0.04714149981737137, 0.019659310579299927, 4.805399417877197, 0.003987716045230627, 0.10982061922550201, 1.4821116924285889, 0.007559686433523893, 1.4077708721160889, 0.4988957345485687, 2.906447172164917, 0.0, 0.0, 0.013400904834270477, 0.020818162709474564, 0.0, 0.08357208967208862, 0.5325498580932617, 0.33558785915374756, 0.06820231676101685, 0.9037243723869324, 0.6318821310997009, 0.10256756842136383, 0.06341545283794403, 0.29383841156959534, 0.2881060242652893, 0.16191615164279938, 0.23341839015483856, 1.7492786645889282, 0.0, 0.5532816052436829, 0.002602742752060294, 0.7186231017112732, 0.016095738857984543, 3.487682342529297, 0.6705449819564819, 0.2797422707080841, 0.08820120245218277, 0.5526713728904724, 0.013334251940250397, 0.3434981405735016, 0.23597963154315948, 0.04671097919344902, 0.05103036388754845, 0.12911590933799744, 0.0, 0.2010902464389801, 3.0836567878723145, 1.711146354675293, 0.30974793434143066, 0.022414231672883034, 0.00965716689825058, 0.30875590443611145, 0.0, 3.127363920211792, 1.0168441534042358, 0.02849666215479374, 0.02977028675377369, 0.02103690803050995, 3.9725425243377686, 0.25554755330085754, 0.9261482357978821, 0.0012746417196467519, 0.42378324270248413, 0.9559542536735535, 0.00506287207826972, 1.0005474090576172, 0.05006077513098717, 0.0, 0.0, 0.12666276097297668, 1.0289276838302612, 0.2987143397331238, 0.05969206988811493, 0.0, 0.0, 0.1711607128381729, 0.7771614789962769, 0.0, 0.017656642943620682, 0.004803251475095749, 0.28527870774269104, 0.39604300260543823, 0.15621094405651093, 0.04542142152786255, 1.6415750980377197, 0.7846328616142273, 0.20718394219875336, 0.2116679549217224, 0.8627642393112183, 0.1625703126192093, 0.5601390600204468, 0.0051525249145925045, 4.454598426818848, 0.19542425870895386, 0.2662936747074127, 0.5056594014167786, 0.24976611137390137, 0.01284733321517706, 0.00169296283274889, 0.46594369411468506, 0.0021102428436279297, 0.22698581218719482, 0.20936305820941925, 2.0038599967956543, 0.2607865631580353, 0.12579190731048584, 0.004177141934633255, 0.001231626607477665, 0.6712906360626221, 0.07788822799921036, 0.0, 0.24744483828544617, 0.692756175994873, 0.1323239505290985, 0.10298903286457062, 0.0, 0.26406940817832947, 0.0, 0.001829232438467443, 1.4608255624771118, 0.24879132211208344, 0.04986241087317467, 0.013211846351623535, 0.13311856985092163, 0.01752842217683792, 0.12134891003370285, 1.7604308128356934, 0.0, 0.041684024035930634, 0.0, 0.0012909295037388802, 0.38407477736473083, 0.34392881393432617, 0.9459666609764099, 0.8622495532035828, 0.013264942914247513, 0.12801258265972137, 0.6414886116981506, 0.16145160794258118, 0.0, 0.09106248617172241, 0.13335582613945007, 2.5954113006591797, 0.07830370217561722, 1.968981385231018, 0.045879948884248734, 0.0, 0.0, 0.5185683369636536, 1.490294337272644, 0.0, 0.09719862043857574, 0.05295178294181824, 0.9553420543670654, 0.7880390882492065, 0.060035087168216705, 0.0, 0.0, 0.05495016276836395, 0.11261648684740067, 0.10527994483709335, 0.0, 0.9623250961303711, 0.20568493008613586, 0.04760248214006424, 0.7766498923301697, 1.3077149391174316, 0.5936222672462463, 0.3904392123222351, 0.23390905559062958, 0.19895875453948975, 0.0, 0.009990818798542023, 0.017460845410823822, 0.06863851845264435, 0.03713782876729965, 0.2651095688343048, 0.22283412516117096, 0.01769902929663658, 0.11144447326660156, 0.0, 0.11780036240816116, 0.12491107732057571, 0.3662223517894745, 0.13237875699996948, 0.01315771322697401, 1.7762248516082764, 0.12584583461284637, 0.0, 0.0613633431494236, 0.11717940121889114, 0.004960945807397366, 0.27355751395225525, 0.018788157030940056, 0.6290994882583618, 0.11999883502721786, 0.6829894185066223, 0.5161054730415344, 0.0, 0.03249615430831909, 0.5213360786437988, 0.6123868823051453, 0.0, 0.49407124519348145, 0.0, 0.1755973994731903, 1.460350513458252, 0.23968327045440674, 0.8809683918952942, 0.005403256043791771, 0.8656692504882812, 0.007147657684981823, 0.16238224506378174, 0.01656920090317726, 0.9942660927772522, 0.42594417929649353, 0.9052655696868896, 0.012618663720786572, 0.39892733097076416, 0.0019610561430454254, 0.0, 0.2323259562253952, 0.5230945944786072, 0.026046250015497208, 0.0, 0.13529041409492493, 0.1611965298652649, 0.8803059458732605, 0.07845554500818253, 0.0, 0.0, 0.19342847168445587, 0.0, 0.010327450931072235, 0.26147735118865967, 0.2587377727031708, 0.3517565131187439, 0.3948768973350525, 0.5402812361717224, 0.023244190961122513, 0.26491814851760864, 0.432956725358963, 0.6879686117172241, 0.48966893553733826, 0.2944575548171997, 0.5013765692710876, 0.09140878170728683, 0.06522464752197266, 0.7889006733894348, 0.28202345967292786, 0.5294725894927979, 0.02694792114198208, 0.20087674260139465, 0.15324507653713226, 0.1274346560239792, 1.571995496749878, 0.0051805926486849785, 0.1301802396774292, 0.09964574873447418, 0.00609598821029067, 0.03134027123451233, 0.031166713684797287, 0.22161263227462769, 0.04317203909158707, 0.04145845025777817, 0.8602427244186401, 0.08063255995512009, 1.1007922887802124, 1.2164056301116943, 0.08286795020103455, 1.0547302961349487, 0.11669015139341354, 0.6011553406715393, 0.08311621844768524, 2.778135299682617, 0.043135058134794235, 2.2470037937164307, 0.00665033096447587, 0.23371818661689758, 0.01030830480158329, 1.88935387134552, 2.635920286178589, 0.16289740800857544, 0.0, 0.31723979115486145, 0.01651170291006565, 0.15077117085456848, 0.39992228150367737, 0.04207053780555725, 0.013763325288891792, 0.2556777000427246, 0.17678363621234894, 0.04633995145559311, 0.033366572111845016, 0.0, 0.19304576516151428, 0.9801183342933655, 0.7263333201408386, 0.006299045402556658, 0.07363355159759521, 0.475233793258667, 0.511918306350708, 0.40132904052734375, 1.105222225189209, 0.0, 0.4779376685619354, 0.0, 0.3812326192855835, 0.052018631249666214, 0.0, 0.11960849165916443, 0.007499762810766697, 0.058830376714468, 0.49528732895851135, 0.015408185310661793, 0.132623553276062, 3.4031260013580322, 0.42869648337364197]",Testing/glioma_tumor/image(52).jpg
"[0.4159964621067047, 1.393154263496399, 0.07705210894346237, 1.451425313949585, 0.7422457337379456, 0.1022854819893837, 2.4525437355041504, 0.028195638209581375, 0.3876152038574219, 0.011592281050980091, 0.0, 0.43111318349838257, 0.32420048117637634, 1.125968098640442, 0.10871279984712601, 0.05876454710960388, 0.1040177121758461, 0.4362248480319977, 0.8582543134689331, 0.0, 0.6697605848312378, 0.6944208145141602, 0.6621440052986145, 0.0370074138045311, 0.32767587900161743, 0.0656566247344017, 0.6623901128768921, 0.35912081599235535, 0.13571272790431976, 0.0, 0.41507530212402344, 0.19101275503635406, 0.40522101521492004, 0.15460731089115143, 0.205771341919899, 0.29158371686935425, 0.050305698066949844, 0.9953733086585999, 0.0662696436047554, 0.2887384593486786, 2.11799955368042, 2.2624752521514893, 0.025282852351665497, 0.043670352548360825, 0.20636673271656036, 0.0, 0.33037030696868896, 0.05794622004032135, 0.0, 0.3574880361557007, 1.0621395111083984, 1.134057641029358, 2.9080188274383545, 0.016701243817806244, 0.620751142501831, 2.6213040351867676, 0.0650923028588295, 1.8366702795028687, 1.8954126834869385, 0.015495555475354195, 0.34009644389152527, 0.6261094808578491, 0.15933428704738617, 0.36132973432540894, 0.2632695734500885, 0.008819871582090855, 1.0701624155044556, 0.03248472139239311, 0.0, 0.012429830618202686, 0.1279645413160324, 0.2478693425655365, 0.06241247430443764, 1.2197976112365723, 0.4059469699859619, 0.2344711869955063, 3.490938186645508, 0.1855754405260086, 0.0, 2.5791096687316895, 1.1295514106750488, 1.7269871234893799, 0.46672526001930237, 0.018063610419631004, 1.454201579093933, 0.3336385488510132, 0.645579993724823, 0.15383657813072205, 0.0, 0.12430205941200256, 0.46506935358047485, 0.8967570066452026, 0.4409688115119934, 0.9023564457893372, 0.6218084692955017, 0.965309739112854, 0.2532002627849579, 0.47221070528030396, 0.04654189571738243, 0.16192364692687988, 0.13908421993255615, 0.8881658315658569, 0.015149634331464767, 0.17585612833499908, 4.940220355987549, 0.8008901476860046, 0.5699604749679565, 0.17650675773620605, 0.24029651284217834, 1.784225583076477, 0.0, 0.957094132900238, 0.8586090803146362, 0.04064907878637314, 1.5071728229522705, 0.03927592933177948, 0.013866521418094635, 0.5431569218635559, 0.4609104096889496, 0.20060288906097412, 0.5836825966835022, 0.0, 0.1090964674949646, 0.0, 0.13836506009101868, 0.9240508675575256, 0.0, 0.9151435494422913, 1.0416839122772217, 0.0, 0.008623595349490643, 3.828317403793335, 0.005861145909875631, 0.0, 0.050557736307382584, 0.0, 0.9386079907417297, 0.014342130161821842, 0.0, 0.8606814742088318, 0.3995335102081299, 1.606889247894287, 0.06253955513238907, 0.09129510819911957, 0.4217001497745514, 0.0, 0.4618059992790222, 3.7463278770446777, 0.12121850252151489, 0.3242833912372589, 1.9962726831436157, 0.22713083028793335, 0.5693638920783997, 0.0, 0.0, 1.884568214416504, 0.06827431917190552, 0.4274999797344208, 0.0, 0.0025822166353464127, 0.048149265348911285, 1.4489179849624634, 0.009804988279938698, 0.8436329960823059, 0.2627510130405426, 0.0, 1.2679963111877441, 0.18323096632957458, 0.4978620111942291, 7.789453506469727, 1.8667235374450684, 0.5465028882026672, 0.2329898327589035, 0.6484347581863403, 1.4339524507522583, 1.03485107421875, 0.2172510176897049, 0.008557191118597984, 0.6675527691841125, 1.2080895900726318, 1.4653700590133667, 0.0, 0.7100841999053955, 0.9269393086433411, 0.0, 0.5833208560943604, 0.9059369564056396, 0.8098702430725098, 0.5730425119400024, 0.03572894260287285, 0.04749806970357895, 0.28988391160964966, 0.01644851639866829, 0.15881749987602234, 0.3275076150894165, 0.11162062734365463, 0.046250149607658386, 0.2268407940864563, 0.2017214596271515, 0.2127353549003601, 2.4307167530059814, 0.0, 0.3680483400821686, 0.0, 2.773017168045044, 1.769921898841858, 0.23428480327129364, 0.06524224579334259, 0.9089567065238953, 0.23758837580680847, 0.6294039487838745, 0.5505825877189636, 0.0, 0.2559022605419159, 0.030654912814497948, 1.280595064163208, 0.0, 0.2392469197511673, 0.19919517636299133, 0.0027705261018127203, 0.7606577277183533, 0.010564648546278477, 3.074146270751953, 0.18693478405475616, 0.23848430812358856, 2.42293643951416, 0.10612069070339203, 0.14899499714374542, 1.988530158996582, 0.47008752822875977, 0.03601866960525513, 0.06364235281944275, 0.7510183453559875, 0.6436553597450256, 0.7544222474098206, 0.9039914608001709, 0.5863184928894043, 2.0010643005371094, 0.059086766093969345, 0.20577004551887512, 0.13955269753932953, 1.1672013998031616, 1.1260969638824463, 0.13480788469314575, 0.12247835844755173, 0.07065647095441818, 0.12421033531427383, 0.4952491521835327, 0.08741229772567749, 0.06479494273662567, 0.6236932277679443, 0.015371400862932205, 2.035261392593384, 1.0680065155029297, 0.6694658398628235, 0.00387264764867723, 0.281963586807251, 0.19470931589603424, 0.0005669837119057775, 0.5915670394897461, 0.565701961517334, 0.46441659331321716, 1.8019195795059204, 0.22799135744571686, 0.0, 0.06240110471844673, 0.026222672313451767, 0.1633772999048233, 0.025549564510583878, 0.010638010688126087, 0.24814587831497192, 0.11000698804855347, 2.541682243347168, 0.06939581781625748, 3.2882087230682373, 0.12207139283418655, 0.3778821527957916, 0.7681912779808044, 1.7741303443908691, 0.25161048769950867, 0.6680358648300171, 0.10557782649993896, 3.5784847736358643, 1.3961598873138428, 0.26688870787620544, 2.9784727096557617, 0.36937662959098816, 0.31893637776374817, 0.0, 0.02008078061044216, 0.3446207642555237, 0.11731749773025513, 0.07981672883033752, 1.3557289838790894, 0.7274281978607178, 3.1174776554107666, 0.47462043166160583, 0.0, 0.32033222913742065, 0.0272699985653162, 0.21290524303913116, 0.09259046614170074, 3.437232255935669, 0.8058302998542786, 1.8322246074676514, 0.2255246490240097, 0.20500622689723969, 2.001802444458008, 0.906125545501709, 0.21235255897045135, 0.214022696018219, 1.2343764305114746, 0.21684926748275757, 0.12993228435516357, 0.3589720129966736, 3.2564117908477783, 1.089453101158142, 0.0107033159583807, 0.601994514465332, 0.7127819657325745, 0.0, 0.6925998330116272, 0.0, 0.28159958124160767, 0.09469936043024063, 0.10398092120885849, 1.449845552444458, 0.0026124082505702972, 3.434673309326172, 0.3047383427619934, 0.7373602986335754, 0.09591419994831085, 1.9157755374908447, 3.222766160964966, 0.0, 0.09416002035140991, 2.295511245727539, 2.855384349822998, 1.3022117614746094, 0.10508239269256592, 0.33327290415763855, 0.4564996063709259, 0.18058079481124878, 0.10832192003726959, 0.0, 0.3229309022426605, 0.10226449370384216, 0.1750486195087433, 0.013772781938314438, 1.2473247051239014, 0.034442801028490067, 0.5996554493904114, 0.38042590022087097, 0.0030692743603140116, 0.3494429290294647, 0.00035171848139725626, 0.587228536605835, 0.2604261040687561, 0.2275681048631668, 0.30022382736206055, 0.06723321974277496, 2.0153708457946777, 0.0, 1.2947392463684082, 0.4293839633464813, 0.018328199163079262, 0.7222241163253784, 0.1545058935880661, 1.6265523433685303, 0.13154336810112, 0.10442472249269485, 0.35711899399757385, 2.5648627281188965, 3.6545681953430176, 0.0005804081447422504, 0.029359739273786545, 3.680447578430176, 0.15814340114593506, 0.03608653321862221, 0.0, 0.21085911989212036, 0.31237518787384033, 0.08966421335935593, 0.31862470507621765, 1.1107523441314697, 0.04945090413093567, 1.5415068864822388, 0.37766528129577637, 0.0, 0.05445144698023796, 0.0, 0.07823513448238373, 1.6328511238098145, 0.04477540776133537, 0.5191914439201355, 1.7606823444366455, 0.019994791597127914, 1.2687058448791504, 0.06310738623142242, 0.0, 0.4049079418182373, 0.03397362306714058, 0.29090768098831177, 0.2749531865119934, 0.22241422533988953, 1.2210725545883179, 0.18594485521316528, 0.09648291021585464, 0.38681840896606445, 0.4708241820335388, 0.008149482309818268, 0.20363107323646545, 0.09289099276065826, 0.5046671628952026, 0.045241829007864, 1.0904499292373657, 0.023376354947686195, 0.6859488487243652, 0.20007380843162537, 0.8316815495491028, 0.20003552734851837, 0.09347864985466003, 1.4133753776550293, 0.2841877043247223, 0.04286467283964157, 0.20095770061016083, 0.0, 0.6170994639396667, 0.48098012804985046, 0.008552673272788525, 0.7470868825912476, 0.3781411051750183, 0.8821907639503479, 0.014380494132637978, 0.07232809066772461, 0.33732539415359497, 0.0063642216846346855, 4.415430068969727, 0.742708683013916, 0.06831088662147522, 0.011876383796334267, 0.0, 0.6430422067642212, 0.038108550012111664, 0.32100817561149597, 0.6835794448852539, 0.0, 0.2983471751213074, 0.5061313509941101, 0.011724496260285378, 0.301644891500473, 0.25887393951416016, 0.392471045255661, 0.05010450258851051, 0.06090371310710907, 0.029407666996121407, 0.19488005340099335, 0.3632609248161316, 0.07762239128351212, 4.215221405029297, 0.445679634809494, 1.2286560535430908, 0.3024890720844269, 0.06776125729084015, 0.1696413904428482, 0.45372071862220764, 0.018669670447707176, 0.0, 0.6302668452262878, 0.0, 0.003499264596030116, 0.2818739712238312, 0.21942028403282166, 0.2756163775920868, 0.09415217489004135, 0.48114141821861267, 1.4939286708831787, 0.021491216495633125, 0.2779920995235443, 0.601614236831665, 0.7734817266464233, 0.18069292604923248, 1.0396125316619873, 0.010249201208353043, 0.038735296577215195, 0.47296255826950073, 1.1934480667114258, 0.0, 0.9304868578910828, 0.012262606993317604, 0.0, 1.2204378843307495, 0.7101554274559021, 0.03751077502965927, 1.4398976564407349, 0.3923952281475067, 0.0378064289689064, 0.8316731452941895, 1.9749294519424438, 0.14671294391155243, 0.0, 1.0184956789016724, 0.0413065068423748, 1.117185354232788, 0.840270459651947, 1.043553113937378, 0.39718714356422424, 0.21022896468639374, 0.3822686970233917, 0.694988489151001, 0.012653645128011703, 1.2138092517852783, 0.12156862020492554, 0.9846519231796265, 0.5606598854064941, 0.04127565771341324, 0.2980276346206665, 0.09777898341417313, 0.23904888331890106, 0.008742013946175575, 1.053562045097351, 0.47679072618484497, 0.009478705003857613, 0.3746024966239929, 0.0, 0.8742788434028625, 0.0, 0.0, 0.02699090540409088, 0.7313259840011597, 0.516955554485321, 0.9498216509819031, 0.5758861899375916, 2.8829240798950195, 0.2728463113307953, 1.0409425497055054, 1.079676628112793, 0.6405659317970276, 0.0, 0.053201742470264435, 0.050681356340646744, 0.5885381698608398, 2.097425699234009, 0.9920331835746765, 1.4484083652496338, 0.18280290067195892, 0.062148112803697586, 0.0, 1.351905345916748, 0.02293175272643566, 1.2062824964523315, 0.0, 0.0, 0.11761850118637085, 0.41444575786590576, 3.7361502647399902, 0.9319199323654175, 0.03884011134505272, 0.8602343201637268, 0.0, 3.7149906158447266, 0.8165516257286072, 0.21351413428783417, 0.0, 0.0027713142335414886, 0.17846964299678802, 0.49790623784065247, 0.11312848329544067, 0.9572218060493469, 0.03324966877698898, 0.8655042052268982, 0.3212745487689972, 0.061727918684482574, 0.17318031191825867, 0.06440012156963348, 0.293616384267807, 0.5807732939720154, 2.3781325817108154, 0.31762826442718506, 0.007072343956679106, 0.0883733406662941, 0.0007721501751802862, 0.01851370930671692, 0.3718012571334839, 1.0385959148406982, 0.04112207144498825, 0.271136611700058, 0.09915085881948471, 0.017471564933657646, 0.0, 0.060432396829128265, 0.0772097185254097, 0.39753344655036926, 0.042025815695524216, 0.12586471438407898, 0.2729191184043884, 0.015835655853152275, 1.0660558938980103, 0.08860951662063599, 2.5129666328430176, 1.5027072429656982, 0.0, 1.2955020666122437, 0.478484183549881, 0.02077101729810238, 0.6262946128845215, 0.7820097208023071, 1.207511067390442, 2.1713433265686035, 2.3170294761657715, 1.0681560039520264, 0.05862719193100929, 0.3807770609855652, 0.18358448147773743, 0.0, 0.07959789037704468, 0.05341454967856407, 0.7119395732879639, 0.37711840867996216, 0.2385200411081314, 0.218149334192276, 0.06905547529459, 1.66197669506073, 0.09335371851921082, 0.6300699710845947, 0.5232580900192261, 0.9693450927734375, 0.06594671308994293, 0.0, 0.1533741056919098, 0.20690330862998962, 0.17866040766239166, 0.0, 1.9118287563323975, 0.4960777163505554, 0.0958455428481102, 0.0, 0.0872139260172844, 0.13239391148090363, 0.21278461813926697, 0.3583557605743408, 0.09456313401460648, 0.02429770864546299, 0.12043743580579758, 0.0, 1.4684606790542603, 2.9120190143585205, 0.0, 0.0, 0.0, 0.1071740984916687, 0.578154444694519, 0.13047996163368225, 0.0, 1.351096272468567, 0.38236647844314575, 1.5354481935501099, 0.888160228729248, 0.457989901304245, 0.0, 1.4970388412475586, 0.013359444215893745, 0.26795679330825806, 0.3764313757419586, 1.2833517789840698, 0.5461992025375366, 2.5556764602661133, 0.3987528383731842, 0.05265261232852936, 0.9212850332260132, 0.27053308486938477, 0.11635144054889679, 0.4736349284648895, 1.5279592275619507, 0.49049878120422363, 0.5365877151489258, 0.0, 0.9679511189460754, 0.5475082397460938, 0.8715133666992188, 2.5118589401245117, 0.21611377596855164, 0.4210958182811737, 0.12267252802848816, 2.0423262119293213, 0.025417059659957886, 0.0, 0.2928202152252197, 0.7670556902885437, 0.6035354137420654, 0.8237500190734863, 0.13927477598190308, 0.0, 0.15923626720905304, 0.0, 0.7401446104049683, 4.2490949630737305, 0.04628247022628784, 0.0, 0.0, 0.36663371324539185, 0.014029702171683311, 1.3581938743591309, 1.2687464952468872, 0.1438160389661789, 0.3254769742488861, 1.3610835075378418, 0.09097636491060257, 1.4367934465408325, 0.0956028550863266, 2.6238515377044678, 0.19476471841335297, 0.11352231353521347, 0.10934311151504517, 0.6162800192832947, 0.27350422739982605, 0.02289278246462345, 0.0, 0.3634285032749176, 0.0, 0.07774925976991653, 2.3991451263427734, 0.6350293755531311, 0.26715371012687683, 0.02156178653240204, 2.3467705249786377, 0.8892700672149658, 2.728123903274536, 0.030426785349845886, 0.7160463333129883, 0.050673775374889374, 0.3816795349121094, 0.1514773815870285, 0.8214553594589233, 1.456442952156067, 0.0, 0.13015377521514893, 2.4738306999206543, 0.061983611434698105, 0.45208409428596497, 0.12714019417762756, 0.01907103881239891, 2.8313560485839844, 0.0777401328086853, 0.15712870657444, 2.4163715839385986, 0.15976251661777496, 0.05654844641685486, 2.9312193393707275, 0.7260974049568176, 1.3406099081039429, 1.913834571838379, 0.13630154728889465, 0.047295067459344864, 0.317367821931839, 0.0, 0.6917760372161865, 0.07077265530824661, 0.16394513845443726, 0.09933258593082428, 0.2814621925354004, 1.0808513164520264, 0.5499574542045593, 1.7475225925445557, 0.09381942451000214, 0.3639352023601532, 0.1892070770263672, 1.999849557876587, 1.5600982904434204, 2.6040968894958496, 0.43054962158203125, 0.005124211311340332, 0.9533373713493347, 0.4066523611545563, 0.12458808720111847, 0.4027502238750458, 0.8403376936912537, 0.8540286421775818, 0.9244591593742371, 0.9999478459358215, 0.08577492833137512, 1.2226978540420532, 0.45480436086654663, 0.1938864290714264, 1.0699224472045898, 0.05659707263112068, 1.4960031509399414, 0.1509251892566681, 0.14543811976909637, 0.2172895222902298, 0.8161110281944275, 0.644544780254364, 0.8600917458534241, 0.0, 1.58040452003479, 0.06277540326118469, 0.334993451833725, 0.0, 0.7589907050132751, 0.17233192920684814, 0.2756996154785156, 0.0, 0.8365707397460938, 1.398086428642273, 0.254334419965744, 0.21433931589126587, 1.347153902053833, 1.6263543367385864, 1.103416085243225, 0.5039610266685486, 0.6319805979728699, 0.1323605626821518, 0.8565893173217773, 0.07067057490348816, 1.2047760486602783, 0.06495962291955948, 4.260416507720947, 2.2296037673950195, 0.014270775020122528, 0.31583917140960693, 0.009617212228477001, 0.8912122845649719, 1.1762720346450806, 0.04903263971209526, 0.9708638787269592, 0.09727097302675247, 0.7574557662010193, 0.09577327221632004, 0.6266885995864868, 1.1816412210464478, 0.28058570623397827, 1.7285583019256592, 0.0, 0.7425875067710876, 0.06923503428697586, 1.1046130657196045, 0.0, 0.17413093149662018, 0.007321844343096018, 0.7573748230934143, 0.013081017881631851, 0.08226238936185837, 0.642900824546814, 0.12061327695846558, 1.1555256843566895, 0.06979856640100479, 0.08182696253061295, 0.0, 1.0106996297836304, 0.49742281436920166, 0.10986223071813583, 0.3404810130596161, 0.38252025842666626, 0.05173135921359062, 0.022918885573744774, 2.14896297454834, 0.09441115707159042, 0.16424895823001862, 1.1783450841903687, 2.6664090156555176, 0.5542740225791931, 2.042349338531494, 0.060854338109493256, 0.012718395330011845, 0.06444836407899857, 1.0567948818206787, 0.40167829394340515, 0.3238963186740875, 0.007809887174516916, 3.6674065589904785, 1.711887001991272, 0.24702496826648712, 0.109219990670681, 0.29745954275131226, 0.0719144195318222, 3.4116108417510986, 1.1383095979690552, 0.08787211775779724, 1.5948370695114136, 0.34567439556121826, 0.006166215054690838, 0.41804441809654236, 1.420430064201355, 0.0, 1.0495203733444214, 0.5367019176483154, 1.0061349868774414, 0.6215754747390747, 0.5350183844566345, 0.3933272361755371, 0.5866893529891968, 0.9002106189727783, 0.038739319890737534, 0.002129248110577464, 0.1255810558795929, 0.0009441837901249528, 0.07115842401981354, 0.06395498663187027, 0.007705625146627426, 5.6568193435668945, 0.4093376398086548, 0.8430846929550171, 0.3175060749053955, 0.2540334463119507, 3.4901955127716064, 0.0, 0.09594333171844482, 2.106739044189453, 0.10704825073480606, 0.09730015695095062, 0.06868162006139755, 0.10949631035327911, 0.4679532051086426, 0.8268452882766724, 0.0, 0.20879614353179932, 0.11328506469726562, 0.3879392147064209, 0.0, 0.0, 0.8675740957260132, 1.6917768716812134, 0.0015578854363411665, 0.0, 0.18746636807918549, 1.3721327781677246, 1.8952559232711792, 0.8545466661453247, 0.35987675189971924, 0.1373058408498764, 0.2638355493545532, 0.2227647304534912, 0.8161482810974121, 0.0187948290258646, 0.03145777806639671, 1.406880259513855, 0.2807520627975464, 0.14112135767936707, 0.045775678008794785, 0.0912582278251648, 0.7001801133155823, 0.557907223701477, 0.05705568566918373, 0.39127328991889954, 0.3365783393383026, 0.05707497522234917, 0.004647006746381521, 0.45774853229522705, 0.17363855242729187, 0.7789576649665833, 0.043115001171827316, 0.652736246585846, 0.4658668637275696, 0.06448735296726227, 0.11461808532476425, 0.0, 0.8437351584434509, 0.4759660065174103, 0.46687668561935425, 0.06251208484172821, 0.06211703270673752, 0.4180300235748291, 0.43647500872612, 1.2623686790466309, 0.0, 0.0651964321732521, 0.23015831410884857, 0.2913115918636322, 0.5501747727394104, 0.00812576524913311, 0.07140108942985535, 0.04816285893321037, 0.4622507691383362, 0.9203400611877441, 0.0, 0.12176920473575592, 0.1516542285680771, 0.05122099071741104, 1.0559585094451904, 0.07905702292919159, 1.1721640825271606, 0.9149023294448853, 0.22801314294338226, 0.2666589319705963, 2.836730718612671, 0.003977629821747541, 0.062153320759534836, 0.5221713781356812, 0.2714773416519165, 0.6130136251449585, 0.02683424949645996, 0.0, 0.23412470519542694, 0.046896081417798996, 0.6614881753921509, 2.353496551513672, 0.0, 0.0, 1.0020835399627686, 0.0025596569757908583, 1.5635762214660645, 0.6709066033363342, 0.4474482536315918, 0.06498640030622482, 1.9762150049209595, 0.19748057425022125, 0.6634790301322937, 0.9511314630508423, 3.3561229705810547, 0.054742977023124695, 0.030857879668474197, 0.20246167480945587, 0.5755069255828857, 0.9498875141143799, 0.1297631710767746, 0.2682783603668213, 1.8582701683044434, 0.05714288353919983, 0.227869912981987, 1.7498526573181152, 0.3051327168941498, 0.6180531978607178, 0.5113418102264404, 0.9319620728492737, 0.0008721448830328882, 0.3819645047187805, 0.7004521489143372, 0.4058934152126312, 0.012870020233094692, 0.27205023169517517, 0.515436589717865, 0.9065202474594116, 0.1559441089630127, 1.7803624868392944, 0.8265141248703003, 1.57184898853302, 0.9404584169387817, 0.013314877636730671, 0.14735016226768494, 0.41643282771110535, 0.07937522977590561, 0.07682156562805176, 1.4629029035568237, 0.00032516158535145223, 0.19980280101299286, 0.25941911339759827, 0.32668283581733704, 0.03684993460774422, 0.6285336017608643, 0.21962866187095642, 0.37782925367355347, 0.11930722743272781, 1.1865230798721313, 0.18427622318267822, 0.0, 0.009293886832892895, 0.008650524541735649, 0.9233205318450928, 0.0, 0.7350160479545593, 0.02464962936937809, 0.14091183245182037, 0.08435237407684326, 0.01415496226400137, 0.0128406947478652, 0.11490253359079361, 0.6474770307540894, 0.34129345417022705, 0.9179582595825195, 0.43692395091056824, 0.40730199217796326, 3.8593294620513916, 0.43503913283348083, 0.09623794257640839, 0.6251336336135864, 0.5402538776397705, 0.0, 1.1257156133651733, 0.09212594479322433, 0.705493688583374, 0.44825705885887146, 1.8816148042678833, 0.4051145911216736, 1.5472112894058228, 0.04065464809536934, 0.1086101308465004, 0.09917673468589783, 3.143341064453125, 1.0499658584594727, 0.0, 0.24664759635925293, 0.13369087874889374, 0.10226183384656906, 0.04981755092740059, 3.770954132080078, 0.00588994100689888, 0.10185351967811584, 0.10982758551836014, 0.0, 0.1391669064760208, 0.04119458049535751, 0.3662237823009491, 0.05914497375488281, 0.453868567943573, 0.9516426920890808, 0.0, 1.5253347158432007, 0.36687251925468445, 0.0, 0.9529537558555603, 0.18871620297431946, 0.0, 1.5783807039260864, 0.11521898210048676, 0.767730176448822, 1.036673903465271, 0.1609981656074524, 0.06346510350704193, 0.010238437913358212, 0.3971594274044037, 3.5970635414123535, 0.9403658509254456, 0.0071364277973771095, 0.6793907880783081, 0.042110949754714966, 0.8236342668533325, 0.26504215598106384, 0.022443976253271103, 0.11729370802640915, 0.2819148004055023, 0.2834078073501587, 0.0, 0.3350169062614441, 0.0387122668325901, 0.2709067165851593, 0.01320304162800312, 0.19256159663200378, 0.1355501413345337, 0.07839339971542358, 0.11966723203659058, 0.0, 0.006145934574306011, 1.3719019889831543, 0.0, 0.5505773425102234, 0.8685404062271118, 0.13279302418231964, 0.4248638451099396, 0.49458998441696167, 0.0, 0.013931911438703537, 0.08130400627851486, 0.5641229748725891, 0.38700437545776367, 1.5409636497497559, 0.1531677097082138, 0.07376240938901901, 0.3270576000213623, 0.031257227063179016, 0.010038514621555805, 0.0, 0.21110522747039795, 0.6225360035896301, 0.6171155571937561, 0.0034795780666172504, 1.5399423837661743, 0.38927486538887024, 0.03359095752239227, 0.00035701965680345893, 0.06385739892721176, 0.48527270555496216, 0.12193089723587036, 0.17211653292179108, 0.0, 0.0007099861977621913, 0.11315492540597916, 0.01850530505180359, 0.16262149810791016, 0.4366796314716339, 3.8998544216156006, 0.08730316907167435, 0.043274153023958206, 0.2028982937335968, 0.09243781864643097, 0.0077087488025426865, 0.0, 0.5102915167808533, 0.08353760838508606, 0.4675658345222473, 0.7528129816055298, 0.4112926423549652, 0.05724677816033363, 0.4340284764766693, 0.0, 0.051724765449762344, 0.38735705614089966, 0.3462277352809906, 0.6610252261161804, 0.11911757290363312, 0.22916413843631744, 0.4284408688545227, 0.2011430263519287, 0.7475249767303467, 0.26631030440330505, 0.14639975130558014, 0.019644785672426224, 0.17144697904586792, 0.24864399433135986, 0.993857741355896, 0.7169817686080933, 2.2197864055633545, 0.0, 0.434335321187973, 1.457953929901123, 0.2350333034992218, 0.5750221014022827, 0.0, 0.6767922043800354, 0.3504248559474945, 0.053285084664821625, 1.0109381675720215, 0.03480058163404465, 0.028295347467064857, 1.807033658027649, 0.017970679327845573, 0.2651212513446808, 0.030432576313614845, 0.0, 0.29759228229522705, 0.17803911864757538, 0.0, 0.003053003456443548, 0.0, 0.7863872051239014, 0.20411281287670135, 0.3874177634716034, 0.9638000130653381, 0.16576015949249268, 0.13137346506118774, 0.2272326797246933, 0.0, 2.095982074737549, 0.07397579401731491, 1.3531129360198975, 0.7872441411018372, 0.10680650174617767, 0.002713378518819809, 0.0, 0.12069270014762878, 0.7717422842979431, 0.1495102047920227, 0.8498165607452393, 0.19816868007183075, 0.4029906094074249, 0.0, 0.0, 0.6259714961051941, 0.03432082012295723, 0.0, 0.0, 0.6905354261398315, 0.3195801079273224, 0.08370936661958694, 2.0749635696411133, 1.8076581954956055, 0.8225423097610474, 0.32502153515815735, 1.488974928855896, 0.049775611609220505, 0.0924195870757103, 0.9419504404067993, 0.4368579685688019, 0.6558135747909546, 0.17053042352199554, 0.5048622488975525, 0.09644388407468796, 0.22119326889514923, 0.05794011428952217, 0.5725710391998291, 0.40485382080078125, 0.082737997174263, 1.4263743162155151, 0.33758115768432617, 0.5503014326095581, 0.13353538513183594, 1.3327622413635254, 0.09824564307928085, 1.2160638570785522, 0.8677696585655212, 3.5751171112060547, 0.19976894557476044, 0.28046733140945435, 0.0489431694149971, 0.0, 0.0, 0.7044077515602112, 0.36499324440956116, 1.8686374425888062, 0.11589227616786957, 0.02731446549296379, 0.8586962819099426, 0.0, 0.5994471907615662, 0.5905793905258179, 0.21670496463775635, 0.0, 0.7804181575775146, 0.06236756592988968, 1.2713379859924316, 3.275669574737549, 0.4084761440753937, 0.07073690742254257, 0.012397520244121552, 0.9035481214523315, 0.009726285934448242, 0.7484655380249023, 0.6368688941001892, 0.1314244121313095, 0.16508249938488007, 0.6836576461791992, 0.9155982136726379, 0.2588140070438385, 0.0, 1.3378632068634033, 0.0, 0.005864279810339212, 0.558689296245575, 0.0, 0.2818603217601776, 0.1565685272216797, 0.09124742448329926, 0.07095828652381897, 0.9370018839836121, 0.19910241663455963, 0.6842171549797058, 0.2792941927909851, 0.4417882561683655, 0.5359725952148438, 0.44017699360847473, 1.5444538593292236, 0.031942155212163925, 1.1417557001113892, 0.029269054532051086, 0.0, 0.17648936808109283, 5.051468372344971, 0.11443938314914703, 0.014213026501238346, 0.4041093587875366, 0.7572034001350403, 1.2146713733673096, 0.4382559657096863, 1.9569131135940552, 0.0, 3.1926562786102295, 0.0, 0.026823941618204117, 0.4305427074432373, 0.3466895818710327, 0.006626262795180082, 0.5134127736091614, 0.2054305523633957, 0.0, 0.001352071762084961, 0.0, 0.640504002571106, 0.7203343510627747, 0.695949137210846, 0.3449256420135498, 0.02936599962413311, 0.2823934257030487, 0.31003403663635254, 0.15649165213108063, 0.007261200807988644, 2.664613962173462, 0.37472113966941833, 0.3813832998275757, 0.8679530620574951, 0.02055487036705017, 0.004977119155228138, 0.7081687450408936, 0.9763741493225098, 0.011311633512377739, 1.6744446754455566, 0.06560644507408142, 0.0012592198327183723, 0.33679795265197754, 1.8657424449920654, 0.896906316280365, 0.08319027721881866, 0.030551083385944366, 0.0, 0.05768904462456703, 0.0, 0.1376190185546875, 0.08783382922410965, 0.13458536565303802, 1.726505160331726, 0.0, 1.102423071861267, 0.0, 1.0330671072006226, 0.11423750966787338, 2.223176956176758, 0.8529205322265625, 0.8028017282485962, 0.07231329381465912, 0.05172551050782204, 0.1704978197813034, 0.4155898690223694, 0.5019232034683228, 0.015931233763694763, 0.0, 0.03125911206007004, 0.5861472487449646, 1.038560152053833, 0.007570004090666771, 0.016761692240834236, 0.10383711755275726, 0.10960304737091064, 0.0, 0.23070774972438812, 0.013667607679963112, 0.16229678690433502, 0.5006288886070251, 0.0, 0.3269503116607666, 0.004651784896850586, 0.6298342347145081, 1.847324252128601, 0.33929502964019775, 0.0, 1.0725139379501343, 1.2344083786010742, 0.4293718934059143, 0.015598662197589874, 0.0, 0.5511148571968079, 0.04302161931991577, 1.1273937225341797, 0.0, 0.5156959891319275, 2.5437028408050537, 0.009098608046770096, 0.37736204266548157, 0.14264778792858124, 0.2772439420223236, 0.05635569617152214, 1.194586157798767, 0.013747701421380043, 0.3811972141265869, 0.01934065856039524, 0.0522119477391243, 0.15715789794921875, 0.023109322413802147, 0.0, 0.1073429062962532, 0.5411155223846436, 0.004345796536654234, 0.7256896495819092, 0.9309338331222534, 0.34702324867248535, 2.0242199897766113, 0.11843210458755493, 1.610335111618042, 3.1163790225982666, 0.7863112688064575, 0.4453592896461487, 0.119501993060112, 0.013348321430385113, 0.3474864959716797, 0.01111958734691143, 0.7717556357383728, 0.0, 4.434614658355713, 1.0589567422866821, 1.9033265113830566, 0.20497964322566986, 1.7783361673355103, 0.05435183644294739, 2.573892593383789, 0.06325908750295639, 0.012598251923918724, 0.6182342171669006, 0.010850426740944386, 0.04565119370818138, 0.029104551300406456, 0.04262791946530342, 0.010995176620781422, 0.0, 0.00578609062358737, 1.7307758331298828, 0.0, 0.2969478964805603, 0.2664717435836792, 0.40709546208381653, 2.406932830810547, 0.06427823007106781, 0.04252363741397858, 0.46225887537002563, 0.8524090647697449, 0.899696409702301, 0.7719454169273376, 1.3823878765106201, 1.1723957061767578, 0.17596493661403656, 0.13198672235012054, 0.49066272377967834, 0.5610488057136536, 0.3034338057041168, 0.006801215931773186, 0.7662355303764343, 0.030733540654182434, 0.8352141976356506, 1.4862593412399292, 0.12207984924316406, 0.06225186586380005, 0.1373383104801178, 0.057389259338378906, 0.0, 0.006650515832006931, 0.8859776854515076, 0.38135194778442383, 1.9815011024475098, 1.266188144683838, 0.008272362872958183, 0.00957546941936016, 0.17693385481834412, 0.7314336895942688, 1.846052646636963, 0.0043146852403879166, 0.04495232552289963, 0.2649192810058594, 0.8812310099601746, 0.037759628146886826, 0.0, 0.10207463055849075, 0.0154109513387084, 0.27126017212867737, 0.0007194961654022336, 1.097182035446167, 0.006295804865658283, 0.01458844356238842, 0.12555982172489166, 0.5124825239181519, 0.28668951988220215, 0.09688904881477356, 0.19495351612567902, 0.22668293118476868, 0.0, 0.9103203415870667, 1.6695135831832886, 0.12965430319309235, 0.5886415839195251, 0.09781215339899063, 0.4025493562221527, 0.9323758482933044, 2.595271587371826, 0.18773433566093445, 0.7301355600357056, 0.43371692299842834, 0.4154607057571411, 0.49411872029304504, 0.12506036460399628, 0.4762714207172394, 0.6109836101531982, 0.0, 1.0051509141921997, 0.15192405879497528, 0.01925630308687687, 0.0, 0.16210462152957916, 1.5213956832885742, 0.1862412840127945, 0.15675309300422668, 0.28831738233566284, 0.12862996757030487, 0.7824029922485352, 0.6337228417396545, 0.02003355883061886, 0.0, 0.0, 0.2613926827907562, 0.09631744772195816, 0.10541664808988571, 0.03284431993961334, 0.8934550285339355, 0.0, 0.9712424278259277, 0.19416218996047974, 0.6900268793106079, 0.0, 0.0, 0.0, 0.4496634304523468, 0.28389158844947815, 0.49905267357826233, 0.0, 0.6587228775024414, 0.0, 0.5718747973442078, 0.18303337693214417, 0.04514441639184952, 0.9103508591651917, 0.29489773511886597, 0.06865225732326508, 0.7995267510414124, 0.022669635713100433, 0.008415552787482738, 3.0098772048950195, 0.0, 0.5589700937271118, 1.3036065101623535, 0.039151497185230255, 0.9167652726173401, 0.7301734685897827, 0.18342268466949463, 0.002413046546280384, 0.36616817116737366, 0.3532789647579193, 0.0064341826364398, 1.0821256637573242, 0.15178672969341278, 0.7598876953125, 1.3557928800582886, 0.20131224393844604, 0.1902756243944168, 2.159956932067871, 0.19885191321372986, 0.7057874798774719, 0.005240948870778084, 1.5908803939819336, 0.19698598980903625, 0.032204654067754745, 0.0023525881115347147, 3.261528730392456, 0.08487148582935333, 0.03144868463277817, 0.0, 1.0149108171463013, 0.37426626682281494, 0.7919173240661621, 0.26931366324424744, 0.8014346361160278, 0.0, 0.42025718092918396, 0.28539788722991943, 0.009112674742937088, 0.980161726474762, 1.592207431793213, 0.5418968796730042, 3.326326370239258, 1.1813633441925049, 0.09602849185466766, 0.20237021148204803, 0.0, 0.09252169728279114, 0.0, 0.0, 0.057540226727724075, 0.10212339460849762, 0.009379980154335499, 0.7865434885025024, 0.005468290764838457, 0.056349433958530426, 0.08768007904291153, 0.11736412346363068, 0.0003368854522705078, 0.0517086386680603, 0.8276526927947998, 0.03638732060790062, 0.4762873649597168, 0.5248776078224182, 0.07694205641746521, 0.14199283719062805, 0.14494815468788147, 0.14256012439727783, 1.7878408432006836, 0.6720557808876038, 0.0, 0.19102872908115387, 0.052365586161613464, 0.7299872636795044, 0.4765336811542511, 0.0, 0.1910175234079361, 0.060555681586265564, 1.4782038927078247, 0.08923850953578949, 0.17955568432807922, 0.0, 0.29016485810279846, 0.04110236093401909, 0.0, 0.0, 0.3699660301208496, 0.8645009994506836, 0.3794061839580536, 0.4890701472759247, 0.09114079922437668, 0.16716791689395905, 0.6498468518257141, 0.6578395366668701, 0.1851382702589035, 0.11367451399564743, 0.7212402820587158, 0.15202367305755615, 0.017948370426893234, 0.4471719563007355, 0.012732247821986675, 0.6301761269569397, 0.6565588116645813, 0.10915030539035797, 0.011359302327036858, 0.7839609980583191, 0.0, 0.25074511766433716, 0.26281028985977173, 0.07884708046913147, 0.15536534786224365, 1.5018998384475708, 0.0, 0.11628792434930801, 0.0, 0.029773838818073273, 1.149438500404358, 0.017298445105552673, 0.6712129712104797, 1.279806137084961, 0.6619408130645752, 1.2143179178237915, 0.06714420765638351, 1.2282404899597168, 0.035739973187446594, 0.07384373247623444, 0.5640153288841248, 0.4597398340702057, 0.8821627497673035, 2.020402193069458, 1.6230692863464355, 0.20320506393909454, 0.016328252851963043, 0.08654508739709854, 0.9397611618041992, 0.11208420246839523, 0.0, 0.03398420289158821, 0.3955410122871399, 0.0, 0.3931606709957123, 0.014023411087691784, 0.2307087630033493, 0.15748244524002075, 0.3636431396007538, 0.8728899359703064, 0.0, 0.2107589840888977, 1.5662771463394165, 0.03550979495048523, 0.32160061597824097, 0.0, 0.3294994831085205, 0.20270965993404388, 0.20314784348011017, 0.2614680826663971, 0.8449440002441406, 0.7211276292800903, 1.7366224527359009, 0.0134390564635396, 1.3111064434051514, 0.2704588770866394, 0.09076058119535446, 0.5684759020805359, 0.29660436511039734, 0.01207058783620596, 0.3187970817089081, 0.14512899518013, 0.19354985654354095, 1.4182921648025513, 0.007953655906021595, 0.014514707028865814, 0.09205388277769089, 0.0, 1.8369343280792236, 0.4826863408088684, 0.0, 0.0, 0.0, 0.9697422981262207, 0.170228973031044, 0.023692330345511436, 0.011219659820199013, 0.182119220495224, 0.27811384201049805, 0.04778466001152992, 2.733039140701294, 0.017733857035636902, 0.07809727638959885, 0.36777403950691223, 0.0, 0.4804612100124359, 0.007048920728266239, 0.039189841598272324, 0.07709376513957977, 0.5441179275512695, 0.49571046233177185, 0.8760080337524414, 0.029423300176858902, 0.0010777261340990663, 0.7967102527618408, 0.3171999156475067, 0.6236920952796936, 0.08777948468923569, 0.3629039525985718, 0.26880842447280884, 0.6992896199226379, 0.17367050051689148, 0.027820389717817307, 0.9043402671813965, 1.0852326154708862, 1.423415184020996, 0.16140498220920563, 9.047483444213867, 0.09563294053077698, 0.0486813485622406, 0.3887638449668884, 0.4387691020965576, 0.0, 0.7398656010627747, 0.5773459672927856, 0.026626139879226685, 0.0, 0.23599283397197723, 1.3917232751846313, 0.5931918621063232, 0.011996682733297348, 0.6748622059822083, 0.6897416114807129, 0.11220796406269073, 0.2857682704925537, 0.01728806272149086, 0.005877417046576738, 0.00017352736904285848, 1.5395419597625732, 0.0090627521276474, 0.12914328277111053, 0.035746894776821136, 0.8101579546928406, 0.0, 0.16404210031032562, 0.19253788888454437, 0.03828930854797363, 0.08215394616127014, 0.1525157392024994, 0.09284516423940659, 0.2750381827354431, 2.365692377090454, 0.780561625957489, 0.27251678705215454, 0.21209466457366943, 0.0522286556661129, 0.45913413166999817, 0.05000195652246475, 1.0754441022872925, 0.45924127101898193, 1.6835435628890991, 0.47014671564102173, 0.4238002896308899, 0.07679767161607742, 0.19319812953472137, 0.05283627286553383, 0.8471701741218567, 2.8777408599853516, 0.3513098359107971, 1.1831114292144775, 0.1891985535621643, 0.04612375795841217, 0.045284632593393326, 0.5095088481903076, 0.6956215500831604, 0.06798066198825836, 0.5502097010612488, 0.06308357417583466, 0.2843247652053833, 1.6520689725875854, 0.5808016061782837, 0.0, 0.502836287021637, 0.13334859907627106, 0.2023771107196808, 0.17904630303382874, 0.0, 0.1731683760881424, 0.7451087832450867, 0.41897279024124146, 0.1998443603515625, 1.3392843008041382, 0.4125259518623352, 0.16213373839855194, 0.3226115107536316, 1.7884092330932617, 0.34594830870628357, 0.6979764103889465, 1.1693003177642822, 0.0941556841135025, 0.10085775703191757, 0.18543587625026703, 0.4085931181907654, 0.1368621438741684, 0.290103018283844, 0.05934596061706543, 0.23672239482402802, 0.11613059788942337, 0.6000381112098694, 0.29066669940948486, 0.0, 1.6976654529571533, 0.49334922432899475, 0.05221724137663841, 0.15505795180797577, 0.16268238425254822, 0.0, 0.188767671585083, 0.1640612781047821, 0.17592619359493256, 0.6253267526626587, 1.972538948059082, 2.366894245147705, 0.0, 0.17015893757343292, 0.9089791178703308, 1.146816372871399, 0.20817983150482178, 0.6614118218421936, 0.1205780878663063, 0.18353594839572906, 0.4532390534877777, 0.061444059014320374, 0.6414560079574585, 0.5390008687973022, 0.0, 0.06937002390623093, 0.8375482559204102, 0.44455620646476746, 2.599377393722534, 0.7392222285270691, 0.270691454410553, 0.26296669244766235, 0.027525609359145164, 1.0742243528366089, 0.5693739056587219, 1.1402891874313354, 1.3884328603744507, 0.029645252972841263, 0.0, 0.18141265213489532, 0.41662275791168213, 0.32537439465522766, 0.08903373032808304, 0.12713487446308136, 0.3487723171710968, 0.0, 0.0, 0.45464545488357544, 1.5209187269210815, 0.5234196186065674, 1.4718815088272095, 0.3602161109447479, 0.8983168601989746, 0.023065051063895226, 0.027407700195908546, 1.5054128170013428, 1.2649977207183838, 0.51152503490448, 0.32257983088493347, 0.8636088371276855, 0.18995416164398193, 0.1495373696088791, 1.303958535194397, 0.46672022342681885, 0.0398477278649807, 0.15178726613521576, 0.35063451528549194, 0.02407880686223507, 0.24208639562129974, 0.3940957486629486, 0.0, 2.123929738998413, 0.4663650393486023, 0.1477060765028, 0.0, 1.533517599105835, 0.08770622313022614, 0.03716309368610382, 0.0005255572614260018, 0.0015011101495474577, 0.0539628230035305, 0.15783564746379852, 1.2605955600738525, 0.970912516117096, 1.4022375345230103, 0.017206430435180664, 0.6212843060493469, 0.5907172560691833, 1.2734464406967163, 0.21098440885543823, 4.567227840423584, 0.04886477813124657, 0.10104284435510635, 0.6217995882034302, 0.05310392379760742, 0.4784012734889984, 0.2534753084182739, 0.19304746389389038, 2.920088052749634, 0.14403964579105377, 0.25777605175971985, 0.1279790997505188, 0.1353318989276886, 0.22020013630390167, 0.4322885274887085, 0.1032767966389656, 0.0, 0.12299974262714386, 0.1639280468225479, 1.0776522159576416, 0.7346346378326416, 2.1261940002441406, 0.3057114779949188, 0.033094193786382675, 0.29538747668266296, 1.0564903020858765, 0.11786756664514542, 1.4046261310577393, 0.0, 0.38236895203590393, 0.00983385182917118, 1.4042364358901978, 0.0, 0.05894690752029419, 0.12554605305194855, 0.6408085227012634, 0.0, 1.5866281986236572, 0.2321576476097107, 0.0, 2.1293458938598633, 0.06906501203775406]",Testing/glioma_tumor/image(60).jpg
"[0.8779298663139343, 0.33298298716545105, 0.0, 3.410172462463379, 0.3628174662590027, 0.886072039604187, 2.6575324535369873, 0.014193355105817318, 0.7875914573669434, 0.01648329757153988, 0.012586788274347782, 0.4442707896232605, 0.06945827603340149, 0.6164165139198303, 0.007017437368631363, 0.08749338984489441, 0.07250776141881943, 1.1732522249221802, 1.0443812608718872, 0.0, 0.1950482726097107, 0.7976987957954407, 0.09136548638343811, 0.02659202180802822, 0.0524570569396019, 0.5211647748947144, 1.1154929399490356, 0.5310608148574829, 0.12143002450466156, 0.0, 0.1698683202266693, 0.25081631541252136, 0.35104724764823914, 0.6112573146820068, 0.8235896229743958, 0.5226885676383972, 0.0, 0.9857279062271118, 0.0037131505087018013, 0.0, 2.295295476913452, 2.0626280307769775, 0.4100859463214874, 0.1812857985496521, 0.052969738841056824, 0.0, 0.0, 0.0, 0.0010218620300292969, 1.6530287265777588, 0.39580273628234863, 0.48673591017723083, 4.633456230163574, 0.031679555773735046, 0.2900380492210388, 2.3875083923339844, 0.18750081956386566, 0.5296143293380737, 1.4641579389572144, 0.001159108360297978, 0.36291176080703735, 0.4318997859954834, 0.3650588095188141, 0.2861129343509674, 0.08858254551887512, 0.0, 0.8315780758857727, 0.0, 0.03923920542001724, 0.0, 0.10341114550828934, 0.05368639528751373, 0.025206735357642174, 2.5639090538024902, 0.25343626737594604, 0.17134550213813782, 2.7885587215423584, 0.9276793599128723, 0.0, 2.382432699203491, 0.5374435782432556, 0.0, 0.294856995344162, 0.0729944035410881, 1.1365586519241333, 0.1647637039422989, 1.0453386306762695, 0.4757120907306671, 0.004976009950041771, 0.06557513028383255, 0.534111499786377, 0.3243013620376587, 0.2351769357919693, 0.09366756677627563, 0.1529114991426468, 0.0, 0.7233414053916931, 0.018098991364240646, 0.014596035704016685, 0.20846201479434967, 0.042529333382844925, 0.7048380970954895, 0.0017953722272068262, 0.320151686668396, 1.6236947774887085, 0.1599549949169159, 0.3885037302970886, 0.20053111016750336, 0.43949219584465027, 1.7199630737304688, 0.0, 0.2818208932876587, 1.2566404342651367, 0.1420433223247528, 0.0056842053309082985, 0.08805317431688309, 0.07517004013061523, 0.4206332862377167, 0.12366055697202682, 0.14934678375720978, 0.3574739992618561, 0.029422467574477196, 0.018329674378037453, 0.28925764560699463, 0.3483123779296875, 0.3467625081539154, 0.0028585561085492373, 0.13010543584823608, 1.008675456047058, 0.0, 0.05913981795310974, 2.5627830028533936, 0.017147701233625412, 0.20771999657154083, 0.0, 0.0, 0.6959570050239563, 0.2526281774044037, 0.0, 0.5731806755065918, 0.12708094716072083, 1.0057239532470703, 0.0, 0.03282355144619942, 0.7734328508377075, 0.08767201751470566, 0.47722867131233215, 3.483855962753296, 0.04906582459807396, 0.36696913838386536, 0.8102149367332458, 0.5668721795082092, 0.29288530349731445, 0.0, 0.3972765803337097, 1.1318212747573853, 0.0, 0.0, 0.6722812056541443, 0.027716588228940964, 0.05386616289615631, 2.1156013011932373, 0.0, 1.1052289009094238, 0.0, 0.017839238047599792, 0.39628535509109497, 0.13375543057918549, 0.05059587582945824, 6.992858409881592, 1.9568380117416382, 0.016731539741158485, 0.43064194917678833, 2.1997954845428467, 2.741162061691284, 1.2694039344787598, 0.16747672855854034, 0.038646455854177475, 0.06459785997867584, 0.7727850079536438, 0.5833216905593872, 0.0, 0.2603800892829895, 0.7865425944328308, 0.0, 0.2306566685438156, 0.30434396862983704, 0.3081616461277008, 0.3301492929458618, 0.0, 0.25357791781425476, 0.027598876506090164, 0.019274190068244934, 0.031216558068990707, 1.1721739768981934, 1.144508957862854, 0.0, 0.8128232955932617, 0.03163756802678108, 0.26091280579566956, 0.7964909672737122, 0.0, 0.16513600945472717, 0.0, 3.2038381099700928, 1.9709280729293823, 0.040292706340551376, 0.005762487184256315, 0.9523046016693115, 0.041563909500837326, 0.3700755834579468, 0.6224396228790283, 0.0007515148026868701, 0.17875708639621735, 0.16823871433734894, 0.5841690897941589, 0.0, 0.05143618956208229, 0.6538642048835754, 0.10826349258422852, 0.7777037620544434, 0.03231174126267433, 3.2478106021881104, 0.08702519536018372, 0.0, 2.30092191696167, 0.34062790870666504, 0.20073243975639343, 3.155512571334839, 0.41625162959098816, 0.288967102766037, 0.1133294329047203, 1.1438589096069336, 0.6189978718757629, 0.8001889586448669, 2.1620688438415527, 0.016243482008576393, 0.8502146005630493, 0.0, 0.0, 0.1925189197063446, 1.9842946529388428, 0.7273449301719666, 0.37746506929397583, 0.12221256643533707, 0.2381269484758377, 0.5462242364883423, 1.2228046655654907, 0.014934085309505463, 0.09176480025053024, 1.0329954624176025, 0.04916250333189964, 1.1927603483200073, 0.972649335861206, 0.30506619811058044, 0.2580670714378357, 0.2660386264324188, 0.5876796245574951, 0.03385395556688309, 0.18739333748817444, 0.18856582045555115, 0.0, 0.7720479369163513, 0.7915654182434082, 0.0, 0.10359317064285278, 0.0, 0.2666837275028229, 0.123841792345047, 0.0028402903117239475, 0.0977865532040596, 0.10207539796829224, 2.109344244003296, 0.4888823628425598, 5.519083023071289, 0.007248761598020792, 0.08575671911239624, 1.2903082370758057, 1.856751561164856, 0.47435063123703003, 0.5485442280769348, 1.2668249607086182, 2.313561201095581, 0.3050815463066101, 1.5464940071105957, 2.2184886932373047, 0.38107189536094666, 0.20160295069217682, 0.026524456217885017, 0.41500282287597656, 0.042237747460603714, 0.015351212583482265, 0.0, 0.3087708055973053, 0.29460516571998596, 3.9599826335906982, 0.27049461007118225, 0.017265627160668373, 0.09021329879760742, 0.23098404705524445, 0.08161281049251556, 0.01929311826825142, 2.754131317138672, 0.31018131971359253, 1.5239068269729614, 0.29865559935569763, 0.2048163264989853, 4.167194366455078, 0.5122796297073364, 0.6354294419288635, 0.0, 1.8212809562683105, 0.46961721777915955, 0.21827471256256104, 0.8180895447731018, 0.8098182678222656, 0.8046322464942932, 0.011855125427246094, 0.14420461654663086, 0.6910626292228699, 0.014724381268024445, 0.033984843641519547, 0.0, 0.00293529755435884, 0.2875331938266754, 0.002994989976286888, 2.441864252090454, 0.07494111359119415, 1.8248112201690674, 0.7578831911087036, 0.3873356282711029, 0.06623188406229019, 1.706357717514038, 2.193284749984741, 0.0, 0.38714972138404846, 1.2512162923812866, 2.8032593727111816, 2.811971664428711, 0.06285024434328079, 0.5338460803031921, 0.2873755395412445, 0.1143045425415039, 0.049444083124399185, 0.0, 0.7104985117912292, 0.0, 0.08407367020845413, 0.0, 0.061781130731105804, 0.0418485663831234, 0.15973258018493652, 0.13148322701454163, 0.2716815769672394, 0.038825955241918564, 0.0, 1.351041555404663, 0.1772128939628601, 0.0, 0.022637318819761276, 0.09491516649723053, 2.3776116371154785, 0.0, 2.0492069721221924, 0.5175508856773376, 0.0, 0.17363205552101135, 0.0, 0.5776250958442688, 0.07854103296995163, 0.021932050585746765, 0.0, 0.9937825202941895, 1.877877950668335, 0.06826180219650269, 0.0503554530441761, 1.1759837865829468, 0.4005539119243622, 0.0010447404347360134, 0.23360581696033478, 0.09178413450717926, 0.11187160015106201, 0.04752302169799805, 0.03235261142253876, 0.7099379897117615, 0.11839132010936737, 0.05755152925848961, 0.0701637789607048, 0.1037495955824852, 0.3580394685268402, 0.0, 0.30220329761505127, 2.9357006549835205, 0.004619230981916189, 0.9769121408462524, 3.2435569763183594, 0.026709094643592834, 3.7633249759674072, 0.0, 0.0245247520506382, 0.0, 0.1529703587293625, 0.0073408205062150955, 0.3430502414703369, 0.13608971238136292, 3.4338419437408447, 0.0878244936466217, 0.09013185650110245, 0.08559710532426834, 0.6903791427612305, 0.11102189868688583, 0.128071591258049, 0.007660788018256426, 0.3574416935443878, 0.40709370374679565, 0.584428608417511, 0.13203202188014984, 0.4004172086715698, 0.0, 0.2836482524871826, 0.48552438616752625, 0.05492153763771057, 0.04616958275437355, 1.401080846786499, 0.02380557358264923, 0.18665313720703125, 0.41834187507629395, 1.2806555032730103, 0.3836776614189148, 0.023875007405877113, 1.303048849105835, 0.9011868238449097, 0.927436888217926, 0.0, 0.2019188106060028, 0.43084365129470825, 0.005014095921069384, 7.038745403289795, 0.14022524654865265, 0.20334060490131378, 0.35371068120002747, 0.0, 0.13844668865203857, 0.1385752558708191, 0.5099614858627319, 0.029667718335986137, 0.1623803675174713, 0.09094830602407455, 0.6094175577163696, 0.0, 0.754780650138855, 0.14775140583515167, 1.3173636198043823, 0.2550349533557892, 0.01745588518679142, 0.0, 0.2517477571964264, 0.03262215480208397, 0.0, 2.5975048542022705, 0.45870280265808105, 0.9243242740631104, 0.6306045055389404, 0.1800774484872818, 0.2081499695777893, 0.7378101944923401, 0.04736778512597084, 0.15020228922367096, 0.2986123859882355, 0.009296412579715252, 0.22029255330562592, 0.15009869635105133, 0.32451122999191284, 0.15611253678798676, 0.5431329607963562, 0.2663480341434479, 0.12458010762929916, 0.0036186345387250185, 0.37423744797706604, 1.6952238082885742, 0.38891229033470154, 0.0, 1.634047508239746, 0.2556094527244568, 0.001299079624004662, 0.005778380669653416, 0.029977284371852875, 0.0, 0.36753785610198975, 0.10687904059886932, 0.0, 0.9475440382957458, 0.48902902007102966, 0.0, 2.5513365268707275, 0.14873340725898743, 0.0, 0.4846513569355011, 0.30309635400772095, 0.3752586245536804, 0.0, 0.28206199407577515, 0.419068306684494, 0.44130939245224, 1.2670975923538208, 0.707612931728363, 0.02024810202419758, 0.0, 0.034403420984745026, 0.13119342923164368, 0.05242469534277916, 0.20430409908294678, 0.45972761511802673, 0.9256085753440857, 0.4970623850822449, 0.0855959951877594, 0.4532579779624939, 0.013696609996259212, 0.6285610795021057, 0.42002737522125244, 0.21198473870754242, 0.1148601844906807, 0.24444179236888885, 0.18691986799240112, 0.0, 0.3314661681652069, 0.0, 0.028236690908670425, 0.06077481433749199, 2.4433560371398926, 0.4120461940765381, 1.7005062103271484, 0.5097276568412781, 1.9752533435821533, 0.018710622563958168, 0.5091034770011902, 5.354813098907471, 1.7842603921890259, 0.0, 0.1281162053346634, 0.0, 0.15685585141181946, 0.37230151891708374, 0.796390950679779, 0.7625297904014587, 0.6831164956092834, 0.053961131721735, 0.11293885856866837, 0.4059170186519623, 0.0953640416264534, 2.1267707347869873, 0.13496430218219757, 0.12112823873758316, 0.03599119186401367, 0.9095286726951599, 1.613930583000183, 0.8714296817779541, 0.0, 0.05921555683016777, 0.0, 4.343822956085205, 0.8231139779090881, 0.026325756683945656, 0.047538142651319504, 0.46303799748420715, 1.1209743022918701, 2.0237886905670166, 0.12038367241621017, 2.334221601486206, 0.3769633173942566, 0.2522619068622589, 0.13933949172496796, 0.10459162294864655, 0.13343587517738342, 0.05340034142136574, 0.2964628040790558, 0.7053110599517822, 2.439389228820801, 0.8463544845581055, 0.1351674199104309, 0.31986841559410095, 0.0, 0.42906737327575684, 0.04882708191871643, 0.06522926688194275, 0.1181984543800354, 0.1599307358264923, 0.09691476076841354, 0.020397888496518135, 0.0, 0.15128444135189056, 0.0, 0.05707089230418205, 0.0, 1.3484340906143188, 0.7041175961494446, 0.051666535437107086, 0.035616371780633926, 0.0, 1.8770209550857544, 1.2229939699172974, 0.039091333746910095, 1.493209719657898, 0.4259905517101288, 0.9795773029327393, 0.16208209097385406, 0.2794150114059448, 0.5757330656051636, 0.10857850313186646, 3.32383131980896, 0.5438295602798462, 0.0, 2.107356071472168, 0.601210355758667, 0.0010640134569257498, 0.011943870224058628, 0.0, 0.018561864271759987, 0.22961896657943726, 0.5172892808914185, 0.004416320007294416, 0.2958897054195404, 2.5791170597076416, 0.0, 0.3333488404750824, 0.16146501898765564, 1.6659290790557861, 0.06076277419924736, 0.0022734501399099827, 0.22525736689567566, 0.003808152861893177, 1.5318632125854492, 0.0002450164465699345, 0.017434479668736458, 0.11413615942001343, 0.016792789101600647, 0.0, 0.03276335448026657, 0.08838605880737305, 0.07690734416246414, 0.2000582218170166, 0.013295706361532211, 0.15266922116279602, 0.05767108127474785, 0.0, 1.549910306930542, 1.9626308679580688, 0.0, 0.0, 0.0, 0.11345573514699936, 0.05942898243665695, 0.004751801490783691, 0.0, 0.37418776750564575, 0.07236026972532272, 0.4486854076385498, 1.0428073406219482, 0.4248475432395935, 0.0009949109517037868, 0.7811381816864014, 0.13263502717018127, 0.1247934028506279, 0.10175672918558121, 0.8976221084594727, 0.05323965847492218, 2.7070629596710205, 1.0472047328948975, 0.050986405462026596, 0.5788358449935913, 0.0, 0.31617727875709534, 0.6937011480331421, 2.281012773513794, 0.193079873919487, 0.4021352231502533, 0.0, 0.04070480912923813, 0.021723834797739983, 2.9006476402282715, 2.6064083576202393, 0.05421125516295433, 0.0, 0.4188479483127594, 1.7860448360443115, 0.057018887251615524, 0.09623055905103683, 1.053440809249878, 1.1560182571411133, 0.6574928760528564, 0.06372684985399246, 0.10057646036148071, 0.09562195837497711, 0.25679922103881836, 0.0, 0.0, 3.9981508255004883, 0.08960044384002686, 0.05546404421329498, 0.0, 0.6142609715461731, 0.1397770345211029, 0.0, 0.5443730354309082, 0.06911700963973999, 0.16075211763381958, 0.5101683735847473, 0.9109919667243958, 2.013986825942993, 0.676362156867981, 3.272791862487793, 0.10372860729694366, 0.16571453213691711, 0.07949445396661758, 1.1488382816314697, 0.2704067528247833, 0.09972188621759415, 0.0, 0.0104304114356637, 0.0, 0.13771001994609833, 3.072737455368042, 1.49196457862854, 0.7006241083145142, 0.0978129655122757, 1.8993421792984009, 0.017079584300518036, 0.987036406993866, 0.03840777277946472, 0.1444731205701828, 0.0030804555863142014, 0.43943631649017334, 0.10956154763698578, 0.2706287205219269, 1.3024064302444458, 0.0, 0.2825952172279358, 2.4222300052642822, 0.10736599564552307, 0.0029579035472124815, 0.003990791272372007, 0.0006217834888957441, 2.3598949909210205, 0.0, 0.07708247005939484, 0.2082960158586502, 0.2760159969329834, 0.022864121943712234, 1.466701626777649, 0.21092188358306885, 2.468780755996704, 0.6988700032234192, 0.4059297740459442, 0.1425796002149582, 1.1350252628326416, 0.094390869140625, 0.7321052551269531, 0.13535043597221375, 0.09823023527860641, 0.012331918813288212, 0.05530030280351639, 1.3316186666488647, 0.38451769948005676, 1.5988725423812866, 0.06806038320064545, 0.0, 0.07195567339658737, 0.5713464617729187, 2.334890365600586, 0.8188983201980591, 0.0, 0.006194367539137602, 1.2683521509170532, 0.016862567514181137, 0.18369153141975403, 0.6998561024665833, 1.0992074012756348, 0.8461647629737854, 0.9733718037605286, 1.6433521509170532, 0.30206844210624695, 1.9373458623886108, 1.1005321741104126, 0.029311690479516983, 1.8331470489501953, 0.3876829743385315, 2.9603395462036133, 0.5162412524223328, 0.26932674646377563, 0.0, 0.9685639142990112, 0.16957509517669678, 0.5112043619155884, 0.39466312527656555, 1.2001311779022217, 0.020331574603915215, 0.031079189851880074, 0.0, 0.31257936358451843, 0.10224510729312897, 0.07941856980323792, 0.017651336267590523, 0.36108648777008057, 0.9060457348823547, 0.007406038697808981, 0.3344874382019043, 4.17334508895874, 1.15278160572052, 1.2873480319976807, 0.13646474480628967, 1.0035943984985352, 0.3133943974971771, 0.21603786945343018, 0.0, 2.426959276199341, 0.08363699167966843, 4.302684783935547, 2.232071876525879, 0.003991462755948305, 0.5135462880134583, 0.014041885733604431, 0.06144870072603226, 0.7112546563148499, 0.009036701172590256, 0.2628742456436157, 0.20171183347702026, 0.0, 0.0, 0.033148836344480515, 2.642240047454834, 0.23528289794921875, 0.4342988133430481, 0.06577402353286743, 0.2459731549024582, 0.44513392448425293, 1.6820318698883057, 0.0, 0.13013006746768951, 0.045667633414268494, 0.17761847376823425, 0.06739190220832825, 0.0, 1.2209669351577759, 0.39463335275650024, 0.6660356521606445, 0.06453745812177658, 0.2405540496110916, 0.0, 0.6569417715072632, 0.21146470308303833, 0.0, 0.41011330485343933, 0.7051819562911987, 0.1416742354631424, 0.4552510380744934, 1.0406420230865479, 0.08213093876838684, 0.009852414019405842, 1.8086035251617432, 2.465240716934204, 0.15052072703838348, 4.3265910148620605, 0.08145701885223389, 0.0, 0.14676353335380554, 0.16894546151161194, 0.3857012689113617, 1.0331910848617554, 0.016665911301970482, 5.645035743713379, 0.41173055768013, 0.0, 0.11384950578212738, 0.21665841341018677, 0.01845407485961914, 1.6645700931549072, 0.7191932797431946, 0.2986074984073639, 1.037898302078247, 0.8417697548866272, 0.1091439500451088, 0.4376696050167084, 0.5866844654083252, 0.0, 1.314691185951233, 0.403672456741333, 1.0908111333847046, 1.3736907243728638, 0.8043169379234314, 0.09545323252677917, 0.02279019169509411, 0.15587174892425537, 0.11771606653928757, 0.008790327236056328, 0.11628665030002594, 0.07333488017320633, 0.004703052341938019, 0.18827597796916962, 0.08908599615097046, 2.3010799884796143, 0.010976907797157764, 0.3882482051849365, 0.03439817577600479, 0.1677979826927185, 3.4685990810394287, 0.0, 0.004390303045511246, 1.6514509916305542, 0.5016056895256042, 0.13283897936344147, 0.5426139235496521, 0.5796025991439819, 0.4125114679336548, 0.21354486048221588, 0.0023208053316920996, 0.29303401708602905, 0.4495357275009155, 0.08453429490327835, 0.06212811544537544, 0.0, 0.0024407105520367622, 0.2575615346431732, 0.0431426465511322, 0.045994263142347336, 1.0764225721359253, 0.5043622255325317, 1.8337174654006958, 1.0825368165969849, 0.6540407538414001, 0.014713669195771217, 0.11246773600578308, 0.18182559311389923, 0.9555938243865967, 0.0, 0.1404322385787964, 1.4151580333709717, 0.1604730188846588, 0.7605234384536743, 0.1303977519273758, 0.7580264210700989, 0.24310888350009918, 0.23889994621276855, 0.0, 0.16449198126792908, 0.7652894854545593, 0.010149914771318436, 0.19101840257644653, 0.9240249395370483, 0.5414265394210815, 0.084912970662117, 0.0, 0.7386305928230286, 0.010467156767845154, 1.0518461465835571, 0.5531989932060242, 0.0, 0.44943711161613464, 0.3225327730178833, 0.16811154782772064, 0.20686134696006775, 0.0, 0.24051429331302643, 0.33894941210746765, 0.8495763540267944, 0.07484055310487747, 0.22923585772514343, 0.0058397273533046246, 0.4068385064601898, 0.34113049507141113, 0.09483230113983154, 0.11611738055944443, 0.0, 0.15812435746192932, 1.5036158561706543, 0.01623731479048729, 0.0, 0.21185968816280365, 0.015361460857093334, 0.7697365283966064, 0.417574018239975, 0.47693291306495667, 0.9341544508934021, 0.8407302498817444, 0.042467422783374786, 1.8786810636520386, 0.0, 0.465300589799881, 0.3874233067035675, 0.26330867409706116, 0.0, 0.048552826046943665, 0.0, 0.0761338621377945, 0.08239571005105972, 0.48599234223365784, 0.11571706831455231, 0.005872035399079323, 0.1854262501001358, 0.03251597657799721, 0.006951984018087387, 1.57270348072052, 0.260121613740921, 0.08738695085048676, 0.347485214471817, 0.7223811149597168, 0.7316409349441528, 0.8078842163085938, 0.9225329756736755, 0.5462157130241394, 0.1260187327861786, 0.5651980638504028, 0.22921672463417053, 0.0, 0.592675507068634, 0.05019539222121239, 0.1322469264268875, 1.380631446838379, 0.04250447452068329, 0.10543690621852875, 1.2979215383529663, 0.13863219320774078, 0.44245949387550354, 0.2602578401565552, 0.3613058924674988, 0.1151927262544632, 0.7283229231834412, 0.4520142078399658, 0.06918170303106308, 0.28740695118904114, 1.710880994796753, 0.5877993106842041, 1.1811389923095703, 0.2056059092283249, 1.2602800130844116, 0.7988566756248474, 0.8136452436447144, 0.0, 0.030641112476587296, 0.06765192747116089, 0.2453991174697876, 0.2780900299549103, 0.01033541839569807, 0.5127472877502441, 0.0, 0.42922958731651306, 0.4239112436771393, 0.11334142833948135, 0.16044485569000244, 0.24930350482463837, 0.0, 0.220859095454216, 0.0, 0.37855347990989685, 0.8004273176193237, 0.0, 0.04178716242313385, 0.2420715093612671, 0.36619654297828674, 0.0, 0.6212702393531799, 0.14039231836795807, 0.19716180860996246, 0.08068012446165085, 0.26419058442115784, 0.30051589012145996, 0.0034808602649718523, 0.9883310794830322, 0.17520365118980408, 0.12605029344558716, 0.9588024616241455, 0.1445460468530655, 4.2249369621276855, 0.010039852932095528, 0.2209358960390091, 0.7090343832969666, 0.04880253225564957, 0.0, 0.03144451975822449, 0.18409721553325653, 1.3000797033309937, 2.1364448070526123, 1.535956859588623, 0.021080035716295242, 0.8639020323753357, 0.22139553725719452, 0.23367120325565338, 0.3844200372695923, 4.933589458465576, 2.7486727237701416, 0.0012985054636374116, 0.19072464108467102, 0.0, 0.19895216822624207, 0.142908975481987, 4.522647380828857, 0.0, 0.9506334662437439, 0.007047297898679972, 0.0, 0.10091991722583771, 0.13375137746334076, 0.17360332608222961, 0.10570765286684036, 0.5535107254981995, 0.32045337557792664, 0.03057561069726944, 0.3530230224132538, 0.7727457284927368, 0.018156645819544792, 1.4282126426696777, 0.32790008187294006, 0.03189267963171005, 0.6727569103240967, 0.1779157817363739, 0.8194101452827454, 0.3285548985004425, 0.25578853487968445, 0.0, 0.17614232003688812, 0.14017872512340546, 1.9958006143569946, 1.6788458824157715, 0.0058955904096364975, 0.11249356716871262, 0.07067032903432846, 0.07715509086847305, 0.892549455165863, 0.12717288732528687, 0.08380327373743057, 2.2644951343536377, 0.019189976155757904, 0.12556874752044678, 0.0469878651201725, 0.0, 0.04575435444712639, 0.0, 0.32911425828933716, 0.0840407982468605, 0.035151563584804535, 0.08327048271894455, 0.0, 0.07776868343353271, 0.7261519432067871, 0.0, 0.6434224843978882, 0.0, 0.0, 0.0, 0.2532445192337036, 0.11770980060100555, 0.5719916820526123, 0.14605052769184113, 0.08748756349086761, 0.0, 2.6297879219055176, 0.523417592048645, 0.008836028166115284, 0.0, 0.18355514109134674, 0.04583502933382988, 0.0, 0.2420630156993866, 0.07955026626586914, 0.9294120669364929, 0.0494721457362175, 0.08840789645910263, 0.0855313241481781, 0.018755832687020302, 0.0, 0.10502242296934128, 0.3784865438938141, 0.02122694067656994, 0.030115710571408272, 0.0, 0.11634085327386856, 0.288154274225235, 0.0, 0.16843967139720917, 0.13758112490177155, 1.7315071821212769, 0.026818035170435905, 0.0009360119001939893, 0.13808028399944305, 0.0, 0.012406026013195515, 0.04263535141944885, 0.48113152384757996, 0.0971815213561058, 0.7015175819396973, 0.38233569264411926, 0.14472582936286926, 0.0, 1.2858631610870361, 0.0, 0.077233225107193, 0.22687004506587982, 0.36847394704818726, 0.30126556754112244, 0.10850479453802109, 0.0001157692531705834, 0.4777482748031616, 0.03340292349457741, 0.0, 0.030944935977458954, 0.299920916557312, 0.09107228368520737, 0.05903073400259018, 0.3563686013221741, 0.6222448348999023, 0.5409177541732788, 4.818628311157227, 0.0, 0.1035800352692604, 0.9834342002868652, 0.22794844210147858, 0.06650660932064056, 0.010828166268765926, 0.6067776679992676, 0.1277128905057907, 0.14493530988693237, 1.0203232765197754, 0.3422045409679413, 0.0, 1.997775673866272, 0.8152554035186768, 0.44066813588142395, 0.04645468294620514, 0.13315449655056, 0.034140512347221375, 0.1645665019750595, 0.5654786825180054, 0.009779219515621662, 0.01563500612974167, 1.8222291469573975, 0.2819747030735016, 0.11798699200153351, 0.8493392467498779, 0.0, 0.06199127435684204, 0.12054697424173355, 0.2446306198835373, 0.3876582682132721, 0.5467275381088257, 1.1192419528961182, 1.6113499402999878, 0.4399252235889435, 0.0, 0.0, 0.20709353685379028, 0.13548658788204193, 0.17818322777748108, 0.3192807734012604, 0.28766366839408875, 0.9276359677314758, 0.0, 0.0, 0.5550128221511841, 0.0, 0.0, 0.0, 0.0, 1.567167043685913, 0.05560009926557541, 0.8889882564544678, 0.8625435829162598, 1.3540998697280884, 0.456668496131897, 1.450987696647644, 0.0, 0.10466333478689194, 0.2479577362537384, 0.07531797140836716, 0.8882874250411987, 0.5978630185127258, 0.06192481890320778, 0.03313244506716728, 0.1715567409992218, 0.03083452396094799, 0.37755075097084045, 0.14159387350082397, 0.15343749523162842, 2.527643918991089, 0.9051363468170166, 0.362759530544281, 0.048100586980581284, 1.740521788597107, 0.04193958640098572, 0.4981963038444519, 0.5983583331108093, 0.9531089067459106, 0.5002796649932861, 0.08722654730081558, 0.5438212752342224, 0.0, 0.06931706517934799, 0.010332669131457806, 0.16622687876224518, 1.831627368927002, 0.0017740605399012566, 0.25588756799697876, 1.357119083404541, 0.269195556640625, 0.25026750564575195, 0.18357454240322113, 0.07288078963756561, 0.0, 0.2385624647140503, 0.000483924028230831, 0.5832322835922241, 4.078432559967041, 0.1988980621099472, 0.0043454705737531185, 0.10704421252012253, 0.2124481201171875, 0.011278935708105564, 0.6754934191703796, 0.14950667321681976, 0.2418789118528366, 0.48385632038116455, 0.9959663152694702, 0.6108139157295227, 0.16298821568489075, 0.018612965941429138, 0.07185196131467819, 0.028219908475875854, 0.13762637972831726, 0.3197349011898041, 0.0, 0.3470926880836487, 0.02058269828557968, 0.10232694447040558, 0.07803142070770264, 0.6731427907943726, 0.07810648530721664, 0.31893298029899597, 0.2714370787143707, 0.0, 0.1560766100883484, 0.3268296420574188, 1.0229709148406982, 0.0, 2.417874336242676, 0.0045196302235126495, 0.0, 0.03478013724088669, 4.746088027954102, 0.0, 0.0, 0.10091575235128403, 0.7446404099464417, 0.007442939095199108, 0.2202252894639969, 0.9073910713195801, 0.0, 1.818120002746582, 0.18639451265335083, 0.10051466524600983, 0.812598466873169, 0.0020158973056823015, 0.2664719820022583, 0.08568792790174484, 0.3357503414154053, 0.0, 0.006052042823284864, 0.0, 0.7758240699768066, 0.5385757684707642, 0.5016218423843384, 0.5584816932678223, 0.044499870389699936, 0.23713098466396332, 0.6384879946708679, 0.14529572427272797, 0.0, 2.894961357116699, 1.2113391160964966, 0.3848053216934204, 0.34522461891174316, 0.26999878883361816, 0.0, 1.3910719156265259, 0.577294111251831, 0.07845760136842728, 1.099637746810913, 0.21508994698524475, 0.10293446481227875, 0.18114663660526276, 1.206250548362732, 1.3589234352111816, 0.0, 0.18896539509296417, 0.0, 0.8254786133766174, 0.0, 0.1475936323404312, 0.013212697580456734, 0.0, 4.244431972503662, 0.07345988601446152, 1.0909289121627808, 0.009258382022380829, 1.3334715366363525, 0.0, 2.8240034580230713, 0.9359555244445801, 0.07550375163555145, 0.26191726326942444, 0.1080939993262291, 0.22452183067798615, 0.42782315611839294, 1.21653413772583, 0.6079320311546326, 0.0, 0.017948713153600693, 0.56861811876297, 1.572250485420227, 0.1285388469696045, 0.10446173697710037, 0.4069262444972992, 0.07902754843235016, 0.004975839518010616, 0.04199127107858658, 0.0006894992548041046, 0.10976240783929825, 0.10504318028688431, 0.022066790610551834, 0.35469701886177063, 0.0, 0.9050751328468323, 1.4930740594863892, 0.006618139799684286, 0.0, 0.09865449368953705, 0.7450952529907227, 0.3216295540332794, 0.0, 0.044207777827978134, 0.027217639610171318, 0.7357426881790161, 0.6212695837020874, 0.0, 0.1772553026676178, 2.7477633953094482, 0.0, 1.0261778831481934, 0.005116146523505449, 0.0, 0.0, 0.4675838053226471, 0.04040494188666344, 0.31800374388694763, 0.0, 0.11042853444814682, 0.3722537159919739, 0.0, 0.0, 0.5935813188552856, 0.0, 0.23119689524173737, 0.5985427498817444, 0.5908907055854797, 1.0153855085372925, 0.22309108078479767, 0.09886321425437927, 0.9752964973449707, 3.88877534866333, 0.0075591509230434895, 0.16283193230628967, 0.6173411011695862, 0.11088265478610992, 0.34045109152793884, 0.048986535519361496, 1.6902719736099243, 0.0011847749119624496, 3.5106911659240723, 0.07581645250320435, 1.359895944595337, 0.3112623989582062, 1.8535648584365845, 0.30733463168144226, 0.3692544102668762, 0.11759703606367111, 0.04109756276011467, 0.20665043592453003, 0.7654784321784973, 0.16549643874168396, 0.0, 0.2105298787355423, 0.12959501147270203, 0.1267356425523758, 0.029360365122556686, 1.1495823860168457, 0.0038315325509756804, 0.3356264531612396, 0.08761279284954071, 0.9862012267112732, 5.2394633293151855, 0.2708558142185211, 0.024962129071354866, 1.5342568159103394, 0.6734100580215454, 0.9294471740722656, 0.7389017939567566, 1.655661702156067, 0.17063432931900024, 0.06051697954535484, 0.011240866966545582, 1.5998895168304443, 0.7192758321762085, 0.7964169979095459, 0.0, 1.0682259798049927, 0.004858471918851137, 1.0626534223556519, 0.7382494807243347, 0.06170715019106865, 0.35268881916999817, 0.33799582719802856, 0.06902796030044556, 0.005427696276456118, 0.18436889350414276, 0.4331105351448059, 0.0, 3.004488468170166, 1.6072630882263184, 0.0, 0.0, 0.39056268334388733, 0.6283165812492371, 3.1515188217163086, 0.23264619708061218, 0.037158865481615067, 0.01832837238907814, 0.6572842001914978, 0.03905723989009857, 0.0, 0.2762434482574463, 0.021787963807582855, 0.3045928478240967, 0.10824412107467651, 0.22687996923923492, 0.0, 0.2684362828731537, 0.19211775064468384, 0.811431884765625, 0.08578632026910782, 0.29318609833717346, 0.5818249583244324, 0.15038025379180908, 0.12019965052604675, 0.9923886656761169, 1.210472822189331, 0.18494711816310883, 0.728726863861084, 1.067900538444519, 0.8193932175636292, 0.12383390963077545, 2.5792267322540283, 0.2950236201286316, 0.17536570131778717, 0.14376050233840942, 0.3897108733654022, 1.2887495756149292, 0.3890059292316437, 0.15898127853870392, 0.304511159658432, 0.0, 0.9958986639976501, 0.04305535927414894, 0.0, 0.08411125093698502, 0.02983437292277813, 2.1435494422912598, 0.38735631108283997, 0.5481363534927368, 0.8087278604507446, 1.2734614610671997, 0.3043528199195862, 0.2832365930080414, 0.0, 0.013126928359270096, 0.0, 0.13032856583595276, 0.05881856754422188, 0.1690734326839447, 0.11611012369394302, 0.6802825927734375, 0.0036507139448076487, 0.2537775933742523, 0.002332835691049695, 0.3074692189693451, 0.0, 0.12465137988328934, 0.11648610234260559, 0.31594768166542053, 0.4061759114265442, 0.38727515935897827, 0.0811946839094162, 1.0633121728897095, 0.2956436276435852, 1.307286024093628, 0.5051720142364502, 0.032023195177316666, 0.9595980644226074, 0.19739407300949097, 0.005588142201304436, 1.023754358291626, 0.016479142010211945, 0.5139222145080566, 2.717197895050049, 0.0, 1.1281437873840332, 2.4587714672088623, 0.3136304020881653, 0.03199657425284386, 0.024888237938284874, 0.6203389763832092, 0.00010262703290209174, 0.3978230357170105, 0.1518636792898178, 0.06951688230037689, 1.2481898069381714, 0.46914899349212646, 0.7784938216209412, 0.9129847288131714, 0.21450932323932648, 0.06250184029340744, 1.9377609491348267, 0.009256767109036446, 0.24502301216125488, 0.2746824026107788, 1.2292954921722412, 0.033430177718400955, 0.0, 0.0, 2.550740957260132, 0.004669817164540291, 0.16673870384693146, 0.0, 0.9609377384185791, 0.663494884967804, 0.37160974740982056, 0.046433985233306885, 1.9816107749938965, 0.035828109830617905, 0.4733482599258423, 0.6817086935043335, 0.014806981198489666, 0.8995475172996521, 1.1279112100601196, 0.23418450355529785, 2.3874869346618652, 0.7570780515670776, 0.3152403235435486, 0.6382626295089722, 0.0, 0.0, 0.0, 0.0, 0.814597487449646, 0.10753333568572998, 0.0, 0.9096986651420593, 0.0, 0.05913934111595154, 0.01876036450266838, 0.1477378010749817, 0.44170746207237244, 0.0075141387060284615, 1.0451043844223022, 0.10513438284397125, 0.2569181025028229, 0.4976055324077606, 0.0, 0.30045774579048157, 0.20404569804668427, 0.0, 0.7157546877861023, 0.0, 0.0024641631171107292, 0.06965100765228271, 0.11763554811477661, 0.5421485304832458, 0.47359105944633484, 0.0, 0.10621146112680435, 0.0, 1.234947919845581, 0.13122490048408508, 0.0, 0.0, 0.7489379644393921, 0.34351232647895813, 0.0, 0.0, 0.26706963777542114, 0.16664187610149384, 0.003980760462582111, 0.9333871603012085, 0.0, 0.0, 0.021550845354795456, 0.7438520193099976, 0.019867371767759323, 0.6294887065887451, 0.45011278986930847, 0.3581840991973877, 0.0, 0.14767950773239136, 0.02260511741042137, 0.4277413487434387, 0.371816486120224, 0.0, 0.1909993290901184, 0.052828628569841385, 0.06600973755121231, 0.16679370403289795, 0.7268161177635193, 0.21125397086143494, 0.42964449524879456, 1.8611913919448853, 0.0, 0.11079701781272888, 0.0, 0.14993004500865936, 0.4981379508972168, 0.0, 0.41132012009620667, 1.7553802728652954, 1.1504651308059692, 0.8551834225654602, 0.05858609080314636, 0.37432751059532166, 0.06631416827440262, 0.022833166643977165, 1.5595102310180664, 0.29160958528518677, 1.137734055519104, 1.3845264911651611, 1.9308158159255981, 0.02057289332151413, 0.0, 0.6285730600357056, 0.4135977625846863, 0.0, 0.0, 0.04465411603450775, 1.8082175254821777, 0.0, 0.37469542026519775, 0.40111953020095825, 0.40015503764152527, 0.0, 0.3363524377346039, 0.33839958906173706, 0.0, 0.1258568912744522, 0.2308640033006668, 0.02190091647207737, 0.41637882590293884, 0.0, 0.9311566352844238, 0.2855799198150635, 0.3926508128643036, 0.6453185677528381, 0.2919057011604309, 1.0864468812942505, 1.3230655193328857, 0.0, 1.2253773212432861, 0.5008836388587952, 0.5939692258834839, 0.174347922205925, 0.04040476307272911, 0.11943264305591583, 0.1702345311641693, 1.5528621673583984, 0.9491965770721436, 2.170325994491577, 0.09713348001241684, 0.0502973273396492, 0.21185506880283356, 0.07382825762033463, 0.9964500665664673, 0.19417046010494232, 0.7147676944732666, 0.038450222462415695, 0.2796761989593506, 0.9018849730491638, 0.34804612398147583, 0.5258495807647705, 0.044756703078746796, 0.2878436744213104, 0.04683792218565941, 0.0, 0.6917402148246765, 0.007201204542070627, 0.16370177268981934, 0.9808753728866577, 0.0003978622262366116, 0.31178343296051025, 0.0, 0.0, 0.0, 0.15094518661499023, 0.15989023447036743, 0.48717227578163147, 0.1116664856672287, 0.0, 0.39012402296066284, 0.11585935950279236, 1.0901747941970825, 0.0035155743826180696, 0.20834606885910034, 0.16884028911590576, 1.107527256011963, 0.1989627182483673, 0.16069212555885315, 0.5699597597122192, 1.511572241783142, 3.835524559020996, 0.06871697306632996, 10.508879661560059, 0.0, 0.7313953042030334, 0.5003646016120911, 0.9014919996261597, 0.3379368185997009, 0.12552115321159363, 0.6656323671340942, 0.0, 0.7867993712425232, 0.3395701050758362, 2.8466620445251465, 0.8587124347686768, 0.07481951266527176, 0.2834164500236511, 0.6253729462623596, 0.1156250387430191, 0.46759507060050964, 0.00935821607708931, 0.010391989722847939, 0.2691853940486908, 0.29797348380088806, 0.003391081001609564, 0.07912200689315796, 0.035123202949762344, 0.076126828789711, 0.0, 0.5261421203613281, 0.0633927583694458, 0.1782764196395874, 0.2484148144721985, 0.5945367813110352, 0.2764609158039093, 0.7193743586540222, 2.172788619995117, 0.7969302535057068, 0.23724155128002167, 0.05316538363695145, 0.009447764605283737, 0.3593970835208893, 0.0, 0.661639928817749, 0.23764584958553314, 1.0844451189041138, 0.26362431049346924, 0.23247869312763214, 0.017395228147506714, 0.12977935373783112, 0.4631577432155609, 0.8511662483215332, 2.69034743309021, 0.6290588974952698, 2.4817378520965576, 0.06258341670036316, 0.30984196066856384, 0.18459947407245636, 0.6001742482185364, 0.946925699710846, 0.014969928190112114, 0.0005863150581717491, 0.043794017285108566, 0.9040576219558716, 1.3609930276870728, 0.16833579540252686, 0.0, 0.5894818902015686, 0.2609436511993408, 0.0, 0.0, 0.0, 0.28133395314216614, 0.4519636332988739, 0.21161437034606934, 0.4275025427341461, 3.035120964050293, 0.45026853680610657, 0.5195914506912231, 0.40270867943763733, 0.7280192971229553, 0.0991186574101448, 0.23440305888652802, 0.9226107001304626, 0.0, 0.20976988971233368, 0.3068995475769043, 0.15746533870697021, 0.0, 0.0676463171839714, 0.991894006729126, 0.16782119870185852, 0.12771445512771606, 0.9820506572723389, 0.1395789384841919, 0.024039488285779953, 2.4376022815704346, 0.6133309006690979, 0.017230264842510223, 0.24619102478027344, 0.14782172441482544, 0.0, 0.05729888752102852, 0.0, 0.0, 1.573764443397522, 1.386970043182373, 3.2200543880462646, 0.030280517414212227, 0.0005770362331531942, 0.0, 1.1083848476409912, 0.42912861704826355, 0.30042770504951477, 0.022620683535933495, 0.11004176735877991, 1.4484803676605225, 0.026262594386935234, 0.09919153153896332, 0.06789495050907135, 0.29491880536079407, 0.276065468788147, 0.266019731760025, 0.22799159586429596, 3.497560739517212, 1.1295793056488037, 0.3686060607433319, 0.19352948665618896, 0.11695022881031036, 0.0, 0.49795034527778625, 0.014307012781500816, 0.9402705430984497, 0.0, 0.0, 0.5530381798744202, 0.28045448660850525, 0.056721627712249756, 0.022757481783628464, 0.036725256592035294, 0.06549521535634995, 0.0, 0.15421928465366364, 0.47275492548942566, 0.0961930975317955, 0.8916850686073303, 0.38732412457466125, 0.3344883918762207, 1.716825246810913, 0.14995230734348297, 0.08587759733200073, 1.0546079874038696, 0.8421711325645447, 0.3526145815849304, 0.36278802156448364, 0.5295552611351013, 0.5043306350708008, 0.07233031094074249, 0.5862869024276733, 0.08670277148485184, 0.07081156224012375, 0.0, 0.6791741251945496, 0.001110490527935326, 0.05540410801768303, 0.14147579669952393, 0.03894932568073273, 1.1838154792785645, 0.7541916370391846, 0.5448196530342102, 0.0, 0.25994786620140076, 0.5490120649337769, 0.04888055846095085, 0.0, 0.0001764784101396799, 0.349016934633255, 0.28928878903388977, 1.07309091091156, 0.03731927275657654, 2.740011692047119, 0.08682788163423538, 0.7091296315193176, 0.8058837652206421, 1.196254849433899, 1.1138179302215576, 3.4633216857910156, 0.21695612370967865, 0.0376996248960495, 0.9097192883491516, 1.1226258277893066, 1.4406479597091675, 0.5694317817687988, 0.07112108170986176, 2.856346368789673, 0.03008359856903553, 0.19914504885673523, 0.41688525676727295, 0.4118373394012451, 0.07056178897619247, 0.20404309034347534, 0.6255102157592773, 0.016769498586654663, 0.044428750872612, 0.0, 1.1986572742462158, 0.5673914551734924, 2.150102376937866, 0.1841835081577301, 0.06338876485824585, 0.3606100380420685, 0.11051250249147415, 0.739093005657196, 1.053220272064209, 0.022377563640475273, 1.0647410154342651, 0.010873602703213692, 1.0206971168518066, 0.14742426574230194, 0.04172343760728836, 0.11703808605670929, 0.4569575786590576, 0.11711171269416809, 0.007577336393296719, 0.15251314640045166, 0.0, 2.8637819290161133, 0.30116432905197144]",Testing/glioma_tumor/image(61).jpg
"[1.2553226947784424, 0.35209667682647705, 0.0, 1.604961633682251, 2.5238993167877197, 0.6025529503822327, 2.5415706634521484, 0.0, 0.7256451845169067, 0.0, 0.0, 0.012880738824605942, 0.0959203690290451, 1.2431203126907349, 0.0, 0.0, 0.031931716948747635, 0.056995149701833725, 0.581432580947876, 0.12688791751861572, 0.2740860879421234, 0.4626735746860504, 0.32179492712020874, 0.18712830543518066, 0.4532395899295807, 1.3995118141174316, 0.9699500799179077, 0.0014132577925920486, 0.0011528413742780685, 0.0546472892165184, 0.266095906496048, 0.0, 0.4188082218170166, 0.47463369369506836, 0.6250205636024475, 0.737719714641571, 0.0, 0.34245651960372925, 0.0014500959077849984, 0.07464676350355148, 0.6816474199295044, 1.945671558380127, 0.0, 0.006487970240414143, 0.04691995307803154, 0.0, 0.0, 0.0, 0.0, 2.0902788639068604, 0.13634271919727325, 0.47720956802368164, 1.7895275354385376, 0.08467928320169449, 2.275527000427246, 3.154616594314575, 0.22147591412067413, 0.6376863121986389, 0.5732801556587219, 0.0, 0.197311133146286, 0.9032018184661865, 0.21238605678081512, 2.16549015045166, 0.02925586700439453, 0.4482806324958801, 0.34183841943740845, 0.28484463691711426, 0.45314332842826843, 0.4423302114009857, 0.0, 0.012241565622389317, 0.037575848400592804, 3.3500072956085205, 0.01375470869243145, 0.10987980663776398, 2.094407320022583, 0.015096615999937057, 0.0, 0.018234942108392715, 0.0, 0.9310234189033508, 0.28398752212524414, 0.10991425067186356, 0.23025722801685333, 0.2202964723110199, 1.4244444370269775, 0.11692822724580765, 0.0, 1.9626227617263794, 0.6192694902420044, 0.0393558070063591, 0.03606341406702995, 0.38140007853507996, 0.030104825273156166, 0.0, 0.0, 0.008381407707929611, 0.08998022228479385, 0.10427363961935043, 1.2490495443344116, 2.142003059387207, 0.03559480980038643, 0.0, 5.5601935386657715, 0.298675000667572, 0.1464623212814331, 0.4668872356414795, 0.3094742000102997, 1.448043704032898, 0.0, 0.19718575477600098, 0.4474884271621704, 0.058665841817855835, 0.004999836906790733, 0.04178382456302643, 0.0, 0.5484355092048645, 0.1515713781118393, 0.02225976623594761, 0.019552340731024742, 0.0, 0.0, 0.1832924634218216, 0.25340598821640015, 2.0926907062530518, 0.1628407984972, 0.17765890061855316, 0.7479003071784973, 0.00043443270260468125, 0.00728294812142849, 1.6484454870224, 0.8825194835662842, 0.05551541596651077, 0.22520355880260468, 0.09322012960910797, 0.5712427496910095, 0.0, 0.05201330780982971, 0.06874018162488937, 0.19086159765720367, 0.02496374398469925, 0.054070357233285904, 0.22598668932914734, 0.0, 0.008088323287665844, 0.47106602787971497, 1.9011150598526, 0.03273042291402817, 0.11848554015159607, 2.8901455402374268, 0.6396525502204895, 1.6455007791519165, 0.2089053988456726, 0.018379932269454002, 2.9234158992767334, 0.0, 0.3959830105304718, 2.1444358825683594, 0.045333292335271835, 0.0, 0.05037280172109604, 0.0019807524513453245, 0.0, 0.07223813235759735, 0.07383210957050323, 0.9574870467185974, 0.4732953608036041, 0.08828110247850418, 5.488185405731201, 2.617936372756958, 0.0, 0.0, 0.05001497641205788, 0.6471372842788696, 0.7086453437805176, 0.0, 0.31245386600494385, 0.9552568793296814, 0.4947351813316345, 0.45785877108573914, 0.08146877586841583, 0.0035749308299273252, 0.7182831168174744, 0.023046961054205894, 0.06008502468466759, 0.35006433725357056, 1.1314274072647095, 0.4263324439525604, 0.0, 0.027794644236564636, 0.012532243505120277, 0.03378063440322876, 0.2130662500858307, 0.0, 0.7044286131858826, 1.1257294416427612, 0.6571044921875, 0.0, 0.06764120608568192, 0.21624621748924255, 0.0, 0.9998252391815186, 0.010279183275997639, 0.7199882864952087, 1.230553150177002, 0.4768289029598236, 0.047008614987134933, 0.4316639304161072, 2.089369773864746, 0.25294092297554016, 0.36013802886009216, 0.0, 1.1590772867202759, 0.02690083160996437, 2.2991039752960205, 0.8470664620399475, 0.4110415577888489, 0.2903965413570404, 0.020529698580503464, 1.42986261844635, 0.06748654693365097, 3.280160665512085, 0.541348934173584, 0.0, 3.3769161701202393, 0.0, 0.13638421893119812, 2.3272922039031982, 0.21421658992767334, 1.6553435325622559, 0.09291820228099823, 0.9432945847511292, 0.11949466913938522, 0.3364676535129547, 0.4140973389148712, 0.517792284488678, 0.023450642824172974, 0.03549289330840111, 0.4388939142227173, 0.06027740240097046, 1.8691178560256958, 0.9390921592712402, 0.0051182946190238, 0.0048522367142140865, 0.02420908585190773, 0.449878990650177, 1.4002532958984375, 0.6251353621482849, 1.3903486728668213, 0.01172187365591526, 0.14663663506507874, 1.4251623153686523, 0.016987444832921028, 1.2319211959838867, 0.3113858997821808, 1.1409473419189453, 0.3266880512237549, 0.10298404097557068, 0.9280405044555664, 0.0, 0.0, 0.17966429889202118, 0.11764005571603775, 0.08419827371835709, 0.1805613785982132, 1.0244718790054321, 0.005912377033382654, 0.004517482127994299, 0.0, 0.4579547047615051, 0.0, 1.658024549484253, 0.016548989340662956, 2.3244729042053223, 0.0, 0.05008929222822189, 0.4521545469760895, 0.21777968108654022, 0.0, 2.391573905944824, 2.5365378856658936, 0.397271990776062, 0.5091654658317566, 0.45815375447273254, 0.9998106956481934, 0.6798266172409058, 0.7610624432563782, 0.30661270022392273, 0.1819278746843338, 0.012552495114505291, 0.10502414405345917, 0.0, 0.6107664108276367, 0.134987935423851, 0.6167417764663696, 0.01596646197140217, 0.0019954589661210775, 0.6568961143493652, 0.0, 0.058714963495731354, 0.022042356431484222, 2.5751852989196777, 0.012981838546693325, 1.1641255617141724, 0.3368401825428009, 0.06339307874441147, 0.25963515043258667, 0.042318206280469894, 0.0002971230715047568, 0.9715344905853271, 1.3867567777633667, 0.15502770245075226, 0.6047963500022888, 0.7220786213874817, 0.2716289162635803, 0.678369402885437, 0.0, 0.0, 0.5102648138999939, 0.49345535039901733, 0.5709142684936523, 1.5554403066635132, 0.48555803298950195, 0.0, 0.0, 0.040945302695035934, 0.21085798740386963, 0.04406527057290077, 0.49636951088905334, 0.5618171095848083, 0.04879828914999962, 1.6095409393310547, 0.0, 0.07579667121171951, 0.05121590197086334, 0.8213581442832947, 1.3054072856903076, 2.6147005558013916, 0.267575204372406, 0.06901343166828156, 0.4012206792831421, 0.21792452037334442, 0.00109151192009449, 0.0, 0.0405464693903923, 0.0041517820209264755, 0.08894754201173782, 0.06653538346290588, 0.015369920991361141, 0.0, 0.391648530960083, 0.8392896056175232, 0.030555207282304764, 0.08803058415651321, 0.008504677563905716, 1.9002079963684082, 0.2871060371398926, 0.016596024855971336, 0.04137040674686432, 0.0, 0.08052924275398254, 0.05206890404224396, 0.3078644573688507, 0.04468775913119316, 2.5160248279571533, 0.49532550573349, 0.0, 2.305567502975464, 0.41001570224761963, 0.07664193212985992, 0.6713566780090332, 1.902348518371582, 0.6454244256019592, 0.030917681753635406, 0.044408198446035385, 0.666821300983429, 0.9842280149459839, 0.06813999265432358, 0.040917232632637024, 0.002385664964094758, 0.043709512799978256, 0.0, 0.0, 2.1608104705810547, 0.6849133968353271, 1.164584994316101, 0.12233743816614151, 0.0653839185833931, 1.3673168420791626, 0.0, 0.14644038677215576, 0.3581770360469818, 0.0, 0.07658708095550537, 5.172969818115234, 0.0, 2.7276816368103027, 1.0509531497955322, 0.04413802921772003, 0.0, 0.000300412270007655, 0.0, 0.003259318182244897, 0.3342863619327545, 3.7173855304718018, 0.44144415855407715, 0.002415749477222562, 0.0, 0.46963030099868774, 0.04976890608668327, 0.0, 0.0, 0.14909031987190247, 0.08368011564016342, 0.09050803631544113, 0.07244135439395905, 0.1126527413725853, 0.2866034507751465, 0.11137553304433823, 0.08596768975257874, 0.04541656747460365, 0.030274154618382454, 2.4026029109954834, 0.0, 0.0, 0.0037118366453796625, 0.02452978864312172, 0.0035061934031546116, 0.02804003469645977, 1.2432748079299927, 0.27000269293785095, 0.23080654442310333, 0.3029494285583496, 0.0, 0.7538551688194275, 0.0, 5.756552696228027, 0.37416568398475647, 0.0, 0.0, 0.0, 0.12393058091402054, 0.027759352698922157, 0.33187374472618103, 0.005447241943329573, 0.0, 0.0, 0.10138735175132751, 0.055792778730392456, 0.07905133813619614, 0.45080098509788513, 0.09802750498056412, 0.42952680587768555, 0.019563838839530945, 0.06183478236198425, 0.3282499611377716, 0.0, 0.012985818088054657, 1.207415223121643, 0.037420935928821564, 2.059540033340454, 0.7425298690795898, 0.04645135626196861, 0.0017422388773411512, 0.17758631706237793, 0.2786672115325928, 0.13475358486175537, 0.20452402532100677, 0.13955684006214142, 0.19851385056972504, 0.07056429237127304, 0.1399112194776535, 2.236473321914673, 0.12320220470428467, 0.008634226396679878, 0.14575044810771942, 0.1402241438627243, 0.026763860136270523, 0.7857861518859863, 0.0, 0.05216223746538162, 0.7510625123977661, 1.1538101434707642, 0.11036195605993271, 0.045050594955682755, 0.0, 0.03574018180370331, 0.43100792169570923, 0.12360168993473053, 0.026009894907474518, 4.263902187347412, 1.39881432056427, 0.005908348131924868, 1.7709771394729614, 0.30277660489082336, 0.3184966444969177, 0.6982861757278442, 1.1094987392425537, 0.38499361276626587, 0.0, 0.7791615128517151, 0.0, 2.6905057430267334, 0.5606769323348999, 0.4765413999557495, 1.1847659349441528, 0.48185479640960693, 0.6002776622772217, 0.038591451942920685, 4.9447527999291196e-05, 0.2777881920337677, 0.6438689827919006, 1.014593243598938, 0.3287697732448578, 0.030852200463414192, 0.21252313256263733, 0.6160768270492554, 0.05680933594703674, 0.03324824571609497, 0.2551484704017639, 0.5458534955978394, 0.11310034245252609, 0.1988527923822403, 0.0, 0.7043541073799133, 0.0, 0.0, 0.3183591365814209, 1.2013769149780273, 0.18090403079986572, 2.205075740814209, 0.0665113553404808, 1.1081463098526, 0.2384788542985916, 0.14911992847919464, 2.6682376861572266, 0.535517156124115, 0.0, 0.331389844417572, 0.33373919129371643, 0.0, 0.2403901368379593, 0.507759690284729, 0.09518349915742874, 1.8880407810211182, 0.16709017753601074, 0.04491838067770004, 0.08989427238702774, 0.0, 0.6297556161880493, 0.014174704439938068, 0.12385931611061096, 0.20653599500656128, 1.5320478677749634, 1.1696033477783203, 0.369249552488327, 0.001655992236919701, 0.6948956847190857, 0.003865825943648815, 2.659615993499756, 1.0992604494094849, 0.8570387959480286, 0.0013555142795667052, 0.02517346292734146, 0.17813840508460999, 2.5838818550109863, 0.18034924566745758, 1.1877068281173706, 0.048733022063970566, 0.33917829394340515, 0.0701044574379921, 0.5408695340156555, 0.7437918782234192, 0.24860358238220215, 0.7607250809669495, 0.0, 0.31760090589523315, 0.1391618251800537, 0.00878704059869051, 0.022965071722865105, 0.07723208516836166, 0.006925101391971111, 0.11746209859848022, 0.20904146134853363, 0.0, 0.0, 0.00020078006491530687, 0.12518540024757385, 0.0, 0.004918132442981005, 0.9554236531257629, 1.1059116125106812, 0.08456283062696457, 0.16749873757362366, 0.018317587673664093, 1.1972134113311768, 0.1623186618089676, 0.1061343178153038, 0.06192758306860924, 0.42356985807418823, 1.6220335960388184, 1.760886549949646, 1.7336539030075073, 0.5146629810333252, 1.050636887550354, 1.4975981712341309, 0.24345538020133972, 0.24312171339988708, 1.616553783416748, 0.07389158755540848, 0.0, 0.6143834590911865, 0.5501161813735962, 0.035130467265844345, 0.0, 0.0, 0.2289411574602127, 0.0, 1.4204386472702026, 0.021789953112602234, 0.1346820890903473, 0.32636207342147827, 1.8969203233718872, 1.707858681678772, 0.10571568459272385, 0.3461991548538208, 0.49051433801651, 0.0, 0.334125280380249, 0.08362746983766556, 0.0, 0.14059707522392273, 0.09268083423376083, 0.03292752429842949, 0.0, 0.2822461724281311, 0.007338105235248804, 0.3766808807849884, 0.0, 0.48988646268844604, 0.021843232214450836, 1.380387306213379, 0.12348221987485886, 0.0, 1.4008890390396118, 1.1820441484451294, 0.0738893449306488, 0.06719594448804855, 0.0, 1.6059751510620117, 0.4024977385997772, 0.022657068446278572, 0.0, 5.248048305511475, 0.026006760075688362, 0.29246512055397034, 4.002481460571289, 0.2702772319316864, 0.10982953011989594, 1.2252155542373657, 0.0, 0.545662522315979, 0.2741740942001343, 1.4030609130859375, 0.3366958200931549, 2.7333824634552, 0.0, 0.0, 0.03552940487861633, 0.26760029792785645, 0.24795804917812347, 0.0, 0.7374611496925354, 0.0, 0.19278676807880402, 0.06181640177965164, 0.0, 0.14243444800376892, 1.2462350130081177, 1.6203802824020386, 0.3990122079849243, 0.0, 0.07309474796056747, 0.17314650118350983, 0.0, 0.0, 0.22461237013339996, 1.0012953281402588, 0.01199102122336626, 0.0, 0.0, 0.0, 0.0652746930718422, 0.0, 0.0, 0.5549242496490479, 0.509537935256958, 0.0006067850044928491, 0.031843096017837524, 0.181002676486969, 0.011884372681379318, 0.4450009763240814, 0.5726286172866821, 0.08407566696405411, 0.20717594027519226, 0.0, 0.9833796620368958, 0.30483248829841614, 0.012960998341441154, 2.3559587001800537, 0.08296088874340057, 0.6775725483894348, 0.020494787022471428, 0.32143327593803406, 0.0021874222438782454, 0.6549758315086365, 0.009553381241858006, 0.021349376067519188, 0.0, 0.16515587270259857, 1.5329437255859375, 1.3508418798446655, 0.18875879049301147, 0.043861351907253265, 1.7630375623703003, 2.053814649581909, 0.10042208433151245, 0.07927349954843521, 0.0, 0.8383748531341553, 0.35575181245803833, 1.4703125953674316, 0.38317447900772095, 3.480491876602173, 0.06159764900803566, 0.4049762785434723, 0.12202339619398117, 1.839280128479004, 0.08609810471534729, 0.05785821005702019, 0.08788149803876877, 1.7310973405838013, 0.9794506430625916, 0.08786347508430481, 1.2334619760513306, 0.0, 0.0, 0.22351813316345215, 0.19630254805088043, 3.102684259414673, 2.3957157135009766, 0.8658971786499023, 0.0, 0.0, 0.02676980383694172, 1.2667982578277588, 0.013677645474672318, 0.18145817518234253, 0.41793832182884216, 2.773453950881958, 0.45565810799598694, 0.9935249090194702, 0.2286907136440277, 0.4283885657787323, 1.181405782699585, 0.0546194352209568, 2.6321821212768555, 1.9408314228057861, 2.4006857872009277, 0.36711642146110535, 0.005322728771716356, 0.29893040657043457, 0.3791044056415558, 0.0791839212179184, 0.11710888892412186, 0.0, 0.1693289577960968, 2.588949203491211, 2.2364511489868164, 0.21205323934555054, 0.9485043883323669, 0.39054790139198303, 0.11870623379945755, 0.2405446171760559, 0.041146039962768555, 0.6881647706031799, 0.5819917917251587, 0.05677235871553421, 0.16171123087406158, 0.32268500328063965, 0.709674596786499, 0.6109413504600525, 0.022688116878271103, 0.8406641483306885, 0.38540321588516235, 0.03928540274500847, 0.0, 0.24909727275371552, 0.07355962693691254, 0.032025501132011414, 0.0, 0.32775136828422546, 0.3077658414840698, 0.5180508494377136, 0.0, 3.797853946685791, 2.0736961364746094, 1.5671626329421997, 0.3817896246910095, 0.0555894635617733, 0.22212164103984833, 0.7471691966056824, 0.0, 0.8740226626396179, 0.024383988231420517, 0.47927892208099365, 0.8512000441551208, 0.8297933340072632, 0.03717780485749245, 0.07106073945760727, 0.07396756112575531, 2.5109469890594482, 0.054615940898656845, 0.29536187648773193, 0.8817362189292908, 0.027231203392148018, 0.0, 0.0, 1.419880747795105, 0.7089592218399048, 0.025829773396253586, 0.0034406038466840982, 0.8052664995193481, 1.0281455516815186, 0.8028025031089783, 0.0, 0.0, 0.0, 0.6016342639923096, 0.0013078718911856413, 0.006665259134024382, 0.20391881465911865, 2.552263021469116, 1.8855316638946533, 0.07934388518333435, 0.8894286155700684, 0.0, 0.0, 0.01494201086461544, 0.0, 0.11378326267004013, 0.7907325625419617, 0.21509864926338196, 0.11312710493803024, 0.44289281964302063, 0.008320195600390434, 0.033937688916921616, 0.30456387996673584, 0.3000898063182831, 0.02750212326645851, 0.08019624650478363, 0.28726840019226074, 0.0, 0.22162120044231415, 0.9074208736419678, 0.8074946403503418, 0.09644844383001328, 0.015736540779471397, 5.364683151245117, 0.18090055882930756, 0.0, 0.16392174363136292, 0.3412291407585144, 1.5245906114578247, 0.9939656853675842, 0.6431890726089478, 1.4005446434020996, 1.7025785446166992, 0.04817161709070206, 0.012492552399635315, 3.266716718673706, 1.5138822793960571, 0.0, 0.5823277831077576, 0.17015087604522705, 0.11949200183153152, 2.834284543991089, 0.9513196349143982, 0.09938177466392517, 0.0, 0.19053445756435394, 0.39785829186439514, 0.008470861241221428, 0.1459120512008667, 0.0, 0.0017777656903490424, 0.0, 0.07179132848978043, 0.9066467881202698, 0.02521124854683876, 0.6028037667274475, 0.035769023001194, 0.0, 4.207651615142822, 0.00781759899109602, 0.0016211173497140408, 1.7579764127731323, 1.010183572769165, 0.16833189129829407, 1.3766292333602905, 0.09656426310539246, 1.18341064453125, 0.23191778361797333, 0.37101566791534424, 0.46559756994247437, 1.0051246881484985, 0.05493944510817528, 0.7767517566680908, 0.0, 0.04278191179037094, 0.06531573086977005, 0.016314618289470673, 1.00040602684021, 1.0810624361038208, 0.0883280411362648, 0.6619654893875122, 0.8831309676170349, 2.028991937637329, 0.0, 0.024203715845942497, 0.5907416939735413, 0.7235161662101746, 0.0, 0.008854549378156662, 1.196990966796875, 0.19382579624652863, 0.36090898513793945, 0.03771165385842323, 0.0003396978136152029, 0.4589707553386688, 0.80073082447052, 0.0012591882841661572, 0.31236422061920166, 0.0, 0.16997434198856354, 0.0, 0.2192738652229309, 0.2779076099395752, 0.41270190477371216, 0.0, 0.04204365238547325, 0.010982883162796497, 0.044782448559999466, 0.2672516107559204, 0.1547762155532837, 0.4087294042110443, 0.16934604942798615, 0.0, 0.6284026503562927, 0.0, 0.017737137153744698, 0.03761475905776024, 1.1055494546890259, 0.27110645174980164, 1.1780719757080078, 0.02168201468884945, 0.4839474558830261, 0.2831799387931824, 0.0, 0.004789074882864952, 0.19387659430503845, 1.3830245733261108, 1.7492003440856934, 0.0, 0.011514469049870968, 0.3284139335155487, 0.0, 0.14329111576080322, 0.005569749977439642, 0.25452229380607605, 2.482067108154297, 0.34550872445106506, 0.29018905758857727, 0.7768861651420593, 0.0, 0.0, 0.3012770414352417, 0.66363126039505, 0.07958101481199265, 0.14149197936058044, 0.3332080841064453, 0.5175575613975525, 0.05662790685892105, 0.024194542318582535, 0.1429152935743332, 0.24009789526462555, 0.2554381489753723, 0.061920978128910065, 0.02920559048652649, 0.32740604877471924, 0.0, 0.29496073722839355, 0.32278767228126526, 4.252871036529541, 0.1816345453262329, 0.2738388776779175, 1.450531005859375, 0.08030984550714493, 0.23201921582221985, 0.010128268972039223, 0.15675419569015503, 0.40037545561790466, 0.41733604669570923, 0.12504826486110687, 0.0, 0.10797549039125443, 0.10239803791046143, 0.19659405946731567, 2.2621822357177734, 0.10334107279777527, 0.038951728492975235, 0.0, 0.07153597474098206, 0.28081464767456055, 0.788916289806366, 0.2290736585855484, 0.09969723224639893, 0.01529564056545496, 1.1131455898284912, 0.09705623239278793, 0.04030371829867363, 0.5697240829467773, 1.1157057285308838, 0.05375044047832489, 0.04829573258757591, 0.07405123859643936, 0.0673157125711441, 0.1597999483346939, 0.0, 0.44458842277526855, 0.0, 1.529847264289856, 0.20838309824466705, 0.0, 0.018487395718693733, 0.2807942032814026, 0.3829113841056824, 0.41161197423934937, 0.17828533053398132, 0.011200085282325745, 0.17010924220085144, 0.05338297411799431, 0.04471578821539879, 0.008292385376989841, 0.0, 0.522602379322052, 0.614529013633728, 0.0, 0.6093310713768005, 0.1140444427728653, 0.10645407438278198, 0.3802860677242279, 0.26161012053489685, 0.05588429793715477, 0.02784648723900318, 0.20894494652748108, 0.7964333295822144, 0.0, 1.0759817361831665, 0.033375781029462814, 1.1738210916519165, 0.12133657932281494, 0.48084574937820435, 0.003791648428887129, 0.6013282537460327, 0.0, 0.23218540847301483, 0.08728189766407013, 0.6759677529335022, 1.2556817531585693, 0.024823777377605438, 1.2243905067443848, 1.435280203819275, 0.02571236342191696, 1.084592580795288, 0.0, 2.51473331451416, 4.649186134338379, 0.046885713934898376, 0.2844966948032379, 0.0, 2.6355512142181396, 0.02315153367817402, 2.5665981769561768, 0.0, 0.09039526432752609, 0.0, 0.0, 0.2640290856361389, 0.0, 0.013905958272516727, 0.16648393869400024, 0.33747953176498413, 0.7369883060455322, 0.025787075981497765, 0.0781717449426651, 0.07442006468772888, 0.48498407006263733, 0.17531147599220276, 1.0168521404266357, 0.02086147479712963, 0.6133642792701721, 0.024519672617316246, 0.6531976461410522, 0.06694670021533966, 0.10027752816677094, 0.0, 0.13350456953048706, 0.03749310225248337, 1.6195168495178223, 0.4839678406715393, 1.103254795074463, 0.286758691072464, 0.09853196889162064, 0.03677743300795555, 0.20690950751304626, 0.7642386555671692, 0.11516224592924118, 0.35273477435112, 0.0, 0.9148785471916199, 0.024831615388393402, 0.841540515422821, 0.005713888444006443, 0.0, 0.27405837178230286, 0.15213143825531006, 0.1326383501291275, 0.398540735244751, 0.030022915452718735, 0.23346295952796936, 4.799147129058838, 0.0, 0.335523396730423, 0.0, 0.07886706292629242, 0.0, 0.04131864011287689, 0.05009371042251587, 0.5103167295455933, 0.07487180083990097, 0.1146739050745964, 0.2624172270298004, 0.9905577898025513, 0.00403292803093791, 0.3062002658843994, 0.21612372994422913, 0.019124895334243774, 0.008531482890248299, 0.0217572133988142, 0.017224222421646118, 0.00732322596013546, 0.5320689082145691, 0.02030785009264946, 0.039049360901117325, 0.201749786734581, 0.35137176513671875, 0.0, 1.0821796655654907, 0.27341189980506897, 0.06839606910943985, 0.14800429344177246, 0.6297049522399902, 0.06077176705002785, 0.15871606767177582, 0.365368515253067, 0.02619113214313984, 0.0, 0.2802123725414276, 0.1753782480955124, 0.018097952008247375, 0.12575189769268036, 0.0, 0.0, 0.010695559903979301, 0.30815017223358154, 0.44731009006500244, 0.08145330846309662, 0.07259706407785416, 3.2756900787353516, 0.09322485327720642, 0.3244556784629822, 0.0, 0.012731656432151794, 0.41651636362075806, 0.41225504875183105, 0.08364226669073105, 0.16309140622615814, 0.049916334450244904, 0.14679057896137238, 0.14459475874900818, 0.19215543568134308, 0.416289746761322, 0.010290498845279217, 0.0, 0.47866901755332947, 0.9644030332565308, 0.1789793223142624, 1.2927381992340088, 2.2426681518554688, 0.0, 0.0, 0.7851677536964417, 0.0, 0.32770663499832153, 0.0467943474650383, 0.15646980702877045, 0.04692694544792175, 0.1341238021850586, 0.6312106251716614, 0.025845607742667198, 0.08517483621835709, 2.3784589767456055, 0.0450621023774147, 1.1896662712097168, 0.27475112676620483, 0.9357675313949585, 0.7706139087677002, 0.024193111807107925, 0.0, 0.0, 0.0, 1.5618047714233398, 0.2334054857492447, 0.07482820749282837, 1.187016248703003, 0.019240083172917366, 0.4188176393508911, 0.3081584572792053, 0.20882263779640198, 0.09487397968769073, 0.2696049213409424, 1.2935738563537598, 0.24850814044475555, 0.018308984115719795, 0.22183147072792053, 0.0364723727107048, 0.015980765223503113, 0.22048117220401764, 0.279293954372406, 1.6543916463851929, 0.29949402809143066, 0.18321774899959564, 0.07342811673879623, 0.3206760585308075, 0.25659024715423584, 0.06380151212215424, 0.0, 0.06990521401166916, 0.08378076553344727, 0.21892833709716797, 0.0, 0.8333610892295837, 0.12163279205560684, 5.136669158935547, 0.042330753058195114, 0.14360003173351288, 0.22415632009506226, 0.006155137903988361, 1.274600625038147, 0.012058321386575699, 1.360926628112793, 0.6083599328994751, 0.0, 0.3398405909538269, 1.31966233253479, 0.24306191504001617, 0.13963860273361206, 0.24488402903079987, 0.17663277685642242, 0.014195451512932777, 0.06619453430175781, 0.048990774899721146, 0.0, 0.002329434733837843, 0.026262721046805382, 0.922919750213623, 0.0, 0.7432247996330261, 0.7199224233627319, 0.03390820696949959, 0.0, 0.014202015474438667, 0.0065749590285122395, 1.0447113513946533, 0.05993211641907692, 0.42742687463760376, 0.014351766556501389, 0.16147373616695404, 0.3629647195339203, 0.4319479465484619, 0.2824283838272095, 0.6512053608894348, 0.0, 0.23697388172149658, 0.0, 0.015320291742682457, 1.2157014608383179, 2.7242703437805176, 1.2959563732147217, 0.0, 0.3180307149887085, 0.0, 0.43691498041152954, 2.0183284282684326, 1.3589385747909546, 0.17126373946666718, 2.1643121242523193, 2.5731568336486816, 2.9677937030792236, 0.018612997606396675, 0.002087807282805443, 0.0284536425024271, 0.0, 0.0, 0.13656814396381378, 0.05887594819068909, 0.3702968657016754, 0.036126140505075455, 0.1202990859746933, 0.0, 1.523131251335144, 0.656731128692627, 0.04990752786397934, 0.02922791615128517, 0.15694457292556763, 0.19221045076847076, 0.3859540522098541, 0.6406053900718689, 0.12752722203731537, 0.11247220635414124, 0.0, 0.1193247139453888, 0.0, 4.237758636474609, 0.0, 0.10743720829486847, 0.040853098034858704, 0.5676910877227783, 1.328980565071106, 0.18793508410453796, 0.2885216176509857, 0.7058327198028564, 4.066380977630615, 0.0019133772002533078, 0.00526378583163023, 0.6746243834495544, 0.0, 0.0, 1.8739941120147705, 0.707793116569519, 0.0, 0.0, 0.0, 0.6263081431388855, 0.05752836912870407, 0.8920016288757324, 0.05659288167953491, 0.0, 0.14373964071273804, 0.8736963272094727, 2.0606045722961426, 0.21520042419433594, 2.4680001735687256, 1.41728675365448, 0.8908465504646301, 0.0, 0.0, 0.0, 4.809915542602539, 2.1440086364746094, 0.0989270731806755, 0.8445882201194763, 0.04097839444875717, 0.0, 0.22954291105270386, 0.169705331325531, 0.0, 0.006125761661678553, 0.05667779967188835, 0.0, 0.0, 0.0, 0.0, 0.07525497674942017, 0.0, 3.5224850177764893, 0.028065990656614304, 0.011958939954638481, 0.2665853798389435, 0.6952123045921326, 0.0, 0.7711932063102722, 0.1714623123407364, 0.0, 0.020684322342276573, 0.20320214331150055, 0.8870704770088196, 0.1865130066871643, 1.4721893072128296, 0.02269773557782173, 0.005368548911064863, 0.010134677402675152, 0.2125462144613266, 1.2270041704177856, 0.47100791335105896, 0.0040883165784180164, 0.5160060524940491, 0.4766943156719208, 0.0, 0.07188685983419418, 0.15379343926906586, 0.27949920296669006, 0.019844776019454002, 0.03242327645421028, 0.0, 0.0, 0.04321965575218201, 0.9487432241439819, 0.04852413758635521, 0.12250123918056488, 0.01839202269911766, 0.4794861674308777, 0.0, 0.025569899007678032, 0.0, 0.16877655684947968, 0.5891415476799011, 0.3620821237564087, 0.005465380847454071, 0.008020848967134953, 3.3870675563812256, 0.0, 0.04193408787250519, 0.015909425914287567, 0.07937800884246826, 0.05213027074933052, 0.1852247267961502, 0.04182104766368866, 0.21788406372070312, 0.0, 0.011901437304913998, 0.23119820654392242, 0.0, 0.02762782759964466, 0.03211599960923195, 0.0, 0.0010446066735312343, 0.0, 0.5481069684028625, 0.07094951719045639, 1.59101402759552, 0.753502368927002, 0.0, 2.290750026702881, 0.015842268243432045, 1.9364780187606812, 0.653974175453186, 0.0, 0.08001614362001419, 0.13691793382167816, 1.9190306663513184, 0.0, 0.9620366096496582, 0.1286296844482422, 2.310062885284424, 0.4619917869567871, 0.9613403081893921, 0.05734286829829216, 0.06459779292345047, 0.4855879545211792, 0.01216022577136755, 0.2599780559539795, 0.008060132153332233, 0.22425402700901031, 0.1956680864095688, 0.01293384749442339, 0.8251288533210754, 0.0, 0.46432429552078247, 3.971257448196411, 0.010656741447746754, 1.0752346515655518, 0.058980923146009445, 0.0046942089684307575, 2.0042340755462646, 0.0, 0.0, 2.2128818035125732, 0.08547685295343399, 1.5550090074539185, 0.2858371436595917, 2.3696043491363525, 1.7534239292144775, 0.030650708824396133, 0.0, 0.1500905156135559, 2.3250572681427, 0.0, 0.011129169724881649, 1.863105297088623, 0.5017849802970886, 0.9634780287742615, 0.41110759973526, 0.4146006405353546, 0.7037642598152161, 0.2314581423997879, 1.2919061183929443, 0.008741597644984722, 0.0, 0.4334684908390045, 1.1626659631729126, 1.7464371919631958, 1.8290841579437256, 0.0005940150003880262, 0.040204282850027084, 0.4228527247905731, 0.6400623917579651, 3.714942455291748, 1.7397733926773071, 0.020136632025241852, 0.0, 0.48312318325042725, 0.13593578338623047, 0.0, 0.21906712651252747, 0.01933363825082779, 0.0, 0.47471800446510315, 0.274829626083374, 0.0, 0.01176146324723959, 0.15729886293411255, 0.060113243758678436, 0.25577816367149353, 0.14082051813602448, 0.13497912883758545, 2.416073799133301, 0.045167114585638046, 1.5902594327926636, 0.5133348703384399, 0.14493075013160706, 0.02741505205631256, 0.26596957445144653, 1.0605175495147705, 0.010151999071240425, 6.512345314025879, 1.0097919702529907, 0.11934729665517807, 0.010211985558271408, 0.13895046710968018, 0.16834291815757751, 0.7567456960678101, 0.10569005459547043, 0.8776708841323853, 0.24579481780529022, 1.0952882766723633, 0.25175732374191284, 0.004985497798770666, 0.0, 0.7064817547798157, 1.6497588157653809, 1.6972005367279053, 0.0, 0.009905104525387287, 0.25217777490615845, 0.0164520051330328, 0.3761875629425049, 0.08293978869915009, 0.12533779442310333, 0.0008831364684738219, 1.4161180257797241, 1.3061422109603882, 0.0, 0.0029493935871869326, 0.9963633418083191, 0.0, 0.7908293008804321, 0.12444812059402466, 1.1264855861663818, 0.0, 0.9296218752861023, 0.009412921033799648, 1.0726563930511475, 0.2887340188026428, 0.20034147799015045, 1.2042837142944336, 1.1323680877685547, 0.026931509375572205, 1.1441465616226196, 0.1831074357032776, 0.002996566239744425, 1.3925131559371948, 0.2943175137042999, 0.2827756106853485, 0.7898186445236206, 0.13892138004302979, 0.0, 3.6072444915771484, 0.0, 1.2185548543930054, 0.5990201234817505, 0.15348339080810547, 0.11176668852567673, 0.05662844702601433, 0.009582169353961945, 0.03766825795173645, 0.746895432472229, 0.00841227825731039, 0.4735821783542633, 0.9161905646324158, 1.0206044912338257, 0.5177976489067078, 0.4962541162967682, 0.3326165974140167, 0.06122943386435509, 0.5714206099510193, 0.0, 0.0014992367941886187, 0.0012060330482199788, 0.8149186968803406, 0.12121522426605225, 0.0, 0.0, 0.632304847240448, 0.06907995045185089, 0.21306051313877106, 1.0944045782089233, 1.019242286682129, 1.9392012357711792, 0.0002173355605918914, 0.5271949172019958, 0.3906809389591217, 0.0, 0.8301053047180176, 0.5255756974220276, 0.0, 1.7409911155700684, 0.25231096148490906, 0.05783041566610336, 2.1765296459198, 1.9858242273330688, 0.0, 0.0769924595952034, 0.03240811452269554, 0.0780293419957161, 0.20760786533355713, 0.013708630576729774, 0.0355016328394413, 0.01026257686316967, 0.0, 0.0478876531124115, 0.35396426916122437, 1.187908411026001, 0.0, 0.3679628074169159, 0.08198051154613495, 0.11388617008924484, 0.008962798863649368, 0.03039039671421051, 1.1207904815673828, 0.5373629927635193, 0.0, 0.05328111723065376, 0.021368565037846565, 0.22332654893398285, 0.679370641708374, 0.15382196009159088, 0.7167604565620422, 0.1534564048051834, 0.0, 0.09397964924573898, 0.3336140513420105, 0.2653088867664337, 0.1146973967552185, 0.0, 0.9943774342536926, 0.46221819519996643, 0.4224605858325958, 0.0, 0.19269290566444397, 0.1328350156545639, 0.6221944689750671, 0.0, 0.3379356563091278, 0.5742310285568237, 0.12134138494729996, 0.2086150050163269, 0.0040094805881381035, 0.6042730808258057, 0.08367299288511276, 0.940098226070404, 1.0148744583129883, 0.6177957057952881, 1.5984867811203003, 0.485449880361557, 0.0, 0.12990397214889526, 0.03741813078522682, 0.631700336933136, 0.07114055007696152, 0.24387970566749573, 0.0, 0.3588675558567047, 0.0, 0.9628982543945312, 0.19408857822418213, 0.0017515956424176693, 0.23761560022830963, 0.47680360078811646, 0.22225171327590942, 0.4312398433685303, 0.0, 0.22520610690116882, 0.0, 0.2013636827468872, 0.6995636224746704, 0.18760529160499573, 2.8215649127960205, 0.4399539828300476, 0.6896708011627197, 2.2967751026153564, 0.0, 0.01931685023009777, 0.43811991810798645, 0.03280279412865639, 0.9745880961418152, 0.0, 1.8840214014053345, 0.0, 0.0, 0.0, 0.4256754517555237, 0.0, 0.0, 0.30128225684165955, 0.0, 9.366444282932207e-05, 0.4874032139778137, 1.248775839805603, 0.0, 0.49021729826927185, 0.29425808787345886, 0.16530747711658478, 0.0, 0.29385754466056824, 0.007647475227713585, 0.0, 0.024213073775172234, 0.0, 0.33513081073760986, 0.0, 1.1771814823150635, 0.1304374486207962, 0.13760867714881897, 0.47499537467956543, 1.2539223432540894, 0.0, 0.24054057896137238, 0.03318957984447479, 0.0, 0.17398588359355927, 0.07836884260177612, 0.1025700643658638, 0.014494409784674644, 0.0, 0.6485249996185303, 0.608015775680542, 0.01169480849057436, 0.0, 0.12341874837875366, 0.052792876958847046, 1.5746606588363647, 0.0, 0.9310796856880188, 0.14798718690872192, 0.27650389075279236, 1.067236304283142, 0.043212126940488815, 1.4413437843322754, 0.17105230689048767, 0.09220568835735321, 0.02469441294670105, 0.0, 0.42722201347351074, 0.234975665807724, 0.045822251588106155, 0.0, 0.02009836584329605, 1.2195186614990234, 0.00980023667216301, 0.266306608915329, 0.0, 0.38454657793045044, 0.016607021912932396, 2.246283769607544, 0.03306847810745239, 0.0, 0.74566251039505, 0.05595352128148079, 0.7179010510444641, 0.0031867295037955046, 0.10424269735813141, 1.3341145515441895, 0.9600240588188171, 0.8139246106147766, 0.0, 0.29587990045547485, 1.3903417587280273, 2.7079131603240967, 0.0, 12.155404090881348, 0.0, 0.010690628550946712, 1.2431989908218384, 0.40154218673706055, 0.0003556961892172694, 0.10231923311948776, 0.49959254264831543, 0.2342165857553482, 0.0, 0.026615364477038383, 1.2952611446380615, 0.5167720317840576, 0.05682404339313507, 0.0, 0.26531490683555603, 0.09685156494379044, 0.28557443618774414, 0.08071843534708023, 0.9805350303649902, 0.8334399461746216, 0.05069718137383461, 0.41462868452072144, 0.30259135365486145, 0.033665064722299576, 0.3845328986644745, 0.13451823592185974, 0.7990379333496094, 1.1930732727050781, 0.055384449660778046, 0.33416858315467834, 0.3529161810874939, 0.237367182970047, 0.10087789595127106, 2.6441893577575684, 0.026171032339334488, 0.015738973394036293, 0.480979323387146, 0.008046349510550499, 0.3394785523414612, 0.652021586894989, 0.7059459090232849, 0.7858301401138306, 0.07243302464485168, 1.9396281242370605, 0.05627572908997536, 0.0, 0.48879560828208923, 0.09781494736671448, 0.19292111694812775, 1.0264201164245605, 0.13699786365032196, 2.575284957885742, 0.13074162602424622, 0.3995838463306427, 0.0, 0.16224455833435059, 0.5554768443107605, 0.044567856937646866, 0.08945557475090027, 0.10897836834192276, 1.3104147911071777, 0.8299851417541504, 0.6245036721229553, 0.0, 0.29386264085769653, 0.2739955186843872, 0.6666020750999451, 0.0, 0.0, 0.8887089490890503, 0.2761857807636261, 0.9244468808174133, 0.2513211667537689, 1.6127064228057861, 0.005372256506234407, 0.09932493418455124, 0.9777175188064575, 0.6132710576057434, 0.0, 0.8649109601974487, 0.0, 0.3886292576789856, 0.04317241907119751, 0.09465538710355759, 0.05491690710186958, 0.03991620987653732, 0.16946594417095184, 0.0, 0.04488716274499893, 0.0, 0.3445112407207489, 0.27223721146583557, 0.04560331255197525, 2.4795939922332764, 2.641573429107666, 0.0, 0.0, 0.2702963650226593, 0.058965448290109634, 0.0, 0.0, 0.0020633158273994923, 0.9358314871788025, 0.2641964256763458, 1.374470591545105, 0.006887294817715883, 0.6871871948242188, 0.06319291889667511, 0.44737663865089417, 0.0, 0.0, 0.03319358825683594, 0.4705426096916199, 0.4151855707168579, 0.033107347786426544, 0.5750705599784851, 0.0, 0.015097304247319698, 0.0, 0.10765696316957474, 0.000463996606413275, 1.2638006210327148, 0.6400458812713623, 1.5535625219345093, 0.5082741379737854, 0.6940410137176514, 0.4170645475387573, 0.9777207374572754, 0.03458276018500328, 0.0, 0.0047572096809744835, 0.0, 0.1463993489742279, 0.16767020523548126, 0.32004714012145996, 0.3279492259025574, 0.0684170126914978, 0.0, 0.392394095659256, 0.0, 0.48108237981796265, 0.08609072864055634, 1.2056423425674438, 0.5750455856323242, 0.44281718134880066, 2.312570333480835, 0.806904673576355, 0.01619560830295086, 0.3460046052932739, 0.6023271679878235, 0.732219934463501, 0.11899719387292862, 3.003664016723633, 1.5373886823654175, 0.0, 0.19473111629486084, 0.17930106818675995, 0.08490991592407227, 0.38451093435287476, 0.0346747450530529, 0.0, 0.1824086308479309, 0.21146394312381744, 0.43874219059944153, 2.8798317909240723, 0.4285845458507538, 0.09907545149326324, 0.0, 0.9273144602775574, 0.05345044285058975, 0.122638039290905, 0.10211414843797684, 0.12455574423074722, 0.06151800602674484, 0.04649589955806732, 0.5127472877502441, 0.0, 1.3277353048324585, 0.7528157234191895, 0.8223298788070679, 0.0, 2.0288350582122803, 0.0, 3.3952083587646484, 0.22182215750217438, 0.4397505819797516, 0.22756654024124146, 0.5062241554260254, 1.4077719449996948, 0.0, 0.004646603018045425, 0.0, 0.007557080592960119, 0.020030468702316284, 1.2106266021728516, 0.121466264128685, 0.4020656645298004, 0.5003851056098938, 0.908574640750885, 0.0, 0.08392272889614105, 0.0, 0.03540690243244171, 0.03231864050030708, 2.035604476928711, 0.0, 0.0, 0.05653619393706322, 0.0282654520124197, 0.0, 2.1566598415374756, 0.009537409991025925, 3.1007843017578125, 0.0, 0.13132791221141815, 0.02891235426068306, 0.0, 0.07788144052028656, 0.0029891266021877527, 0.20383881032466888, 1.122011661529541, 0.0, 0.037436824291944504, 5.4579668045043945, 0.7000747919082642]",Testing/glioma_tumor/image(4).jpg
"[0.6697211861610413, 0.09760928899049759, 0.0038738250732421875, 0.42761266231536865, 0.8835980296134949, 0.003307503182440996, 5.777379035949707, 0.004419648088514805, 0.03238702565431595, 0.015643125399947166, 0.07133271545171738, 0.03941184654831886, 0.10125993192195892, 1.8260142803192139, 0.3792576789855957, 0.0, 0.02412804216146469, 0.6601725220680237, 0.1988288015127182, 0.11224528402090073, 0.46686914563179016, 1.3770077228546143, 0.02759396843612194, 0.0, 0.5185590982437134, 0.14938734471797943, 1.5850350856781006, 0.4246385395526886, 0.05967186763882637, 0.32246384024620056, 0.25556501746177673, 0.5252288579940796, 0.10849158465862274, 0.577948272228241, 1.9067845344543457, 1.535773754119873, 0.09800087660551071, 0.0849819928407669, 0.45459631085395813, 0.10571733117103577, 2.339888572692871, 0.9580398797988892, 0.0, 0.40067726373672485, 0.16578075289726257, 0.0, 0.14124633371829987, 0.0, 0.0, 0.5419021248817444, 0.29598212242126465, 0.27394944429397583, 0.7120124697685242, 0.6413160562515259, 2.149104595184326, 2.004777193069458, 1.053452730178833, 0.058925073593854904, 0.4567977488040924, 0.07486733794212341, 0.49268287420272827, 0.8045119643211365, 1.2091482877731323, 1.6659611463546753, 0.14330218732357025, 0.152054101228714, 1.3205256462097168, 0.09890486299991608, 0.4641658365726471, 0.0997190997004509, 0.0937420129776001, 0.21889062225818634, 0.1519775390625, 1.8094956874847412, 0.2277909517288208, 0.28737157583236694, 1.4869415760040283, 0.23472122848033905, 0.0, 0.4642045199871063, 0.0, 0.1277303397655487, 0.7002220749855042, 0.8248467445373535, 2.8290600776672363, 0.07057411968708038, 4.278432846069336, 0.19322648644447327, 0.13659889996051788, 0.17314082384109497, 4.623689651489258, 1.0289411544799805, 0.2977728843688965, 0.5176898837089539, 0.49684587121009827, 0.2406139224767685, 0.08693491667509079, 0.17794698476791382, 0.22466038167476654, 0.5926730632781982, 1.137568712234497, 0.31379398703575134, 0.3804672658443451, 0.09923985600471497, 0.12239549309015274, 0.4370032846927643, 0.9423595070838928, 1.820326805114746, 0.11001481860876083, 0.6435735821723938, 0.7052496075630188, 0.030335085466504097, 0.7773221135139465, 0.033630527555942535, 0.16851024329662323, 0.09687325358390808, 0.041983507573604584, 0.2615056335926056, 0.33125633001327515, 0.532814621925354, 0.3157617151737213, 0.0338716022670269, 0.06395572423934937, 0.23347128927707672, 0.9255678057670593, 0.8976044654846191, 0.31572264432907104, 0.09949303418397903, 2.603050470352173, 0.0, 0.0, 0.9889813661575317, 0.16996610164642334, 0.0, 0.4457188844680786, 0.29831641912460327, 0.049935754388570786, 0.2530937194824219, 0.6582923531532288, 0.14528541266918182, 0.17849548161029816, 0.2819674611091614, 0.0, 0.18048177659511566, 0.0, 0.4365071654319763, 0.06345979869365692, 0.6982712745666504, 0.22535273432731628, 0.16446425020694733, 0.4361770451068878, 0.5194849967956543, 0.20313434302806854, 0.11121881008148193, 0.4974418580532074, 0.4523749053478241, 0.004780535586178303, 0.2162499576807022, 0.9285683035850525, 0.16402992606163025, 0.38898366689682007, 0.8778874278068542, 0.0, 0.025900796055793762, 0.07964284718036652, 0.7523091435432434, 0.7677050232887268, 0.5722192525863647, 0.21464966237545013, 6.2418036460876465, 1.0946248769760132, 0.008443403989076614, 0.014959311112761497, 0.8491525650024414, 0.9171137809753418, 0.08928318321704865, 0.2585744559764862, 1.5053058862686157, 0.14481452107429504, 0.8636894822120667, 0.017187030985951424, 0.10167425870895386, 0.11901310831308365, 0.044944461435079575, 0.6076396107673645, 1.0044928789138794, 0.2959137260913849, 0.19443252682685852, 0.3583720028400421, 0.004118009470403194, 0.040750522166490555, 0.2999454140663147, 0.039558038115501404, 0.1059979796409607, 0.04957747459411621, 0.5174399614334106, 0.06779304891824722, 0.31244224309921265, 0.06638851761817932, 0.0547463558614254, 0.6688106060028076, 0.3367844521999359, 0.7942773699760437, 0.0, 1.0121519565582275, 0.3533739447593689, 0.005908518563956022, 0.046490997076034546, 0.3162057101726532, 0.7581683397293091, 0.74322509765625, 1.3418930768966675, 0.03821200877428055, 0.9196724891662598, 0.20489177107810974, 0.19367237389087677, 0.5081470012664795, 0.1822046935558319, 0.42026808857917786, 0.22185999155044556, 0.1538725048303604, 0.029822176322340965, 1.1889139413833618, 0.21388785541057587, 0.000615874130744487, 1.121932864189148, 0.30640292167663574, 0.5453178882598877, 1.6923823356628418, 0.682486891746521, 1.062955379486084, 2.3277218341827393, 2.203369379043579, 1.5778700113296509, 2.312587261199951, 1.2863750457763672, 0.0, 0.6712201237678528, 0.18247991800308228, 0.20711934566497803, 1.0621298551559448, 0.03546789661049843, 0.6245456337928772, 0.4243525564670563, 0.2879543900489807, 0.2940709888935089, 0.8769826889038086, 1.296852469444275, 0.13826614618301392, 1.6778390407562256, 0.7602770924568176, 0.0027362327091395855, 0.6393736004829407, 0.05656316503882408, 0.5463027358055115, 2.6798837184906006, 0.2956758737564087, 4.571397304534912, 0.008345472626388073, 0.40222930908203125, 0.0, 0.2012324035167694, 0.051495570689439774, 0.16876041889190674, 0.0197736918926239, 0.0, 0.0, 0.026900121942162514, 0.038845181465148926, 0.3499142825603485, 0.13742989301681519, 1.2715177536010742, 0.681052565574646, 0.06556487828493118, 3.6259212493896484, 0.6373070478439331, 0.5477223992347717, 1.3354239463806152, 0.8602978587150574, 0.06392429023981094, 1.042576789855957, 0.402901828289032, 3.7609009742736816, 0.8327046036720276, 0.19289694726467133, 1.0585906505584717, 0.659362256526947, 0.5693607926368713, 0.011445201002061367, 0.0, 0.27553093433380127, 0.1022752970457077, 0.0, 0.3814796507358551, 0.15024758875370026, 2.4839189052581787, 0.007168362382799387, 0.6757063865661621, 0.8483244180679321, 0.5184080004692078, 0.02209579013288021, 0.24632348120212555, 5.173411846160889, 0.18272630870342255, 1.30975341796875, 0.9375351071357727, 0.05603519827127457, 0.09088310599327087, 0.009231304749846458, 1.2074108123779297, 0.07955092191696167, 0.8549036979675293, 0.4012677073478699, 0.23718106746673584, 0.4222508668899536, 0.09557873755693436, 0.449645459651947, 0.06164674833416939, 0.02756425365805626, 0.43007326126098633, 0.5642474293708801, 0.34894195199012756, 0.14763590693473816, 0.12390124797821045, 0.18873347342014313, 0.17637869715690613, 0.40315261483192444, 0.02301260083913803, 2.9407105445861816, 2.3263156414031982, 0.26865464448928833, 0.0965617448091507, 0.6218439340591431, 0.2937980592250824, 0.06408902257680893, 0.6128022074699402, 3.195134401321411, 0.45355138182640076, 1.092993140220642, 0.31278306245803833, 0.13392889499664307, 0.07878518849611282, 0.0, 0.1334046870470047, 0.0, 0.18939527869224548, 0.02589617855846882, 0.042203113436698914, 0.46793922781944275, 0.11992327868938446, 0.0036397490184754133, 0.6263608932495117, 0.22956350445747375, 0.0, 0.11065603047609329, 0.08525422215461731, 0.7539066672325134, 0.11633189022541046, 0.7021846175193787, 1.5225998163223267, 0.09027598798274994, 0.4736860692501068, 3.303414821624756, 0.18802763521671295, 0.15772603452205658, 0.357103556394577, 0.15256571769714355, 0.04321333393454552, 1.4613717794418335, 3.1780717372894287, 0.2641841471195221, 0.6882339715957642, 1.2530300617218018, 1.5752233266830444, 0.37254831194877625, 0.14863912761211395, 1.3440343141555786, 0.9136987924575806, 0.021939348429441452, 0.3796441853046417, 0.876489520072937, 0.004553966224193573, 0.055767372250556946, 0.27818018198013306, 0.470620334148407, 0.6436688899993896, 0.7199162244796753, 0.07725051045417786, 0.10252949595451355, 0.48519444465637207, 0.04776497930288315, 0.21999399363994598, 0.24943538010120392, 0.07724177837371826, 0.6104843020439148, 3.258962631225586, 0.20536905527114868, 2.1656417846679688, 0.09481461346149445, 0.46042752265930176, 0.8798200488090515, 0.0, 0.16800016164779663, 0.5317542552947998, 0.0, 2.6565616130828857, 0.06744580715894699, 0.2199687510728836, 1.8112874031066895, 1.4300628900527954, 0.0073051550425589085, 0.17149996757507324, 0.3936154842376709, 0.17156270146369934, 0.058114685118198395, 2.232837677001953, 0.0, 0.08407306671142578, 0.0, 0.18975047767162323, 0.234262153506279, 0.8634709715843201, 0.016104381531476974, 1.4230901002883911, 0.0, 0.2561548054218292, 0.37551307678222656, 0.6947060227394104, 0.3963620662689209, 1.2256100177764893, 0.562159538269043, 0.010398655198514462, 1.6541675329208374, 0.5212787985801697, 0.47494950890541077, 0.5608402490615845, 0.0, 1.7673503160476685, 0.45352810621261597, 0.3979637026786804, 0.17343758046627045, 0.07059621810913086, 0.19050824642181396, 0.7002084851264954, 0.8166285157203674, 0.19641520082950592, 0.19857706129550934, 1.0334303379058838, 0.38774189352989197, 2.3268024921417236, 0.39043256640434265, 0.23612646758556366, 0.24425247311592102, 0.0, 0.2387920618057251, 0.4049311578273773, 0.06782817095518112, 0.745137095451355, 0.44545629620552063, 2.0812320709228516, 0.47232601046562195, 2.065124034881592, 0.9784851670265198, 0.14059774577617645, 0.15083470940589905, 0.3357190489768982, 0.0, 0.30484262108802795, 0.2523065507411957, 0.06642819941043854, 0.2770780324935913, 0.3949563503265381, 1.269927740097046, 0.44485703110694885, 0.2591906785964966, 0.0, 0.2182283252477646, 0.2874738872051239, 0.0, 0.22464275360107422, 0.23698505759239197, 0.3559251129627228, 0.381102591753006, 0.24292722344398499, 0.0, 0.1364627331495285, 0.0, 0.02344859205186367, 0.1743415743112564, 0.45516663789749146, 1.7360472679138184, 1.4492803812026978, 0.10863672941923141, 0.03860684484243393, 0.5305238962173462, 0.07711589336395264, 0.621786892414093, 0.4498937129974365, 1.7948639392852783, 0.5449548363685608, 0.39662981033325195, 0.6320028305053711, 0.07566022127866745, 5.169362545013428, 0.10581907629966736, 0.555088996887207, 0.5685053467750549, 0.0, 0.16324947774410248, 0.02552281878888607, 0.09435895830392838, 0.003583282930776477, 0.2258906066417694, 0.5555816292762756, 1.4731318950653076, 0.6550944447517395, 2.4113426208496094, 0.059599291533231735, 0.15244002640247345, 0.21573778986930847, 0.0, 0.7878993153572083, 0.9164464473724365, 0.7298668026924133, 0.4776293635368347, 0.7300136089324951, 0.012043369002640247, 0.0, 0.5895690321922302, 1.691662073135376, 0.46626684069633484, 0.23896631598472595, 3.300708293914795, 3.2643017768859863, 0.11985588073730469, 0.13364742696285248, 3.481276512145996, 0.057420700788497925, 0.7042645812034607, 0.10974903404712677, 0.06926830112934113, 0.13550913333892822, 0.7146769762039185, 0.3149748742580414, 1.1244220733642578, 1.6935832500457764, 0.04081280156970024, 0.21131737530231476, 0.8229860663414001, 0.0, 0.39590615034103394, 1.0171093940734863, 0.22458870708942413, 0.1363387405872345, 0.386920303106308, 1.9847410917282104, 0.0028066635131835938, 0.0, 0.0368187353014946, 0.1281517744064331, 4.625713348388672, 0.17023096978664398, 0.47238004207611084, 0.08242456614971161, 0.0, 0.4536622166633606, 1.6319518089294434, 0.07037265598773956, 2.175262212753296, 0.43404048681259155, 2.6050429344177246, 0.5252623558044434, 2.5028934478759766, 0.16896648705005646, 0.04549204185605049, 0.7979637980461121, 0.2014043778181076, 0.3469238579273224, 0.6466715931892395, 0.028478551656007767, 4.474217891693115, 0.0, 0.5876293182373047, 0.038418062031269073, 0.042960137128829956, 0.9981951117515564, 0.5454353094100952, 0.004058224614709616, 0.28439822793006897, 0.0, 0.01709497720003128, 0.41452544927597046, 0.8451776504516602, 0.0, 0.8092755079269409, 0.02555248700082302, 0.17090803384780884, 0.052187781780958176, 0.0, 0.42638662457466125, 0.44287973642349243, 0.0, 2.8546969890594482, 1.1571576595306396, 0.0, 0.021604713052511215, 0.1453445702791214, 0.15136520564556122, 0.20333614945411682, 2.421015739440918, 0.020615197718143463, 0.15106673538684845, 0.6613286137580872, 1.3863829374313354, 0.0, 0.0005945064476691186, 0.0, 0.24859397113323212, 0.0, 1.8656342029571533, 0.2994346618652344, 0.07070352882146835, 1.9957716464996338, 0.561933696269989, 0.1614714413881302, 0.12364684045314789, 0.1709814816713333, 0.04900933429598808, 0.0, 0.11186360567808151, 0.19613565504550934, 2.1361706256866455, 0.011872564442455769, 0.023396208882331848, 0.04653940349817276, 0.0, 0.11438480019569397, 0.029499875381588936, 0.5259129405021667, 0.6258116960525513, 0.9371036887168884, 0.1422136276960373, 0.17183947563171387, 0.3813851773738861, 0.021059704944491386, 0.45181795954704285, 2.046854019165039, 0.47175002098083496, 0.5039792060852051, 0.0, 1.1282881498336792, 0.06007644161581993, 0.006573331542313099, 0.0, 2.1448659896850586, 0.059205591678619385, 0.4979371130466461, 0.0348360501229763, 0.3769579231739044, 0.03692486509680748, 0.6140179634094238, 0.16298991441726685, 0.16325253248214722, 0.7428291440010071, 1.478172779083252, 0.008561978116631508, 1.6446058750152588, 0.4118046164512634, 0.0, 2.593423366546631, 0.0, 0.008851654827594757, 0.300652414560318, 0.24071818590164185, 0.03146866708993912, 0.21050721406936646, 0.0, 0.025865549221634865, 0.24011212587356567, 2.504503011703491, 0.38308894634246826, 0.6818795204162598, 0.0, 0.3819524347782135, 3.4550416469573975, 0.4778144657611847, 0.034690987318754196, 0.023311138153076172, 0.1459156572818756, 0.38884463906288147, 0.21281221508979797, 0.0, 0.012608027085661888, 0.06568092107772827, 0.6347386240959167, 0.1664562076330185, 0.36452028155326843, 0.3213489353656769, 0.02500980719923973, 0.031507253646850586, 0.5082943439483643, 0.07999402284622192, 0.17840661108493805, 0.16614466905593872, 0.32124796509742737, 0.0, 1.1632529497146606, 1.5835798978805542, 0.9182853102684021, 0.2397008240222931, 1.9720579385757446, 0.45393791794776917, 0.278304785490036, 0.0, 0.04194566234946251, 0.05409427732229233, 0.37433701753616333, 0.0, 0.0010596197098493576, 0.0, 0.03665750473737717, 1.5447901487350464, 2.843086004257202, 0.10069620609283447, 0.09412657469511032, 3.2957210540771484, 1.4728419780731201, 0.024679359048604965, 0.3873359262943268, 1.7428417205810547, 0.08081156015396118, 0.601036787033081, 0.031337711960077286, 0.6083289980888367, 1.4174121618270874, 0.6433984637260437, 0.5339217782020569, 0.6150041818618774, 0.08504348993301392, 0.21224579215049744, 0.15453438460826874, 0.0, 0.9152133464813232, 1.4526340961456299, 0.11931145936250687, 0.024645492434501648, 0.36296576261520386, 0.0, 0.32461655139923096, 0.098501056432724, 0.24510034918785095, 0.32730382680892944, 0.2025456577539444, 0.0, 1.0369564294815063, 0.3481891453266144, 0.7159500122070312, 0.04716327413916588, 0.0537898875772953, 0.6593528985977173, 0.4783708155155182, 0.4262450039386749, 1.1714177131652832, 1.648937463760376, 0.0, 0.004895803984254599, 0.03201421722769737, 0.208984375, 0.6160169243812561, 0.7487983107566833, 0.11393670737743378, 0.19173477590084076, 0.03384692966938019, 0.5169772505760193, 1.165629506111145, 0.09470492601394653, 0.12651407718658447, 0.0, 0.9905337691307068, 0.24839958548545837, 0.3035726249217987, 2.2652080059051514, 0.5794283151626587, 0.014746223576366901, 1.029232144355774, 0.10825655609369278, 2.600743293762207, 0.0, 0.2548210322856903, 0.07541080564260483, 1.9291752576828003, 0.3792559504508972, 0.11378657072782516, 0.45930215716362, 0.7517772316932678, 2.024928092956543, 0.19783978164196014, 0.0, 0.002200236078351736, 0.20465722680091858, 0.0, 0.10386798530817032, 0.3777872920036316, 0.8677316904067993, 0.41014477610588074, 1.4080324172973633, 3.1751768589019775, 2.04974102973938, 0.21407513320446014, 0.055442843586206436, 0.6702766418457031, 0.054482392966747284, 2.135127067565918, 0.0, 2.6008687019348145, 0.1699143499135971, 3.68023681640625, 1.4631037712097168, 0.0, 0.3381431996822357, 0.0, 0.02600913681089878, 0.6129246354103088, 0.2844281494617462, 0.04046912491321564, 2.6490204334259033, 0.24311517179012299, 0.0, 0.0478895865380764, 1.1693120002746582, 0.38475775718688965, 0.7135244607925415, 0.1655309498310089, 0.6076681017875671, 1.0662281513214111, 1.9797000885009766, 0.04372681304812431, 0.01874285750091076, 0.06018054112792015, 0.45792391896247864, 0.0007554268231615424, 0.02590535208582878, 0.6385642290115356, 2.9714672565460205, 1.2608551979064941, 0.39764174818992615, 0.37124112248420715, 0.464600533246994, 0.28513962030410767, 0.855980396270752, 0.39202284812927246, 0.2862169146537781, 0.6527529358863831, 0.090408556163311, 0.007463566958904266, 0.07411747425794601, 0.06593567132949829, 0.08650890737771988, 0.29158011078834534, 0.7664611339569092, 0.5131052732467651, 0.5175865888595581, 0.3740213215351105, 0.3537534177303314, 1.1048072576522827, 0.609961211681366, 0.47684162855148315, 0.676029622554779, 0.05723448842763901, 4.560664653778076, 0.25050032138824463, 0.22135035693645477, 0.06564470380544662, 0.3257714509963989, 0.06328421086072922, 0.3873158395290375, 0.36889633536338806, 0.3200589716434479, 0.9592704176902771, 0.6709744334220886, 0.37346726655960083, 0.5514554977416992, 0.25565820932388306, 0.010638129897415638, 1.042345643043518, 0.0, 3.8210196495056152, 2.1340830326080322, 0.28876325488090515, 0.0870015025138855, 0.012847664766013622, 0.27952662110328674, 0.13526968657970428, 0.07198797166347504, 0.5593023300170898, 0.008018858730793, 0.5706011056900024, 0.5717493295669556, 0.10756418853998184, 0.5410571694374084, 0.04896518960595131, 0.5343132615089417, 0.1303205043077469, 0.6237313151359558, 4.148160457611084, 0.05648435279726982, 0.07285893708467484, 1.6814591884613037, 0.17282363772392273, 0.5181712508201599, 0.5590152144432068, 1.0680745840072632, 0.1849023848772049, 0.7819722890853882, 0.06070857122540474, 0.6922876834869385, 1.2024388313293457, 0.009130173362791538, 1.0698027610778809, 0.008794045075774193, 0.16080845892429352, 0.2293904721736908, 0.2215583324432373, 0.5025448799133301, 0.8539286255836487, 0.6651777029037476, 1.3802947998046875, 2.0790324211120605, 2.341470718383789, 0.0, 0.5169352293014526, 0.3026559054851532, 1.7589924335479736, 0.0, 0.23081371188163757, 0.4555341303348541, 0.02831871248781681, 0.14020781219005585, 0.04739101231098175, 0.0, 0.5998643636703491, 0.41581547260284424, 0.5185759663581848, 0.24326832592487335, 0.8047561645507812, 0.3333730101585388, 0.018436003476381302, 0.10314680635929108, 0.16961951553821564, 1.1273601055145264, 0.0, 1.542936086654663, 1.2650859355926514, 0.0, 0.11300379037857056, 0.009500023908913136, 0.4628799557685852, 3.096648931503296, 1.4450689554214478, 0.11505204439163208, 0.043423593044281006, 0.0, 0.11509406566619873, 1.6683151721954346, 1.0974620580673218, 1.7742406129837036, 0.40688222646713257, 0.30494287610054016, 0.18616226315498352, 0.0, 0.023856131359934807, 0.2906458377838135, 0.0, 0.109934963285923, 0.25031614303588867, 0.08948857337236404, 0.2280348688364029, 0.12285273522138596, 0.4570261538028717, 0.3189547061920166, 1.5317885875701904, 1.2170000076293945, 0.38191869854927063, 0.026725221425294876, 0.8738830089569092, 0.05944552272558212, 0.24615120887756348, 0.2956099510192871, 0.36237818002700806, 0.22295846045017242, 0.49353519082069397, 0.029570069164037704, 0.12711386382579803, 0.013422464951872826, 0.06009504571557045, 0.15114346146583557, 0.23919269442558289, 0.0641903355717659, 0.030115390196442604, 0.23621928691864014, 0.26463061571121216, 0.18311917781829834, 0.047423142939805984, 0.7557035088539124, 0.7839688658714294, 4.355020523071289, 0.5230453610420227, 1.1200385093688965, 0.9505448341369629, 0.06936515867710114, 0.2914247214794159, 0.16698569059371948, 1.2388311624526978, 2.4834706783294678, 0.22279715538024902, 0.1633053570985794, 0.14472785592079163, 0.29252228140830994, 0.024630887433886528, 0.08358113467693329, 0.4014943838119507, 0.21527181565761566, 0.10127874463796616, 0.7612063884735107, 0.2653554081916809, 0.14980784058570862, 0.0, 0.12128905951976776, 0.022699054330587387, 0.700700581073761, 0.017574232071638107, 0.7289556264877319, 0.16583392024040222, 0.37020736932754517, 0.01645185984671116, 0.5250964164733887, 1.0843381881713867, 0.004004532005637884, 0.024251246824860573, 0.0, 0.018752167001366615, 0.33027178049087524, 0.7278162240982056, 0.01663750782608986, 0.09639983624219894, 0.1192873939871788, 0.05283430591225624, 0.18847110867500305, 0.32313603162765503, 0.29905202984809875, 0.1592082530260086, 0.0, 0.10586117953062057, 0.7269846200942993, 0.3051185607910156, 0.040737926959991455, 0.07064641267061234, 1.6438435316085815, 0.1919752061367035, 0.6329733729362488, 0.4652042090892792, 0.16563554108142853, 0.07215432822704315, 0.0742606520652771, 0.9544842839241028, 0.06262684613466263, 2.265982151031494, 1.3343957662582397, 0.039955805987119675, 0.41478168964385986, 0.4196362793445587, 3.3605449199676514, 0.2603994309902191, 0.15180173516273499, 1.1878477334976196, 0.0, 0.10883145779371262, 0.2641189694404602, 0.21113784611225128, 0.035590771585702896, 1.8164159059524536, 0.734433650970459, 1.4121410846710205, 1.6008843183517456, 0.25009551644325256, 0.5522866249084473, 0.40316709876060486, 0.9122660756111145, 0.6067489385604858, 0.17988288402557373, 0.07258590310811996, 0.0, 0.9546989798545837, 0.18909631669521332, 2.507848024368286, 0.018914690241217613, 0.020126039162278175, 0.001456046593375504, 0.004751779604703188, 0.23163612186908722, 0.1091238334774971, 0.08039720356464386, 0.021525153890252113, 0.33934834599494934, 0.3457057476043701, 0.2855254113674164, 1.3243968486785889, 0.32043156027793884, 0.037369150668382645, 0.55474853515625, 0.4528912901878357, 0.10009702295064926, 0.2958295941352844, 0.04268042370676994, 1.0995556116104126, 0.45304620265960693, 0.0, 0.012805500999093056, 1.0140981674194336, 0.40965232253074646, 0.3499038815498352, 0.568819522857666, 0.0851626768708229, 0.3436356484889984, 0.047516923397779465, 0.13152410089969635, 0.03784692659974098, 0.03705804795026779, 0.23955745995044708, 2.3833210468292236, 0.0, 0.45052430033683777, 0.18741580843925476, 4.034695148468018, 0.03538362681865692, 0.07791104912757874, 0.1421472579240799, 0.0, 0.1096864640712738, 0.24802455306053162, 0.0, 0.6816704273223877, 1.9338456392288208, 0.07785212993621826, 0.568577766418457, 0.0, 0.4199790954589844, 0.0, 0.9377874135971069, 0.1686507761478424, 0.3994188904762268, 0.09657357633113861, 0.04646102711558342, 0.2392067164182663, 1.3012009859085083, 0.2572343647480011, 0.06050438806414604, 0.21942132711410522, 0.0, 0.9416203498840332, 0.0, 0.13252660632133484, 0.10144434124231339, 0.21016094088554382, 0.19421571493148804, 0.1292160153388977, 0.5462654232978821, 0.10782665759325027, 0.00911043118685484, 0.49844345450401306, 0.020594023168087006, 0.10326197743415833, 0.01631820946931839, 0.0, 0.10676968842744827, 0.7736503481864929, 0.028910277411341667, 0.37879928946495056, 0.025137964636087418, 1.8789126873016357, 0.6004170179367065, 0.002702513476833701, 0.6259415745735168, 0.006291676312685013, 0.0005656286375597119, 0.6333540081977844, 0.33661743998527527, 0.09691579639911652, 0.5439460277557373, 0.0, 0.8026845455169678, 0.01878250390291214, 1.0031917095184326, 0.0, 0.2187383621931076, 0.32177290320396423, 1.2971861362457275, 0.3994865417480469, 0.8547614216804504, 0.030534297227859497, 0.6350132822990417, 0.0, 1.4226043224334717, 0.13651350140571594, 0.8799067735671997, 0.06623014807701111, 0.4113191068172455, 1.2712830305099487, 0.5011640191078186, 1.3358101844787598, 1.211655616760254, 0.0, 0.01544234436005354, 2.551234006881714, 0.09151133894920349, 0.1749478131532669, 0.6076579093933105, 0.05827276408672333, 0.08588100224733353, 0.09295403957366943, 0.6913965344429016, 0.4927968382835388, 0.0, 0.6215386986732483, 0.26276856660842896, 0.258144348859787, 0.8182124495506287, 0.2977357804775238, 0.8784874081611633, 0.8081896901130676, 0.15291781723499298, 0.12225800007581711, 0.028483925387263298, 4.0359954833984375, 0.2909435033798218, 0.299001544713974, 0.1484762281179428, 0.01508068572729826, 1.6607335805892944, 0.42177873849868774, 0.5933933854103088, 0.0, 0.9293828010559082, 1.8172529935836792, 2.5108814239501953, 0.6342977285385132, 0.46347883343696594, 0.19279129803180695, 0.13925859332084656, 0.2917232811450958, 0.0626540407538414, 1.6714955568313599, 0.9594389200210571, 0.4465809166431427, 0.18936242163181305, 0.0, 2.4819605350494385, 0.013255839236080647, 0.0, 0.018313828855752945, 0.018942497670650482, 0.45113515853881836, 1.4859670400619507, 1.613228678703308, 0.16516153514385223, 1.6100294589996338, 1.9560017585754395, 0.0, 0.8991147875785828, 0.9847092032432556, 1.6783939599990845, 0.02956986241042614, 0.19680088758468628, 0.1526956707239151, 0.969409704208374, 0.19332994520664215, 1.072231411933899, 0.17947813868522644, 0.42458799481391907, 0.2079804688692093, 0.29069000482559204, 0.36098915338516235, 0.3080887198448181, 0.014619795605540276, 0.43755921721458435, 1.26226806640625, 0.0051724230870604515, 1.3767764568328857, 0.9692986011505127, 1.2602903842926025, 0.13349588215351105, 0.2263546735048294, 0.2878362834453583, 0.3015180230140686, 0.4385838508605957, 0.2027016282081604, 0.15646293759346008, 4.53519868850708, 0.437036395072937, 0.015125656500458717, 1.8001079559326172, 0.14114327728748322, 0.024848785251379013, 1.2297766208648682, 0.28535380959510803, 0.21285535395145416, 0.4497292935848236, 0.0018179246690124273, 0.1816921979188919, 1.9915063381195068, 0.7312746644020081, 0.12963657081127167, 0.5751885771751404, 0.12189098447561264, 0.6812448501586914, 0.8355616331100464, 0.43491193652153015, 0.16539305448532104, 0.05248519405722618, 2.174591064453125, 1.8866246938705444, 0.295528382062912, 0.09917224198579788, 0.008372199721634388, 0.0, 0.04816616326570511, 0.9983987808227539, 0.005920483265072107, 1.5840755701065063, 0.33897319436073303, 0.5505732893943787, 0.49377745389938354, 0.15000486373901367, 0.25534161925315857, 0.07772267609834671, 0.3729363977909088, 0.2719342112541199, 0.30625131726264954, 0.4905831515789032, 1.5155378580093384, 0.21532203257083893, 0.6221674680709839, 0.28058475255966187, 0.02446925640106201, 0.08895444124937057, 0.5057447552680969, 0.03595034033060074, 0.47049495577812195, 0.2675015330314636, 2.060289144515991, 0.7530108094215393, 0.33803969621658325, 0.9906613230705261, 0.37961384654045105, 2.0136213302612305, 0.036719825118780136, 0.0166326891630888, 0.11784784495830536, 0.5842201709747314, 0.6898453235626221, 0.3158138692378998, 0.7103220224380493, 0.0344061553478241, 0.21442991495132446, 0.22694632411003113, 1.2367119789123535, 0.012736126780509949, 0.5188838243484497, 1.5334908962249756, 0.3068088889122009, 0.052399322390556335, 0.17390717566013336, 0.401808500289917, 0.04306275025010109, 4.163516521453857, 1.3535585403442383, 0.9449288249015808, 0.004806379787623882, 0.23166199028491974, 0.04217258840799332, 1.3809895515441895, 1.7150424718856812, 0.4798245429992676, 1.2415379285812378, 1.1754324436187744, 0.2356104701757431, 0.12750394642353058, 0.7699325084686279, 0.19494551420211792, 0.07725101709365845, 0.15791447460651398, 0.0, 0.0011916306102648377, 0.0, 0.0, 0.1749941110610962, 0.015178218483924866, 1.345790982246399, 0.8221327066421509, 0.16286234557628632, 0.23786170780658722, 0.6082341074943542, 0.42586877942085266, 0.4087192118167877, 0.8273025751113892, 0.7760403752326965, 0.09086412191390991, 0.6277343034744263, 0.08961383998394012, 0.0, 0.5612339973449707, 0.5237063765525818, 0.027925683185458183, 0.0915713682770729, 0.15505246818065643, 1.3127777576446533, 0.0, 0.6527607440948486, 0.47117674350738525, 0.360048770904541, 0.16983024775981903, 0.07245196402072906, 0.07738354802131653, 0.755622923374176, 0.03628610819578171, 0.0, 0.39226317405700684, 0.1344027817249298, 1.0955557823181152, 2.0662248134613037, 0.010139409452676773, 0.10305693745613098, 0.04263489693403244, 0.6146912574768066, 0.04963194578886032, 0.03690066188573837, 0.0, 0.008416260592639446, 0.021698927506804466, 1.6123607158660889, 0.7837547063827515, 0.0, 0.5366525650024414, 0.06127879023551941, 0.2258937954902649, 0.2806026339530945, 0.2825913429260254, 0.0, 0.057927511632442474, 0.10697746276855469, 0.452566921710968, 0.36492979526519775, 0.6251951456069946, 0.09279180318117142, 0.0, 0.14531560242176056, 0.061421170830726624, 0.18299706280231476, 0.14263857901096344, 0.1838158816099167, 0.24199284613132477, 0.07708119601011276, 0.16394062340259552, 0.7464011311531067, 2.6043148040771484, 3.7491259574890137, 0.40660345554351807, 1.2292193174362183, 0.7934716939926147, 0.0, 0.5938142538070679, 0.5917734503746033, 2.534933090209961, 0.4194231629371643, 3.64994215965271, 0.0, 0.7905735969543457, 0.7556261420249939, 2.2648608684539795, 0.0587480328977108, 0.3134657144546509, 0.02766292355954647, 0.014080889523029327, 0.8074226975440979, 0.8694025874137878, 0.048497725278139114, 0.019201645627617836, 0.02178184874355793, 0.3058517277240753, 0.06422983109951019, 0.0, 1.184113621711731, 0.0, 0.4059576988220215, 2.59733510017395, 0.0, 0.6548319458961487, 1.3121758699417114, 0.0, 4.364203453063965, 0.5549875497817993, 1.0958881378173828, 0.0018468414200469851, 1.1244795322418213, 2.34251070022583, 0.09368505328893661, 0.0144143495708704, 0.10184749215841293, 0.7979468703269958, 0.059666067361831665, 0.2027686983346939, 2.636401414871216, 0.07132115960121155, 0.9954352378845215, 0.23676808178424835, 0.0, 0.31354743242263794, 0.2213006317615509, 0.12586471438407898, 0.5765510201454163, 0.23977042734622955, 0.0, 0.06009750813245773, 1.33272385597229, 0.35643675923347473, 0.0, 0.4612570106983185, 0.008570785634219646, 0.39054179191589355, 2.448882818222046, 0.48316094279289246, 0.015650667250156403, 0.00905908364802599, 0.3943689167499542, 0.2356398105621338, 0.0, 0.7500572204589844, 0.16379082202911377, 0.37592506408691406, 0.005041083320975304, 0.28704920411109924, 0.0, 0.014325153082609177, 0.3551725149154663, 0.057211071252822876, 0.09147068113088608, 0.2080962359905243, 0.23291930556297302, 0.619384765625, 0.11063583195209503, 1.2891899347305298, 0.16976040601730347, 0.2781987190246582, 0.08961104601621628, 0.540105402469635, 0.5479322671890259, 0.13133025169372559, 3.093376636505127, 0.31113648414611816, 0.10066348314285278, 0.35289692878723145, 0.5101264119148254, 0.6400461792945862, 1.0281556844711304, 0.32609260082244873, 0.1013004407286644, 0.20896016061306, 0.6385823488235474, 1.7884721755981445, 0.13479486107826233, 0.44056832790374756, 0.010167443193495274, 0.038456421345472336, 0.0, 0.5129338502883911, 0.7939631342887878, 0.0, 0.0, 0.22197042405605316, 0.03213784098625183, 0.46802008152008057, 0.011481012217700481, 0.1800510287284851, 0.46408191323280334, 0.07271024584770203, 0.6656637191772461, 0.06886990368366241, 0.5358763337135315, 0.8509941697120667, 1.5287402868270874, 0.014388621784746647, 0.042665500193834305, 0.11441025137901306, 0.1421213150024414, 1.0851024389266968, 1.4309206008911133, 0.7967334389686584, 0.01949150674045086, 5.8615498542785645, 0.2759694457054138, 0.5513831377029419, 1.4452518224716187, 0.020110640674829483, 1.9815082550048828, 0.006918914616107941, 0.3058848977088928, 1.3614000082015991, 0.18536587059497833, 0.8598559498786926, 0.6044867634773254, 0.007948107086122036, 0.5986260175704956, 0.8837890625, 0.2693575322628021, 0.0008434884366579354, 0.03438190743327141, 0.3657798767089844, 0.7022308111190796, 0.05941977724432945, 0.0, 0.11728033423423767, 0.022324703633785248, 0.5436089038848877, 0.22841358184814453, 0.42682114243507385, 1.0979177951812744, 0.02738182246685028, 3.733799934387207, 0.0, 0.0025000108871608973, 0.0, 0.5609821677207947, 0.16016386449337006, 0.3872956335544586, 0.0017602468142285943, 0.6744961142539978, 0.04902411624789238, 0.2911456227302551, 0.1779104769229889, 0.1413508951663971, 0.35020166635513306, 0.16095039248466492, 0.4441758692264557, 0.671577513217926, 0.0, 0.4809334874153137, 0.305390864610672, 0.20939356088638306, 1.891874074935913, 0.531396210193634, 0.0, 0.34956827759742737, 3.14326810836792, 1.7091360092163086, 0.009148840792477131, 0.1266108751296997, 0.020387649536132812, 0.23921361565589905, 0.20617368817329407, 0.07099580019712448, 0.3264477550983429, 0.03605499491095543, 0.32149410247802734, 0.052746567875146866, 2.110069990158081, 0.5707859992980957, 0.22604450583457947, 0.1343463808298111, 0.07746049761772156, 0.31399431824684143, 0.06371068209409714, 0.8485158085823059, 0.20005086064338684, 0.31348130106925964, 0.2171565592288971, 0.2756480574607849, 0.630852222442627, 0.5338183641433716, 0.10626113414764404, 0.03053695522248745, 0.02050771936774254, 0.47799596190452576, 0.6775204539299011, 0.07236223667860031, 0.0, 0.48198843002319336, 0.22867703437805176, 0.2785423696041107, 0.9237729907035828, 0.13020214438438416, 0.3081066310405731, 0.22621458768844604, 0.34764161705970764, 0.0, 0.24312837421894073, 0.0033469030167907476, 0.2954208254814148, 0.0, 0.6947621703147888, 0.005591477733105421, 0.5052100419998169, 0.04875142127275467, 0.2481468915939331, 0.6004630327224731, 0.03575965017080307, 0.4713314473628998, 0.44690632820129395, 0.7731241583824158, 0.05842890217900276, 0.027460047975182533, 0.06737436354160309, 0.48634660243988037, 0.06944084912538528, 0.5466644763946533, 0.1825239360332489, 0.02819572389125824, 0.036891937255859375, 0.5339131951332092, 0.038087185472249985, 0.20483645796775818, 1.9906748533248901, 0.46284982562065125, 0.6693816184997559, 0.12171099334955215, 0.2181728482246399, 0.5663737654685974, 0.16986827552318573, 0.1574310064315796, 0.31370729207992554, 0.12694881856441498, 0.3619343042373657, 0.31467002630233765, 0.39799895882606506, 0.3499394655227661, 0.5810417532920837, 2.5755932331085205, 0.01832975447177887, 1.4182422161102295, 1.8742913007736206, 4.319089889526367, 0.07257012277841568, 0.0, 0.0019469504477456212, 2.6144869327545166, 0.060182422399520874, 0.3767048716545105, 0.3039226830005646, 0.4508382976055145, 0.0, 0.3076799511909485, 0.3216704726219177, 0.04022743180394173, 0.17767271399497986, 1.067466378211975, 0.0042251176200807095, 0.21660643815994263, 0.014369047246873379, 1.2758378982543945, 0.26629218459129333, 0.3930871784687042, 0.15773390233516693, 0.5400804877281189, 0.18799786269664764, 1.045312523841858, 0.4921749532222748, 0.6162693500518799, 0.9741352796554565, 3.4636800289154053, 0.0, 0.22408318519592285, 0.12247803807258606, 0.254178911447525, 0.44175106287002563, 0.02496463432908058, 0.2797824442386627, 0.0, 0.3060844838619232, 0.29536348581314087, 1.0192466974258423, 0.1375708431005478, 0.0, 0.13888520002365112, 0.04695965722203255, 0.37131109833717346, 0.042262136936187744, 0.0775764063000679, 0.0, 0.6300466656684875, 0.5210028886795044, 0.2875078618526459, 1.7267512083053589, 0.5281602740287781, 0.680324137210846, 0.3142535090446472, 0.021090557798743248, 0.031852345913648605, 0.2701263129711151, 0.7285938858985901, 0.0, 0.9460840225219727, 2.3419013023376465, 0.03056279942393303, 0.1381516307592392, 0.0011095076333731413, 0.0, 0.003984928131103516, 1.9573434591293335, 0.037055741995573044, 0.0, 0.14854413270950317, 0.052637334913015366, 1.2341643571853638, 0.029739322140812874, 0.30612099170684814, 1.613294005393982, 0.8466287851333618, 1.638187289237976, 0.40563204884529114, 0.004875226877629757, 0.2963695824146271, 2.052548885345459, 0.08724115043878555, 3.099592924118042, 0.06343679875135422, 0.525295078754425, 0.6147489547729492, 1.4357919692993164, 0.015678904950618744, 0.0, 1.2316094636917114, 0.0, 0.8032078742980957, 0.01702791638672352, 0.8191834092140198, 0.08716131746768951, 0.1479564756155014, 0.24295425415039062, 0.4539998471736908, 0.4723403751850128, 0.023467853665351868, 0.00195718789473176, 0.2540464997291565, 0.130546435713768, 0.24251636862754822, 0.2832106053829193, 0.21829794347286224, 0.15129786729812622, 0.40566137433052063, 0.06771905720233917, 1.2200489044189453, 0.11438750475645065, 0.08093076199293137, 0.03484346345067024, 0.5095260739326477, 1.5214964151382446, 0.5893041491508484, 0.7934274673461914, 0.0, 0.09121707826852798, 0.6758365035057068, 0.019557811319828033, 0.5050207376480103, 0.0, 0.2142915576696396, 1.3400083780288696, 0.06704426556825638, 0.13263873755931854, 0.657616138458252, 0.5325980186462402, 0.007767932955175638, 0.013890675269067287, 0.37998977303504944, 1.405849814414978, 0.0, 0.5656005144119263, 0.3961166441440582, 0.6003661751747131, 0.07412883639335632, 0.3135221600532532, 1.2832295894622803, 0.16550001502037048, 0.43020784854888916, 0.22987373173236847, 2.25081467628479, 1.7703471183776855, 0.057657938450574875, 0.034108880907297134, 0.04573114588856697, 0.025681259110569954, 0.22903648018836975, 0.16744962334632874, 0.029148835688829422, 4.519534111022949, 0.08885052055120468, 0.025379803031682968, 0.016662612557411194, 2.3135793209075928, 0.2662840187549591, 0.6399930715560913, 2.1028549671173096, 0.5613192915916443, 0.1602560430765152, 0.16709886491298676, 0.5154272317886353, 0.16568666696548462, 0.06550852209329605, 0.7790085673332214, 1.0027271509170532, 0.08857160806655884, 0.04411773383617401, 0.17907415330410004, 0.037081848829984665, 0.049105431884527206, 1.0324188470840454, 0.4510788917541504, 0.2793278396129608, 1.5271928310394287, 0.7499875426292419, 0.04985453560948372, 0.04504431411623955, 0.16588428616523743, 0.009784316644072533, 0.01311576645821333, 0.01831909641623497, 0.20810426771640778, 1.8728306293487549, 0.015093998052179813, 3.90376615524292, 0.033268559724092484, 0.0432002991437912, 1.8777730464935303, 0.20049862563610077, 0.05983071029186249, 0.10011627525091171, 0.32313260436058044, 0.10730508714914322, 0.07725522667169571, 0.3966720402240753, 0.5644099116325378, 0.0, 0.46132439374923706, 0.0008572364458814263, 0.5708363652229309, 0.09633363783359528, 4.126327991485596, 1.2604023218154907, 0.8994685411453247, 0.228902667760849, 0.47808837890625, 0.0, 1.0775822401046753, 0.4822505712509155, 0.3877222239971161, 0.025448516011238098, 0.0587400421500206, 0.21287521719932556, 1.2360289096832275, 2.4520275592803955, 0.0012135846773162484, 0.6306783556938171, 0.21064414083957672, 0.07654000073671341, 0.7651519775390625, 0.05928966775536537, 0.08018959313631058, 1.1101404428482056, 0.6455025672912598, 0.08113256096839905, 0.05141599848866463, 0.672507643699646, 0.0, 0.14496321976184845, 1.7187539339065552, 0.10987093299627304, 0.7744811773300171, 1.884912133216858, 0.0, 0.03389344364404678, 1.0215277671813965, 0.046253662556409836, 0.2722819149494171, 0.06834828108549118, 0.17168216407299042, 0.17267055809497833, 0.5584869980812073, 1.2643697261810303, 0.12249564379453659, 0.6525745391845703, 1.274457335472107, 0.7170283794403076, 0.04303496703505516, 0.008167889900505543, 0.09980573505163193, 0.5774480104446411, 0.06282790005207062, 0.04930798336863518, 0.11325588077306747, 0.5196784734725952, 2.5879111289978027, 0.09192240238189697, 3.6917929649353027, 0.24729135632514954, 1.3369094133377075, 0.10602825880050659, 5.128234386444092, 0.26529160141944885, 2.195188283920288, 0.08360788971185684, 0.0809405967593193, 0.2904432415962219, 2.003434419631958, 2.218123197555542, 0.1542147547006607, 0.28033727407455444, 1.3853778839111328, 0.7837122678756714, 0.3800366520881653, 1.8994675874710083, 0.5526753067970276, 0.47693464159965515, 0.09050703793764114, 0.3171052634716034, 0.0, 0.06098759546875954, 0.0, 1.3008718490600586, 0.0865069031715393, 0.6401830911636353, 0.3065524399280548, 0.650547206401825, 0.8453353643417358, 0.2671985328197479, 1.1419357061386108, 0.49511659145355225, 0.0, 0.16489386558532715, 0.08364411443471909, 0.19002120196819305, 0.395007461309433, 0.004329540301114321, 0.20749065279960632, 0.10765472054481506, 0.02880002371966839, 0.865400493144989, 0.03247936815023422, 0.08831392228603363, 6.083034515380859, 1.1274123191833496]",Testing/glioma_tumor/image(77).jpg
"[0.38678082823753357, 2.2568602561950684, 0.030791252851486206, 2.0511531829833984, 2.3428194522857666, 0.0040798429399728775, 1.5547513961791992, 0.015754753723740578, 0.48375001549720764, 0.007188363932073116, 0.01809270679950714, 0.15586775541305542, 0.0032858652994036674, 1.9651418924331665, 0.0, 0.0018546679057180882, 0.4912148416042328, 0.16443192958831787, 0.19158129394054413, 0.1394643783569336, 0.5686632394790649, 1.0811948776245117, 0.8390644788742065, 0.10692441463470459, 0.4128260016441345, 0.3231818974018097, 1.8040181398391724, 0.1161581426858902, 0.7353030443191528, 0.0, 0.06287388503551483, 0.21469226479530334, 0.3614324927330017, 0.22381927073001862, 0.5213479995727539, 1.252719521522522, 0.0, 1.7370555400848389, 0.006905237212777138, 0.1491699069738388, 1.7641032934188843, 1.065096139907837, 0.017537977546453476, 0.48444387316703796, 0.0, 0.009728295728564262, 0.0, 0.0, 0.016771283000707626, 0.410605788230896, 0.8153231739997864, 1.3107576370239258, 3.191248655319214, 0.0, 0.5549554824829102, 1.3018543720245361, 0.22419314086437225, 0.1568518728017807, 1.2654509544372559, 0.0, 0.3854391276836395, 0.5629340410232544, 0.12633706629276276, 0.5228546261787415, 0.36630555987358093, 0.11853326857089996, 2.015037775039673, 0.0, 0.13375988602638245, 0.0, 0.00695091113448143, 0.08889169245958328, 0.004953145980834961, 1.1026661396026611, 0.637555718421936, 0.046121712774038315, 3.128261089324951, 0.13181109726428986, 0.006173430476337671, 2.0554897785186768, 0.4942154884338379, 0.1538250744342804, 0.9839576482772827, 0.0, 1.5067464113235474, 0.05460771173238754, 0.7099733352661133, 0.031075038015842438, 0.0, 0.5079617500305176, 1.9925507307052612, 0.16379430890083313, 0.0, 1.0891366004943848, 0.7272214293479919, 0.0, 0.01576320454478264, 0.31955185532569885, 0.6700732111930847, 0.12546458840370178, 0.13574029505252838, 0.5885513424873352, 0.005090759601444006, 0.777528703212738, 4.283622741699219, 0.040511343628168106, 0.5550420880317688, 0.07096798717975616, 0.0158720463514328, 1.2048513889312744, 0.1596268266439438, 1.7424777746200562, 0.39268648624420166, 0.0, 0.6146235466003418, 0.0, 0.0, 1.0057616233825684, 0.0, 0.01363888569176197, 0.26870375871658325, 0.0, 0.0, 0.04331786185503006, 0.21235613524913788, 1.1095610857009888, 0.1912776380777359, 0.28579601645469666, 1.212867259979248, 0.0, 0.0, 2.1583738327026367, 0.05745857581496239, 0.11776193231344223, 0.05894740670919418, 0.18019357323646545, 0.5929529070854187, 0.24386003613471985, 0.0, 0.38269490003585815, 0.3208869397640228, 0.6970579028129578, 0.08976782858371735, 0.06651099771261215, 0.3063823878765106, 0.04374733567237854, 0.9047857522964478, 1.343178391456604, 0.015936890617012978, 0.9585933089256287, 1.2819169759750366, 0.7598166465759277, 0.25915154814720154, 0.0, 0.0, 0.29494813084602356, 0.0, 0.7104073166847229, 2.739124298095703, 0.008785880170762539, 0.0, 0.18110421299934387, 0.0, 0.0, 0.36898234486579895, 0.0164723452180624, 1.9569649696350098, 0.5476959943771362, 0.08612311631441116, 7.576407432556152, 1.1794410943984985, 0.0, 0.17011910676956177, 0.18272435665130615, 1.218928337097168, 1.5096243619918823, 0.32322201132774353, 0.21832579374313354, 0.321056991815567, 0.12146475166082382, 0.6331803202629089, 0.0, 0.43639934062957764, 0.06801311671733856, 0.007505645509809256, 0.8575554490089417, 0.08632341772317886, 1.8385796546936035, 0.548458456993103, 0.07632710039615631, 0.0, 0.0, 0.43838807940483093, 0.38775813579559326, 0.7794235944747925, 1.0858396291732788, 0.10303103923797607, 0.11220104992389679, 0.08309205621480942, 0.2645777761936188, 2.904801368713379, 0.16639557480812073, 0.17978990077972412, 0.1394454687833786, 2.051079034805298, 0.6740383505821228, 0.4346359074115753, 0.017054786905646324, 0.5749126076698303, 1.0759937763214111, 0.8752261400222778, 0.9653908014297485, 0.05972432717680931, 1.3166712522506714, 0.043624334037303925, 2.877103328704834, 0.0, 0.6906405687332153, 1.2826164960861206, 0.0, 1.627292275428772, 0.032348234206438065, 2.588438034057617, 1.0889921188354492, 0.47235020995140076, 2.1071219444274902, 0.4964839518070221, 0.10817171633243561, 0.42135927081108093, 0.879778265953064, 0.030683400109410286, 0.5086395740509033, 0.05134353041648865, 0.32400423288345337, 0.284888356924057, 1.382498025894165, 0.08284816145896912, 0.7949523329734802, 0.6560983657836914, 0.0, 0.10101013630628586, 0.7100959420204163, 2.1624817848205566, 0.0, 0.22112399339675903, 0.07685324549674988, 0.1187271699309349, 0.4068954885005951, 0.008205430582165718, 0.021500224247574806, 0.7725675702095032, 0.0, 0.6756600141525269, 1.0936845541000366, 0.07778503000736237, 0.12032116949558258, 0.10114050656557083, 0.37421682476997375, 0.0, 0.005541616585105658, 0.21928024291992188, 0.041091859340667725, 1.101252555847168, 0.04713274538516998, 0.039584603160619736, 0.016355201601982117, 0.02093489281833172, 0.10241350531578064, 0.0, 0.0, 0.13473941385746002, 0.5236835479736328, 2.850349187850952, 0.25095975399017334, 4.715475559234619, 0.20401866734027863, 2.8818891048431396, 0.5409547686576843, 1.6384782791137695, 0.33720406889915466, 0.8024953603744507, 0.21024711430072784, 2.651535987854004, 0.3649756908416748, 0.07003997266292572, 4.142242908477783, 0.40563875436782837, 0.6097398996353149, 0.0, 0.08076333999633789, 0.08122831583023071, 0.0, 0.0, 0.07336652278900146, 1.1132696866989136, 2.2838377952575684, 0.21810398995876312, 0.015332343988120556, 0.0, 0.0, 0.886663019657135, 0.07786636054515839, 3.480055093765259, 1.8238210678100586, 2.061591386795044, 0.24262382090091705, 0.08389889448881149, 0.26671749353408813, 0.22196485102176666, 0.009079189039766788, 1.5647369623184204, 1.6288325786590576, 0.02313404157757759, 0.4756392538547516, 1.1591036319732666, 1.6601052284240723, 1.0102529525756836, 0.4769287407398224, 0.0, 1.4017671346664429, 0.0, 0.6145570874214172, 0.053074564784765244, 0.22451961040496826, 0.03551597520709038, 0.019818710163235664, 1.2521063089370728, 0.16383342444896698, 2.3703508377075195, 0.07181689888238907, 0.3318430185317993, 0.002915933495387435, 0.044890232384204865, 3.4865658283233643, 0.0, 0.0, 1.4935486316680908, 1.086368441581726, 0.6518802046775818, 0.355590283870697, 0.33785367012023926, 0.022578980773687363, 0.7914475202560425, 0.7815396189689636, 0.0, 0.22759254276752472, 0.0, 0.05551769211888313, 0.20641225576400757, 0.04061697795987129, 0.0, 1.009214997291565, 0.4348495602607727, 0.1473149061203003, 1.238491415977478, 0.0, 0.45838066935539246, 0.04400600120425224, 0.14469069242477417, 0.1682633012533188, 0.03264020010828972, 2.5273358821868896, 0.0, 2.4342246055603027, 0.23429106175899506, 0.08206822723150253, 0.4653165638446808, 0.02413582243025303, 3.5383269786834717, 0.08668377995491028, 0.3504735231399536, 0.06453206390142441, 3.172442674636841, 4.0403618812561035, 0.037287674844264984, 0.002133508212864399, 3.8664095401763916, 2.3213884830474854, 0.05836234614253044, 0.1483762562274933, 0.44829320907592773, 0.005412011872977018, 0.0, 0.08518040925264359, 0.2704620361328125, 0.060943808406591415, 1.285733699798584, 1.4277762174606323, 0.0009271514718420804, 0.16273285448551178, 0.0, 0.3253123462200165, 1.081709861755371, 0.012561647221446037, 0.23441043496131897, 1.559795618057251, 0.004529907833784819, 0.08290471881628036, 0.2960510849952698, 0.08914784342050552, 0.45153021812438965, 0.0, 0.0, 0.5407314300537109, 0.08455134183168411, 1.2949703931808472, 0.40100252628326416, 0.16109588742256165, 0.26665040850639343, 0.3773771822452545, 0.0034703868441283703, 0.13614046573638916, 0.0, 0.16107234358787537, 0.0, 0.8317268490791321, 0.15152588486671448, 0.7772158980369568, 0.3425644040107727, 0.9417015910148621, 0.4557620584964752, 0.08700169622898102, 1.6263549327850342, 0.00926151592284441, 0.06354201585054398, 0.6581171154975891, 0.04732029139995575, 1.4539744853973389, 0.24189020693302155, 0.08890364319086075, 0.7414441108703613, 0.09254025667905807, 0.5912899374961853, 0.17680016160011292, 0.11915513128042221, 0.3620324432849884, 0.005735944956541061, 2.56463623046875, 0.5790939927101135, 0.1165732741355896, 0.0, 0.0, 0.6123592257499695, 0.0, 0.43142297863960266, 0.008129172958433628, 0.0, 0.0012328211450949311, 0.24995961785316467, 0.32640954852104187, 0.3658854365348816, 0.050450753420591354, 0.15506243705749512, 0.0, 0.0, 0.05264405906200409, 0.8227813839912415, 0.012852172367274761, 0.01114469114691019, 4.589239597320557, 0.1732700765132904, 1.2096019983291626, 0.6532682180404663, 0.22305551171302795, 0.036295145750045776, 0.4790430963039398, 0.0, 0.018857328221201897, 0.3533056676387787, 0.23446138203144073, 0.039228539913892746, 0.8555964827537537, 0.09872890263795853, 0.4359748661518097, 0.6102446913719177, 0.04705100134015083, 2.1621110439300537, 0.04887600988149643, 0.8015543222427368, 0.491518497467041, 0.40769731998443604, 0.05131303146481514, 0.29107987880706787, 0.26048192381858826, 0.022135326638817787, 0.2216598391532898, 0.0, 0.006863246206194162, 0.21799391508102417, 0.0, 0.07775737345218658, 1.5970689058303833, 0.005719423294067383, 0.2730109989643097, 2.204237699508667, 0.13588020205497742, 0.0, 0.7112665772438049, 1.383427619934082, 0.0429350808262825, 0.0, 0.7632684707641602, 0.0, 3.379258871078491, 0.4724395275115967, 0.5474538803100586, 0.08341982215642929, 0.47338587045669556, 0.08161069452762604, 0.25252026319503784, 0.0, 1.8354978561401367, 0.16658973693847656, 0.6512175798416138, 0.2593654990196228, 0.12599337100982666, 0.396149218082428, 0.015153824351727962, 0.010328107513487339, 0.8628414869308472, 0.4127313196659088, 0.0, 0.01551748812198639, 0.08430249989032745, 0.0031092751305550337, 0.5900782942771912, 0.0, 0.026715459302067757, 0.0035425934474915266, 2.3187711238861084, 0.2795354425907135, 0.28815698623657227, 0.8782793879508972, 1.4113134145736694, 0.7461435794830322, 0.4826172888278961, 1.3633182048797607, 0.5288416743278503, 0.0, 0.2812983989715576, 0.0, 0.1759943813085556, 0.04521366208791733, 0.17966735363006592, 0.5195822715759277, 0.41044872999191284, 0.02366587519645691, 0.00755411759018898, 0.4989137053489685, 0.06306012719869614, 0.953052282333374, 0.0, 0.20626290142536163, 0.06657309830188751, 0.026091717183589935, 2.355398654937744, 0.24953080713748932, 0.0009397973772138357, 0.37548425793647766, 0.0, 0.8748942017555237, 0.45711302757263184, 0.5779421329498291, 0.0, 0.0, 0.15918101370334625, 1.0786361694335938, 0.021960129961371422, 1.5212396383285522, 0.23036840558052063, 0.34980523586273193, 0.2186446338891983, 0.23110514879226685, 0.027680668979883194, 1.0924434661865234, 0.40126147866249084, 0.3529350757598877, 1.6709915399551392, 0.029444808140397072, 0.0, 0.9091740846633911, 0.0, 0.3031330406665802, 0.7241447567939758, 0.050036050379276276, 0.07125623524188995, 0.0778627097606659, 0.17029611766338348, 0.0, 0.0, 0.031873974949121475, 0.06330480426549911, 0.024540815502405167, 0.0, 0.0, 0.15341182053089142, 0.12008536607027054, 0.6685484051704407, 0.0, 2.043045997619629, 2.272421360015869, 0.13655833899974823, 0.6904485821723938, 0.1554688811302185, 0.0, 0.7009490728378296, 0.9075738787651062, 0.7876862287521362, 0.9554104208946228, 2.014841079711914, 0.8694893717765808, 0.12221469730138779, 0.38451018929481506, 0.46715226769447327, 0.0, 0.1586144119501114, 0.0, 0.17873768508434296, 0.03644878789782524, 0.01160077378153801, 0.15750418603420258, 0.32087433338165283, 1.3995462656021118, 0.26154983043670654, 0.5058314204216003, 0.23923376202583313, 0.4946412146091461, 0.1101694107055664, 0.0003229817666579038, 0.016630515456199646, 0.11555124819278717, 0.06595577299594879, 0.025116372853517532, 0.19823895394802094, 0.0, 0.05125787481665611, 0.007961105555295944, 0.1051752120256424, 0.082126684486866, 0.13965526223182678, 0.14828446507453918, 0.3450997769832611, 0.49397900700569153, 0.27432718873023987, 0.0, 0.6729001998901367, 2.3992857933044434, 0.02473684772849083, 0.0, 0.09751298278570175, 0.10709033906459808, 0.41680705547332764, 0.3653121590614319, 0.0, 0.5905294418334961, 0.07686304301023483, 1.7672791481018066, 2.5384774208068848, 0.44301682710647583, 0.0, 0.684369683265686, 0.04337319731712341, 0.5421984791755676, 0.13516876101493835, 0.8265743851661682, 0.2555362582206726, 1.2938752174377441, 0.0, 0.16972552239894867, 0.20867222547531128, 0.555517315864563, 0.11024121195077896, 0.25779327750205994, 0.7114987373352051, 0.046352025121450424, 0.24404792487621307, 0.0, 0.45760947465896606, 0.3918958902359009, 0.24913056194782257, 0.9373123049736023, 0.0779053345322609, 0.0, 0.29442134499549866, 2.182438850402832, 0.14738216996192932, 0.006092460826039314, 0.0, 0.3502001166343689, 0.03579501062631607, 0.6392620801925659, 0.0, 0.0, 0.0023951323237270117, 0.0, 0.448504239320755, 1.5981688499450684, 0.0, 0.0, 0.29377707839012146, 0.3222663104534149, 0.025433190166950226, 0.15120789408683777, 0.3626435697078705, 0.18143349885940552, 1.8460150957107544, 0.7686585187911987, 0.11855090409517288, 1.9878391027450562, 0.006751281674951315, 2.2718260288238525, 0.28987976908683777, 0.23327969014644623, 0.0, 0.4539053440093994, 0.20445874333381653, 0.16355443000793457, 0.09093444049358368, 0.01788872294127941, 0.020951058715581894, 0.09533687680959702, 1.879836082458496, 0.08655048161745071, 1.1891796588897705, 0.0033000854309648275, 2.6183876991271973, 0.5653098225593567, 2.5681545734405518, 0.0, 0.13623331487178802, 0.11073200404644012, 0.1757543534040451, 0.1780848652124405, 0.35930758714675903, 1.0961285829544067, 0.06870751827955246, 0.05312962085008621, 1.523017406463623, 0.7894022464752197, 0.3424559235572815, 0.30630990862846375, 0.20208804309368134, 2.577159881591797, 0.018988193944096565, 0.04644438996911049, 1.71955406665802, 0.034508757293224335, 0.1510808765888214, 0.5044605731964111, 0.5022923350334167, 3.1278185844421387, 0.6046114563941956, 0.694201648235321, 0.07956904917955399, 0.9652021527290344, 0.11762580275535583, 0.8776803016662598, 1.0762273073196411, 0.14043554663658142, 0.16231976449489594, 0.6241889595985413, 0.5356976985931396, 0.2979128062725067, 1.4325751066207886, 0.04165690764784813, 0.01138610765337944, 0.055970318615436554, 1.6394867897033691, 0.6903365850448608, 2.5261449813842773, 0.08749662339687347, 0.1470741331577301, 0.7836626172065735, 0.9069142937660217, 0.015702851116657257, 0.3313407897949219, 1.1919426918029785, 0.47497472167015076, 0.8695999979972839, 0.9384439587593079, 0.02819640561938286, 2.6993613243103027, 0.7044265270233154, 0.10131371021270752, 0.47001752257347107, 0.06536056846380234, 0.36422181129455566, 0.09997743368148804, 0.5684059262275696, 0.8289369940757751, 0.27483412623405457, 0.12940478324890137, 0.8627411127090454, 0.0, 0.09940499812364578, 0.12565703690052032, 0.0, 0.0, 0.7795231342315674, 0.5423187017440796, 1.0690972805023193, 0.07234982401132584, 0.8344190716743469, 1.9550693035125732, 0.0, 0.5143685340881348, 1.2631398439407349, 1.6608856916427612, 0.6860372424125671, 0.18576069176197052, 0.3744921088218689, 0.7723683714866638, 0.38575977087020874, 0.0, 1.5887759923934937, 0.15549765527248383, 2.9895100593566895, 0.6939687728881836, 0.0, 0.0, 0.02699691243469715, 0.23368079960346222, 2.8805978298187256, 0.11178197711706161, 0.20634160935878754, 0.7120301127433777, 0.0627966895699501, 0.047110188752412796, 0.5150208473205566, 3.843437910079956, 0.12236572802066803, 1.1825824975967407, 0.0, 0.055466171354055405, 0.08137120306491852, 0.4642508625984192, 0.0, 0.016395926475524902, 0.0, 0.05726878345012665, 0.33964601159095764, 0.05650806799530983, 0.8846315741539001, 0.08466638624668121, 0.8931105732917786, 0.0, 0.21800652146339417, 0.2663290500640869, 0.3946287930011749, 0.3572010397911072, 0.027362968772649765, 0.47081106901168823, 1.7784041166305542, 0.1269356906414032, 0.10469605773687363, 2.0957748889923096, 0.06478550285100937, 0.080525703728199, 1.3411967754364014, 0.720731258392334, 0.1361922025680542, 0.4780091643333435, 0.01311434805393219, 0.0, 0.06720741838216782, 0.04219445958733559, 0.27149033546447754, 0.5791415572166443, 0.0, 4.463639736175537, 2.660393476486206, 0.10619761049747467, 0.08410319685935974, 0.4495919644832611, 0.006314639933407307, 1.5572618246078491, 0.17580348253250122, 0.057558026164770126, 1.8565831184387207, 0.2773175835609436, 0.03099113516509533, 1.0564342737197876, 0.25694093108177185, 0.0, 1.9217405319213867, 0.45271632075309753, 0.5187065005302429, 0.020429708063602448, 0.1987767070531845, 0.19352848827838898, 0.08843202888965607, 0.016286693513393402, 0.13919872045516968, 0.0, 0.033010274171829224, 0.0, 0.5692031383514404, 0.17134436964988708, 0.02223314717411995, 1.4518240690231323, 0.8058720827102661, 0.4714772701263428, 0.12713462114334106, 0.49972862005233765, 2.9465136528015137, 0.0, 0.05195422098040581, 3.3331453800201416, 0.08647864311933517, 1.00382661819458, 0.7147780656814575, 0.1922517716884613, 1.5776647329330444, 1.855197548866272, 0.031871382147073746, 0.7492780685424805, 0.24989336729049683, 0.0, 0.0, 0.0, 0.697675347328186, 1.1622364521026611, 0.8475682735443115, 0.07534737139940262, 0.509508490562439, 0.4143355190753937, 1.233320951461792, 1.0209134817123413, 1.3880889415740967, 0.0, 0.21465378999710083, 0.10502692312002182, 0.6901406049728394, 0.0, 0.03464922308921814, 1.9281660318374634, 0.03665265440940857, 0.27967163920402527, 0.003530784510076046, 0.008460409939289093, 0.09746378660202026, 0.8866732716560364, 0.0, 0.11776810884475708, 0.048612382262945175, 0.024112973362207413, 0.0, 0.30171334743499756, 0.08511970192193985, 1.6108286380767822, 0.04610838368535042, 0.42725294828414917, 0.21217338740825653, 0.4568885564804077, 0.34917908906936646, 0.0, 1.6148996353149414, 0.11811354756355286, 0.17481286823749542, 0.5675747990608215, 0.0, 0.15731942653656006, 0.11629439145326614, 2.7809319496154785, 0.0, 0.19756007194519043, 0.07667084783315659, 0.2587423622608185, 0.10880022495985031, 0.13637541234493256, 0.033442042768001556, 0.09277314692735672, 0.031531207263469696, 0.5580554604530334, 0.0, 0.0, 0.18743889033794403, 0.046376392245292664, 0.030173419043421745, 0.22955772280693054, 0.7842178344726562, 2.1021711826324463, 0.011637979187071323, 0.022335685789585114, 0.9209624528884888, 0.03984184190630913, 0.0003175540769007057, 0.0373651348054409, 0.04330066218972206, 0.2469751238822937, 0.014996599406003952, 0.020181700587272644, 0.010624058544635773, 0.000934549723751843, 0.17335574328899384, 0.36696314811706543, 0.030387243255972862, 0.0, 0.4606293737888336, 0.020124556496739388, 0.6895124316215515, 1.4650216102600098, 0.45964914560317993, 0.758760929107666, 1.738641381263733, 0.1955292820930481, 0.2940469980239868, 1.6361987590789795, 2.8079018592834473, 0.0, 0.069916732609272, 0.865074634552002, 0.18693146109580994, 0.6612464785575867, 0.04243350401520729, 0.05463641136884689, 1.7194724082946777, 0.06284909695386887, 0.3639555871486664, 2.029592514038086, 0.06444639712572098, 0.030156031250953674, 0.08943267911672592, 0.37045007944107056, 0.0, 0.1206725537776947, 0.21079620718955994, 0.011104267090559006, 0.016494503244757652, 0.9224470257759094, 0.0786258801817894, 0.28440117835998535, 0.08830950409173965, 0.696092426776886, 0.0, 0.09515132009983063, 0.08301696181297302, 0.3048510253429413, 0.5230748057365417, 0.015871480107307434, 0.09183740615844727, 0.007898697629570961, 0.21441054344177246, 0.0854806900024414, 0.020175399258732796, 0.1085238978266716, 0.2372199147939682, 0.0, 0.3353886008262634, 0.21652933955192566, 0.3463234305381775, 0.060712601989507675, 0.7756680846214294, 0.025461334735155106, 0.0, 0.0473647266626358, 0.007500123232603073, 0.8148164749145508, 0.0, 0.4967290461063385, 0.00020264848717488348, 0.0, 0.0, 0.07586048543453217, 0.03980071842670441, 0.03269641473889351, 1.284346580505371, 0.13316500186920166, 0.1258680820465088, 1.0418962240219116, 0.27172717452049255, 4.234777927398682, 0.24403385818004608, 0.02068464644253254, 0.6831711530685425, 0.34897804260253906, 0.21703539788722992, 0.23164083063602448, 0.029928572475910187, 0.08874102681875229, 1.1046142578125, 1.4141570329666138, 0.284049391746521, 0.7110457420349121, 0.03271350637078285, 0.3303980827331543, 0.0, 2.237297296524048, 2.060915231704712, 0.1962956041097641, 0.023608339950442314, 0.01247958280146122, 0.004681696649640799, 0.02309810370206833, 5.009799957275391, 0.37210363149642944, 0.08450288325548172, 0.0, 0.11592594534158707, 0.40004846453666687, 0.17061848938465118, 0.004142397549003363, 0.03782220184803009, 0.12849080562591553, 0.6488949656486511, 0.023269185796380043, 0.1828138381242752, 0.36471718549728394, 0.031638968735933304, 0.6142632365226746, 0.016841227188706398, 0.0, 0.6605347394943237, 0.05332721024751663, 0.37722548842430115, 0.3925940990447998, 0.14825224876403809, 0.0, 0.07484903931617737, 0.39804187417030334, 2.4473869800567627, 0.33951762318611145, 0.051763661205768585, 0.275268018245697, 0.0, 0.472357839345932, 0.7247924208641052, 0.02734450437128544, 0.041241466999053955, 0.5510874390602112, 0.11572214961051941, 0.0, 0.010231164284050465, 0.05866691842675209, 0.26751089096069336, 0.0, 0.5776631236076355, 0.4621129333972931, 0.0, 0.33578410744667053, 0.042643867433071136, 0.0, 1.0293585062026978, 0.0, 0.3948528468608856, 0.02212356962263584, 0.09768686443567276, 0.03945682570338249, 0.29123640060424805, 0.217889204621315, 0.06668943166732788, 0.5674982666969299, 0.03422687575221062, 0.01701313816010952, 2.602632761001587, 0.025372756645083427, 0.0166909322142601, 1.0042942762374878, 0.0, 0.0004245553573127836, 0.05798710510134697, 0.15704795718193054, 0.1341346651315689, 0.7965190410614014, 0.08388663083314896, 0.5630369186401367, 0.1758144497871399, 0.0, 0.03770672157406807, 0.0, 0.0, 0.09389513731002808, 0.18911108374595642, 0.05109173059463501, 0.0, 0.31230267882347107, 0.16849912703037262, 0.005472246557474136, 0.001098589040338993, 1.1306843757629395, 0.05773255228996277, 0.05699782818555832, 0.017282066866755486, 0.023831946775317192, 0.08504051715135574, 0.03129071742296219, 0.147759810090065, 0.0799972265958786, 0.0, 0.37703412771224976, 0.8035190105438232, 0.0, 0.506070613861084, 0.0011752236168831587, 0.001097725355066359, 1.2060707807540894, 0.2295342981815338, 0.7341654300689697, 0.29391250014305115, 0.5843501687049866, 0.4052570164203644, 1.008966088294983, 0.08953434973955154, 0.049713607877492905, 0.266928493976593, 0.0, 0.0, 0.39261525869369507, 1.0013927221298218, 1.372114896774292, 4.699670314788818, 0.0021439280826598406, 0.4877549409866333, 0.8253805041313171, 0.22769932448863983, 0.07537952065467834, 0.011007965542376041, 0.10935019701719284, 0.44599202275276184, 0.0016513868467882276, 1.0295178890228271, 0.013065537437796593, 0.0, 0.9865205883979797, 0.44120079278945923, 0.5513739585876465, 0.042253926396369934, 0.0, 0.015107191167771816, 0.10959997028112411, 0.010798419825732708, 0.2463008165359497, 0.0, 1.815713882446289, 0.0, 0.07246940582990646, 0.44239360094070435, 0.02664167620241642, 0.30092236399650574, 0.006978774443268776, 0.03201178461313248, 0.41242876648902893, 0.0, 1.427391529083252, 0.9076120853424072, 0.06801055371761322, 0.0067054592072963715, 0.0, 0.011609919369220734, 0.04320765659213066, 0.1331970989704132, 0.16294308006763458, 0.0006265153642743826, 0.4639061987400055, 0.03426927328109741, 0.01906713657081127, 0.9585697650909424, 0.0, 0.039348799735307693, 0.04528961703181267, 0.05858103558421135, 0.050770897418260574, 0.644950270652771, 1.3895248174667358, 1.1559841632843018, 1.0324938297271729, 0.21121205389499664, 1.2818483114242554, 0.5539193153381348, 0.0, 0.346841037273407, 0.025157013908028603, 0.123925119638443, 0.10000056028366089, 0.0, 0.012911446392536163, 1.096419334411621, 0.09351599961519241, 0.5310355424880981, 1.5733015537261963, 0.0017004573019221425, 0.6503956913948059, 0.28350991010665894, 0.11277513951063156, 0.09621839970350266, 0.8344026803970337, 0.0, 0.7833840250968933, 1.791262149810791, 0.3415519595146179, 0.14481839537620544, 0.3961315453052521, 0.08494526892900467, 0.3133451044559479, 0.10661619901657104, 2.442683458328247, 0.0060950275510549545, 1.9714053869247437, 0.0022483966313302517, 0.0, 0.5556336045265198, 0.049384705722332, 1.6706440448760986, 1.1262215375900269, 0.028821809217333794, 0.04019875079393387, 0.7749532461166382, 0.20120710134506226, 0.7505380511283875, 3.373485565185547, 0.2806473672389984, 0.0004905656678602099, 0.0, 0.7038354873657227, 0.017108703032135963, 0.036184877157211304, 0.8178337812423706, 0.0, 0.21475613117218018, 0.7645894289016724, 0.7830020189285278, 0.027647295966744423, 0.012997298501431942, 0.8187437057495117, 0.046026308089494705, 0.02624366246163845, 0.41907981038093567, 0.006696122232824564, 0.24046197533607483, 0.0, 0.6072164177894592, 0.06785760819911957, 0.8071515560150146, 0.12031237035989761, 0.035944413393735886, 0.10507646203041077, 0.03579150140285492, 2.6304614543914795, 0.3669971823692322, 1.013486623764038, 0.0, 1.4078309535980225, 0.027948981150984764, 0.0, 0.019600002095103264, 4.245151996612549, 0.1471383422613144, 0.10300473123788834, 0.0, 0.7518304586410522, 1.5885956287384033, 0.373371422290802, 2.0285556316375732, 0.11157824099063873, 5.582832336425781, 0.09157059341669083, 0.0, 0.34015554189682007, 0.8350085616111755, 0.1169494017958641, 0.710993230342865, 0.223089799284935, 0.0, 0.10446024686098099, 0.19782166182994843, 0.8412562608718872, 0.0843883603811264, 0.338924378156662, 0.5346693396568298, 0.009244699962437153, 0.23806871473789215, 0.14600077271461487, 1.5010833740234375, 0.0, 2.9658923149108887, 0.6058662533760071, 0.6080706715583801, 0.06602732837200165, 0.10111311823129654, 0.0, 0.8051661849021912, 0.39354848861694336, 0.03578532859683037, 0.9775965213775635, 0.0, 0.10054280608892441, 0.11187973618507385, 3.162890911102295, 0.3287851810455322, 0.36145275831222534, 0.01267186738550663, 0.09998004138469696, 0.2818092107772827, 0.058881185948848724, 0.0, 0.0, 0.12184521555900574, 2.3469932079315186, 0.0, 1.7083052396774292, 0.0, 0.6828921437263489, 0.1172524094581604, 0.9662572741508484, 0.7534952163696289, 0.0, 0.7039628028869629, 0.11172512918710709, 0.49079084396362305, 0.017761200666427612, 0.1451144963502884, 0.02272110991179943, 0.057533010840415955, 0.15934300422668457, 0.16412347555160522, 0.3783772587776184, 0.1600717008113861, 0.44281068444252014, 0.4102126955986023, 0.1770724058151245, 0.0, 0.010996473021805286, 0.0, 0.7625715136528015, 0.4015381932258606, 0.06219594180583954, 0.20399616658687592, 0.0, 1.6814075708389282, 2.309791088104248, 1.283890724182129, 0.04417752847075462, 0.19153256714344025, 0.1262959986925125, 0.04805142432451248, 0.012403687462210655, 0.0, 0.014584789052605629, 0.0, 0.4318729043006897, 0.05850238725543022, 0.07134389877319336, 0.5457860827445984, 0.03651547431945801, 0.14484265446662903, 0.2828534245491028, 0.10869690030813217, 0.04266998544335365, 0.8281204700469971, 0.038323353976011276, 0.5890517234802246, 0.1800217479467392, 0.3009762763977051, 0.019144194200634956, 0.0, 0.004938140045851469, 0.002583019668236375, 0.1528286635875702, 0.004518997855484486, 0.09465724229812622, 1.2954325675964355, 0.03936360403895378, 2.3445165157318115, 0.04135257005691528, 2.057522773742676, 4.771052360534668, 0.5516344308853149, 1.2343302965164185, 0.17817223072052002, 0.06816866248846054, 0.8131527304649353, 9.569586836732924e-06, 0.5217854380607605, 0.0, 2.6905741691589355, 0.08341769129037857, 2.5355494022369385, 0.2678217887878418, 2.255782127380371, 0.2715511620044708, 1.0277098417282104, 0.010175928473472595, 0.010875336825847626, 0.4599236845970154, 0.37435460090637207, 0.0, 0.0, 0.20279592275619507, 0.32427582144737244, 0.04993489012122154, 0.2286679595708847, 1.1375744342803955, 0.0, 0.0804344117641449, 0.0, 0.17773939669132233, 1.7407160997390747, 0.2584349513053894, 0.09391926974058151, 0.9805437922477722, 1.07841956615448, 0.1595618724822998, 0.7070754170417786, 2.1984989643096924, 0.50244140625, 0.1501762568950653, 0.057540565729141235, 0.14651577174663544, 0.45074284076690674, 0.0, 0.06441240757703781, 2.347101926803589, 0.0, 1.1985039710998535, 0.2595638036727905, 0.2148122638463974, 0.0, 1.1520836353302002, 0.0, 0.0, 0.14527401328086853, 0.673454999923706, 0.0, 0.10944116115570068, 0.026768285781145096, 0.0, 0.050830915570259094, 0.024468597024679184, 0.25305041670799255, 1.9423227310180664, 0.6134284138679504, 0.03482905775308609, 0.001294839195907116, 0.27482274174690247, 0.0, 0.0, 0.18614020943641663, 0.052549269050359726, 0.1751280575990677, 0.0, 2.070671319961548, 0.006763015408068895, 0.06255322694778442, 0.0, 1.537792444229126, 0.0010164708364754915, 0.07977530360221863, 1.5414459705352783, 0.9232526421546936, 0.5585359334945679, 1.2473822832107544, 3.0859386920928955, 0.03909160569310188, 0.1619349867105484, 0.03990183025598526, 0.047346193343400955, 0.855185866355896, 3.3439748287200928, 0.10042014718055725, 1.0121201276779175, 0.20159436762332916, 0.26604217290878296, 0.46048274636268616, 0.14423255622386932, 0.12301680445671082, 0.5020941495895386, 0.13818755745887756, 0.31076517701148987, 0.63095623254776, 0.3047967851161957, 0.0, 0.08354097604751587, 0.9887016415596008, 2.0218794345855713, 0.0, 0.6408600211143494, 0.046432893723249435, 0.002617300720885396, 1.5618515014648438, 0.14731496572494507, 0.0, 0.0, 1.819893717765808, 0.4355178475379944, 0.0021016597747802734, 0.03085913509130478, 0.5653858780860901, 0.0, 0.3566589057445526, 0.0, 0.09897823631763458, 0.0, 0.4903774559497833, 0.045946501195430756, 0.37367820739746094, 0.5953462719917297, 0.013861835934221745, 0.0, 0.4912256896495819, 0.00019692888599820435, 0.7839335799217224, 0.9505689740180969, 0.012097597122192383, 0.17907118797302246, 0.01515713520348072, 0.0027407456655055285, 0.7540596127510071, 0.13769809901714325, 0.29045358300209045, 3.8282105922698975, 0.0, 0.3917054533958435, 1.5497125387191772, 0.03161991387605667, 0.2940995991230011, 0.3925125002861023, 0.03223879635334015, 0.0381118580698967, 0.13868437707424164, 0.43364179134368896, 0.034495484083890915, 1.3558666706085205, 0.0770232155919075, 0.3684934973716736, 0.7545747756958008, 0.1664978563785553, 0.0, 1.8248579502105713, 0.010793112218379974, 0.22952188551425934, 0.5719123482704163, 1.0726524591445923, 0.0, 0.2454664707183838, 0.03432623669505119, 1.4080744981765747, 0.0, 0.5300070643424988, 0.047940127551555634, 0.08973632752895355, 0.17251873016357422, 0.40357255935668945, 0.09956044703722, 0.24006061255931854, 0.036141328513622284, 0.6020013093948364, 0.0, 0.0, 0.4764406383037567, 1.374345302581787, 0.099186971783638, 2.7701051235198975, 2.151528835296631, 0.00046203573583625257, 0.0, 0.07104212045669556, 0.0, 0.014734379947185516, 0.0, 0.07431751489639282, 0.045826226472854614, 0.004261980298906565, 0.2761124074459076, 0.0, 0.14209908246994019, 0.045725319534540176, 0.391842782497406, 0.29963818192481995, 0.04808967933058739, 0.6553513407707214, 0.0, 0.11297231912612915, 0.6576319336891174, 0.041917670518159866, 0.04109759256243706, 0.00022220125538296998, 0.4511185586452484, 1.3071200847625732, 0.7005734443664551, 0.13769131898880005, 0.0, 0.04299580305814743, 0.47335800528526306, 0.5088014006614685, 0.0, 0.16811968386173248, 0.0, 0.0042746844701468945, 0.24702182412147522, 0.14506341516971588, 0.0, 0.08572863787412643, 0.3672914206981659, 0.0, 0.0, 0.15790343284606934, 1.547329306602478, 0.07444063574075699, 0.015253368765115738, 0.009709937497973442, 0.20024104416370392, 0.2113257646560669, 0.9574325084686279, 0.0, 0.2800874412059784, 0.3943990170955658, 0.4314967691898346, 0.07890280336141586, 0.0, 0.0, 0.26989519596099854, 0.20042528212070465, 0.05712701380252838, 0.016548452898859978, 0.09032000601291656, 0.0, 1.5293292999267578, 0.37634173035621643, 0.04905293881893158, 0.19217240810394287, 1.9497758150100708, 0.005366111174225807, 0.2821598947048187, 0.018491126596927643, 0.018541807308793068, 0.6915593147277832, 0.0, 0.22846992313861847, 1.3348544836044312, 0.5259991884231567, 0.4967975318431854, 0.06641992926597595, 2.0670714378356934, 0.274082213640213, 0.3308694064617157, 0.9259928464889526, 1.2278919219970703, 0.696838915348053, 1.3877828121185303, 1.0797497034072876, 0.0960688367486, 0.0, 0.5717671513557434, 1.6569417715072632, 0.0, 0.0, 0.5134636163711548, 0.021031226962804794, 0.011378618888556957, 0.3802521228790283, 0.7890951037406921, 0.0, 0.16466540098190308, 0.48461002111434937, 0.1745900958776474, 0.05761013180017471, 0.26594895124435425, 0.15637359023094177, 0.008976493962109089, 0.44416481256484985, 0.016487600281834602, 1.1174081563949585, 0.01501722726970911, 0.5813359618186951, 0.5986002087593079, 0.039505694061517715, 1.3766450881958008, 3.524092435836792, 0.0, 0.368508517742157, 0.5102094411849976, 0.31172046065330505, 0.1652376651763916, 0.0, 0.0, 1.8117730617523193, 0.04455367475748062, 0.7137600779533386, 1.7729045152664185, 0.12002236396074295, 0.0057023498229682446, 0.26997968554496765, 0.14074139297008514, 0.6123533844947815, 0.5066261291503906, 0.27176594734191895, 0.0, 0.05291619524359703, 0.876603364944458, 0.02182297594845295, 0.4356955587863922, 0.035368453711271286, 0.2861347496509552, 0.0, 0.22250346839427948, 2.5792980194091797, 0.014696347527205944, 0.4767080843448639, 0.375382661819458, 0.05731936916708946, 0.5488606095314026, 0.030328795313835144, 0.0, 0.27078336477279663, 0.1004553809762001, 0.20399652421474457, 0.49358266592025757, 0.0, 0.0, 0.5308178663253784, 0.9238744974136353, 0.6460609436035156, 0.14439816772937775, 0.005919247400015593, 0.6444106101989746, 0.33552297949790955, 0.2239535003900528, 0.0, 0.7753278017044067, 1.8796747922897339, 1.9434535503387451, 0.09115911275148392, 7.214879989624023, 0.1495724320411682, 0.021515924483537674, 0.18642421066761017, 0.22140750288963318, 0.06267203390598297, 1.2095623016357422, 0.7300214767456055, 0.28225070238113403, 0.7759422063827515, 0.0976698249578476, 0.5461986660957336, 0.28750303387641907, 0.037135083228349686, 0.0812709853053093, 1.13297700881958, 0.005207163747400045, 0.0, 0.0, 0.026786133646965027, 0.11885534226894379, 1.9636081457138062, 0.0, 0.12434958666563034, 0.12960585951805115, 0.22894231975078583, 0.0, 0.5912302136421204, 0.2206774204969406, 0.17855235934257507, 0.2251424640417099, 0.03076745755970478, 0.087525874376297, 0.6682612299919128, 1.8368096351623535, 0.043494828045368195, 0.17203818261623383, 0.18565967679023743, 0.24950116872787476, 0.6422162055969238, 0.10072418302297592, 0.5001252889633179, 1.085640549659729, 0.7661905288696289, 0.5807136297225952, 0.08934147655963898, 0.07992799580097198, 0.0, 0.3234386742115021, 0.27903902530670166, 2.7783010005950928, 0.10438168048858643, 3.759401559829712, 0.0, 0.07436823099851608, 0.020464295521378517, 1.3303492069244385, 0.47118914127349854, 0.08959976583719254, 0.07289063185453415, 1.3748254776000977, 0.4328572154045105, 2.2863337993621826, 0.8117070198059082, 0.0, 0.25297898054122925, 0.006701423320919275, 0.05559355020523071, 0.04171344265341759, 0.046583425253629684, 0.1730772703886032, 0.09952861070632935, 0.48467087745666504, 0.1996576339006424, 1.7436476945877075, 0.5142079591751099, 0.09984724968671799, 0.3564784824848175, 0.5953400731086731, 0.18220899999141693, 0.2811706066131592, 0.3901023864746094, 0.0, 0.0, 0.6224851608276367, 0.21376074850559235, 0.002323994878679514, 0.19706065952777863, 0.05172086879611015, 0.07793666422367096, 0.017166417092084885, 0.3243570327758789, 0.22852130234241486, 0.034039206802845, 2.684072971343994, 0.14809170365333557, 0.11337407678365707, 0.0152312982827425, 0.0, 0.0, 0.019443757832050323, 0.033878497779369354, 0.13180428743362427, 1.0914289951324463, 0.5249146223068237, 0.9589301347732544, 0.0, 0.36981314420700073, 0.452936589717865, 0.5831411480903625, 0.6072019338607788, 0.08211022615432739, 0.0, 0.15788690745830536, 0.6609464883804321, 0.0, 0.8768225908279419, 0.1963193118572235, 0.0, 0.15420196950435638, 0.7655453681945801, 0.07364273816347122, 5.565979480743408, 0.029107753187417984, 1.5461020469665527, 0.10931464284658432, 0.06971078366041183, 0.13245722651481628, 0.29280591011047363, 0.24221867322921753, 0.5328696966171265, 0.0, 0.03132963553071022, 0.13774868845939636, 0.4134802520275116, 0.1308271586894989, 0.08934570848941803, 0.9269163012504578, 0.0, 0.0, 0.0, 0.04895308241248131, 0.05038268119096756, 0.4113823175430298, 1.5898449420928955, 0.0323944129049778, 0.4432331919670105, 0.10828625410795212, 0.15892396867275238, 0.6798929572105408, 1.737467885017395, 0.029711516574025154, 0.5622288584709167, 0.708396315574646, 0.7720381021499634, 0.22600893676280975, 1.023643136024475, 0.040053144097328186, 0.3082306385040283, 0.30840182304382324, 0.31794995069503784, 0.04460485652089119, 0.05426381900906563, 0.0, 0.0, 1.9999439716339111, 0.5711018443107605, 0.0, 0.0, 1.7846765518188477, 0.3149290680885315, 0.02466277964413166, 0.0, 0.05190211907029152, 0.3396122455596924, 0.4796333611011505, 0.8903201222419739, 0.39800429344177246, 1.6652355194091797, 0.3124035894870758, 0.34402528405189514, 0.01530864741653204, 0.5170978307723999, 0.11378587782382965, 7.334773540496826, 0.04064258188009262, 0.0, 0.20554256439208984, 0.22761337459087372, 0.7230249643325806, 0.26881271600723267, 0.5901228189468384, 1.701358675956726, 0.16675910353660583, 0.16869263350963593, 0.06448230892419815, 0.05296344682574272, 0.022085057571530342, 0.5797957181930542, 0.9552106261253357, 0.0, 0.23242168128490448, 0.003386003663763404, 0.7083287239074707, 0.5341796278953552, 0.670763373374939, 0.12811748683452606, 0.0, 0.033674877136945724, 0.24290630221366882, 0.038795553147792816, 0.5892757773399353, 0.0, 0.0021694875322282314, 0.04629077762365341, 0.7683825492858887, 0.04539750516414642, 0.022949855774641037, 0.0638282522559166, 0.20108328759670258, 0.06337975710630417, 0.8713542222976685, 0.2066502720117569, 0.0, 1.6155132055282593, 0.33983713388442993]",Testing/glioma_tumor/image(63).jpg
"[1.2764947414398193, 0.9745999574661255, 0.11042022705078125, 0.19173851609230042, 1.336118221282959, 0.741413414478302, 1.1202548742294312, 0.3267602026462555, 0.0946732610464096, 0.005551654379814863, 0.05439256131649017, 0.040975820273160934, 2.083738088607788, 0.9534757137298584, 0.0, 0.10834582895040512, 0.24968662858009338, 0.3384689688682556, 0.7380146384239197, 0.15204447507858276, 0.09873662889003754, 0.5284555554389954, 1.3708195686340332, 0.12001292407512665, 0.3342015743255615, 1.3740260601043701, 2.6473753452301025, 0.034982841461896896, 0.030002880841493607, 0.0, 0.05326280742883682, 0.4539041221141815, 0.2265508472919464, 0.5368648171424866, 0.2113075852394104, 1.2108922004699707, 0.020097723230719566, 0.07804485410451889, 0.11448989808559418, 0.06418413668870926, 0.31355398893356323, 1.0765504837036133, 0.04455876722931862, 0.014076403342187405, 0.3691951334476471, 0.0, 0.05492361634969711, 0.0, 0.029485400766134262, 0.36690443754196167, 2.0079078674316406, 1.6823614835739136, 2.1460258960723877, 0.09607751667499542, 2.1406047344207764, 2.0111892223358154, 0.06298920512199402, 0.0005010974709875882, 0.9942420125007629, 0.0, 0.32154715061187744, 0.27456045150756836, 0.13138820230960846, 0.2174740433692932, 0.02249159850180149, 0.041306331753730774, 0.9035456776618958, 0.0016283210134133697, 1.7740494012832642, 0.1817755550146103, 1.4824895858764648, 0.2673752009868622, 0.18519407510757446, 2.925079107284546, 0.507146954536438, 0.026677193120121956, 1.7658987045288086, 0.1414240449666977, 0.0, 0.42968547344207764, 0.0, 0.02528964728116989, 1.5917234420776367, 0.003868567757308483, 0.8073733448982239, 0.06496357172727585, 0.8302854299545288, 0.21514922380447388, 0.018765108659863472, 0.019265923649072647, 0.45424941182136536, 1.0172243118286133, 0.12175939232110977, 1.7978368997573853, 0.014995577745139599, 0.09623951464891434, 0.08294298499822617, 0.09805338084697723, 0.13039341568946838, 0.3361941874027252, 0.43169593811035156, 0.5755345225334167, 0.04933745041489601, 0.0, 0.07987888157367706, 0.10190217196941376, 0.30342116951942444, 0.42348378896713257, 0.0, 0.744148313999176, 0.23837797343730927, 0.7336399555206299, 0.15329521894454956, 0.03589307516813278, 1.085524082183838, 0.06448230147361755, 0.2616530954837799, 0.9534161686897278, 0.02396298386156559, 0.008629249408841133, 0.1782045215368271, 0.06464100629091263, 0.06418867409229279, 0.1451234072446823, 0.9146726727485657, 0.7372082471847534, 0.0, 0.2449546754360199, 2.600564479827881, 0.0, 0.06848148256540298, 1.2685670852661133, 0.6415794491767883, 0.7995262742042542, 0.0, 0.013311478309333324, 0.8759749531745911, 0.05052698776125908, 0.2584819197654724, 0.019663183018565178, 0.2857528328895569, 0.4033985435962677, 0.0583939403295517, 0.030360279604792595, 0.21337996423244476, 0.012609190307557583, 0.12363089621067047, 0.5912615060806274, 0.05680028721690178, 0.16996896266937256, 1.9918689727783203, 1.1318358182907104, 1.1396586894989014, 0.04871141165494919, 0.06265416741371155, 0.619444727897644, 0.0, 0.008958855643868446, 0.7198929190635681, 0.0, 0.5418704152107239, 0.0, 0.009499696083366871, 0.265110582113266, 0.03615840524435043, 0.0051244692876935005, 1.5619052648544312, 0.30056270956993103, 0.07398976385593414, 7.110095977783203, 1.5985432863235474, 0.02529587596654892, 0.043586812913417816, 0.1636718511581421, 0.8893272876739502, 1.7241418361663818, 0.08082066476345062, 0.007524351589381695, 0.00801237765699625, 0.44502970576286316, 0.6487067341804504, 0.0, 0.5352486968040466, 0.0, 0.5011968612670898, 0.26991766691207886, 0.08345837146043777, 0.8404902219772339, 0.29540741443634033, 0.012088585644960403, 0.03436809778213501, 0.010326584801077843, 0.10079377144575119, 0.0, 0.00353547022677958, 0.4894964396953583, 0.030081788077950478, 0.20673929154872894, 0.020846785977482796, 0.17893604934215546, 1.7015657424926758, 0.9246549606323242, 0.2349165380001068, 0.0, 0.34108954668045044, 0.5569726824760437, 0.17407071590423584, 0.005378798581659794, 0.274453729391098, 0.3624037206172943, 0.3321273624897003, 1.1900185346603394, 0.0, 0.541620135307312, 0.108817458152771, 0.957629919052124, 1.0049891471862793, 0.29656246304512024, 0.36431995034217834, 0.0, 0.4007413387298584, 0.014041082933545113, 2.1406373977661133, 0.025070015341043472, 0.0, 1.9801113605499268, 0.34012332558631897, 0.2061811238527298, 0.46303078532218933, 0.47010713815689087, 0.04023406282067299, 0.7506797909736633, 0.3189105987548828, 0.13280639052391052, 1.1820118427276611, 0.020846201106905937, 0.0008014221675693989, 0.0012583440402522683, 0.045991797000169754, 0.7123579978942871, 0.4279736876487732, 0.19221282005310059, 0.9128715991973877, 0.03956570848822594, 0.24097022414207458, 0.3737426698207855, 0.0, 0.026031620800495148, 0.01110093668103218, 0.7006064653396606, 1.9555209875106812, 0.04960231855511665, 0.35391131043434143, 0.5310707688331604, 0.33156266808509827, 0.13282510638237, 0.09911282360553741, 1.35716712474823, 0.565666913986206, 0.7555580735206604, 0.0, 0.0, 1.1183925867080688, 0.0, 0.0, 0.22731488943099976, 0.34731876850128174, 0.0, 0.0, 0.0005648014484904706, 0.9541033506393433, 1.3279292583465576, 0.5961810350418091, 0.030835583806037903, 5.183441162109375, 0.22421349585056305, 0.4873303771018982, 0.565670371055603, 0.3992890417575836, 0.38960808515548706, 0.6643946766853333, 0.6989490985870361, 2.789161205291748, 0.12533952295780182, 0.025247862562537193, 0.35861992835998535, 0.9256611466407776, 0.00039033012581057847, 0.16124555468559265, 0.13899022340774536, 0.4018665552139282, 0.5034512877464294, 0.6562896370887756, 0.10043668001890182, 1.4948993921279907, 3.3469748497009277, 0.017641639336943626, 0.04657575115561485, 0.2842520773410797, 0.42805129289627075, 0.47689318656921387, 0.10191555321216583, 4.655402183532715, 0.04995322227478027, 1.7641724348068237, 0.7665925025939941, 0.0013371194945648313, 0.02531922049820423, 0.1810670644044876, 0.5013406872749329, 0.11890166252851486, 1.0455758571624756, 0.5742732882499695, 0.2138970047235489, 1.1543868780136108, 0.28740671277046204, 0.5095789432525635, 0.010391242802143097, 0.04364258050918579, 0.033711470663547516, 0.664890706539154, 0.6309689283370972, 0.006425864994525909, 0.10468167066574097, 0.038730282336473465, 0.0, 0.15967924892902374, 0.25866594910621643, 3.421839714050293, 0.08719278872013092, 1.1034305095672607, 0.0, 0.2380082905292511, 0.6815880537033081, 0.0, 0.031062807887792587, 0.4322880208492279, 0.011607063002884388, 0.5935302376747131, 0.19549249112606049, 0.5213964581489563, 0.0, 0.33189138770103455, 0.029862117022275925, 0.0, 0.16634409129619598, 0.011421033181250095, 0.2134103775024414, 0.01339829433709383, 1.1349531412124634, 0.17401255667209625, 0.0, 0.3768974244594574, 0.07297860085964203, 0.5128676891326904, 0.12389969080686569, 0.012203916907310486, 0.07134336233139038, 0.7544091939926147, 0.307697057723999, 0.08950792253017426, 1.4002361297607422, 0.00098494125995785, 0.5131109356880188, 0.423494815826416, 0.25146424770355225, 0.0, 0.015946531668305397, 4.883737087249756, 0.017054636031389236, 0.0005119503475725651, 0.08882178366184235, 0.3054213523864746, 3.5035088062286377, 0.0053465901874005795, 0.17857934534549713, 2.845916986465454, 0.5572659969329834, 0.0, 0.0, 0.0491163432598114, 0.0903039500117302, 0.0, 0.2840472161769867, 0.7461492419242859, 0.13914446532726288, 1.1977038383483887, 0.41924014687538147, 0.03709010034799576, 0.05526016652584076, 0.0009334306232631207, 0.17386868596076965, 0.1687905490398407, 0.5532021522521973, 0.13234734535217285, 3.606858491897583, 0.34925031661987305, 1.5671430826187134, 0.03164278343319893, 0.0, 0.1776522845029831, 0.0, 0.0, 0.19090446829795837, 0.13969197869300842, 1.9640676975250244, 0.034336838871240616, 0.026152433827519417, 0.07093631476163864, 0.5034133791923523, 0.2673174738883972, 0.11038894951343536, 0.3113294541835785, 0.02211197465658188, 0.0794784277677536, 0.7949540019035339, 0.0, 1.350117564201355, 0.2777303457260132, 0.1636984646320343, 1.002156138420105, 0.04178647696971893, 0.14256761968135834, 0.06288961321115494, 0.11522559821605682, 0.25315889716148376, 0.04482210800051689, 0.4451284110546112, 0.17387214303016663, 0.0, 0.13914833962917328, 0.1161048486828804, 0.9942745566368103, 0.1470828503370285, 1.1316877603530884, 1.2411068677902222, 0.010366542264819145, 1.4251418113708496, 0.2546851933002472, 0.03339709714055061, 0.09639084339141846, 0.0, 0.1433219164609909, 0.061427388340234756, 0.13925597071647644, 0.018366243690252304, 0.0, 0.2944956123828888, 0.1002952829003334, 0.05084209144115448, 0.48012393712997437, 0.0046070837415754795, 0.07770805060863495, 0.001896724454127252, 0.04395521432161331, 0.1057167798280716, 0.045863550156354904, 0.09229276329278946, 0.2978384494781494, 0.3607568144798279, 0.1641397625207901, 0.6924692988395691, 0.2576933205127716, 0.16044411063194275, 0.2590125799179077, 0.03752622380852699, 0.0, 0.6790659427642822, 0.5375422835350037, 0.0432724766433239, 0.15113873779773712, 0.21733920276165009, 0.0686023011803627, 0.3246433436870575, 0.19432398676872253, 0.0, 0.11807207018136978, 0.06490956246852875, 0.09025724232196808, 0.24385476112365723, 1.6938713788986206, 0.24284739792346954, 0.4684116840362549, 0.07142757624387741, 0.0, 0.3630855977535248, 0.061226923018693924, 0.0, 1.326399564743042, 0.3850095272064209, 0.4118909239768982, 0.8617041707038879, 0.0011866677086800337, 0.0, 1.0345804691314697, 0.10249752551317215, 0.05088137462735176, 0.1763964742422104, 0.4096163511276245, 0.5354926586151123, 0.3924819827079773, 0.009879406541585922, 0.06593059748411179, 3.0407204627990723, 0.05939655378460884, 0.6365494728088379, 0.040860965847969055, 0.08498896658420563, 0.10163174569606781, 0.5491012930870056, 0.0, 0.0678996592760086, 0.1730121523141861, 0.6730491518974304, 0.009845967404544353, 0.16565079987049103, 0.764330267906189, 0.0, 0.23241767287254333, 0.020145943388342857, 0.0, 0.39575397968292236, 0.051436375826597214, 0.0, 0.169480562210083, 0.17488569021224976, 0.0, 0.0, 0.1081385537981987, 0.9092633128166199, 0.21456481516361237, 1.467263102531433, 1.1740782260894775, 1.5276991128921509, 0.11219006776809692, 0.961458683013916, 3.0575673580169678, 0.3039325475692749, 0.46308958530426025, 0.412526935338974, 0.1241794228553772, 0.4621416926383972, 0.990649938583374, 0.2490510195493698, 1.8956366777420044, 0.006568809039890766, 0.1072745993733406, 0.31065618991851807, 0.5962656736373901, 0.0, 0.09501081705093384, 0.138798788189888, 0.13477563858032227, 0.10168592631816864, 0.8178379535675049, 3.5410969257354736, 0.14042915403842926, 0.0, 0.3281409740447998, 0.17325517535209656, 0.746875524520874, 1.3360596895217896, 0.1695791333913803, 0.09450274705886841, 0.0, 0.0737098902463913, 0.9470301270484924, 0.010027416050434113, 0.46361207962036133, 0.06975003331899643, 0.9364667534828186, 0.03235091641545296, 0.09823340177536011, 0.25325119495391846, 0.047758471220731735, 0.9956392049789429, 0.3347429037094116, 2.1964831352233887, 0.09984204918146133, 0.34067845344543457, 0.7830182909965515, 0.20222249627113342, 0.15132246911525726, 0.19826464354991913, 0.02739352360367775, 0.018518637865781784, 0.542434811592102, 0.0, 0.11872740834951401, 0.0, 0.25094449520111084, 0.09543421119451523, 0.38253819942474365, 0.010462546721100807, 0.27109044790267944, 0.008472753688693047, 0.7784720659255981, 0.10385791957378387, 0.007707586046308279, 0.5790092349052429, 0.028087737038731575, 0.1105395257472992, 4.360753059387207, 0.020182792097330093, 0.04591064900159836, 0.07152890413999557, 0.0, 0.07562191784381866, 0.5833132863044739, 2.2872297763824463, 0.29645681381225586, 0.3543625771999359, 0.27834150195121765, 0.056571684777736664, 0.09441308677196503, 0.0, 0.0, 0.09782414883375168, 0.07169248908758163, 0.123738132417202, 0.3034834861755371, 0.05797445401549339, 1.8178791999816895, 0.0, 2.147914409637451, 0.6699798703193665, 0.1045561209321022, 0.005771296564489603, 0.3231583535671234, 0.39309510588645935, 0.2898545265197754, 0.1880538910627365, 0.11494961380958557, 0.5077512264251709, 0.5834018588066101, 0.0, 0.12883779406547546, 0.011941946111619473, 0.17688718438148499, 0.026427434757351875, 0.8264349102973938, 0.00032441713847219944, 1.6362706422805786, 0.052288416773080826, 0.0, 0.9934048056602478, 2.9684908390045166, 0.6255537271499634, 0.0, 0.0, 0.6534457206726074, 0.8705286383628845, 0.7132110595703125, 0.0, 0.8628833293914795, 0.03223255276679993, 0.12226658314466476, 0.11182572692632675, 1.827092170715332, 0.02946997620165348, 0.37439119815826416, 0.6511585116386414, 0.07682144641876221, 0.054312482476234436, 2.168600082397461, 0.03194909915328026, 2.171292781829834, 0.7315645813941956, 0.28446319699287415, 0.4437617063522339, 0.0, 0.004476379603147507, 0.044331472367048264, 0.3862602114677429, 0.1852947175502777, 1.0147475004196167, 0.15427450835704803, 0.0245346836745739, 0.9780809283256531, 0.8416733741760254, 1.3111481666564941, 0.0009362600394524634, 0.0, 0.006617811042815447, 0.34096193313598633, 0.23485922813415527, 0.13184113800525665, 0.024943672120571136, 0.5370669364929199, 0.4611666202545166, 0.009135362692177296, 0.0, 0.0533943846821785, 0.42170825600624084, 0.11822748929262161, 0.44276756048202515, 0.8631815910339355, 1.1288992166519165, 0.01818368397653103, 0.15812885761260986, 0.12804870307445526, 0.3334154486656189, 0.0, 0.6814112663269043, 0.0002089325280394405, 0.015410887077450752, 2.922238349914551, 0.22519996762275696, 0.7645354270935059, 0.0, 2.223778009414673, 0.0, 0.0, 0.02253912389278412, 0.7309240102767944, 0.0, 0.8515917658805847, 0.3057173192501068, 0.10625191032886505, 0.0, 0.8356638550758362, 2.337904691696167, 0.17273655533790588, 0.16503584384918213, 0.08625593036413193, 3.070594310760498, 1.5856599807739258, 0.1273421049118042, 0.4153345823287964, 0.8190692067146301, 0.27633458375930786, 1.4363384246826172, 0.0, 0.0617113895714283, 0.21779361367225647, 0.06453480571508408, 0.32019540667533875, 1.528963327407837, 0.34408071637153625, 0.3291260898113251, 0.0, 0.4959433674812317, 0.874731719493866, 0.0, 0.06895200908184052, 0.6904144287109375, 0.3699193000793457, 0.0013765728799626231, 0.03879619762301445, 0.8403725028038025, 0.9796147346496582, 0.8828426003456116, 0.023259371519088745, 0.0, 0.8478939533233643, 0.33280983567237854, 1.5225508213043213, 0.12954172492027283, 0.07584957033395767, 0.17411835491657257, 3.010932207107544, 0.29256656765937805, 2.147881269454956, 1.5246682167053223, 0.04331280291080475, 0.06868183612823486, 0.0, 0.4246940314769745, 0.17989006638526917, 1.0883078575134277, 0.0, 0.0339767262339592, 0.4987362325191498, 0.2969467043876648, 0.0, 0.0, 0.3138939142227173, 0.043068189173936844, 1.823784351348877, 0.20111078023910522, 0.7981449961662292, 1.1520640850067139, 1.9108302593231201, 0.009129893966019154, 0.051683202385902405, 0.1332612782716751, 2.568108320236206, 2.307595729827881, 0.9103891849517822, 0.0, 0.7808117270469666, 1.038776159286499, 0.26043009757995605, 0.004110404290258884, 0.370697021484375, 0.4488885700702667, 0.027885781601071358, 0.052532702684402466, 1.0048617124557495, 0.0, 0.0, 0.11223334074020386, 0.0071394615806639194, 0.011676564812660217, 0.0, 0.35649189352989197, 0.22443778812885284, 2.807948112487793, 0.7465233206748962, 0.1773284673690796, 0.05314340442419052, 0.11203549802303314, 3.243511915206909, 0.0, 2.414567232131958, 0.011336429044604301, 1.4559540748596191, 0.8908824324607849, 0.0018429805058985949, 0.0, 0.007283702027052641, 0.13649803400039673, 0.8912956118583679, 0.4795477092266083, 0.0, 0.3712310492992401, 0.07940945029258728, 0.10572240501642227, 0.02624637261033058, 2.184070348739624, 0.2624320685863495, 2.049724578857422, 0.4688223898410797, 0.5268118381500244, 0.4453395903110504, 1.0537968873977661, 0.11124156415462494, 0.008737150579690933, 0.15671944618225098, 0.1325606256723404, 0.03552788496017456, 0.008620977401733398, 0.5899845957756042, 3.6624081134796143, 0.39142632484436035, 0.043316878378391266, 0.006982856895774603, 0.0, 0.6748959422111511, 2.5645751953125, 0.07276992499828339, 0.0411677360534668, 0.2862676680088043, 0.16695505380630493, 0.027114711701869965, 1.5941141843795776, 0.05484392121434212, 0.05640276148915291, 0.563810408115387, 2.431286334991455, 1.064082384109497, 0.37887799739837646, 0.18687336146831512, 0.0, 0.2889786958694458, 0.0214567631483078, 0.8750322461128235, 0.1403946578502655, 0.793794572353363, 2.635370969772339, 0.06431079655885696, 0.25567784905433655, 0.01287291944026947, 1.038451075553894, 1.3942153453826904, 1.6493216753005981, 0.11711011826992035, 0.31080472469329834, 3.0284810066223145, 1.0248943567276, 0.22821122407913208, 0.757775068283081, 0.5898431539535522, 0.0, 0.8505449891090393, 0.31852078437805176, 3.492340087890625, 0.6348540782928467, 0.008252027444541454, 0.3456769585609436, 0.13353268802165985, 0.17012499272823334, 0.0, 0.0, 0.1360682100057602, 0.0, 0.10820945352315903, 0.014388137497007847, 0.20475459098815918, 0.9723994731903076, 0.003240203484892845, 1.2088991403579712, 0.02266109175980091, 0.03503120318055153, 4.883358478546143, 0.11088670790195465, 0.6061785221099854, 1.4565582275390625, 0.014728129841387272, 0.01770097389817238, 0.0, 0.6584967970848083, 0.05387040600180626, 0.760148823261261, 0.0, 1.16233229637146, 0.4080056846141815, 0.07241196930408478, 0.2655784785747528, 0.018184272572398186, 0.003587776329368353, 0.36516112089157104, 0.0041539231315255165, 0.06306788325309753, 0.4716545045375824, 0.062350887805223465, 0.5473290085792542, 2.1035776138305664, 2.76788330078125, 0.0, 0.0, 0.7545685768127441, 1.281396746635437, 0.003104701405391097, 0.5176734328269958, 1.7326221466064453, 0.018854497000575066, 0.8273412585258484, 0.0, 0.0, 0.19955502450466156, 0.37762993574142456, 0.020247984677553177, 0.18429253995418549, 0.37204423546791077, 0.0, 0.0, 0.344870924949646, 0.29985690116882324, 1.1964209079742432, 0.004127804189920425, 0.5492188334465027, 0.08320210129022598, 0.09673439711332321, 0.29941320419311523, 0.08349697291851044, 0.48156052827835083, 1.1946581602096558, 1.3178305625915527, 0.048308949917554855, 0.08177994936704636, 0.015346655622124672, 0.0456247478723526, 0.5046697854995728, 0.11940193921327591, 3.692364454269409, 0.20581385493278503, 1.0462137460708618, 0.5006194114685059, 0.07505834102630615, 0.38109689950942993, 0.5082013010978699, 0.0911245346069336, 0.37828919291496277, 0.24260862171649933, 0.8700658082962036, 1.8206549882888794, 0.008859439752995968, 0.061165351420640945, 0.32940974831581116, 3.070021867752075, 3.007209539413452, 0.02946120873093605, 0.040803633630275726, 0.6099935173988342, 0.0, 0.008674602024257183, 0.008583278395235538, 0.0034330887719988823, 0.07514124363660812, 0.22560808062553406, 0.1501251608133316, 0.7713989615440369, 0.4811496436595917, 0.0, 0.5069049596786499, 0.09961941838264465, 0.0, 0.08241207897663116, 0.011837968602776527, 0.19003857672214508, 0.2903999090194702, 0.22998297214508057, 1.1383376121520996, 1.3148905038833618, 0.09067706763744354, 0.7775971293449402, 0.633362889289856, 1.142055869102478, 0.03871391341090202, 0.09123042225837708, 0.042100924998521805, 0.46457305550575256, 3.421497344970703, 0.28249457478523254, 0.06349188089370728, 0.4519965648651123, 0.20313648879528046, 0.06276178359985352, 0.4533223509788513, 0.3639097511768341, 0.10908997058868408, 0.002738716546446085, 0.5309221148490906, 0.2807655334472656, 0.27954065799713135, 0.2535851001739502, 0.1716069132089615, 0.051943302154541016, 0.7821072936058044, 0.1896720826625824, 0.5460276007652283, 0.20076140761375427, 0.20633569359779358, 0.3807515799999237, 0.8292721509933472, 0.0, 0.0, 0.005126753821969032, 0.014674415811896324, 0.000983583740890026, 0.06050344556570053, 0.8729094862937927, 0.07266364246606827, 0.0, 0.06047068163752556, 0.0, 0.0, 0.29526448249816895, 0.054308999329805374, 0.0004104740801267326, 0.000760927505325526, 0.13641482591629028, 0.03622877225279808, 0.1129477396607399, 0.025206996127963066, 1.0261588096618652, 1.7187520265579224, 0.4049839973449707, 0.024633556604385376, 0.0, 0.03996175527572632, 0.7374456524848938, 0.04258285090327263, 0.16079972684383392, 0.2750483453273773, 0.03992486000061035, 1.298081874847412, 0.06358592957258224, 0.2221236526966095, 1.3144363164901733, 2.5524230003356934, 0.0707814171910286, 0.5651626586914062, 1.3671988248825073, 0.06074627488851547, 0.0, 0.3632920980453491, 0.13776417076587677, 0.0, 1.9721357822418213, 0.33954355120658875, 0.14083454012870789, 2.8876028060913086, 0.2807926535606384, 0.47942063212394714, 0.06061838939785957, 2.8808345794677734, 0.7582667469978333, 0.405784010887146, 0.0, 0.14267005026340485, 9.748400771059096e-05, 0.019238978624343872, 3.5434327125549316, 0.09918053448200226, 0.08121676743030548, 0.14272147417068481, 0.023080894723534584, 0.20478491485118866, 0.23426003754138947, 0.043562985956668854, 0.020786616951227188, 0.01783304288983345, 1.1508564949035645, 0.03541070967912674, 0.38294321298599243, 0.0792447105050087, 0.0364777147769928, 0.04162631183862686, 0.05828728899359703, 0.07720229774713516, 0.0, 0.009488348849117756, 0.19893284142017365, 0.09838791191577911, 1.239485740661621, 0.0, 0.1858997344970703, 0.46577873826026917, 0.8916608691215515, 0.5756658911705017, 0.17427538335323334, 0.40244802832603455, 0.0, 0.3036786615848541, 0.9341323375701904, 0.4563996195793152, 0.062118981033563614, 0.18448197841644287, 0.012955300509929657, 0.10497049242258072, 0.0, 0.7562586069107056, 0.0033220271579921246, 0.05605889856815338, 0.10552531480789185, 0.08263000845909119, 0.35740143060684204, 0.19997577369213104, 0.0, 0.21919021010398865, 1.8554565906524658, 0.0, 0.16459636390209198, 0.5865756273269653, 0.0, 0.08045654743909836, 0.0, 0.05308303236961365, 0.19415873289108276, 0.18542781472206116, 0.00020700084860436618, 0.01903853937983513, 0.8570184707641602, 0.38232725858688354, 0.04988529160618782, 0.8404958248138428, 0.003693857928737998, 0.05118687450885773, 0.035993173718452454, 0.09705113619565964, 0.18250508606433868, 0.24173398315906525, 0.04566871002316475, 0.029432082548737526, 0.04965851828455925, 0.45725101232528687, 0.8130190372467041, 0.1823568195104599, 0.4689367711544037, 0.3293168842792511, 0.0, 0.0, 0.04081987217068672, 0.6457394361495972, 0.02325425297021866, 0.35842034220695496, 0.0, 3.587693929672241, 0.15330012142658234, 0.0, 0.0, 0.021864579990506172, 0.0028238515369594097, 0.31170615553855896, 0.02131052128970623, 0.5025027990341187, 0.04240119084715843, 0.0, 0.6145190596580505, 0.6861053109169006, 0.0, 0.020295336842536926, 0.2437889724969864, 0.3718489408493042, 0.11256908625364304, 0.00950669776648283, 0.0, 0.21326985955238342, 0.750075101852417, 0.11482546478509903, 0.2623101770877838, 0.4781346917152405, 0.8347675800323486, 0.2623799741268158, 0.2181132733821869, 0.1076507568359375, 1.0831079483032227, 0.40418437123298645, 0.1115109771490097, 0.044701237231492996, 0.49054020643234253, 0.8857261538505554, 0.012661962769925594, 0.07739073038101196, 0.18421562016010284, 0.2751847207546234, 0.05322904512286186, 0.5855234861373901, 1.3439759016036987, 0.0, 0.2560548484325409, 1.494715690612793, 0.2188134640455246, 0.2443830966949463, 1.3433369398117065, 0.24797499179840088, 0.010534629225730896, 0.033217523247003555, 0.22871749103069305, 0.5604043006896973, 0.0024152628611773252, 2.08817195892334, 0.0, 0.02390243113040924, 0.06460510194301605, 0.0217539481818676, 0.19896304607391357, 0.03646661713719368, 0.315777063369751, 1.2177081108093262, 0.2591373324394226, 0.7175534963607788, 1.7948676347732544, 0.3255329728126526, 0.05912647768855095, 0.06923550367355347, 0.6776460409164429, 0.07661774009466171, 0.10344234108924866, 0.644523561000824, 0.07710928469896317, 0.05400637164711952, 0.017706654965877533, 0.17062722146511078, 0.3221481740474701, 0.0, 0.1370229870080948, 0.029086852446198463, 0.6400690078735352, 0.0, 0.2271224558353424, 0.8227414488792419, 0.40144026279449463, 0.2505776286125183, 0.5879930853843689, 0.8508643507957458, 0.31716397404670715, 0.5286722183227539, 0.16707707941532135, 0.28840214014053345, 0.42860594391822815, 0.30376437306404114, 0.002477757865563035, 0.030090350657701492, 0.03590131923556328, 0.9444271922111511, 0.8624188303947449, 1.2474908828735352, 0.0, 0.6288349628448486, 1.2546578645706177, 0.1278512179851532, 0.0, 0.519573986530304, 0.10753323882818222, 0.47723034024238586, 1.2703429460525513, 2.108342170715332, 0.1356482207775116, 0.1682266741991043, 0.2814328968524933, 0.019210917875170708, 0.15190351009368896, 0.0, 0.9767926931381226, 1.2854033708572388, 0.14331120252609253, 0.10203564167022705, 0.748954713344574, 0.4190863072872162, 0.10834483802318573, 0.1257357895374298, 0.14005903899669647, 0.033304184675216675, 0.30683428049087524, 0.06053604558110237, 0.6581181883811951, 1.9609124660491943, 0.16042661666870117, 0.02377903275191784, 0.16661173105239868, 0.07100345939397812, 0.1062115877866745, 0.7023251056671143, 0.2442520260810852, 0.1711614578962326, 0.0, 0.058821093291044235, 0.25998544692993164, 0.23740507662296295, 0.13576725125312805, 0.2771528959274292, 0.1344834864139557, 0.11577087640762329, 0.26200979948043823, 0.01774257980287075, 3.3546438217163086, 0.13315288722515106, 0.0020855446346104145, 0.053097814321517944, 1.3685786724090576, 0.21582356095314026, 0.058547493070364, 0.2591519355773926, 0.34336814284324646, 0.23221048712730408, 0.8253501057624817, 0.4605135917663574, 0.06399624049663544, 1.2423354387283325, 0.007774143945425749, 0.003516384633257985, 0.0, 3.4640510082244873, 0.03296151012182236, 0.0, 0.048457127064466476, 0.18774539232254028, 0.40911009907722473, 0.15992633998394012, 0.8952428102493286, 0.10667327791452408, 4.677132606506348, 0.006448918487876654, 0.3211207389831543, 0.2572506070137024, 0.01773458532989025, 0.15717829763889313, 0.0955791249871254, 0.45789048075675964, 0.4147721529006958, 0.16843047738075256, 0.0, 3.6361989974975586, 0.2077523022890091, 0.08271296322345734, 0.12082908302545547, 0.0, 0.778089165687561, 0.7987735271453857, 0.1540994793176651, 0.005935756489634514, 2.5344207286834717, 0.0057855043560266495, 1.348976731300354, 0.038511231541633606, 0.22493571043014526, 0.3280141055583954, 0.7965240478515625, 1.437981128692627, 0.0, 2.137533187866211, 0.5413426756858826, 0.0, 0.15273676812648773, 0.057987041771411896, 0.11029230058193207, 0.0, 0.0, 0.0, 0.0, 0.04359392076730728, 0.2296353578567505, 0.07968517392873764, 0.036471158266067505, 4.011050701141357, 0.07273944467306137, 1.9740815162658691, 0.0, 0.9835494160652161, 0.06775181740522385, 1.6003539562225342, 0.00374301103875041, 0.0, 0.09338010102510452, 1.484510898590088, 0.01953040063381195, 0.09305992722511292, 0.5179300904273987, 0.007733393460512161, 0.0, 0.7289822697639465, 0.1173681914806366, 0.3038136661052704, 0.0, 3.3431572914123535, 0.04396238923072815, 0.15375249087810516, 0.010103026404976845, 0.32138389348983765, 0.02041192352771759, 0.34121692180633545, 0.6374849081039429, 0.23190435767173767, 0.2518846094608307, 0.0002500816190149635, 0.24231772124767303, 2.057485580444336, 0.08248686045408249, 0.0, 0.15363502502441406, 0.0, 0.19788651168346405, 0.16661879420280457, 0.14436568319797516, 0.32669752836227417, 0.7686938047409058, 0.5504976511001587, 0.21160374581813812, 0.06382260471582413, 2.611968755722046, 0.05011848360300064, 0.5051937103271484, 0.0, 0.05855681374669075, 0.0, 1.3698701858520508, 0.34544914960861206, 0.5602004528045654, 0.324336439371109, 0.007320082746446133, 0.07360854744911194, 0.0, 0.06253784894943237, 0.0030276873148977757, 0.0, 0.07327661663293839, 0.43742722272872925, 0.22335687279701233, 0.06889625638723373, 0.4410795569419861, 0.05967060849070549, 3.145127296447754, 3.0215930938720703, 0.08146275579929352, 0.3413865268230438, 0.036264143884181976, 0.00038039928767830133, 1.3787308931350708, 0.4454198181629181, 1.1927781105041504, 1.5601348876953125, 0.6048914790153503, 0.08577026426792145, 1.3566365242004395, 0.09492404758930206, 1.390117883682251, 0.026566388085484505, 0.8735320568084717, 0.22153699398040771, 0.18265222012996674, 0.35547658801078796, 0.10617690533399582, 0.03681573644280434, 0.0, 0.9430744647979736, 0.0, 0.0, 0.0009098661248572171, 3.9166150093078613, 0.04444292187690735, 0.36356478929519653, 1.2458901405334473, 0.04361376911401749, 0.5388200879096985, 0.1760362833738327, 0.0, 1.8755309581756592, 0.23996612429618835, 0.731360673904419, 0.18066823482513428, 0.7372265458106995, 0.5809897780418396, 0.3763357400894165, 0.7011434435844421, 0.002419291762635112, 0.42909035086631775, 0.02479427680373192, 0.34309691190719604, 0.9013109803199768, 0.0395546555519104, 1.4828583002090454, 0.03209087252616882, 0.0, 0.3205854892730713, 0.16148805618286133, 0.10749129951000214, 0.0, 0.48923540115356445, 0.22120565176010132, 0.16021595895290375, 0.0, 0.24098815023899078, 0.2516646385192871, 0.3139784038066864, 0.0, 0.20843861997127533, 2.2784812450408936, 3.333759307861328, 0.003015856258571148, 0.03790530562400818, 0.0, 0.07192578911781311, 0.0849585235118866, 0.14405149221420288, 0.08950300514698029, 0.06352023780345917, 0.0, 2.6183433532714844, 0.0024628005921840668, 0.011061452329158783, 0.4730599522590637, 1.2213737964630127, 0.14108198881149292, 0.016229921951889992, 0.3892599940299988, 0.8950970768928528, 0.0480642169713974, 1.119260311126709, 0.4638591706752777, 0.9404858946800232, 0.7124898433685303, 0.0, 0.30728647112846375, 0.4178125858306885, 3.333064556121826, 0.16220073401927948, 0.09024849534034729, 0.9634497761726379, 0.0, 0.02189391478896141, 0.4368601441383362, 0.15031231939792633, 0.2544277012348175, 0.11467980593442917, 0.07557179033756256, 0.12674561142921448, 0.02295798249542713, 0.0185356717556715, 0.0, 1.3896797895431519, 1.4913222789764404, 0.12120579928159714, 0.30010083317756653, 0.07954568415880203, 0.33333322405815125, 0.9829422235488892, 0.015055540017783642, 0.17025955021381378, 0.0, 2.145503520965576, 0.5387119650840759, 0.7247888445854187, 1.219285488128662, 1.5887632369995117, 0.20236146450042725, 0.5151113867759705, 0.003644089214503765, 0.0, 0.008796405047178268, 0.0, 0.011560440063476562, 0.34774070978164673, 1.731947660446167, 0.4518114924430847, 0.010146287269890308, 3.3523285388946533, 0.0, 0.5379788279533386, 0.17897845804691315, 0.20059286057949066, 1.497601866722107, 0.35223981738090515, 0.16861717402935028, 1.265447974205017, 0.005604165140539408, 0.3058969974517822, 2.1987082958221436, 0.0, 0.9779078960418701, 0.3744918406009674, 0.041955482214689255, 0.19520537555217743, 0.05586712807416916, 0.18971358239650726, 0.0, 0.40832796692848206, 0.024936093017458916, 0.08945350348949432, 0.2545856535434723, 0.12640424072742462, 0.357623815536499, 0.0, 2.010389804840088, 1.268416166305542, 2.659533977508545, 0.0, 0.23507826030254364, 0.0, 0.522375226020813, 0.23656533658504486, 0.0, 0.0, 1.4621561765670776, 0.007198474835604429, 0.07261285930871964, 0.35296982526779175, 0.04465322196483612, 0.6015908718109131, 0.391644150018692, 2.6531333923339844, 0.0, 0.23408406972885132, 0.2897464632987976, 0.004365098662674427, 0.0657869279384613, 0.35624223947525024, 0.8490460515022278, 0.0, 1.290835976600647, 2.409263849258423, 0.21553459763526917, 0.07935742288827896, 0.0, 0.0, 0.23292720317840576, 0.09284566342830658, 0.025304945185780525, 0.028040554374456406, 0.40783753991127014, 0.0, 0.11111731082201004, 0.40421050786972046, 0.24408531188964844, 0.17229221761226654, 0.2081196904182434, 0.0, 0.3191869556903839, 0.0, 0.21249248087406158, 0.05315116047859192, 0.05977568402886391, 0.0, 0.3734235167503357, 0.022312283515930176, 0.12213815003633499, 1.25051748752594, 0.19560599327087402, 0.0, 0.03051779791712761, 0.04644059017300606, 1.639314889907837, 0.004844397772103548, 1.0422099828720093, 0.0060917530208826065, 0.15602238476276398, 0.7550747990608215, 0.12221809476613998, 0.010273274034261703, 0.4702480137348175, 0.13967931270599365, 0.0, 0.10977334529161453, 0.27406758069992065, 0.061282169073820114, 0.044212669134140015, 0.5618888735771179, 0.017742721363902092, 0.0, 0.6669158935546875, 0.8483573794364929, 0.9523645639419556, 0.0, 1.2215903997421265, 0.9518818855285645, 0.2746700346469879, 0.3407933712005615, 0.13221700489521027, 0.23519037663936615, 0.15537869930267334, 0.054097190499305725, 0.0, 0.07208086550235748, 0.4227629005908966, 2.89570951461792, 0.4249923825263977, 0.164297953248024, 0.0, 2.806602954864502, 0.0, 0.6265127062797546, 0.8374412655830383, 0.3829363286495209, 0.7334445118904114, 0.07294946908950806, 0.41674453020095825, 1.121580719947815, 0.4321804344654083, 0.9784191846847534, 0.05624283105134964, 3.2964587211608887, 0.04844516143202782, 0.5043566823005676, 1.718588948249817, 0.20535807311534882, 2.732609272003174, 0.11400169879198074, 2.623964786529541, 0.18779143691062927, 0.0, 0.0, 0.6884852051734924, 0.0, 0.0, 0.5872332453727722, 0.41158726811408997, 0.08295147120952606, 0.3069269359111786, 0.17174032330513, 0.0, 0.03671075403690338, 0.060770899057388306, 0.2519311010837555, 1.4206981658935547, 0.004690002650022507, 0.37245407700538635, 0.0, 0.1548585295677185, 0.01558381412178278, 0.30888858437538147, 0.09675341844558716, 0.22147007286548615, 0.5123966932296753, 0.2981336712837219, 1.1870540380477905, 3.10456919670105, 0.15890440344810486, 0.5655708312988281, 0.04026702046394348, 0.13812817633152008, 0.017529653385281563, 0.006238115020096302, 0.326169490814209, 0.0726383626461029, 1.9555659294128418, 1.0111689567565918, 0.2571403980255127, 0.0, 0.05452105775475502, 0.0, 0.0367681086063385, 1.5829527378082275, 1.893186092376709, 0.9653406143188477, 0.0, 0.0685834214091301, 0.5802580118179321, 0.5075043439865112, 1.6574324369430542, 0.04286147654056549, 1.8538016080856323, 0.03792715445160866, 0.14746566116809845, 0.11906146258115768, 0.5919056534767151, 0.012503275647759438, 0.04698004201054573, 0.07576491683721542, 3.310511589050293, 0.4863433837890625, 0.020093724131584167, 0.21313318610191345, 0.1409410983324051, 0.27549001574516296, 0.5283055901527405, 0.08072362095117569, 0.03043179214000702, 0.11625025421380997, 0.08535277098417282, 1.0827645063400269, 0.04234609007835388, 0.41274377703666687, 0.010456177406013012, 0.49421629309654236, 0.5387659072875977, 0.026253586634993553, 0.8077723979949951, 0.7629974484443665, 2.4229655265808105, 0.747404158115387, 8.132160186767578, 0.06276070326566696, 0.022491343319416046, 1.0843119621276855, 0.5205739736557007, 0.010311324149370193, 0.007845095358788967, 0.7163899540901184, 0.0, 1.8138575553894043, 0.13322606682777405, 0.3959087133407593, 0.10148604959249496, 0.08986224979162216, 0.39638110995292664, 0.38368263840675354, 0.8859209418296814, 0.008221992291510105, 0.0, 0.2327393889427185, 0.21023768186569214, 0.1502717286348343, 0.0, 0.38729390501976013, 0.01487542875111103, 0.05257614701986313, 0.02417287789285183, 0.3337029814720154, 0.6007781624794006, 0.0, 0.15614178776741028, 0.053751833736896515, 0.12748128175735474, 0.2567072808742523, 3.171309232711792, 0.5134472250938416, 0.30595648288726807, 0.15549007058143616, 0.0, 0.6459733247756958, 0.07708215713500977, 0.329895943403244, 1.481749415397644, 0.076263926923275, 0.5173879861831665, 0.9454055428504944, 0.2646457254886627, 0.0, 0.0, 0.0832352265715599, 3.337594985961914, 0.0, 0.8228393197059631, 0.008764182217419147, 1.4807801246643066, 0.0, 0.26923131942749023, 0.5508856773376465, 0.16500668227672577, 0.4144846498966217, 0.0035305607598274946, 2.0191569328308105, 1.8004237413406372, 0.17080174386501312, 0.0, 0.052582789212465286, 0.0, 0.4219595789909363, 0.0, 0.11978371441364288, 3.267827272415161, 0.7005619406700134, 0.10604823380708694, 0.04624029994010925, 2.567892074584961, 0.09288836270570755, 0.4568668603897095, 0.09350400418043137, 0.21519890427589417, 0.7068895101547241, 0.19898922741413116, 0.5696634650230408, 0.0, 0.27297255396842957, 0.0519220307469368, 0.20166505873203278, 0.023670906201004982, 0.010752551257610321, 0.03629791736602783, 0.01622297242283821, 0.0, 0.7742058634757996, 0.1910797357559204, 0.15589068830013275, 1.4649465084075928, 2.722787618637085, 0.05443558096885681, 0.014960145577788353, 0.24979646503925323, 0.015088772401213646, 0.12966936826705933, 0.008571552112698555, 0.05394260585308075, 0.35678964853286743, 0.8957139849662781, 0.7134822010993958, 0.21971239149570465, 0.101709745824337, 1.053085207939148, 0.2885560393333435, 0.32767096161842346, 0.2371818572282791, 0.2154621183872223, 0.0, 0.1690291315317154, 0.0, 1.3463492393493652, 0.0, 0.1346168965101242, 0.00321860215626657, 0.23313063383102417, 0.0039526247419416904, 1.4474178552627563, 0.006096307188272476, 0.6159788966178894, 0.2460792064666748, 0.02367316372692585, 0.0, 0.2674175202846527, 0.08168855309486389, 0.12749435007572174, 0.0, 0.0, 0.1861172467470169, 0.39517825841903687, 0.6170649528503418, 0.04733191058039665, 0.30095213651657104, 0.0, 0.580457329750061, 0.21239463984966278, 0.02981017716228962, 0.2587534785270691, 0.4095431864261627, 0.8827489018440247, 0.1883213222026825, 1.4400471448898315, 0.1752573847770691, 0.14554369449615479, 2.687352418899536, 1.9697816371917725, 0.15228286385536194, 0.24617551267147064, 0.4872392416000366, 0.08453532308340073, 0.0, 0.2806169092655182, 0.07937884330749512, 0.14825783669948578, 0.3017886281013489, 0.2738889157772064, 0.24704228341579437, 0.550367534160614, 2.903852701187134, 0.17371173202991486, 0.0, 0.6416839957237244, 0.32328730821609497, 0.0, 0.13989026844501495, 0.14192478358745575, 0.0, 0.0, 0.003911118023097515, 0.58210688829422, 1.4388444423675537, 0.933872401714325, 0.14942651987075806, 2.4607553482055664, 0.1106754019856453, 0.23525755107402802, 0.1462496817111969, 2.838142156600952, 0.24165160953998566, 1.778214693069458, 0.35228389501571655, 0.5590042471885681, 0.0, 0.18083706498146057, 1.0907741785049438, 0.25065749883651733, 0.0, 2.1663150787353516, 0.0, 0.024098653346300125, 0.0, 0.06007323041558266, 0.36114993691444397, 0.7194728255271912, 0.5769940614700317, 0.0, 0.01782350242137909, 0.1469586044549942, 0.030705325305461884, 0.032363761216402054, 0.16605664789676666, 0.0, 0.11171799898147583, 0.016770854592323303, 0.20391328632831573, 0.01209001149982214, 0.49266207218170166, 0.0, 0.10675967484712601, 0.18743406236171722, 0.1685854196548462, 0.1136457696557045, 0.009905235841870308, 0.05051257833838463, 0.13656845688819885, 0.11439568549394608, 3.7678160667419434, 0.01275488082319498, 0.0, 0.4356413781642914, 1.1984610557556152]",Testing/glioma_tumor/image(35).jpg
"[1.077944278717041, 0.9493305683135986, 0.27731597423553467, 1.1115370988845825, 0.9910212755203247, 0.43504834175109863, 1.4961310625076294, 0.3372631371021271, 0.45480966567993164, 0.0, 0.0, 0.19611108303070068, 0.010181096382439137, 0.06202741712331772, 0.009572128765285015, 0.0022257056552916765, 0.5697841048240662, 0.5892254710197449, 1.0207520723342896, 0.09012806415557861, 0.49391406774520874, 0.3773983418941498, 0.9713547229766846, 0.025606146082282066, 0.2950895130634308, 0.04952988773584366, 0.6748764514923096, 0.16938690841197968, 0.0, 0.008787666447460651, 0.0, 0.6230288743972778, 0.8371406197547913, 0.08205728232860565, 0.049108486622571945, 0.40039631724357605, 0.98749840259552, 1.4016884565353394, 0.11326918005943298, 0.11739274114370346, 1.0097020864486694, 0.6180235147476196, 0.1823018193244934, 0.30696341395378113, 0.0, 0.0, 0.0, 0.0, 0.0, 0.08416036516427994, 0.2798198461532593, 0.6560147404670715, 2.790717363357544, 0.02571268193423748, 0.027727827429771423, 0.6509034037590027, 0.20822995901107788, 1.4304548501968384, 0.35077738761901855, 0.00890445988625288, 0.13789226114749908, 1.0788617134094238, 0.1425396353006363, 0.8617053031921387, 0.05616455525159836, 0.0, 0.5032066702842712, 0.18311436474323273, 0.7977768182754517, 0.0509084053337574, 0.2663699984550476, 0.34594976902008057, 0.21227073669433594, 0.18736936151981354, 0.2949213981628418, 0.11180241405963898, 0.5652260184288025, 0.054032642394304276, 0.0, 1.0371397733688354, 0.9993845820426941, 0.008655902929604053, 0.38100171089172363, 0.008653183467686176, 0.588250458240509, 0.03441493958234787, 0.30944281816482544, 0.23104794323444366, 0.0922316238284111, 0.012317799031734467, 0.11082591861486435, 0.5975361466407776, 0.005656613502651453, 1.7261854410171509, 0.048761650919914246, 0.1326635777950287, 0.6041208505630493, 0.01763528771698475, 1.280704140663147, 0.0, 0.0006300308159552515, 0.6547826528549194, 0.005649226251989603, 0.2095288783311844, 2.378836154937744, 0.6899871826171875, 1.3694937229156494, 0.9375689029693604, 0.0, 1.8679301738739014, 0.022172221913933754, 1.71808922290802, 0.01970837078988552, 0.2371654510498047, 0.27092695236206055, 0.04252515360713005, 0.0, 0.18110378086566925, 0.4509718418121338, 0.16899171471595764, 0.9420254826545715, 0.0033721923828125, 0.0, 0.03717095032334328, 0.07209848612546921, 1.904644250869751, 0.46280160546302795, 0.00906304270029068, 0.5993772149085999, 0.0, 0.0, 3.453641414642334, 0.27690738439559937, 0.45089083909988403, 0.15612979233264923, 0.0, 0.8356984853744507, 0.07228397578001022, 0.01720685139298439, 0.0, 0.31860771775245667, 1.3997060060501099, 0.08889376372098923, 0.0805680975317955, 0.8871891498565674, 0.0, 0.4127766788005829, 1.6412057876586914, 0.0042561558075249195, 0.3608023226261139, 2.6834890842437744, 1.1497602462768555, 0.009579561650753021, 0.0, 0.0, 0.2970176339149475, 0.0013824044726788998, 0.5306380987167358, 1.839171290397644, 0.0965486466884613, 0.044684410095214844, 0.2556810975074768, 0.0, 0.4249740242958069, 0.31594863533973694, 0.13384856283664703, 0.5283000469207764, 0.21668778359889984, 0.0, 7.07785177230835, 1.4923608303070068, 0.021513042971491814, 0.22028973698616028, 0.2490483522415161, 0.7064420580863953, 0.286194384098053, 0.1304701417684555, 0.2887917459011078, 0.07299815118312836, 0.05803997814655304, 0.19708441197872162, 0.002338713500648737, 0.21705123782157898, 0.07953424751758575, 0.09195757657289505, 0.27929016947746277, 0.6685345768928528, 1.1481972932815552, 0.15765219926834106, 0.0, 0.0, 0.0, 0.0, 0.0, 0.25735628604888916, 0.2609791159629822, 0.058025214821100235, 0.6043648719787598, 0.3047058880329132, 0.13137860596179962, 0.9016005992889404, 0.19988656044006348, 0.0021177141461521387, 0.08802690356969833, 0.5328008532524109, 0.8401791453361511, 0.0, 0.0, 0.3439438045024872, 0.056950218975543976, 0.10482566058635712, 1.191260576248169, 0.07117297500371933, 0.5987494587898254, 0.11606545001268387, 1.5921932458877563, 0.0, 0.47086966037750244, 0.678324818611145, 0.0, 2.0159573554992676, 0.0, 3.0105957984924316, 0.3880111277103424, 0.20643119513988495, 0.7005398869514465, 0.16334062814712524, 0.061979204416275024, 0.610082745552063, 0.1820083111524582, 0.44038259983062744, 0.0, 0.865729570388794, 0.35755807161331177, 0.0, 1.2911475896835327, 0.0, 0.07002007961273193, 0.055752091109752655, 0.4231296181678772, 0.0, 0.9631813764572144, 1.3130873441696167, 0.07977648824453354, 0.338165283203125, 0.03787407651543617, 0.049939628690481186, 0.9097648859024048, 0.0, 0.015386576764285564, 0.19025065004825592, 0.04672059416770935, 1.6949710845947266, 0.7599024176597595, 0.16563855111598969, 0.0, 0.03486034646630287, 0.18813274800777435, 0.0, 1.6038681268692017, 0.017720850184559822, 0.020293211564421654, 0.41603216528892517, 0.06647241115570068, 0.0, 0.11672215908765793, 0.0, 0.05394782871007919, 0.0567428283393383, 0.045048438012599945, 0.8169972896575928, 0.07742327451705933, 0.6663581728935242, 0.29120102524757385, 1.328656554222107, 0.030942315235733986, 0.22440491616725922, 0.9386537671089172, 1.1176815032958984, 0.0, 0.009579217061400414, 0.07726463675498962, 1.1702457666397095, 0.5944916605949402, 0.15075428783893585, 4.954861164093018, 0.6736962199211121, 0.13203853368759155, 0.0, 0.16433781385421753, 0.1765575259923935, 0.0, 0.006137998774647713, 0.007524651009589434, 0.5020301342010498, 3.121772050857544, 0.21993008255958557, 0.017756130546331406, 0.03770017996430397, 0.016635021194815636, 0.578578531742096, 0.3832457661628723, 0.6651453971862793, 0.4988864064216614, 0.24303849041461945, 0.6944794058799744, 0.3488229215145111, 0.4879532754421234, 0.5530511140823364, 0.24824368953704834, 0.015766825526952744, 1.189964771270752, 0.0, 0.36373114585876465, 0.9391899704933167, 1.1871404647827148, 0.5455567836761475, 0.4459599554538727, 0.040826886892318726, 0.11416394263505936, 0.2485450655221939, 0.7207226753234863, 0.1544990837574005, 0.05522879213094711, 0.04451665282249451, 0.0750180333852768, 0.013071615248918533, 0.3675258159637451, 1.5956134796142578, 0.10727829486131668, 0.3999671936035156, 0.0, 0.15736643970012665, 2.4600162506103516, 0.0, 0.0, 1.0584152936935425, 2.175201416015625, 1.1854126453399658, 0.611125648021698, 0.4626722037792206, 0.05359221622347832, 1.2553272247314453, 0.7486528754234314, 0.0, 0.12801536917686462, 0.0, 0.0, 0.03212117776274681, 0.9927385449409485, 0.0, 0.949647843837738, 0.3500404357910156, 0.3753684163093567, 0.0, 0.0, 0.04016171023249626, 0.0, 0.0, 0.5722275376319885, 0.0, 0.8158300518989563, 0.0, 2.1534464359283447, 0.10287780314683914, 0.017063777893781662, 0.5120865702629089, 0.0, 1.4734773635864258, 0.06911369413137436, 0.05019637569785118, 0.769227921962738, 2.3124942779541016, 1.9825541973114014, 0.03549729660153389, 0.04776638001203537, 2.238420248031616, 1.9159494638442993, 0.08314276486635208, 0.039334967732429504, 0.0, 0.14907647669315338, 0.013123344630002975, 0.5513755083084106, 0.31085044145584106, 0.0, 0.9400166273117065, 0.12960375845432281, 0.011281914077699184, 0.004697381053119898, 0.0, 0.007069617044180632, 1.3514357805252075, 0.2999166250228882, 0.07744109630584717, 1.5750740766525269, 0.0043241833336651325, 0.9874208569526672, 0.004766128491610289, 0.042994800955057144, 0.37832462787628174, 0.021674426272511482, 0.04629550501704216, 0.031124083325266838, 0.998160719871521, 1.3626201152801514, 0.261417031288147, 0.26268550753593445, 0.02505948580801487, 0.6037704944610596, 0.021920323371887207, 0.0978270173072815, 0.6035231947898865, 0.0, 0.0, 0.909270703792572, 0.017389623448252678, 0.5547875761985779, 0.18340402841567993, 0.07940536737442017, 1.4546570777893066, 0.0, 0.2814358174800873, 0.19340281188488007, 0.12928681075572968, 0.003943788819015026, 0.06858031451702118, 0.23811066150665283, 0.06537291407585144, 0.0006149131222628057, 0.5252642631530762, 0.7026893496513367, 0.10148146003484726, 0.7549740672111511, 0.21661077439785004, 0.8799232840538025, 0.0, 1.7973840236663818, 0.8388541340827942, 0.43619203567504883, 0.03829408809542656, 0.0, 2.1749980449676514, 0.0, 0.2893858850002289, 0.0, 0.4112388491630554, 0.07936070114374161, 1.0189683437347412, 0.11842791736125946, 0.15940171480178833, 0.37016957998275757, 0.31660041213035583, 0.09684905409812927, 0.0, 0.20976392924785614, 0.8862107992172241, 0.14372019469738007, 0.016536420211195946, 2.6528730392456055, 0.16187478601932526, 1.4387010335922241, 0.41179391741752625, 0.151823952794075, 0.05184837430715561, 0.2394888550043106, 0.0017659299774095416, 0.02960956282913685, 1.2640211582183838, 0.0, 0.007068137638270855, 0.4647795259952545, 0.4009890556335449, 0.06596603244543076, 0.602878987789154, 0.35429078340530396, 1.1152914762496948, 0.015655357390642166, 0.06329578161239624, 0.6655046343803406, 0.4178204834461212, 0.21509452164173126, 0.430389940738678, 0.06883308291435242, 0.029839398339390755, 0.7877143621444702, 0.006883098278194666, 0.07356030493974686, 0.042067669332027435, 0.28496935963630676, 0.0, 0.2893199622631073, 0.021112218499183655, 0.07841774076223373, 1.7390353679656982, 0.3464135229587555, 0.0, 0.2523038685321808, 0.46005403995513916, 0.3422415256500244, 0.0, 1.386721134185791, 0.08123289048671722, 2.2404773235321045, 0.1615988165140152, 0.6450230479240417, 0.12855352461338043, 0.2965870201587677, 0.0, 0.803552508354187, 0.0, 1.4742920398712158, 0.13034532964229584, 0.4465412497520447, 0.0, 0.07684759050607681, 0.027984779328107834, 0.03011968918144703, 0.11339422315359116, 0.3158473074436188, 0.15451182425022125, 0.14733223617076874, 0.033891331404447556, 0.17816123366355896, 0.175658717751503, 0.4942154288291931, 0.0, 0.017100153490900993, 0.07885723561048508, 1.4863486289978027, 0.012559492141008377, 0.9117915034294128, 0.6678533554077148, 2.8788745403289795, 0.7559581398963928, 0.6554906368255615, 2.236159086227417, 0.24488291144371033, 0.0, 0.05825670808553696, 0.1268979012966156, 0.27028512954711914, 0.0074046095833182335, 0.0, 0.4358253479003906, 0.3425126075744629, 0.0, 0.041350774466991425, 0.5954693555831909, 0.18364568054676056, 0.2674029469490051, 0.0, 0.12145116180181503, 0.02044123224914074, 0.36359062790870667, 2.1661300659179688, 0.3564103841781616, 0.013134357519447803, 0.1060272753238678, 0.0, 1.2824269533157349, 1.7529646158218384, 0.020155763253569603, 0.0828319638967514, 0.0, 0.11629810929298401, 0.18218179047107697, 0.34236860275268555, 0.5883020162582397, 0.009935987181961536, 0.1399831473827362, 0.17473909258842468, 0.008105803281068802, 0.0, 0.1319212019443512, 0.6211104989051819, 0.08281964063644409, 1.2476177215576172, 0.3366661071777344, 0.008061912842094898, 0.09636405855417252, 0.0, 0.005294870585203171, 0.4093550741672516, 0.21345672011375427, 0.10097868740558624, 0.04054778069257736, 0.050092730671167374, 0.0, 0.0, 0.0, 0.3002799153327942, 0.1702209711074829, 0.0, 0.02040824666619301, 0.013873353600502014, 0.0, 1.3691915273666382, 0.0005533792427740991, 2.426778793334961, 1.9718503952026367, 0.013997009955346584, 2.400020122528076, 0.14603637158870697, 0.015260017476975918, 0.744663417339325, 0.5176563858985901, 0.17280681431293488, 0.3226695954799652, 2.8245391845703125, 0.15290243923664093, 0.08980729430913925, 0.08052386343479156, 0.03871186077594757, 0.0, 0.008020225912332535, 0.0, 0.14365004003047943, 0.0, 0.31974807381629944, 0.10561106353998184, 0.015734625980257988, 3.6499545574188232, 0.26445481181144714, 1.1892439126968384, 0.08571559190750122, 0.5177735090255737, 0.09574916213750839, 0.020007068291306496, 0.0, 0.0, 0.0, 0.09260378032922745, 0.0, 0.1486472338438034, 0.0, 0.1437039077281952, 0.0, 1.031982660293579, 0.9191234111785889, 0.4364701509475708, 0.47458308935165405, 0.5962666869163513, 0.11421487480401993, 0.0009094136185012758, 1.7090539932250977, 4.246860027313232, 0.6555659174919128, 0.0, 0.03001987747848034, 0.4996877908706665, 0.4344879388809204, 0.7126442193984985, 0.04353080317378044, 0.27995404601097107, 0.035502541810274124, 2.970881938934326, 1.426663875579834, 0.4600317180156708, 0.0, 0.7231314778327942, 0.4704263508319855, 0.006717278156429529, 0.15785066783428192, 1.8280619382858276, 0.0031853963155299425, 1.3730708360671997, 0.0, 0.48909229040145874, 0.0011348773259669542, 0.09883026033639908, 0.003006142098456621, 0.07857485115528107, 0.6708009839057922, 0.30003365874290466, 1.2290502786636353, 0.0, 0.07608962059020996, 0.12992095947265625, 0.28704947233200073, 1.3397191762924194, 0.0, 0.005172790493816137, 0.011683320626616478, 0.3264460563659668, 0.05781857669353485, 0.0, 0.17786790430545807, 0.4057466983795166, 0.4157794117927551, 0.12239783257246017, 0.0, 0.0781528502702713, 0.2811778783798218, 0.04315798729658127, 1.6339821815490723, 2.218290328979492, 0.0, 0.0, 0.022419434040784836, 0.06908973306417465, 0.03541291877627373, 0.29607176780700684, 0.00796644575893879, 0.11278682947158813, 0.49462270736694336, 1.523140788078308, 0.0, 1.1158778667449951, 0.08948201686143875, 0.5549848675727844, 0.0, 0.10828091949224472, 0.0, 0.5688459277153015, 0.0, 0.0, 0.0, 0.07123658806085587, 0.0, 0.05448757857084274, 2.423063039779663, 0.5647119879722595, 0.31523534655570984, 0.24117781221866608, 1.1548972129821777, 0.4933178126811981, 1.3006575107574463, 0.072626993060112, 0.12220655381679535, 0.06631839275360107, 0.8803841471672058, 0.41416630148887634, 0.2434798628091812, 0.9894112348556519, 0.5575796365737915, 0.01573711819946766, 1.7007497549057007, 0.05075011029839516, 0.9376136660575867, 0.22637347877025604, 0.0, 3.7970404624938965, 0.0, 0.028458764776587486, 0.9152358770370483, 0.01984596811234951, 0.07787217199802399, 0.31071799993515015, 0.10238657891750336, 3.421403646469116, 1.359910011291504, 0.0, 0.7704916000366211, 0.3432852327823639, 0.2216142863035202, 0.8405705094337463, 0.17434728145599365, 0.19007912278175354, 0.020638369023799896, 0.8887494206428528, 0.5560791492462158, 0.9621350169181824, 1.2431483268737793, 0.03333427011966705, 0.0011036639334633946, 0.10279487073421478, 2.9883828163146973, 0.47607845067977905, 1.5326241254806519, 0.4524514973163605, 0.0, 0.17697380483150482, 0.0, 0.5024288892745972, 0.09810131788253784, 0.6659601926803589, 0.4931735098361969, 0.8010125160217285, 1.6360331773757935, 0.3460197150707245, 0.5426118969917297, 0.49080395698547363, 0.06346238404512405, 0.3430933952331543, 0.18982863426208496, 1.6966243982315063, 0.07026375830173492, 0.1236734613776207, 0.17857658863067627, 0.46330729126930237, 0.4885171353816986, 1.9594827890396118, 0.0, 0.5998624563217163, 0.09302117675542831, 0.016474008560180664, 0.0, 1.7802790403366089, 0.33597564697265625, 0.1516800820827484, 0.0, 0.2468489408493042, 1.1367636919021606, 0.0, 0.8022654056549072, 0.4649677276611328, 0.7241960763931274, 0.7101101875305176, 0.03941735625267029, 0.4460428059101105, 0.3422579765319824, 0.603325366973877, 0.027259787544608116, 2.089250326156616, 0.18806450068950653, 2.90688157081604, 0.9938520193099976, 0.012288054451346397, 0.05209150165319443, 0.061561644077301025, 0.12756559252738953, 0.7654447555541992, 0.0, 0.2018393874168396, 0.6847718954086304, 0.032720427960157394, 0.26465004682540894, 0.6615016460418701, 2.098072052001953, 0.01613725535571575, 0.2485540211200714, 0.014816539362072945, 0.2896321713924408, 0.3943778872489929, 1.4006893634796143, 0.0, 0.0, 0.0, 0.022300058975815773, 0.04250013083219528, 0.037453923374414444, 0.5375519394874573, 0.26284462213516235, 0.345456600189209, 0.004048627335578203, 0.6989912986755371, 0.0, 0.4266582429409027, 0.7049607038497925, 0.01403407659381628, 0.032291654497385025, 1.6366256475448608, 0.012389801442623138, 0.0070734634064137936, 0.6739796996116638, 0.5671492218971252, 0.07776256650686264, 1.584702491760254, 0.6441143751144409, 0.18040287494659424, 0.1383419781923294, 0.23907425999641418, 0.0, 0.03059111163020134, 0.5171981453895569, 0.017688089981675148, 0.10548299551010132, 0.0, 5.1107096672058105, 1.6570000648498535, 0.24069330096244812, 0.08454666286706924, 0.04815321043133736, 0.0, 0.6198551654815674, 0.13114456832408905, 0.046618472784757614, 1.0379271507263184, 0.032967709004879, 0.0, 0.7447667121887207, 0.290179044008255, 0.0, 0.9675081372261047, 0.23727300763130188, 1.2218856811523438, 0.2750960886478424, 0.7497673630714417, 0.6128031015396118, 0.0103486068546772, 0.16542567312717438, 0.0035963933914899826, 0.0, 0.03415043652057648, 0.026108328253030777, 0.022685280069708824, 0.3025953769683838, 0.015773257240653038, 3.3330273628234863, 0.48538628220558167, 1.5683852434158325, 0.007674066349864006, 0.006197953596711159, 3.547469139099121, 0.15144900977611542, 0.1240801140666008, 1.739088535308838, 0.038336578756570816, 0.6812168955802917, 0.659375011920929, 0.0, 0.8159138560295105, 1.090616226196289, 0.0, 0.6811513900756836, 0.04217950627207756, 0.002167098456993699, 0.0, 0.007088690530508757, 0.0648755431175232, 0.20551031827926636, 0.2055465131998062, 0.4185497462749481, 0.5374501943588257, 0.4819289743900299, 0.5294958353042603, 0.11686854809522629, 0.5203387141227722, 0.10074492543935776, 0.017122497782111168, 0.16189604997634888, 0.0, 0.0, 0.8532595038414001, 1.1920140981674194, 0.0, 0.13676826655864716, 0.23845189809799194, 0.03526586294174194, 0.1257813274860382, 0.3566412925720215, 0.0, 0.1347750574350357, 0.035265255719423294, 0.15448780357837677, 0.043749984353780746, 0.7097662091255188, 0.10124023258686066, 1.054075837135315, 0.005710465367883444, 0.5428869128227234, 0.26152703166007996, 0.3374471366405487, 0.6065877676010132, 0.008440686389803886, 0.198874831199646, 1.4344884157180786, 0.017896180972456932, 0.01445907261222601, 0.0, 0.08211583644151688, 0.016022181138396263, 1.1538296937942505, 0.007155846804380417, 1.849687099456787, 1.0666751861572266, 0.5077927112579346, 0.008635067380964756, 0.0354749895632267, 0.0, 0.0, 0.1785093992948532, 0.10383874177932739, 0.009189413860440254, 0.0, 0.1607009768486023, 0.0, 0.26869770884513855, 0.3044281601905823, 0.5118120908737183, 2.129316568374634, 0.0, 0.2455909103155136, 1.4817529916763306, 0.0, 0.35901230573654175, 0.08189176023006439, 0.198555126786232, 0.5231720805168152, 0.09434843808412552, 0.0, 0.16217777132987976, 0.19025273621082306, 0.2491108477115631, 0.3619935214519501, 0.03480851650238037, 0.0, 0.37586653232574463, 0.0, 1.2134835720062256, 0.31447216868400574, 0.6133716106414795, 0.21058876812458038, 2.701902389526367, 0.049669381231069565, 1.4391727447509766, 0.678612232208252, 2.790329933166504, 0.006542809307575226, 0.19649802148342133, 0.08078107982873917, 0.0, 0.5208855271339417, 0.1751061975955963, 0.013944153673946857, 1.6938446760177612, 0.17526400089263916, 0.5453009605407715, 4.1239495277404785, 0.017832405865192413, 0.4938994348049164, 0.022990768775343895, 0.5856112241744995, 0.1347196400165558, 0.2968156337738037, 0.8740050792694092, 0.006226962897926569, 0.05322209745645523, 1.8305450677871704, 0.39707595109939575, 0.3141825497150421, 0.579486608505249, 1.2560898065567017, 0.0, 0.47744494676589966, 0.17041702568531036, 0.05358434095978737, 0.21824254095554352, 0.004546165466308594, 0.06658750772476196, 0.0, 0.10710468888282776, 0.0, 0.07046106457710266, 0.008006850257515907, 0.13384303450584412, 0.0, 0.24343377351760864, 0.018737349659204483, 0.012105206958949566, 0.09231269359588623, 0.41570913791656494, 0.004490278195589781, 0.07341228425502777, 0.0, 0.1887761503458023, 0.7862053513526917, 0.0, 0.7789770364761353, 0.5529769062995911, 0.0, 0.41097283363342285, 0.1397305577993393, 0.0, 0.41139984130859375, 0.25367796421051025, 0.0, 0.2313544601202011, 0.7760581374168396, 1.2316848039627075, 1.482413411140442, 0.039652079343795776, 0.17491978406906128, 0.046464186161756516, 0.2499827891588211, 0.027784647420048714, 1.2590535879135132, 0.0986630991101265, 0.005175386089831591, 1.1127492189407349, 2.5148355960845947, 0.18494848906993866, 2.151418924331665, 0.5379589200019836, 0.6052471399307251, 0.1596466302871704, 2.672772169113159, 4.235272407531738, 0.11074314266443253, 0.2934688627719879, 0.053555820137262344, 0.0, 0.15439963340759277, 6.295719146728516, 0.09172055870294571, 0.01164806168526411, 0.0, 0.01919369027018547, 0.17412815988063812, 0.022689463570713997, 0.021582692861557007, 0.05249861255288124, 0.2535845637321472, 0.5705956220626831, 0.0, 0.6314050555229187, 0.38590824604034424, 0.008762344717979431, 1.1914498805999756, 0.04998496174812317, 0.2395414412021637, 0.23649853467941284, 0.16563621163368225, 0.42618831992149353, 0.18346011638641357, 0.052010420709848404, 0.0, 0.03717885538935661, 0.10892662405967712, 3.4700987339019775, 0.8390589952468872, 0.0039610229432582855, 0.4478728771209717, 0.12169963121414185, 0.6625908613204956, 0.3004949390888214, 0.009419183246791363, 0.7079508304595947, 0.5485430955886841, 0.10310535132884979, 0.045997679233551025, 0.1688975840806961, 0.04898920655250549, 0.9714757204055786, 0.0, 0.2175643891096115, 0.09429309517145157, 0.039352815598249435, 0.22638973593711853, 0.029896805062890053, 0.0, 0.6420307159423828, 0.0, 0.017084719613194466, 0.12052326649427414, 0.20019304752349854, 0.0, 0.09592055529356003, 0.0, 0.0, 1.082901954650879, 0.20999671518802643, 0.03460141271352768, 1.2463903427124023, 0.0, 0.0011557413963600993, 0.11517827212810516, 0.0, 0.0, 0.12368620932102203, 0.06951653957366943, 0.07559671252965927, 0.7843215465545654, 0.12492119520902634, 0.3256414532661438, 0.0715608298778534, 0.14293500781059265, 0.05372565984725952, 0.0, 0.013943511992692947, 0.2538672089576721, 0.02816721424460411, 0.10112966597080231, 0.05545027554035187, 0.6766749620437622, 0.05865173041820526, 0.1368495523929596, 0.0, 1.9112119674682617, 0.02000783197581768, 0.001940868329256773, 0.005771768279373646, 0.0021622327622026205, 0.0, 0.08529195934534073, 0.0, 0.18574360013008118, 0.02322796732187271, 0.5848039388656616, 0.9248012900352478, 0.0, 0.21807295083999634, 0.10116587579250336, 0.0010502776131033897, 0.5667690634727478, 0.001443079556338489, 0.6182383298873901, 0.05044460669159889, 0.8801565170288086, 0.1881621778011322, 0.2183074802160263, 0.0, 0.31117334961891174, 0.4486227333545685, 0.2439589947462082, 0.07611046731472015, 0.9099390506744385, 0.3259570598602295, 0.9760078191757202, 0.9384198784828186, 0.0, 0.44445887207984924, 0.13558436930179596, 0.01729706861078739, 0.055884335190057755, 0.008767171762883663, 0.29797136783599854, 0.13967865705490112, 0.04094790294766426, 0.8342998027801514, 0.09962749481201172, 0.0, 1.1977479457855225, 0.15798746049404144, 0.1907169222831726, 0.0, 0.0, 0.0, 0.03988788649439812, 0.0, 0.0, 0.0, 0.6400632858276367, 0.04615797474980354, 0.3612472414970398, 0.13281452655792236, 0.0, 0.13484060764312744, 0.14487119019031525, 0.04323448985815048, 0.6532829999923706, 0.0, 1.716954231262207, 0.11168047785758972, 0.18439288437366486, 0.0, 0.3163220286369324, 0.0, 0.2748471796512604, 0.02753261663019657, 0.564232349395752, 0.0, 0.05102590471506119, 0.0, 0.08503927290439606, 0.9887893199920654, 0.1172865554690361, 0.14414601027965546, 0.03188824653625488, 0.9758896231651306, 0.1308855563402176, 0.6027145385742188, 1.5551447868347168, 2.0849666595458984, 1.9081395864486694, 0.31902870535850525, 2.3373453617095947, 1.2349082231521606, 0.0, 0.3950687348842621, 0.15410448610782623, 0.6546467542648315, 0.18793950974941254, 0.012578696943819523, 0.01433143112808466, 0.33882641792297363, 0.0, 0.15694327652454376, 0.37507590651512146, 0.06857022643089294, 0.6928510069847107, 0.3217192590236664, 0.22008058428764343, 0.011765738017857075, 0.9726853370666504, 0.0, 0.08428297936916351, 0.8042024374008179, 0.6749328374862671, 0.3623022437095642, 0.3413335084915161, 0.4645479619503021, 0.0, 0.08676773309707642, 0.8285313248634338, 0.30079373717308044, 0.2878676950931549, 0.0, 0.0, 0.6165215373039246, 0.07649552822113037, 1.7059978246688843, 1.0873087644577026, 0.13551561534404755, 0.0, 0.3717905580997467, 0.23467892408370972, 0.15763232111930847, 3.6620707511901855, 1.2944695949554443, 0.013036664575338364, 0.048824068158864975, 0.3254348933696747, 0.01405680924654007, 0.0, 2.769305467605591, 0.0, 0.35731789469718933, 0.2760562598705292, 1.481673240661621, 0.29182562232017517, 0.062009330838918686, 1.3069407939910889, 0.0, 0.11929409205913544, 0.3356325328350067, 0.1804126501083374, 0.2703474760055542, 0.2498239427804947, 0.8769999146461487, 0.0, 0.773078203201294, 1.1474127769470215, 0.12458893656730652, 0.6721839308738708, 0.03676673769950867, 0.795324981212616, 0.23663578927516937, 0.4897799491882324, 0.0, 0.6440510153770447, 0.0, 0.0018588498933240771, 0.0, 4.65781307220459, 0.18358993530273438, 0.13333433866500854, 0.01659373566508293, 0.7078930735588074, 0.30079030990600586, 1.0229361057281494, 1.4551845788955688, 0.3533076047897339, 4.148213863372803, 0.01776379719376564, 0.06795025616884232, 0.3612711727619171, 0.05179324373602867, 0.0, 0.3771257996559143, 0.29643023014068604, 0.028951801359653473, 0.0, 0.0, 0.111530601978302, 0.0, 0.2372937649488449, 0.6467444896697998, 0.0, 0.08358272165060043, 0.7463389039039612, 1.694734811782837, 0.00681664515286684, 0.9930120706558228, 0.1426653116941452, 0.38670745491981506, 0.17699363827705383, 0.052593689411878586, 0.04084734618663788, 1.1412949562072754, 0.8239045143127441, 0.03283406421542168, 1.7534798383712769, 0.19747307896614075, 0.0, 0.12165162712335587, 2.4208431243896484, 0.8910648822784424, 0.17168329656124115, 0.0, 0.01726887747645378, 0.016176758334040642, 0.169561505317688, 0.2552233636379242, 0.0, 0.020690931007266045, 3.8693857192993164, 0.0, 1.7503269910812378, 0.3262251019477844, 0.24583213031291962, 0.0, 1.9479522705078125, 0.4459298849105835, 0.03613847494125366, 0.0, 1.3022730350494385, 2.371018171310425, 0.1507418006658554, 0.0, 0.24459360539913177, 0.06436347216367722, 1.087441325187683, 0.0813698098063469, 0.6075598001480103, 0.053889453411102295, 0.012717665173113346, 0.5028414726257324, 0.0, 0.059188876301050186, 0.2909836769104004, 0.03989189863204956, 2.221205472946167, 0.4440991282463074, 0.13293859362602234, 0.5562021136283875, 0.0, 0.34615060687065125, 2.800682783126831, 1.7906250953674316, 0.0, 0.20260943472385406, 0.3202057182788849, 0.5596142411231995, 0.015124209225177765, 0.0, 0.01712886430323124, 0.052819445729255676, 0.30334654450416565, 0.012074986472725868, 0.045291610062122345, 1.898372769355774, 0.0, 0.0, 0.0, 0.029733048751950264, 0.12890154123306274, 0.4663599729537964, 0.0, 0.014851302839815617, 0.12323154509067535, 0.2080094814300537, 0.2178717702627182, 0.0, 0.0, 0.24674396216869354, 0.001250617322511971, 0.0, 0.010169214569032192, 0.21868610382080078, 0.022382989525794983, 1.1095694303512573, 0.1718316376209259, 1.2569247484207153, 1.0572510957717896, 0.35198959708213806, 0.3100314438343048, 0.015322736464440823, 0.029765944927930832, 0.30073532462120056, 0.042104318737983704, 0.000650072586722672, 0.0, 1.1530396938323975, 0.839316725730896, 1.6639277935028076, 0.021431853994727135, 1.0420496463775635, 0.20086318254470825, 0.38239920139312744, 0.08182241767644882, 1.0321921110153198, 0.5694825053215027, 0.33046847581863403, 0.13182875514030457, 0.0, 0.23756544291973114, 0.06880728900432587, 0.002625324297696352, 0.0, 2.3545966148376465, 0.0867457315325737, 0.11593008041381836, 0.03126763924956322, 0.0, 0.10376551002264023, 0.15560105443000793, 0.004698753356933594, 0.5073827505111694, 0.7676136493682861, 0.22490660846233368, 0.07603885978460312, 0.9543197751045227, 0.07369038462638855, 0.3314714729785919, 0.08773592859506607, 0.0, 2.214965343475342, 0.0022671089973300695, 0.0, 1.2857871055603027, 0.20597831904888153, 1.2305383682250977, 1.1228832006454468, 0.025778286159038544, 0.00538217555731535, 0.026629779487848282, 0.0, 0.0, 0.0, 0.06188775599002838, 0.0, 0.45932427048683167, 0.0002681163023225963, 0.32785770297050476, 0.014936483465135098, 0.0, 0.011133228428661823, 2.1055407524108887, 1.9615967273712158, 0.1783309429883957, 0.0, 1.0909326076507568, 0.030283905565738678, 0.0, 0.37691792845726013, 0.020218370482325554, 0.10614673793315887, 0.0, 1.8255881071090698, 0.0, 0.005038261413574219, 0.26270386576652527, 1.0593023300170898, 0.02408479154109955, 0.2137751281261444, 1.1355575323104858, 0.66265469789505, 0.0518694669008255, 1.62397038936615, 1.7769927978515625, 0.028860650956630707, 0.6570523977279663, 0.049043919891119, 0.4667452573776245, 0.15871445834636688, 1.9592524766921997, 0.015599114820361137, 0.17602072656154633, 1.413967490196228, 0.0579269714653492, 0.6131072640419006, 0.40110141038894653, 0.2034536451101303, 0.6066104173660278, 0.08063016831874847, 0.7763401865959167, 0.07637188583612442, 0.14445774257183075, 0.010555077344179153, 0.08347602933645248, 0.4107074439525604, 0.7564438581466675, 0.04673207551240921, 0.573969841003418, 0.7804884910583496, 0.11548586934804916, 1.1535906791687012, 0.0, 0.09965375065803528, 0.0, 1.6091152429580688, 0.5940583348274231, 0.48387131094932556, 0.0, 1.5236480236053467, 0.03970646113157272, 0.8262180685997009, 0.0016357862623408437, 0.3882126212120056, 0.0, 0.1958223432302475, 0.8356407284736633, 0.061918579041957855, 0.8981927633285522, 0.24413847923278809, 0.014757302589714527, 0.6173746585845947, 0.01871558651328087, 0.8444263935089111, 1.7715708017349243, 0.0002662892220541835, 0.19241318106651306, 0.11866098642349243, 0.0, 0.40616467595100403, 0.12682011723518372, 0.3764776885509491, 3.4512829780578613, 0.0, 1.2694954872131348, 0.8043149709701538, 0.025596126914024353, 0.05685797333717346, 0.4637172520160675, 0.1497950702905655, 0.08949130028486252, 0.4423515498638153, 0.7467132210731506, 0.0, 0.3938755989074707, 0.612348198890686, 2.6785056591033936, 1.4650721549987793, 0.0005469334428198636, 0.4443022608757019, 1.5247561931610107, 0.187282994389534, 0.2881208062171936, 0.7415288686752319, 1.8965460062026978, 0.06641523540019989, 0.0, 0.0, 1.6354385614395142, 0.028805412352085114, 0.2182512730360031, 0.11331293731927872, 1.0150398015975952, 2.2058677673339844, 0.2830501198768616, 0.019546207040548325, 0.0, 0.01883101649582386, 0.29990053176879883, 0.0789429172873497, 0.0, 0.665752649307251, 0.7123852372169495, 0.22523066401481628, 3.102778911590576, 1.220993161201477, 0.04077190160751343, 0.09450940042734146, 0.061129532754421234, 0.1154220700263977, 0.0, 0.007943236269056797, 0.07326671481132507, 0.020146165043115616, 0.5104923844337463, 0.39672619104385376, 0.0, 0.14977437257766724, 0.0, 0.2333262711763382, 0.19951337575912476, 0.019400492310523987, 0.6866270303726196, 0.023170089349150658, 1.0229361057281494, 0.1898007094860077, 0.06744637340307236, 0.07564674317836761, 0.19531168043613434, 0.29494786262512207, 0.27089861035346985, 0.0, 0.0, 0.2955366373062134, 0.3154359459877014, 0.1786448210477829, 1.0919820070266724, 0.002933852607384324, 1.625503420829773, 0.0, 0.009867881424725056, 0.31351548433303833, 0.0, 0.0, 0.12523244321346283, 0.5010494589805603, 0.15123070776462555, 0.0, 0.01784992776811123, 1.1000093221664429, 0.08224722743034363, 0.6427215337753296, 0.0, 0.0066178953275084496, 0.03271271288394928, 0.4344802796840668, 0.3152482211589813, 0.0, 0.4301479160785675, 0.448424369096756, 0.0, 0.0, 0.06839469820261002, 0.3462808430194855, 0.0, 0.2372550219297409, 0.45539313554763794, 0.13843588531017303, 0.01853850856423378, 2.220933198928833, 0.3919784426689148, 0.01174766942858696, 0.013741600327193737, 0.3721696436405182, 0.0, 0.033898189663887024, 0.0, 0.040382012724876404, 0.11669043451547623, 0.0, 0.21711692214012146, 1.2555979490280151, 1.1999666690826416, 1.0687214136123657, 0.05898803472518921, 3.3106191158294678, 0.07453223317861557, 0.0, 0.8724519610404968, 0.4387316107749939, 1.0732638835906982, 1.362128734588623, 1.3453857898712158, 0.0, 0.0, 1.6261725425720215, 0.15130913257598877, 0.0, 0.0, 0.0048531098291277885, 1.0114727020263672, 0.0, 0.21384117007255554, 0.3202577233314514, 0.08357536792755127, 0.055960435420274734, 0.3271971642971039, 0.1727805882692337, 0.0005874998751096427, 0.16155609488487244, 0.7209659218788147, 0.19842104613780975, 0.0, 0.03377668187022209, 0.18670521676540375, 0.051150914281606674, 0.16295796632766724, 0.1457178145647049, 0.09779743105173111, 0.0650179535150528, 0.7408109903335571, 0.06990429013967514, 0.8655877113342285, 0.07863764464855194, 0.004203306045383215, 0.02293817698955536, 0.0, 0.0, 0.998009443283081, 0.48570212721824646, 0.07826336473226547, 1.179147481918335, 0.019871411845088005, 0.017151763662695885, 0.09308108687400818, 0.0, 0.736545741558075, 0.15399247407913208, 0.01833924651145935, 0.02858462929725647, 0.0024381729308515787, 1.1189022064208984, 0.0, 0.017824361100792885, 0.19572103023529053, 0.38426682353019714, 0.0, 0.0, 0.8109328746795654, 0.0, 0.0553390234708786, 0.00809788703918457, 0.13131485879421234, 0.42055732011795044, 0.0, 0.02785797417163849, 0.045065801590681076, 0.13536831736564636, 0.5519201159477234, 0.40710872411727905, 0.0, 0.0, 0.1527765691280365, 0.42312708497047424, 0.20848961174488068, 0.16297653317451477, 0.0725298672914505, 0.5012412667274475, 0.568926215171814, 0.0, 0.088972307741642, 0.5810089111328125, 0.9893167614936829, 0.12629084289073944, 0.0, 8.717150688171387, 0.0022513088770210743, 0.17171573638916016, 0.2647211253643036, 0.8457493782043457, 0.1365295648574829, 0.35960301756858826, 1.0508888959884644, 0.015284509398043156, 0.1850784420967102, 0.054157935082912445, 1.7236785888671875, 0.31846916675567627, 0.022318800911307335, 1.014338493347168, 0.8868669271469116, 0.011340136639773846, 0.1451576054096222, 0.0, 0.8297260999679565, 0.12041600793600082, 1.3617360591888428, 0.0, 0.013846694491803646, 0.049929648637771606, 0.24090898036956787, 0.0, 0.1925351321697235, 0.24945589900016785, 0.07428693771362305, 0.022565117105841637, 0.03187423199415207, 0.08488292992115021, 0.5539265871047974, 1.9664711952209473, 0.6208867430686951, 0.0364815928041935, 0.08493534475564957, 0.002847885712981224, 0.35906487703323364, 0.45902594923973083, 1.0501203536987305, 0.4667849540710449, 0.22897027432918549, 0.3265420198440552, 0.24441686272621155, 0.0, 0.0, 0.21443136036396027, 0.34775176644325256, 2.24824595451355, 0.15838520228862762, 4.977797031402588, 0.0918423980474472, 0.07129610329866409, 0.0, 0.8518784046173096, 0.10827060788869858, 0.5327048897743225, 0.06909643113613129, 0.35249242186546326, 0.024395368993282318, 1.7012431621551514, 0.3215031623840332, 0.0, 0.2804728150367737, 0.019973304122686386, 0.029404768720269203, 0.0, 0.42338913679122925, 0.089492566883564, 0.13869443535804749, 0.14349867403507233, 0.001522210193797946, 0.19784456491470337, 0.6737905144691467, 0.35612744092941284, 0.0, 0.26964616775512695, 0.10668803006410599, 0.04102560877799988, 0.06155743449926376, 0.0, 0.0, 0.09583079814910889, 0.167172372341156, 0.05767788365483284, 0.06768381595611572, 0.024605615064501762, 0.21711625158786774, 0.07113468647003174, 0.3034433126449585, 0.5972455739974976, 0.014011125080287457, 2.9513466358184814, 1.3122835159301758, 0.06985212117433548, 0.4898795187473297, 0.0, 0.005249534267932177, 0.01104180421680212, 0.08917419612407684, 0.16222937405109406, 1.2809183597564697, 1.1837891340255737, 0.5373027324676514, 0.14447827637195587, 0.6275968551635742, 0.32620593905448914, 1.416733741760254, 0.17717672884464264, 0.0023535708896815777, 0.0678987130522728, 0.2240428924560547, 0.04599525406956673, 0.003367462893947959, 0.5765681862831116, 1.0034085512161255, 0.03756266087293625, 0.06350097805261612, 0.0, 0.7940280437469482, 2.0841875076293945, 0.12239690870046616, 0.07605448365211487, 0.12559135258197784, 0.07164283841848373, 0.4655854105949402, 0.4977589547634125, 0.0, 0.48793959617614746, 0.0, 0.019230088219046593, 0.0, 0.3027947247028351, 0.022862721234560013, 0.19941531121730804, 0.0, 0.0064370534382760525, 0.00271502323448658, 0.034305594861507416, 0.12553265690803528, 0.6044425368309021, 0.09159893542528152, 0.7286158204078674, 0.2561047375202179, 1.0380170345306396, 0.012183593586087227, 0.023879989981651306, 1.732120156288147, 1.0813164710998535, 0.8982081413269043, 0.4160180389881134, 0.0, 0.2693382501602173, 0.8598044514656067, 0.4693858027458191, 0.023273974657058716, 0.08839014917612076, 0.35134294629096985, 0.40944528579711914, 0.06875069439411163, 0.16262967884540558, 0.050320643931627274, 0.034659478813409805, 2.5036516189575195, 0.10128214955329895, 0.16789187490940094, 0.013669690117239952, 1.959998607635498, 0.4111590087413788, 0.3358536958694458, 0.0, 0.0, 0.2755829989910126, 0.20109842717647552, 3.295419454574585, 0.29484257102012634, 0.8162316083908081, 0.1725405901670456, 0.045676883310079575, 0.0, 0.3473305106163025, 0.053728215396404266, 5.390966415405273, 0.09413626044988632, 0.17625591158866882, 0.4458560049533844, 0.4458286166191101, 1.242246150970459, 0.13576336205005646, 0.494201123714447, 2.914574384689331, 0.2743387520313263, 0.04707261547446251, 0.19495519995689392, 0.8351010084152222, 0.1796553134918213, 0.6596996784210205, 0.6409308910369873, 0.0705588087439537, 0.4346194267272949, 0.002065566135570407, 0.057656463235616684, 0.8289673328399658, 0.7815794944763184, 0.0190390907227993, 0.019784649834036827, 0.0, 0.36794182658195496, 0.0, 0.0, 0.0005792744341306388, 0.4780728220939636, 0.25792983174324036, 1.0780967473983765, 0.0, 0.042480338364839554, 0.06623028963804245, 0.04030665382742882, 0.06139162555336952, 0.7993265390396118, 0.08619420230388641, 0.01257526595145464, 1.7998541593551636, 0.14661847054958344]",Testing/glioma_tumor/image(68).jpg
"[1.4359354972839355, 1.1010345220565796, 0.5464461445808411, 0.2228003591299057, 0.831041693687439, 0.016326529905200005, 0.8859702944755554, 0.48617133498191833, 0.13011625409126282, 0.0, 0.008357170037925243, 0.24686068296432495, 0.29397034645080566, 1.1830058097839355, 0.003915723413228989, 0.0, 0.13578146696090698, 0.032430414110422134, 0.4622339904308319, 0.013256070204079151, 0.9245750904083252, 0.32023096084594727, 0.6351765990257263, 0.07962535321712494, 1.0095107555389404, 0.20452770590782166, 1.0490999221801758, 0.12925346195697784, 0.05765460059046745, 0.27113524079322815, 0.17637315392494202, 0.6884742379188538, 0.03422442823648453, 0.6366344094276428, 0.24156616628170013, 0.04533795267343521, 0.0, 0.30233022570610046, 0.027631297707557678, 0.0, 1.6043641567230225, 1.1092422008514404, 0.2800254821777344, 0.04417162388563156, 0.09422169625759125, 0.015317508019506931, 0.0, 0.0, 0.0, 0.06752258539199829, 0.818927526473999, 0.3564024865627289, 2.6851823329925537, 0.0, 0.5220257639884949, 1.0127062797546387, 0.0, 0.7894846200942993, 1.1642791032791138, 0.02299455925822258, 0.35655081272125244, 0.3690086007118225, 0.17632289230823517, 0.3123026490211487, 0.05281258746981621, 0.020847709849476814, 0.5241084098815918, 0.2122684270143509, 0.048730820417404175, 0.0, 0.9571599364280701, 0.0745774358510971, 0.0, 1.8324825763702393, 0.689418613910675, 0.1375073790550232, 0.22099891304969788, 0.0015318685909733176, 0.014624761417508125, 1.1131196022033691, 1.2009557485580444, 0.0479428730905056, 0.7385083436965942, 0.12113107740879059, 1.233616828918457, 0.1241849958896637, 0.8002843856811523, 0.0, 0.02736174315214157, 0.2738743722438812, 0.4799463450908661, 0.3304402828216553, 0.02354884147644043, 0.9037815928459167, 0.15632328391075134, 0.2591210901737213, 0.0480584017932415, 0.17621934413909912, 0.16189923882484436, 0.09843816608190536, 0.2921830117702484, 0.7050375938415527, 0.024573832750320435, 0.457769513130188, 3.187354564666748, 0.032912060618400574, 0.13640131056308746, 0.11879150569438934, 0.01613815873861313, 1.4201462268829346, 0.21463298797607422, 0.14708039164543152, 0.0, 0.0, 1.7417036294937134, 0.0, 0.0, 0.5528554916381836, 0.1446111798286438, 0.2263806015253067, 0.3941682279109955, 0.08680020272731781, 0.0, 0.0, 0.13280370831489563, 0.458271324634552, 0.010268335230648518, 0.0, 1.2916167974472046, 0.0, 0.14031657576560974, 2.235722541809082, 0.16081993281841278, 0.40560683608055115, 0.0, 0.08566206693649292, 0.7697665691375732, 0.036022357642650604, 0.12038639932870865, 0.5182384848594666, 0.2945897877216339, 0.5451900959014893, 0.0024509429931640625, 0.010051632300019264, 0.21819517016410828, 0.04367111250758171, 0.045488424599170685, 0.7652925252914429, 0.07218767702579498, 0.47857820987701416, 0.7833725810050964, 0.16923537850379944, 0.14047135412693024, 0.0, 0.010705792345106602, 0.26780426502227783, 0.002563783200457692, 0.05906085669994354, 1.3390864133834839, 0.036773353815078735, 0.9832090139389038, 0.12046334892511368, 0.0, 2.6674861907958984, 0.018339412286877632, 0.0, 0.4004603922367096, 1.0385839939117432, 0.03210205212235451, 5.7805914878845215, 0.6474817991256714, 0.0, 0.0, 0.10365045070648193, 0.26793062686920166, 1.6841014623641968, 0.0, 0.10676691681146622, 0.010331022553145885, 0.32997778058052063, 1.072389841079712, 0.0, 0.1885053664445877, 0.0, 0.027722589671611786, 0.561323881149292, 0.36385825276374817, 0.5106682777404785, 0.6490233540534973, 0.25352656841278076, 0.11825806647539139, 0.0, 0.03643069416284561, 0.07825984060764313, 0.07693350315093994, 0.43823927640914917, 0.30362120270729065, 0.12406393140554428, 0.040894512087106705, 0.38578957319259644, 1.5393997430801392, 0.016972867771983147, 0.46343639492988586, 0.08591875433921814, 0.825347900390625, 0.9419529438018799, 0.13258716464042664, 0.1470794379711151, 0.08170421421527863, 0.41063815355300903, 0.8817163705825806, 1.4041179418563843, 0.0, 0.5490448474884033, 0.0, 0.8409316539764404, 0.05508281663060188, 0.7648117542266846, 0.08628011494874954, 0.07047932595014572, 0.7782189249992371, 0.03061702288687229, 3.166308879852295, 0.354007750749588, 0.17513352632522583, 2.8299806118011475, 0.3640308678150177, 0.09652850031852722, 0.26014024019241333, 0.6614880561828613, 0.10108952969312668, 0.17005425691604614, 0.3499603569507599, 0.11994432657957077, 0.2101535052061081, 0.8947992920875549, 0.016706926748156548, 0.928783655166626, 0.5099604725837708, 0.2358168214559555, 0.24891184270381927, 0.23996390402317047, 2.3473711013793945, 0.008654579520225525, 0.6410317420959473, 0.22463390231132507, 0.4873005747795105, 0.5547892451286316, 0.012662542052567005, 0.056637704372406006, 0.3343506157398224, 0.0, 0.44450223445892334, 0.5742908120155334, 0.2371395081281662, 0.0006914893165230751, 0.15350615978240967, 1.5746400356292725, 0.0, 0.21811099350452423, 0.26793172955513, 0.2719958424568176, 0.7386494278907776, 0.09147805720567703, 0.0, 0.0, 0.0, 0.09101103991270065, 0.010615333914756775, 0.005634174216538668, 0.22542081773281097, 0.09078029543161392, 1.873317837715149, 0.005778329912573099, 4.476917266845703, 0.10632919520139694, 0.2794232964515686, 0.23890000581741333, 1.5879207849502563, 0.15682059526443481, 0.7712300419807434, 0.6820315718650818, 2.5040876865386963, 2.0924909114837646, 0.6843699812889099, 2.1896297931671143, 0.13046099245548248, 0.7075126767158508, 0.04464560002088547, 0.14492227137088776, 0.0057836431078612804, 0.07415972650051117, 0.05621613189578056, 0.12596529722213745, 0.35030442476272583, 1.8752508163452148, 0.08363144844770432, 0.10349816828966141, 1.2713828086853027, 0.4189714789390564, 0.07985502481460571, 0.08186186850070953, 3.5829379558563232, 0.5017135143280029, 0.911652684211731, 0.1805923581123352, 0.09909380972385406, 0.17782822251319885, 0.07673408836126328, 0.020716117694973946, 1.0563334226608276, 0.9410413503646851, 0.03409578278660774, 0.4198980927467346, 0.24098385870456696, 0.91817706823349, 1.1277583837509155, 0.11021655052900314, 0.06709941476583481, 1.978477954864502, 0.04676683247089386, 1.0822417736053467, 0.0, 0.06698644161224365, 0.0, 0.0, 0.785003125667572, 0.1282588094472885, 3.886481761932373, 0.005024141166359186, 0.023705027997493744, 0.0, 0.35556674003601074, 2.260380744934082, 0.0, 0.0, 0.9669661521911621, 1.4038690328598022, 0.011233815923333168, 0.09724493324756622, 0.13050852715969086, 0.0, 0.1681952327489853, 0.0, 0.0, 0.36260950565338135, 0.4838755130767822, 0.14350838959217072, 0.012782548554241657, 0.39259374141693115, 0.19005824625492096, 0.3659001886844635, 0.3188428580760956, 0.1732252687215805, 0.0, 0.0, 0.024725232273340225, 0.018306713551282883, 0.22964613139629364, 0.0716700404882431, 0.27966463565826416, 1.4474921226501465, 0.26604363322257996, 1.4287664890289307, 0.3623897135257721, 0.24264740943908691, 0.11042454093694687, 0.11427093297243118, 2.041630983352661, 0.026942286640405655, 0.03896510973572731, 0.3734301030635834, 2.2515318393707275, 3.380836248397827, 0.0, 0.08866611868143082, 4.920011043548584, 0.6964495778083801, 0.0, 0.0, 0.8320096731185913, 0.3214036822319031, 0.057616472244262695, 0.07075197994709015, 0.39485421776771545, 0.0, 4.318910121917725, 0.9603896737098694, 0.08267088234424591, 0.1301220953464508, 0.010612848214805126, 0.23733842372894287, 0.4903784692287445, 0.20683403313159943, 0.5244372487068176, 1.7669744491577148, 0.057152364403009415, 0.21131859719753265, 0.0, 0.0, 0.13555076718330383, 0.005772177129983902, 0.33246728777885437, 0.36481159925460815, 0.25369423627853394, 0.7940170764923096, 0.2050255686044693, 0.06263997405767441, 0.020903514698147774, 0.6162402033805847, 0.0, 0.3262660503387451, 0.1326317936182022, 0.005490235053002834, 0.3673921823501587, 0.9786219596862793, 0.0, 0.4865274131298065, 0.04811501502990723, 0.1744736284017563, 0.24381472170352936, 0.30468735098838806, 1.4220277070999146, 0.4717811346054077, 0.19432447850704193, 0.9888419508934021, 0.0, 1.29884934425354, 0.3266071379184723, 0.013413322158157825, 0.5487961769104004, 0.0, 0.7618497610092163, 0.0, 0.7938112616539001, 0.48304837942123413, 0.0022714941296726465, 3.3464205265045166, 0.17935842275619507, 0.06620723009109497, 0.027546538040041924, 0.07973001897335052, 0.1758829802274704, 0.062451235949993134, 0.5608395338058472, 0.0, 0.014628894627094269, 0.13763447105884552, 0.8100014328956604, 0.2702004909515381, 0.12769754230976105, 0.017536109313368797, 0.21672073006629944, 0.0, 0.004613447934389114, 0.0, 0.2813619375228882, 0.4736957848072052, 0.0, 3.5757546424865723, 0.24791781604290009, 0.27007025480270386, 0.3328152596950531, 0.08726771175861359, 0.04616909474134445, 0.23379097878932953, 0.0, 0.549875020980835, 0.5573834776878357, 0.41829946637153625, 0.06856098771095276, 0.08720207214355469, 0.10239560157060623, 0.8146640062332153, 0.018344085663557053, 0.3709387481212616, 1.8860365152359009, 0.04657713323831558, 0.0, 0.21376509964466095, 0.8519213795661926, 0.33692309260368347, 0.23775532841682434, 0.01627272553741932, 0.010673637501895428, 0.7371876239776611, 0.12017819285392761, 0.0, 1.5155329704284668, 0.002746752230450511, 0.08320611715316772, 1.6726771593093872, 0.0, 0.08645199984312057, 2.3024590015411377, 0.14445103704929352, 0.0620451420545578, 0.2114243358373642, 0.8875292539596558, 0.2232438325881958, 0.008125470951199532, 1.2924147844314575, 0.04349476471543312, 1.561112403869629, 0.3912363350391388, 0.18238618969917297, 0.05140073597431183, 0.10736303776502609, 0.01735571399331093, 0.07526995241641998, 0.0, 0.8550410866737366, 0.05057378113269806, 0.8609366416931152, 0.46292805671691895, 0.09014303982257843, 0.05765889212489128, 0.0, 0.0, 0.301241934299469, 0.18241757154464722, 1.0169494152069092, 0.106387197971344, 0.2583739757537842, 0.0, 0.6352378726005554, 0.015352913178503513, 0.0, 0.00138196162879467, 1.3681392669677734, 0.12382735311985016, 1.2620793581008911, 0.15382833778858185, 3.3391623497009277, 0.09568560123443604, 0.27976518869400024, 1.5979552268981934, 0.6210593581199646, 0.0, 0.010639282874763012, 0.0, 0.0005535252275876701, 0.4745855927467346, 0.22428590059280396, 0.567780077457428, 0.00825607031583786, 0.007305616047233343, 0.06225506216287613, 1.7677435874938965, 0.030953995883464813, 0.42215871810913086, 0.0048550269566476345, 0.0, 0.00418779905885458, 0.4563984274864197, 1.8591094017028809, 0.5792149901390076, 0.01111042220145464, 0.23273001611232758, 0.03935734182596207, 1.0232094526290894, 0.42904627323150635, 0.25412318110466003, 0.0, 0.0005328679690137506, 0.5011971592903137, 0.23005779087543488, 0.22096380591392517, 0.955358624458313, 0.7134742736816406, 0.16397488117218018, 0.697227418422699, 0.35218924283981323, 0.08855245262384415, 0.061243657022714615, 0.10156316310167313, 0.19219434261322021, 0.20759205520153046, 0.015052267350256443, 0.023754078894853592, 0.5008864998817444, 0.22205542027950287, 0.3041556477546692, 0.12459729611873627, 0.5914411544799805, 0.013941037468612194, 0.4610704779624939, 0.02530737593770027, 0.0, 0.0, 0.20602577924728394, 0.031920574605464935, 0.07784538716077805, 0.032774195075035095, 0.0, 0.02618875727057457, 0.1428370177745819, 0.21238607168197632, 0.0, 1.4625751972198486, 0.6860423684120178, 0.24639174342155457, 0.7782870531082153, 0.06811771541833878, 0.027394570410251617, 0.3890399932861328, 0.2045038938522339, 0.2671552002429962, 0.30416956543922424, 1.985729455947876, 0.2855961322784424, 0.04963500797748566, 0.4771287143230438, 0.38483455777168274, 0.0, 0.09520234912633896, 0.0, 0.18974627554416656, 0.0, 0.004642773419618607, 0.17572227120399475, 0.0, 0.6637601256370544, 0.06668231636285782, 0.11238070577383041, 0.28552815318107605, 0.2949855327606201, 0.3773801624774933, 0.0, 0.0, 0.18701426684856415, 0.0, 0.008595557883381844, 0.21999308466911316, 0.012357787229120731, 0.23025956749916077, 0.09168840944766998, 0.18514975905418396, 0.7628807425498962, 0.19195200502872467, 0.47634705901145935, 0.0, 0.09544169157743454, 0.36975082755088806, 0.023130368441343307, 2.1868319511413574, 2.332474946975708, 0.04526044428348541, 0.047203462570905685, 0.027772119268774986, 0.38900741934776306, 0.20701166987419128, 0.05648619681596756, 0.0, 0.9560869336128235, 0.1757829785346985, 0.7691233158111572, 1.9520182609558105, 0.17341290414333344, 0.0, 0.126394122838974, 0.0, 0.02654995210468769, 0.16393908858299255, 0.9230927228927612, 0.010466483421623707, 0.03551310673356056, 0.6892914175987244, 0.06905683875083923, 0.015992190688848495, 1.079313039779663, 0.16139034926891327, 0.1768561601638794, 1.092690110206604, 0.28785791993141174, 0.02247515320777893, 0.0, 0.07161139696836472, 0.3299724757671356, 0.8814661502838135, 1.730820655822754, 0.10947654396295547, 0.018581654876470566, 0.2176804095506668, 1.7469782829284668, 0.22713260352611542, 0.05908498913049698, 0.6944611072540283, 0.6270421147346497, 0.04618840292096138, 0.048978015780448914, 0.0934286043047905, 0.0, 0.36448630690574646, 0.01204273197799921, 0.04598124325275421, 1.5157390832901, 0.46336644887924194, 0.0, 0.008723370730876923, 0.45354053378105164, 0.0021706551779061556, 0.5643995404243469, 0.1041000485420227, 0.23413331806659698, 0.5006269216537476, 0.65042644739151, 0.34909361600875854, 0.7579103708267212, 0.0, 4.29965353012085, 0.03623093292117119, 0.5237153768539429, 0.0, 0.9564580321311951, 0.0, 0.4589637517929077, 0.2600592076778412, 0.2906436622142792, 0.0, 0.4930221736431122, 3.8887739181518555, 0.17496240139007568, 0.14986205101013184, 0.06942442059516907, 2.323044538497925, 0.4128548800945282, 2.1776487827301025, 0.08795493096113205, 0.7804266214370728, 0.040396180003881454, 0.2073039561510086, 0.03761368989944458, 0.7867104411125183, 0.3461991250514984, 0.0012687299167737365, 0.373028039932251, 1.024291753768921, 0.06175947189331055, 0.33955398201942444, 0.11487280577421188, 0.04740031063556671, 0.5420007705688477, 0.0, 0.047413334250450134, 1.7401745319366455, 0.16416512429714203, 0.0, 0.1686500608921051, 0.43909674882888794, 1.426810622215271, 0.6346490979194641, 0.0621023066341877, 0.0, 0.44085943698883057, 0.0984242856502533, 0.87569659948349, 0.5055479407310486, 0.04564867168664932, 0.0481434166431427, 0.8352510929107666, 0.14729279279708862, 0.7079184651374817, 2.483957290649414, 0.05259963124990463, 0.0, 0.0, 1.5707789659500122, 0.24993616342544556, 1.7503501176834106, 0.011643716134130955, 0.033975593745708466, 0.24081331491470337, 0.020593147724866867, 0.0, 0.0017004620749503374, 0.2581028640270233, 0.007359979208558798, 0.31823840737342834, 0.454525887966156, 0.5044712424278259, 2.0455853939056396, 0.41113799810409546, 0.09313525259494781, 0.8295869827270508, 0.0077026961371302605, 0.725284993648529, 0.0760548859834671, 0.10253597050905228, 0.7821119427680969, 0.2824132442474365, 3.4946963787078857, 0.9224086403846741, 0.0, 0.7150405645370483, 0.029863104224205017, 0.18055768311023712, 0.04532794654369354, 0.7727223038673401, 0.23075686395168304, 0.03855782747268677, 0.048887670040130615, 0.970063328742981, 1.7758904695510864, 0.004971007816493511, 0.159162700176239, 1.9408384561538696, 0.5634238719940186, 1.768796443939209, 0.1015438437461853, 0.22731289267539978, 0.5387575030326843, 0.30173131823539734, 0.042132969945669174, 1.104961633682251, 0.051721975207328796, 3.3448407649993896, 0.44356095790863037, 0.09714240580797195, 0.0016709298361092806, 0.02103600651025772, 0.07388109713792801, 1.3260914087295532, 0.47015583515167236, 0.053599923849105835, 0.37117886543273926, 0.4953021705150604, 0.08092104643583298, 0.09275097399950027, 3.1069071292877197, 0.03457280620932579, 2.218820333480835, 0.0, 0.0, 0.4659104645252228, 1.1085832118988037, 0.0, 0.0, 0.311504065990448, 0.06594648957252502, 0.0, 0.03872469440102577, 1.315418004989624, 0.10284265875816345, 0.3039296567440033, 0.060360610485076904, 0.05616294592618942, 0.0, 0.6060146689414978, 1.142775297164917, 0.4089739918708801, 0.3420288562774658, 0.385355144739151, 0.0938713327050209, 0.0, 0.8547617793083191, 0.1886749416589737, 0.11722627282142639, 0.12075971812009811, 0.6842254996299744, 0.7275300025939941, 0.1364877074956894, 0.0888332724571228, 0.0, 0.13795039057731628, 0.37104877829551697, 0.07163859158754349, 0.27496030926704407, 0.0, 2.8090620040893555, 1.6966278553009033, 0.4003697633743286, 0.02480374462902546, 0.21325340867042542, 0.0019145352998748422, 1.3352458477020264, 0.46526920795440674, 0.21958771347999573, 1.5025839805603027, 0.3068980574607849, 0.047775425016880035, 0.6227729320526123, 0.3506771922111511, 0.0, 0.41294771432876587, 0.026991650462150574, 1.5324081182479858, 0.0, 0.41132038831710815, 0.0, 0.07290062308311462, 0.8265109658241272, 0.0, 0.0, 0.06203640624880791, 0.18576805293560028, 0.0, 0.0, 0.058970216661691666, 1.6684560775756836, 0.04149024933576584, 1.5571399927139282, 0.0, 0.052829816937446594, 3.1480960845947266, 0.0, 0.1310066282749176, 1.0865620374679565, 0.4485395848751068, 0.0859885960817337, 0.3410869836807251, 0.11727998405694962, 0.5358930826187134, 0.7990919351577759, 0.0, 0.3462860584259033, 0.01779455505311489, 0.02203138917684555, 0.49056532979011536, 0.07266638427972794, 0.0, 0.29386523365974426, 0.01176353357732296, 0.10090621560811996, 0.0, 0.507793664932251, 1.3611992597579956, 3.383270502090454, 1.1257790327072144, 0.0785169005393982, 0.013867110945284367, 0.00012171998241683468, 0.4077761471271515, 0.0, 0.10337294638156891, 1.664050817489624, 0.10500491410493851, 0.071166031062603, 0.09680012613534927, 0.0, 0.6003450155258179, 0.187119722366333, 0.0, 0.9990593791007996, 0.17063793540000916, 0.33152639865875244, 0.0, 1.2200008630752563, 0.10463666915893555, 0.8018778562545776, 0.0, 0.2879742980003357, 0.28442132472991943, 0.23009470105171204, 0.24883964657783508, 0.17730896174907684, 1.1260137557983398, 1.4977635145187378, 0.4524860680103302, 0.334911972284317, 0.27177712321281433, 0.1869259625673294, 0.0, 0.9822291731834412, 0.033120572566986084, 0.6792781352996826, 0.17837131023406982, 0.1904497891664505, 0.20851357281208038, 0.024251526221632957, 0.4778926968574524, 0.7423434257507324, 0.0, 0.24994736909866333, 0.003940212540328503, 0.0, 0.22267933189868927, 0.054761722683906555, 0.6805753707885742, 0.037748824805021286, 2.220806360244751, 1.2296189069747925, 0.04440322145819664, 0.06909395009279251, 0.5292978882789612, 0.0, 0.007469359785318375, 0.04345660284161568, 0.22376257181167603, 0.6799637675285339, 0.02036125399172306, 0.059376318007707596, 0.36526861786842346, 0.09458765387535095, 0.03857305273413658, 1.7037832736968994, 0.27644383907318115, 0.0, 0.42616233229637146, 0.04504060372710228, 0.29194968938827515, 0.49471017718315125, 0.5118764042854309, 0.05375352129340172, 0.10960206389427185, 0.028990870341658592, 1.0765284299850464, 0.8539547920227051, 0.7366144061088562, 0.0390637144446373, 0.0, 0.09545259177684784, 1.0031732320785522, 1.5976744890213013, 0.022730117663741112, 0.08944297581911087, 1.6601756811141968, 0.11344417184591293, 0.19547894597053528, 0.6863676309585571, 0.04805159196257591, 0.2945291996002197, 0.0005109553458169103, 0.15566658973693848, 0.07773739099502563, 0.06019652262330055, 0.06733860075473785, 0.20609194040298462, 0.00797733198851347, 1.736631155014038, 0.1745632290840149, 0.5890673995018005, 0.030656592920422554, 0.2737220525741577, 1.4268499612808228, 0.04841160401701927, 0.8154877424240112, 0.0, 0.1982288360595703, 0.005286576692014933, 0.026170246303081512, 0.0, 1.7214778661727905, 0.0, 0.016160741448402405, 0.0022960437927395105, 0.07936660200357437, 0.0, 0.004706037230789661, 0.04860365018248558, 0.0, 0.007849469780921936, 0.959132194519043, 0.009879943914711475, 0.02076791226863861, 0.06720190495252609, 0.3763282299041748, 1.4897607564926147, 0.2635652720928192, 0.0, 0.0, 0.05522538349032402, 0.5702504515647888, 0.0, 0.029948944225907326, 0.0, 1.350138783454895, 0.0, 0.4795568883419037, 0.6766583919525146, 0.2866325080394745, 3.3201558589935303, 0.0636780709028244, 0.06427536904811859, 0.6548893451690674, 0.0, 0.060931965708732605, 1.0922727584838867, 0.1725311428308487, 0.004744154866784811, 1.218984842300415, 1.3087894916534424, 0.691071629524231, 0.49152249097824097, 0.021408909931778908, 0.03997437655925751, 0.28910842537879944, 4.2240118980407715, 0.7069766521453857, 0.029145313426852226, 0.0, 0.0, 0.0, 0.22724202275276184, 4.717587471008301, 0.04272892698645592, 0.007729141041636467, 0.0, 0.0, 0.011903067119419575, 0.010082908906042576, 0.1272241175174713, 0.08702818304300308, 0.15032435953617096, 1.2609527111053467, 0.02976129576563835, 1.1326674222946167, 0.5441192984580994, 0.0, 0.9524170160293579, 0.0, 0.0, 0.21655966341495514, 0.0, 1.1977702379226685, 0.029652779921889305, 0.020175669342279434, 0.0, 0.06069058179855347, 0.09407805651426315, 1.8680990934371948, 0.9199345707893372, 0.09159540385007858, 1.1473782062530518, 0.0, 0.014171254821121693, 0.14139510691165924, 0.08255047351121902, 0.12800288200378418, 0.2458665370941162, 0.11153501272201538, 0.09305206686258316, 0.07058875262737274, 0.16355934739112854, 0.5580591559410095, 0.0, 0.0744287371635437, 0.07329737395048141, 0.0, 0.004449415951967239, 0.02233187109231949, 0.05807783082127571, 0.44578322768211365, 0.005592165980488062, 0.06218244507908821, 0.4604366719722748, 0.08773031085729599, 0.045503947883844376, 0.10051644593477249, 0.27061548829078674, 0.0, 0.12634138762950897, 0.4453136622905731, 0.014798675663769245, 1.6676702499389648, 0.0, 0.04679331183433533, 0.584636926651001, 0.0005088995676487684, 0.11086911708116531, 0.1106456071138382, 0.003911855164915323, 0.04877826198935509, 0.8024988174438477, 0.1353677213191986, 0.0017718782182782888, 0.031500596553087234, 0.03137136995792389, 0.0459560751914978, 0.0, 0.0, 0.11684929579496384, 0.08051575720310211, 0.0, 0.06443274021148682, 0.24655672907829285, 0.14353862404823303, 0.08347558230161667, 0.02419603057205677, 2.5557446479797363, 0.17517368495464325, 0.0, 0.13494473695755005, 0.008457441814243793, 0.0, 0.04140704125165939, 0.0528707355260849, 0.08301907777786255, 0.16808457672595978, 0.5213327407836914, 0.4258658289909363, 0.0, 0.46130862832069397, 0.0, 0.13123932480812073, 0.06498479098081589, 0.5034490823745728, 0.0, 0.34937435388565063, 0.9829559922218323, 0.4602977931499481, 0.0, 0.0, 0.046192459762096405, 0.6561374068260193, 0.0, 0.1973971575498581, 0.06340784579515457, 0.6964090466499329, 0.6232083439826965, 1.8858510255813599, 0.4578608274459839, 1.2882044315338135, 0.9188075661659241, 0.05119943246245384, 0.09672318398952484, 0.00037383061135187745, 0.22847658395767212, 0.30232903361320496, 0.4213641881942749, 1.0972379446029663, 0.0, 0.05612306296825409, 1.2145034074783325, 0.0, 0.0, 0.42439165711402893, 0.043440498411655426, 0.5155549049377441, 0.33135950565338135, 0.01034188736230135, 0.07347899675369263, 0.0, 1.627158522605896, 0.02309930883347988, 0.45129847526550293, 0.018900474533438683, 0.11383751779794693, 0.242269828915596, 0.10295730084180832, 0.10367840528488159, 0.4980422556400299, 0.007175917737185955, 0.8694572448730469, 0.8766612410545349, 0.0925024151802063, 0.013747568242251873, 0.0, 0.42740514874458313, 1.9345513582229614, 0.15237827599048615, 0.6396859884262085, 0.17196032404899597, 0.04297776147723198, 0.012352364137768745, 0.0, 0.5770635008811951, 0.01711239665746689, 0.0132059957832098, 0.03373843804001808, 0.2564969062805176, 0.0019130561267957091, 0.4599299430847168, 0.8344509601593018, 0.010658502578735352, 1.1173409223556519, 0.09932485222816467, 1.7584527730941772, 1.5005910396575928, 0.0, 1.2119979858398438, 0.37620505690574646, 0.31056487560272217, 0.0015802675625309348, 0.04952554777264595, 0.009084654971957207, 0.07241877913475037, 0.0, 0.10879142582416534, 0.32755327224731445, 0.013879634439945221, 0.07273577153682709, 0.30509355664253235, 1.2448781728744507, 0.024523025378584862, 1.3387649059295654, 0.5375666618347168, 0.5253352522850037, 1.3181606531143188, 0.6619529724121094, 0.31645408272743225, 0.1725304275751114, 0.26822417974472046, 0.0969686433672905, 0.06964458525180817, 0.09726086258888245, 0.3794558346271515, 1.6120893955230713, 0.0, 0.05644337832927704, 1.199631690979004, 0.7028786540031433, 0.10681270062923431, 0.784418523311615, 0.010990259237587452, 0.0, 0.2694040834903717, 0.010562821291387081, 0.2713633179664612, 3.2025270462036133, 0.1951335221529007, 0.0, 0.1897350251674652, 0.7013269662857056, 0.40122970938682556, 0.15534920990467072, 0.5838809609413147, 0.027058063074946404, 0.06827778369188309, 0.6565819382667542, 0.461612731218338, 0.5471980571746826, 0.12659144401550293, 0.0, 0.07392951101064682, 0.0, 0.25552982091903687, 0.0, 0.8013944029808044, 0.02937675081193447, 0.03477289900183678, 0.2261982411146164, 1.0106151103973389, 2.441500186920166, 0.5038823485374451, 0.18851396441459656, 0.986107587814331, 0.8991118669509888, 0.27269113063812256, 0.14857217669487, 0.11925839632749557, 0.9040303230285645, 0.009629364125430584, 0.0, 0.0, 5.292117595672607, 0.0, 0.0, 0.5227386355400085, 0.624891459941864, 1.4330230951309204, 0.03357509523630142, 0.9648776650428772, 0.008759664371609688, 3.1860756874084473, 0.040469467639923096, 0.0, 0.6239960193634033, 0.5466383695602417, 0.004632499534636736, 0.38784143328666687, 0.29007241129875183, 0.008012080565094948, 0.0, 0.0, 1.3597687482833862, 0.12800943851470947, 0.054578542709350586, 0.3520869016647339, 0.02555791661143303, 0.0002829712175298482, 0.1536787897348404, 0.421913743019104, 0.0, 1.2056519985198975, 0.30220070481300354, 1.1745915412902832, 0.07227369397878647, 0.023244399577379227, 0.0, 3.4638028144836426, 1.0804564952850342, 0.08738753944635391, 0.5996018052101135, 0.1409730762243271, 0.01740584336221218, 0.7887749075889587, 1.9191460609436035, 0.10207601636648178, 0.01955908164381981, 0.04707779362797737, 0.0, 0.055039167404174805, 0.10392583161592484, 0.0, 0.05395852401852608, 0.0, 2.0777804851531982, 0.15414737164974213, 0.18186251819133759, 0.0026425146497786045, 0.7687395215034485, 0.0, 2.2867815494537354, 0.7219696640968323, 0.12376981228590012, 0.06253529340028763, 0.18819347023963928, 0.0, 0.0011077511589974165, 0.2999354898929596, 0.0774158462882042, 0.012358748354017735, 0.2598560154438019, 0.08648954331874847, 1.4118596315383911, 0.39064928889274597, 1.2931041717529297, 0.030342409387230873, 0.1473144292831421, 0.0, 0.3347216248512268, 0.015013772994279861, 0.22567647695541382, 0.09557003527879715, 0.0, 0.4697008728981018, 0.002611403586342931, 1.5685051679611206, 1.3582396507263184, 0.5776619911193848, 0.07781949639320374, 0.05860771983861923, 0.038922421634197235, 0.5412920117378235, 0.0, 0.0, 0.033522069454193115, 0.0, 0.08385858684778214, 0.27946963906288147, 0.0, 0.7168675065040588, 0.0, 0.15129107236862183, 0.11367148905992508, 0.3546040654182434, 0.0, 0.016461946070194244, 0.0, 0.03525995835661888, 0.0, 0.4150378108024597, 0.0, 0.0, 0.0024306944105774164, 0.0, 0.19098880887031555, 0.06183914095163345, 0.09074928611516953, 0.44492465257644653, 0.23508016765117645, 0.5259798765182495, 0.003846431151032448, 1.7429790496826172, 2.9829225540161133, 0.17228372395038605, 0.26542291045188904, 0.009482563473284245, 0.07076125591993332, 0.5941318273544312, 0.0037956335581839085, 0.7801663875579834, 0.20054350793361664, 1.7378805875778198, 0.2583291828632355, 2.2627062797546387, 0.22017061710357666, 1.3491995334625244, 0.0, 1.370168685913086, 0.09737180173397064, 0.12834389507770538, 0.8830438852310181, 1.432248830795288, 0.002374958014115691, 0.0, 0.15511085093021393, 0.10121101886034012, 0.0037178434431552887, 0.0, 0.7921247482299805, 0.0, 0.10641578584909439, 0.7956666946411133, 0.4512093961238861, 0.06307396292686462, 0.1599416732788086, 0.0, 0.8914362192153931, 0.44961634278297424, 0.23393845558166504, 0.5016846656799316, 0.6073201894760132, 0.7681460976600647, 0.4348863959312439, 0.4030159115791321, 0.0009647315600886941, 0.6003885269165039, 0.12585870921611786, 0.3949197232723236, 0.2159397304058075, 0.06505770236253738, 0.8029559254646301, 0.0, 0.0, 0.02753113955259323, 0.008688128553330898, 0.03699827566742897, 0.0, 0.03995204344391823, 0.18413306772708893, 0.11782775819301605, 0.005552943795919418, 0.0, 0.07982660084962845, 0.005830261390656233, 0.07433944195508957, 0.04792380705475807, 1.7957899570465088, 0.4385872781276703, 0.002882113214582205, 0.0, 0.06472257524728775, 0.010538517497479916, 0.0, 0.26801633834838867, 0.0, 0.5804867744445801, 0.0, 1.7576183080673218, 0.0037490276154130697, 0.14885075390338898, 0.0, 0.7780823707580566, 0.1637319028377533, 0.14012812077999115, 0.12565878033638, 0.0072492994368076324, 0.004609894007444382, 1.1212936639785767, 1.8927875757217407, 0.07601135224103928, 0.7404276728630066, 0.0, 0.26493343710899353, 1.5528004169464111, 2.0607497692108154, 0.016235478222370148, 0.5607075095176697, 0.6604082584381104, 0.033161040395498276, 0.5083649754524231, 0.22638967633247375, 0.5426896810531616, 0.0995463952422142, 0.0, 0.46549898386001587, 0.10151888430118561, 0.0, 0.0, 0.21608293056488037, 0.6106269955635071, 1.2551426887512207, 0.5564457178115845, 0.17424552142620087, 0.022210009396076202, 0.10926040261983871, 0.8844598531723022, 0.07534719258546829, 0.0, 0.0, 0.03376886621117592, 0.40789595246315, 0.06510810554027557, 0.30708223581314087, 2.56709361076355, 0.0, 0.018871577456593513, 0.017655616626143456, 0.0, 0.0, 0.08730321377515793, 0.9485583901405334, 0.14357225596904755, 0.8525892496109009, 0.11847009509801865, 0.0, 1.2921713590621948, 0.0, 0.6069247722625732, 0.38420405983924866, 0.0056157405488193035, 0.11830651015043259, 0.19952428340911865, 0.06867633759975433, 0.047855690121650696, 0.0, 0.1120164543390274, 3.1669554710388184, 0.0, 0.6938948631286621, 0.23341886699199677, 0.0, 0.004916889127343893, 0.05733334273099899, 0.256104439496994, 0.10975822806358337, 0.35634779930114746, 0.0597192756831646, 0.015352224931120872, 0.7962282299995422, 0.1969694197177887, 0.21491742134094238, 0.24365337193012238, 0.7753375172615051, 0.0020778714679181576, 1.8517200946807861, 0.09288530796766281, 0.3494381010532379, 0.10074958205223083, 0.41371285915374756, 0.09916268289089203, 0.0, 0.0, 0.9993659853935242, 0.05913803353905678, 0.25226593017578125, 0.20637094974517822, 0.7353236675262451, 0.26273205876350403, 0.024047717452049255, 0.6491665840148926, 0.027457283809781075, 0.04568624496459961, 1.0097111463546753, 0.0, 0.0, 1.100075602531433, 0.2991664707660675, 0.06152823567390442, 2.4042792320251465, 1.6804381608963013, 0.1283598095178604, 0.0, 0.0014107421739026904, 0.0, 0.010171917267143726, 0.0, 0.0, 0.09598009288311005, 0.10734927654266357, 0.4233686625957489, 0.10057070106267929, 0.12927386164665222, 0.35333681106567383, 0.42091548442840576, 0.009584835730493069, 0.0781785249710083, 0.4541843831539154, 0.014964461326599121, 0.19758015871047974, 0.28190773725509644, 0.0, 0.021573621779680252, 0.46687161922454834, 0.12110500782728195, 0.4794754385948181, 0.5985476970672607, 0.0, 0.09184548258781433, 0.18839360773563385, 0.16301700472831726, 0.9357638359069824, 0.0, 0.453704297542572, 0.05398150905966759, 0.0, 0.15445691347122192, 0.6002490520477295, 0.0, 0.16938266158103943, 0.0801977589726448, 0.045480892062187195, 0.0, 0.2138897180557251, 0.5455761551856995, 0.059327978640794754, 0.8433710932731628, 0.0, 0.0677410364151001, 0.3273938298225403, 0.9589609503746033, 0.4231705963611603, 0.023725178092718124, 0.6682314276695251, 0.36044490337371826, 0.14821642637252808, 0.10441417247056961, 0.04654819145798683, 0.104368656873703, 0.0, 1.3453965187072754, 0.08412109315395355, 0.05375947430729866, 0.0028540990315377712, 0.32457616925239563, 0.21218842267990112, 0.010912627913057804, 0.00992310419678688, 1.0216047763824463, 0.08938421308994293, 0.0167304128408432, 0.28166404366493225, 0.10164080560207367, 0.10096344351768494, 0.04548390954732895, 0.4833577573299408, 1.4241001605987549, 0.696342408657074, 0.17014433443546295, 0.0, 1.9735310077667236, 0.16933491826057434, 0.40626540780067444, 1.6391485929489136, 0.4540707468986511, 1.6898759603500366, 0.6158125996589661, 0.6496370434761047, 0.020722150802612305, 0.0018577211303636432, 0.18160025775432587, 0.8120886087417603, 0.0, 0.0, 0.4591486155986786, 0.30110371112823486, 0.0019148514838889241, 0.2029578685760498, 0.5269978642463684, 0.00636445265263319, 0.01934872753918171, 0.18578022718429565, 0.010174483992159367, 0.023432713001966476, 0.09958432614803314, 2.4334559440612793, 0.0, 0.00593304168432951, 0.010863053612411022, 1.5894922018051147, 0.27933216094970703, 0.1475493609905243, 0.27174055576324463, 0.26707929372787476, 0.3454500436782837, 3.1963276863098145, 0.02346346527338028, 0.2195814996957779, 0.09123357385396957, 0.8822739124298096, 0.19669203460216522, 0.0, 0.0716087818145752, 0.24872304499149323, 1.1131799221038818, 0.36608177423477173, 0.8317558765411377, 0.004596680868417025, 0.0027820966206490993, 0.3320654630661011, 0.0, 1.2532353401184082, 0.8023086786270142, 0.42636963725090027, 0.0, 0.0, 0.3381168246269226, 0.04899485781788826, 0.014689255505800247, 0.009202738292515278, 0.16902483999729156, 0.006811594590544701, 0.2476261854171753, 0.7717551589012146, 0.09763873368501663, 0.05370113626122475, 0.11102494597434998, 0.0, 0.7062429189682007, 0.01104039791971445, 0.10332345217466354, 0.010985024273395538, 0.4643324911594391, 0.18230094015598297, 0.3173188865184784, 0.10644223541021347, 0.0, 0.4275692105293274, 0.14265188574790955, 1.153350830078125, 0.016330549493432045, 0.4464400112628937, 0.5857953429222107, 0.2339615672826767, 0.32588648796081543, 0.0, 0.14760619401931763, 1.5553547143936157, 1.23621666431427, 0.005505279637873173, 8.379271507263184, 0.0018239800119772553, 0.052138619124889374, 0.08838719874620438, 0.6759930849075317, 0.0, 0.04581300541758537, 0.3320029377937317, 0.0, 0.4965103268623352, 0.23951086401939392, 0.20653872191905975, 0.5293793082237244, 0.014600011520087719, 1.1272119283676147, 0.11722850054502487, 0.014054371044039726, 0.212900310754776, 0.12600982189178467, 0.12254320085048676, 0.18156452476978302, 1.2322630882263184, 0.0, 0.1414027363061905, 0.0, 0.28535890579223633, 0.0, 0.19327260553836823, 1.369845986366272, 0.0, 0.0, 0.0945826843380928, 0.20904691517353058, 0.06853228807449341, 3.774397134780884, 0.08364526927471161, 0.30672264099121094, 0.04787458851933479, 0.4552077353000641, 0.5730103254318237, 0.054153598845005035, 0.4951745569705963, 0.6105366349220276, 0.40017327666282654, 1.2831794023513794, 0.23721396923065186, 0.18144316971302032, 0.1185329332947731, 0.0, 0.07752488553524017, 3.4825127124786377, 0.04666678234934807, 1.2562625408172607, 0.42323732376098633, 1.1240571737289429, 0.038716454058885574, 0.6389778852462769, 0.20442301034927368, 0.08473203331232071, 0.0, 0.5646164417266846, 1.548583984375, 1.1253126859664917, 0.23643968999385834, 0.0, 0.08656220883131027, 0.030560174956917763, 0.20453137159347534, 0.0, 0.0, 0.1855456531047821, 0.03195769339799881, 0.13404738903045654, 0.0386761799454689, 1.9910701513290405, 0.5668511390686035, 0.03608297184109688, 0.5582016706466675, 1.3023792505264282, 0.31905293464660645, 0.2789641320705414, 0.22086136043071747, 0.0, 0.16374513506889343, 0.26363444328308105, 0.08104398101568222, 0.5388160943984985, 0.10960841923952103, 0.45115941762924194, 0.42433854937553406, 0.11383239924907684, 0.4866041839122772, 0.2499546855688095, 0.05305076017975807, 1.699501633644104, 0.9684521555900574, 0.0, 0.07532758265733719, 0.0, 0.0, 0.041646093130111694, 0.0, 0.0202373918145895, 0.055363524705171585, 2.042337417602539, 0.6916559338569641, 0.002358529018238187, 0.09399954974651337, 1.8173681497573853, 0.19996300339698792, 0.2338346689939499, 0.6236039996147156, 0.14482992887496948, 0.005540207959711552, 0.0, 0.001380608999170363, 0.7154983878135681, 0.24418741464614868, 0.027225356549024582, 0.15011538565158844, 0.8119849562644958, 0.494354248046875, 4.2834153175354, 0.43704915046691895, 0.20615464448928833, 0.018745120614767075, 0.007172141689807177, 0.5145641565322876, 0.12948662042617798, 0.2849031090736389, 0.0789610743522644, 0.0, 0.1268072873353958, 0.0028705450240522623, 0.07772327214479446, 0.015135307796299458, 0.1109209656715393, 0.3049420118331909, 0.30090171098709106, 0.04576290026307106, 0.0, 0.18985290825366974, 0.13217416405677795, 0.27930450439453125, 0.8301366567611694, 0.12185439467430115, 0.0575738400220871, 0.08243875205516815, 0.019020715728402138, 1.2328449487686157, 0.6207953095436096, 0.5486190319061279, 0.6635938882827759, 0.7336623668670654, 0.25816696882247925, 0.11598360538482666, 1.3031340837478638, 0.0007702306611463428, 0.32856443524360657, 1.997675895690918, 0.1575154811143875, 0.24208514392375946, 0.8631850481033325, 1.6175673007965088, 0.006121007725596428, 1.2087491750717163, 0.2687516212463379, 0.3855123221874237, 0.0, 1.339743971824646, 0.13217920064926147, 0.02517007291316986, 0.06941509991884232, 0.02617526240646839, 0.155061736702919, 0.3645910918712616, 0.7742248177528381, 0.9817053079605103, 1.8712083101272583, 0.21217691898345947, 0.4628969430923462, 0.14699186384677887, 1.0359442234039307, 0.0706147626042366, 3.0227057933807373, 0.3737422525882721, 0.18359491229057312, 0.037818923592567444, 0.01957090012729168, 0.1405763477087021, 0.21716643869876862, 0.28011634945869446, 2.052720546722412, 0.007190134841948748, 0.0, 0.007350921630859375, 0.15825200080871582, 0.006787358317524195, 0.04985504597425461, 1.2128167152404785, 0.0, 0.0, 0.01928568445146084, 0.3404666781425476, 0.9587094187736511, 0.028610331937670708, 0.28577426075935364, 0.18466493487358093, 0.08874352276325226, 0.11830329895019531, 0.20224234461784363, 0.13271267712116241, 0.006756057497113943, 0.08813288807868958, 0.0987245962023735, 0.8643569350242615, 0.010405771434307098, 0.0, 0.0006509411032311618, 0.28385287523269653, 0.0, 3.1868417263031006, 0.0, 0.0001927516859723255, 2.2170052528381348, 0.2244616597890854]",Testing/glioma_tumor/image(59).jpg
"[0.06584285944700241, 3.204710006713867, 0.0, 0.3583751618862152, 1.2128660678863525, 0.2747698128223419, 2.069277048110962, 0.030510948970913887, 0.05747976899147034, 0.05551421269774437, 0.0, 0.12022674083709717, 0.1840323954820633, 2.0582308769226074, 1.1367039680480957, 0.008556813932955265, 1.8802603483200073, 0.7263438105583191, 0.2957143485546112, 0.030473671853542328, 0.7539746165275574, 2.0506837368011475, 0.25415700674057007, 0.0, 0.013941168785095215, 0.07670483738183975, 1.7738323211669922, 0.0688353106379509, 0.5359072685241699, 0.006092078983783722, 0.14034879207611084, 0.015044888481497765, 1.2576122283935547, 0.889818012714386, 1.134627342224121, 1.576564908027649, 1.2734171152114868, 0.19649221003055573, 0.1211409866809845, 0.13789546489715576, 4.549916744232178, 1.7801929712295532, 0.03853510692715645, 0.46738550066947937, 0.08599185198545456, 0.004485699813812971, 0.008031302131712437, 0.008873272687196732, 0.3641272485256195, 0.3358401954174042, 0.8903928399085999, 0.8494366407394409, 0.957385241985321, 0.2967389225959778, 1.9165045022964478, 2.533144950866699, 0.47350257635116577, 0.04569164663553238, 2.249398708343506, 0.246130108833313, 0.23663310706615448, 1.301312804222107, 0.3735286593437195, 1.7721834182739258, 0.14657308161258698, 0.06524398177862167, 1.5415836572647095, 0.0006782254204154015, 0.42813214659690857, 0.0, 1.268614649772644, 0.01222902163863182, 0.15657749772071838, 1.7458829879760742, 0.6983156800270081, 0.0, 1.5550854206085205, 0.05953679233789444, 0.00407922500744462, 0.2744302451610565, 0.0, 0.09846864640712738, 1.6756088733673096, 0.3299534320831299, 1.004341721534729, 0.2135114222764969, 1.2461259365081787, 0.05266721919178963, 0.0, 0.18006928265094757, 3.3913774490356445, 0.4204559624195099, 0.3486606180667877, 0.8911374807357788, 0.016325045377016068, 0.4071674644947052, 0.4108458161354065, 0.030252858996391296, 0.43536391854286194, 0.021431874483823776, 0.05226108059287071, 0.24001771211624146, 0.1247691884636879, 1.5668939352035522, 1.1816232204437256, 0.36904776096343994, 0.281130313873291, 0.649448573589325, 0.19645535945892334, 1.5222359895706177, 0.0, 1.4059971570968628, 0.25104403495788574, 0.0, 1.5960403680801392, 0.08766540884971619, 0.0, 0.9224532842636108, 0.6102697253227234, 0.46971574425697327, 0.005728587973862886, 0.06893374770879745, 0.0043215337209403515, 0.043357860296964645, 0.415714293718338, 0.2889942228794098, 0.012135741300880909, 0.4634872078895569, 1.1296883821487427, 0.0, 0.0, 0.9659459590911865, 0.27293142676353455, 0.011825824156403542, 0.1795489639043808, 0.004467616323381662, 0.04648464173078537, 0.40894317626953125, 0.000629101472441107, 0.5032856464385986, 0.2545647919178009, 0.6306120157241821, 0.04061388969421387, 0.11672865599393845, 0.2835996448993683, 0.015774473547935486, 0.3809835612773895, 3.6009321212768555, 0.21786649525165558, 0.3596667945384979, 1.5039165019989014, 0.6006495952606201, 0.010672741569578648, 0.0, 0.022282814607024193, 0.3905131220817566, 0.0, 0.8567187190055847, 0.8476404547691345, 0.04252631217241287, 0.5474479794502258, 0.539201557636261, 0.028272224590182304, 4.374144077301025, 0.11441310495138168, 0.04048537462949753, 0.7580574154853821, 0.16494132578372955, 0.29509004950523376, 8.900684356689453, 1.0590747594833374, 0.15265056490898132, 0.2549736797809601, 1.722019910812378, 0.9128632545471191, 0.3659503757953644, 0.11891882121562958, 0.18312112987041473, 0.7312630414962769, 0.1823454648256302, 0.03809414803981781, 0.007885249331593513, 1.895687460899353, 0.18263456225395203, 0.11566027998924255, 0.4369474947452545, 0.2949088215827942, 0.7423560619354248, 0.946381688117981, 0.0, 0.10739206522703171, 0.14027515053749084, 0.2301451414823532, 0.0, 0.6457217335700989, 0.07826442271471024, 0.055691707879304886, 0.13036054372787476, 0.0, 0.24396465718746185, 0.7323964238166809, 1.1332539319992065, 0.6678121089935303, 0.42891740798950195, 1.1218196153640747, 0.3197321891784668, 0.0, 0.0, 1.4892680644989014, 0.15635529160499573, 1.3732041120529175, 1.7978688478469849, 0.13207684457302094, 0.6689792275428772, 0.3904619812965393, 0.0863456055521965, 0.0, 0.5481109023094177, 0.4695669710636139, 0.019131120294332504, 0.36353278160095215, 0.022448169067502022, 0.8245725631713867, 0.13481679558753967, 0.0, 3.121028423309326, 0.011872821487486362, 0.11152849346399307, 1.4242879152297974, 0.4632223844528198, 0.17970582842826843, 0.05881283059716225, 0.3469863533973694, 2.0968575477600098, 0.20103640854358673, 2.0088069438934326, 0.0017234671395272017, 1.2233493328094482, 0.021858202293515205, 0.5217608213424683, 0.34269052743911743, 0.14545708894729614, 1.1742020845413208, 0.23979443311691284, 0.7549296021461487, 0.061984583735466, 0.19203130900859833, 0.7615036964416504, 0.11652640998363495, 0.7374829053878784, 0.09009851515293121, 0.036079637706279755, 2.634334087371826, 0.5015645027160645, 0.0, 0.16441035270690918, 0.03077596053481102, 0.5693596005439758, 0.12477406859397888, 0.9515103101730347, 0.45017576217651367, 0.0, 1.267163872718811, 0.004622138105332851, 0.06159614026546478, 0.10628288984298706, 0.11260640621185303, 0.019078770652413368, 0.0, 0.0, 0.8632044792175293, 0.005012716632336378, 0.324631005525589, 0.13126473128795624, 5.077385902404785, 0.3588055968284607, 0.955904483795166, 1.0160261392593384, 0.519816517829895, 0.14183957874774933, 0.9539530873298645, 0.6509649157524109, 2.9900596141815186, 0.0855291411280632, 0.24338398873806, 2.0782511234283447, 2.140397787094116, 0.5540489554405212, 0.6021344065666199, 0.9130359292030334, 0.368405818939209, 0.12303651869297028, 0.0, 0.06533714383840561, 0.5623466372489929, 4.294128894805908, 0.005951428785920143, 0.0, 0.0017245594644919038, 0.6492055654525757, 0.18159115314483643, 0.17314574122428894, 3.1022462844848633, 0.6501893997192383, 0.6026449203491211, 0.14689837396144867, 0.3561078608036041, 0.6743406057357788, 0.974230945110321, 0.3488268554210663, 0.1762627810239792, 0.31640589237213135, 0.006075715646147728, 0.013266308233141899, 0.06699265539646149, 2.807945489883423, 0.715354323387146, 0.03449077904224396, 0.015528043732047081, 0.24506327509880066, 0.0, 0.9133728742599487, 0.1888801008462906, 0.01269432995468378, 1.6425981521606445, 0.010774509981274605, 0.6456762552261353, 0.18317584693431854, 6.414726257324219, 0.23263448476791382, 2.130970001220703, 0.3725321888923645, 0.6661701798439026, 3.460752487182617, 0.0, 0.19503101706504822, 3.1970744132995605, 0.1517980545759201, 1.0143475532531738, 0.144534632563591, 1.3050533533096313, 0.0, 0.0, 0.418860524892807, 0.0, 0.7739807367324829, 0.43514344096183777, 0.3788188695907593, 0.0, 1.7394334077835083, 0.0, 2.9714784622192383, 2.1266562938690186, 0.0483500212430954, 0.7404497265815735, 0.05130361393094063, 0.16874057054519653, 0.09792185574769974, 0.2869362235069275, 0.5077713131904602, 0.0015008595073595643, 2.6080260276794434, 0.0, 0.060977328568696976, 0.11017727106809616, 0.041445594280958176, 0.02115902118384838, 0.06362771987915039, 1.181278109550476, 0.3651849329471588, 0.18660962581634521, 0.8906460404396057, 2.0129854679107666, 6.06854248046875, 0.32882219552993774, 0.5484131574630737, 2.2105202674865723, 2.3570809364318848, 0.2969236969947815, 0.0043523311614990234, 0.08320262283086777, 0.045925937592983246, 0.07733912020921707, 1.2904921770095825, 0.15015234053134918, 0.6150593161582947, 1.0844216346740723, 0.06716635823249817, 0.0, 0.06445249915122986, 0.0, 0.040755923837423325, 0.7749543190002441, 1.0796759128570557, 0.48419618606567383, 2.0681509971618652, 0.33865758776664734, 0.4551137685775757, 0.03579171746969223, 0.7306751608848572, 2.34909725189209, 0.013075013644993305, 0.0, 0.7232853770256042, 0.3121866285800934, 1.0719470977783203, 0.06577926129102707, 0.04315662011504173, 0.691525936126709, 0.11639629304409027, 0.4990970492362976, 0.16191188991069794, 0.10662303864955902, 0.2408621609210968, 0.03378601372241974, 2.105884075164795, 0.0, 0.13278944790363312, 0.11205488443374634, 0.2856728434562683, 1.1459652185440063, 0.3462733030319214, 0.7384147644042969, 0.2751512825489044, 0.06108079105615616, 0.6906341910362244, 0.04413653537631035, 0.3384460508823395, 0.10387782007455826, 0.005982730071991682, 0.7659103274345398, 1.0460431575775146, 2.207988739013672, 0.13932451605796814, 0.7364427447319031, 0.6424257159233093, 0.0016229833709076047, 3.0450477600097656, 1.8034851551055908, 0.027034979313611984, 0.0, 0.0, 0.6596254110336304, 0.03535693883895874, 0.4279351830482483, 0.014616800472140312, 0.0, 0.1364082396030426, 0.12961313128471375, 0.07999259233474731, 0.5226938128471375, 0.11982149630784988, 0.25779563188552856, 0.0, 0.1743781417608261, 0.15966837108135223, 0.031676750630140305, 1.3200552463531494, 0.004386337473988533, 4.365206718444824, 0.49904680252075195, 0.99256432056427, 0.08390796184539795, 0.13831095397472382, 0.2521244287490845, 0.3770831823348999, 0.0, 0.1193879023194313, 0.5991365909576416, 0.12047107517719269, 0.5403894782066345, 0.07387181371450424, 1.740725040435791, 0.14998698234558105, 0.09162587672472, 0.0, 1.6585512161254883, 0.0, 0.0, 1.6029796600341797, 1.0458451509475708, 0.07543102651834488, 0.6510421633720398, 0.14160701632499695, 0.07628382742404938, 0.21215631067752838, 0.0020126444287598133, 0.0, 0.43698757886886597, 0.022939253598451614, 0.1842261403799057, 2.981541872024536, 0.00523378886282444, 0.19079594314098358, 0.8048135638237, 0.13377690315246582, 0.0, 0.09554223716259003, 0.8196229934692383, 0.3606417775154114, 0.0, 0.495369553565979, 0.053758133202791214, 2.268571615219116, 0.22830422222614288, 0.9786523580551147, 0.07123243808746338, 0.15471884608268738, 0.21209445595741272, 0.5129912495613098, 0.03356797248125076, 3.297302007675171, 0.4457363486289978, 0.17806404829025269, 0.4659712314605713, 0.5250406265258789, 0.3791482746601105, 0.02344861999154091, 0.5944854021072388, 0.1583617478609085, 0.14649425446987152, 0.16504180431365967, 0.23301289975643158, 0.5782720446586609, 0.0, 0.015235122293233871, 0.07179782539606094, 0.0, 0.11160562187433243, 1.4629924297332764, 0.06959987431764603, 0.7122069597244263, 2.6473469734191895, 1.3997997045516968, 0.12354737520217896, 0.7088274955749512, 2.0272886753082275, 1.4953721761703491, 2.425896406173706, 0.8939305543899536, 0.013486054725944996, 0.012278923764824867, 0.571833610534668, 0.0, 0.8187288641929626, 0.4025631844997406, 0.015653809532523155, 0.02029023878276348, 0.2732199430465698, 0.0008895737701095641, 0.2505039572715759, 0.07634373754262924, 0.18207214772701263, 0.07859399169683456, 0.2948210835456848, 1.929606556892395, 0.6412616968154907, 0.004091031849384308, 0.040027864277362823, 0.1029084324836731, 1.5408315658569336, 0.08124415576457977, 0.8499963879585266, 0.049549832940101624, 0.2327239215373993, 0.38933372497558594, 0.4053499698638916, 0.5738154649734497, 0.7118799686431885, 0.2869413197040558, 0.3435255289077759, 0.9513575434684753, 0.08320357650518417, 0.3183542490005493, 0.0, 0.7883304953575134, 0.006059466395527124, 1.8891630172729492, 0.003001860110089183, 0.0060618119314312935, 3.45774507522583, 0.0, 0.08117412775754929, 0.05417119339108467, 0.3991059958934784, 0.1316705197095871, 0.15109887719154358, 0.3134731352329254, 0.03423517569899559, 0.0, 0.09893187880516052, 0.1752496063709259, 0.7704940438270569, 0.0, 0.10028496384620667, 0.6863222122192383, 0.25489237904548645, 0.047463204711675644, 0.0982024073600769, 0.13274452090263367, 0.8468261957168579, 0.04780782014131546, 2.2037007808685303, 0.15459410846233368, 0.05272313579916954, 0.450579971075058, 0.4807571768760681, 0.5017276406288147, 0.4892243444919586, 0.844545304775238, 2.2505946159362793, 0.8992016911506653, 0.3879072964191437, 0.8662741780281067, 0.074095219373703, 0.3794037103652954, 0.08426535874605179, 0.5904330611228943, 0.14665645360946655, 0.22387072443962097, 1.3038986921310425, 0.07595986127853394, 2.836678981781006, 0.061180055141448975, 0.9514853954315186, 0.5562937259674072, 0.3724459111690521, 0.47875845432281494, 0.025438601151108742, 0.017153486609458923, 0.8704162240028381, 0.38902896642684937, 0.02530989795923233, 0.07231751084327698, 0.0, 0.10294555872678757, 0.3132747709751129, 0.0, 0.2468714416027069, 1.1354669332504272, 3.0400195121765137, 0.14590118825435638, 0.07763731479644775, 0.3970958888530731, 0.0, 0.40901827812194824, 2.336355447769165, 0.1861094981431961, 0.0, 0.0, 0.010896610096096992, 0.14094793796539307, 0.638754665851593, 0.07511664181947708, 4.158069133758545, 0.2080996036529541, 1.4295449256896973, 0.5605422258377075, 0.4021542966365814, 0.00766498688608408, 1.1401951313018799, 0.5656006932258606, 0.2997274696826935, 0.40945106744766235, 0.4747451841831207, 0.04630525782704353, 2.7163546085357666, 0.8726986646652222, 0.4635028839111328, 0.2520653307437897, 0.8322692513465881, 0.002440219046548009, 0.6024966835975647, 0.18229445815086365, 0.024440256878733635, 0.3128039538860321, 0.09176941215991974, 0.9082514643669128, 0.0910997986793518, 2.284789562225342, 2.250088691711426, 0.2264644056558609, 0.27822089195251465, 0.43628066778182983, 1.6153489351272583, 0.0316951721906662, 0.024843811988830566, 2.925370931625366, 0.763649046421051, 0.21167607605457306, 1.851608395576477, 0.6229851245880127, 0.0058607421815395355, 0.15857771039009094, 0.0003711715107783675, 2.1155331134796143, 1.1823890209197998, 0.011857475154101849, 0.0, 0.10790704935789108, 0.28616347908973694, 0.008822723291814327, 0.8465685248374939, 0.0, 0.03754124045372009, 0.38734930753707886, 1.5347847938537598, 1.898593783378601, 4.439061164855957, 0.0, 1.5348860025405884, 0.16431793570518494, 0.37498942017555237, 0.0, 0.0004667165339924395, 0.040687158703804016, 0.0, 0.03775713965296745, 0.035903338342905045, 0.0, 0.06692807376384735, 0.9654678106307983, 0.055446989834308624, 0.07430989295244217, 0.05587897077202797, 3.2093911170959473, 0.3794226050376892, 0.6250735521316528, 0.2720091640949249, 0.3047506809234619, 0.044415902346372604, 0.18914198875427246, 0.0, 0.34233829379081726, 0.6880719065666199, 0.9266982078552246, 0.12491901218891144, 2.590461015701294, 0.3178463578224182, 0.002524244599044323, 0.8744516372680664, 0.0, 3.394402027130127, 0.004991526715457439, 0.0, 0.15488524734973907, 0.0, 0.0, 1.0371713638305664, 2.9902727603912354, 0.22056686878204346, 3.6313669681549072, 0.10755547881126404, 0.09541578590869904, 0.395202100276947, 0.3177751898765564, 0.12742021679878235, 0.1314379721879959, 0.07069400697946548, 0.21489796042442322, 0.5308356285095215, 1.4424800872802734, 0.9311234354972839, 1.4651786088943481, 0.022181987762451172, 0.05819477513432503, 0.056433841586112976, 0.4334146976470947, 1.1468764543533325, 0.22278167307376862, 0.12817297875881195, 0.03987506404519081, 0.03711004927754402, 0.32451558113098145, 0.14255547523498535, 0.008368635550141335, 1.3941084146499634, 2.090165376663208, 1.394731044769287, 1.6414340734481812, 1.002062439918518, 0.7156038284301758, 0.47797173261642456, 0.2344563752412796, 1.93229079246521, 0.4739671051502228, 1.0469915866851807, 0.7083122134208679, 0.07415506988763809, 0.27048593759536743, 0.37691164016723633, 0.24624955654144287, 0.752130925655365, 3.1456654596695444e-06, 2.078305244445801, 0.5886216163635254, 0.0023889299482107162, 0.0, 0.7175239324569702, 0.4174935221672058, 0.6728082895278931, 0.004049523733556271, 0.3214836120605469, 0.14376124739646912, 0.0, 0.07556727528572083, 3.5789828300476074, 1.9097305536270142, 0.10065256804227829, 0.14555345475673676, 0.09090916812419891, 0.4159994423389435, 1.6672195196151733, 0.06874570995569229, 3.0019121170043945, 0.29492178559303284, 3.0132689476013184, 1.0052731037139893, 0.0, 0.0, 0.15206101536750793, 0.14111915230751038, 0.3638578951358795, 0.26964035630226135, 0.0, 0.613016664981842, 0.029366904869675636, 0.4518252909183502, 0.6885009407997131, 5.124472618103027, 0.014697293750941753, 0.8602246046066284, 0.0399649478495121, 0.0643298402428627, 0.33544448018074036, 2.2500159740448, 0.0, 0.011457017622888088, 0.0, 1.0553888082504272, 0.13814231753349304, 0.0, 0.8764856457710266, 1.886002779006958, 0.17509913444519043, 0.15879887342453003, 0.1597798764705658, 0.05255800858139992, 1.7572071552276611, 0.12647627294063568, 0.08030320703983307, 0.12692248821258545, 2.365687370300293, 0.18479059636592865, 0.0, 0.10527677088975906, 0.29609715938568115, 0.1386919468641281, 0.668450653553009, 0.6707473397254944, 0.04284147918224335, 1.3506613969802856, 0.13101941347122192, 0.30355119705200195, 0.08332522958517075, 0.47363513708114624, 0.6832466125488281, 0.43006059527397156, 0.22873641550540924, 6.224127292633057, 2.479902982711792, 0.43337640166282654, 0.0, 0.18150673806667328, 0.02695673517882824, 0.4003952145576477, 0.33405062556266785, 0.11558462679386139, 0.6735231876373291, 0.7617682814598083, 0.0039890543557703495, 0.7710958123207092, 0.45126911997795105, 0.08946488797664642, 2.944262742996216, 0.4899257719516754, 1.444890022277832, 0.14704470336437225, 0.16996446251869202, 0.0287493709474802, 0.05892404168844223, 0.001842396566644311, 0.06680912524461746, 0.009101147763431072, 0.415600448846817, 0.09447088837623596, 0.0, 0.177237406373024, 0.09367300570011139, 2.6311237812042236, 0.4333278238773346, 2.726001262664795, 0.03580838814377785, 0.04037734121084213, 2.132923126220703, 0.2042437195777893, 0.18545867502689362, 1.8234447240829468, 0.0, 0.3517436981201172, 0.014076347462832928, 0.14287833869457245, 0.2679704427719116, 2.691154718399048, 0.0, 1.2778489589691162, 0.008413085713982582, 0.0, 0.7179092168807983, 0.0, 0.3987748324871063, 0.5389922857284546, 0.12852787971496582, 0.9607157707214355, 1.073994755744934, 0.8911663889884949, 1.0095781087875366, 0.7147446274757385, 0.548734188079834, 0.0092381676658988, 1.2075605392456055, 0.47519904375076294, 0.8300646543502808, 0.0, 0.06443765014410019, 3.4359323978424072, 0.07250479608774185, 0.0, 0.15663152933120728, 0.015461070463061333, 0.4299425780773163, 0.31190693378448486, 0.09435281157493591, 0.2217901647090912, 0.039586763828992844, 0.0647272989153862, 0.0, 0.40648284554481506, 0.9033089280128479, 0.5643096566200256, 0.0, 1.2748936414718628, 0.31815072894096375, 0.6048345565795898, 1.1459466218948364, 0.021993566304445267, 0.044926248490810394, 2.0192935466766357, 1.2312017679214478, 0.07313435524702072, 0.07124613970518112, 0.0, 0.012166514992713928, 0.9762415885925293, 0.14386604726314545, 0.3228044807910919, 0.036461517214775085, 0.13117823004722595, 0.3144303262233734, 0.0992465391755104, 0.02504356950521469, 0.24524910748004913, 0.05519283562898636, 0.09694653749465942, 0.0, 0.03138742595911026, 0.05970848351716995, 0.05836636573076248, 1.2942042350769043, 0.0, 0.6989158987998962, 0.9303715229034424, 0.5165444016456604, 0.1772053837776184, 1.2827953100204468, 0.007371513172984123, 0.043294381350278854, 0.030972212553024292, 0.07550758868455887, 0.033831775188446045, 0.05262637138366699, 0.054220546036958694, 0.011685473844408989, 0.18522408604621887, 0.7310666441917419, 0.007415211759507656, 0.12237132340669632, 0.7286489605903625, 0.00751040643081069, 0.013774278573691845, 1.9257676601409912, 1.645142674446106, 0.5833743810653687, 0.22294992208480835, 1.0095202922821045, 1.2206376791000366, 0.06155090034008026, 0.6858342289924622, 2.6175081729888916, 0.027492523193359375, 0.0714646503329277, 0.028149327263236046, 0.5270642638206482, 1.4029669761657715, 0.5174661874771118, 0.07512745261192322, 0.0231929961591959, 0.009642107412219048, 0.9004830121994019, 4.825688362121582, 0.2783333659172058, 0.6412323117256165, 0.2817344665527344, 0.23353557288646698, 0.3191974461078644, 0.31206369400024414, 0.10832615196704865, 0.6033286452293396, 0.06100106239318848, 0.2950153350830078, 0.9123331308364868, 1.04845130443573, 0.2005503922700882, 0.18858051300048828, 0.9844293594360352, 1.346087098121643, 1.7914886474609375, 0.0, 0.14578919112682343, 0.003295988542959094, 0.11393112689256668, 0.11802063882350922, 0.310446172952652, 0.06330826878547668, 0.0453750416636467, 0.11163956671953201, 0.0, 0.09878689795732498, 0.41272541880607605, 0.22233912348747253, 0.009792011231184006, 0.01776166819036007, 0.03953387588262558, 0.0880550816655159, 0.003092157654464245, 0.00047333387192338705, 0.3185425102710724, 1.2277792692184448, 0.07313123345375061, 0.18350793421268463, 0.17161190509796143, 0.011304792016744614, 0.1484890729188919, 0.22705084085464478, 0.0, 0.0, 2.0133869647979736, 0.7877404093742371, 0.27848073840141296, 0.28790953755378723, 0.5083770751953125, 4.9542083740234375, 0.35540568828582764, 0.09382480382919312, 0.433361679315567, 0.5753589272499084, 0.0916857048869133, 0.7284212112426758, 0.3450598418712616, 0.6370651125907898, 0.33280235528945923, 0.4324207305908203, 0.6395838260650635, 0.7576108574867249, 0.2682908773422241, 0.260598361492157, 1.1925328969955444, 2.4478085041046143, 3.960158109664917, 0.052918337285518646, 0.010119798593223095, 0.21579277515411377, 0.009913785383105278, 0.00881446897983551, 2.5822811126708984, 0.05569332093000412, 0.0, 0.0, 0.0, 1.6629917621612549, 0.11290828883647919, 0.02812618389725685, 0.3369181752204895, 0.19500568509101868, 0.01053822785615921, 0.04437435790896416, 0.7951328754425049, 0.006129510700702667, 0.047094229608774185, 0.047983378171920776, 0.09444567561149597, 0.5331482887268066, 2.2318501472473145, 0.5516157746315002, 0.05059162899851799, 0.0057843877002596855, 0.025763822719454765, 0.0, 0.08669745177030563, 0.03679266199469566, 2.76698899269104, 0.2598874866962433, 0.18535040318965912, 0.1557365208864212, 0.06043536216020584, 0.015052063390612602, 0.5454739332199097, 0.8469713926315308, 0.8397745490074158, 0.1724683791399002, 0.012294287793338299, 0.023688150569796562, 0.18117569386959076, 0.01159774512052536, 0.0049544209614396095, 0.18789272010326385, 0.0, 0.0, 0.0, 0.18060843646526337, 0.0016703094588592649, 0.06552430242300034, 1.0023618936538696, 0.0, 0.11061683297157288, 0.0, 0.024095628410577774, 0.05127079039812088, 0.9605104327201843, 0.0, 0.1700654774904251, 0.34309136867523193, 0.3398055136203766, 0.2529730498790741, 2.3018715381622314, 0.248378187417984, 0.11012629419565201, 0.0, 0.0, 0.14227066934108734, 0.0, 0.2194802463054657, 0.1747310757637024, 0.20550918579101562, 0.19853200018405914, 1.0273061990737915, 0.3890014588832855, 0.42877042293548584, 0.0, 0.10216214507818222, 0.030876627191901207, 0.01678115501999855, 0.22293095290660858, 0.08239526301622391, 0.09412465989589691, 1.5089305639266968, 0.02470455691218376, 0.023672103881835938, 0.0, 1.245214819908142, 0.04166652262210846, 0.39651525020599365, 0.25143367052078247, 0.02890835516154766, 0.0, 0.031021855771541595, 0.0029686519410461187, 2.6489906311035156, 0.12445836514234543, 3.6765995025634766, 0.4872884452342987, 0.0, 0.308370977640152, 0.026836171746253967, 0.0, 0.5078554749488831, 0.7486439347267151, 0.5371126532554626, 1.169829249382019, 0.5095897316932678, 0.8050150871276855, 0.13512006402015686, 0.004170965403318405, 0.35325396060943604, 0.5194555521011353, 0.05902506038546562, 0.6545130014419556, 0.8783562183380127, 1.1666810512542725, 0.19920645654201508, 3.569340705871582, 0.001901407609693706, 0.544067919254303, 1.4018865823745728, 0.10747893899679184, 0.008863302879035473, 0.011467894539237022, 0.7189525961875916, 0.4537762701511383, 0.12468516826629639, 0.2604901194572449, 0.11410564929246902, 0.019471745938062668, 0.930492639541626, 0.8015676140785217, 0.049102820456027985, 0.19488298892974854, 0.7477038502693176, 0.033974383026361465, 0.4113733768463135, 0.0478670634329319, 0.06048775091767311, 0.03685743361711502, 1.8207513093948364, 0.04086793586611748, 0.0, 0.7224775552749634, 0.033827416598796844, 0.051412515342235565, 0.7271491885185242, 0.14820335805416107, 0.9547699093818665, 0.0868837907910347, 4.1953582763671875, 0.9883403182029724, 0.02743738517165184, 0.0004963534302078187, 0.01153567899018526, 0.011805721558630466, 0.09846462309360504, 0.4999830722808838, 0.6171015501022339, 0.8056886792182922, 0.000812321319244802, 0.16829058527946472, 0.0, 1.212719440460205, 0.3026784062385559, 0.017888614907860756, 0.0, 0.7612022161483765, 0.044823791831731796, 1.560327172279358, 1.382539987564087, 3.2817564010620117, 0.7263672351837158, 2.186372995376587, 0.4933631718158722, 0.9943355917930603, 0.053157564252614975, 0.17149627208709717, 1.0505788326263428, 0.01252809353172779, 0.5134959816932678, 0.02574586309492588, 0.05324840173125267, 0.05713208019733429, 0.0, 0.03969978913664818, 0.2303377389907837, 0.0800718367099762, 0.24154604971408844, 0.21270236372947693, 0.22836507856845856, 0.07667958736419678, 0.29212766885757446, 0.029951201751828194, 0.4225689768791199, 1.0762370824813843, 3.337339401245117, 0.5555906891822815, 0.022561952471733093, 0.08327081054449081, 0.02066158317029476, 0.045261990278959274, 0.872442364692688, 1.011755347251892, 2.5915164947509766, 0.08545228093862534, 0.0, 0.04224410653114319, 0.05626441910862923, 0.3557645380496979, 1.8222942352294922, 0.0, 0.0017188203055411577, 1.0457314252853394, 0.24023433029651642, 0.28622809052467346, 2.32060170173645, 0.08408251404762268, 0.2906191945075989, 0.005044630728662014, 0.258392870426178, 0.14417245984077454, 0.08022858202457428, 1.6710679531097412, 0.04625236243009567, 0.7263573408126831, 2.3110315799713135, 3.0793612003326416, 0.48196882009506226, 0.0, 0.6638585925102234, 0.38059893250465393, 0.053543977439403534, 0.39880430698394775, 0.5323372483253479, 1.3455661535263062, 0.31171032786369324, 0.26722440123558044, 0.09210071712732315, 0.9869379997253418, 1.245419979095459, 0.32526612281799316, 0.2918221354484558, 0.02998466230928898, 1.677617073059082, 0.7793688178062439, 0.8976486921310425, 0.09469884634017944, 0.28820356726646423, 0.21769733726978302, 0.0, 0.3849307596683502, 1.3680429458618164, 0.08461878448724747, 0.05492105707526207, 0.014335890300571918, 0.3801838755607605, 0.35062289237976074, 0.07517615705728531, 1.3526291847229004, 0.02376883290708065, 3.017930746078491, 0.5876941084861755, 0.19522735476493835, 0.15851299464702606, 1.5790897607803345, 0.060883745551109314, 1.034903883934021, 0.5266361832618713, 0.03693738207221031, 0.024476056918501854, 0.03158508613705635, 0.6116793751716614, 0.0, 0.4614933431148529, 0.1798805445432663, 0.14135348796844482, 0.10791225731372833, 0.35868895053863525, 0.4736846685409546, 0.0, 3.3723654747009277, 0.20662225782871246, 0.12577548623085022, 0.23544731736183167, 0.100166454911232, 0.0, 2.396639585494995, 1.5685832500457764, 0.03127766773104668, 1.2014847993850708, 0.3139670491218567, 0.04132368043065071, 0.4652899205684662, 0.43566393852233887, 0.5105267763137817, 0.0, 0.0, 0.14986109733581543, 0.04508925601840019, 0.11871470510959625, 0.24076123535633087, 0.13090866804122925, 0.0, 1.9586658477783203, 0.17714519798755646, 1.2516224384307861, 0.17621652781963348, 1.7404905557632446, 0.1792023777961731, 1.793125867843628, 0.7147758603096008, 0.18259570002555847, 0.3045567572116852, 0.2185104489326477, 0.9315185546875, 0.08790737390518188, 0.03520838916301727, 0.755064845085144, 0.30798083543777466, 0.18495096266269684, 0.5690829157829285, 0.5597156286239624, 0.20263901352882385, 0.2488662153482437, 1.2536735534667969, 0.013666658662259579, 0.1147637888789177, 0.32461026310920715, 0.0, 0.12081047892570496, 0.13196289539337158, 0.0, 0.06944618374109268, 0.0, 1.426079273223877, 2.3156557083129883, 0.3020695447921753, 0.0033037273678928614, 1.1870217323303223, 1.410385251045227, 0.16721931099891663, 0.0883881226181984, 0.039900753647089005, 0.020231930539011955, 0.9388958811759949, 0.29026225209236145, 0.10210946202278137, 0.08706729114055634, 0.6771960854530334, 0.013449540361762047, 0.033664874732494354, 0.10955935716629028, 0.002626156434416771, 0.0, 0.3793550729751587, 0.0791957825422287, 0.11983585357666016, 0.20019109547138214, 0.2723577320575714, 0.05602949485182762, 0.0, 0.08208554238080978, 0.12888039648532867, 0.4042176902294159, 0.0, 1.400583028793335, 0.25803154706954956, 0.0, 0.5260925889015198, 0.7361114621162415, 3.2294068336486816, 7.8987531661987305, 0.3481919467449188, 1.4791474342346191, 0.7133955955505371, 0.0, 0.11750392615795135, 0.17526517808437347, 1.334126353263855, 0.0, 4.570326328277588, 0.1259610950946808, 1.5410056114196777, 0.08405973762273788, 2.4721322059631348, 0.2588784396648407, 1.9966552257537842, 0.19366005063056946, 0.0, 0.5363272428512573, 0.020403297618031502, 0.029737424105405807, 0.013602161779999733, 0.5838329792022705, 0.016252579167485237, 0.0, 0.059187669306993484, 2.9953207969665527, 0.01848917081952095, 0.010234550572931767, 0.054797884076833725, 0.016430610790848732, 1.0561721324920654, 0.39491504430770874, 0.11030107736587524, 1.1416828632354736, 1.0913405418395996, 0.09115582704544067, 0.8570830821990967, 2.4167094230651855, 1.4010555744171143, 0.8289216756820679, 0.7525624632835388, 0.1604984700679779, 3.3994438648223877, 0.010510960593819618, 0.0018704180838540196, 0.7666635513305664, 0.36933889985084534, 2.1428208351135254, 1.5888723134994507, 0.0, 0.0, 0.005726424977183342, 0.0, 0.0, 0.1169324442744255, 0.27221447229385376, 0.05096297711133957, 2.1181869506835938, 0.07762013375759125, 0.09993676841259003, 0.040814753621816635, 0.011578612960875034, 0.14929354190826416, 0.4279118478298187, 0.9860132336616516, 0.09234774112701416, 0.12645849585533142, 0.8024447560310364, 0.0, 0.0, 0.0, 0.02405528351664543, 0.32304510474205017, 0.09290233999490738, 1.087148666381836, 0.016893690451979637, 0.09516675025224686, 0.9365612864494324, 0.10947377234697342, 0.14936809241771698, 0.041652776300907135, 0.05566010996699333, 0.3474178612232208, 0.0947471559047699, 0.13859279453754425, 1.2639079093933105, 1.1111482381820679, 0.00762484734877944, 0.3166363835334778, 0.16408652067184448, 0.8002934455871582, 2.328742742538452, 0.0, 1.3448209762573242, 0.712279200553894, 0.14880281686782837, 0.23210389912128448, 0.0579417422413826, 0.6110727787017822, 0.5494332313537598, 0.0, 0.20792147517204285, 0.5115429759025574, 0.024622080847620964, 0.10095135867595673, 0.5247804522514343, 2.047553300857544, 0.341307669878006, 0.6654141545295715, 0.23266321420669556, 0.0, 0.1744881421327591, 0.5790496468544006, 0.2760513722896576, 0.08556052297353745, 0.0, 0.7223905324935913, 0.37099915742874146, 0.10191608965396881, 0.01019084732979536, 0.5722198486328125, 0.07273824512958527, 0.028287794440984726, 0.36177149415016174, 0.27339282631874084, 0.0, 0.45191067457199097, 0.21814370155334473, 0.2945992350578308, 0.9559616446495056, 0.2851268947124481, 0.06622187793254852, 1.5232431888580322, 0.09419158846139908, 0.4870019555091858, 0.5517222881317139, 0.05344964936375618, 0.09252166748046875, 0.0029835847672075033, 0.0, 0.8216384053230286, 0.3271343410015106, 0.7495124936103821, 0.901524543762207, 0.0, 0.6485413908958435, 1.3124120235443115, 0.23746661841869354, 0.41680029034614563, 0.5853400230407715, 0.6460530161857605, 0.0, 1.318917155265808, 0.8951235413551331, 0.0, 0.11291542649269104, 0.0009381771087646484, 1.3157851696014404, 1.455649971961975, 0.2713659107685089, 1.0306012630462646, 5.620953559875488, 0.24527516961097717, 0.057918548583984375, 0.43838346004486084, 2.1732330322265625, 0.5277158617973328, 0.0, 0.0, 1.1229125261306763, 0.3770942687988281, 0.3092660903930664, 0.03580339998006821, 1.3944029808044434, 0.2813909351825714, 0.3502930998802185, 0.06950121372938156, 0.3393082916736603, 0.018023528158664703, 0.11513293534517288, 0.0591154582798481, 0.03486871346831322, 0.9767258167266846, 0.977418839931488, 0.04204403609037399, 0.5862969160079956, 1.068007469177246, 0.746680498123169, 0.12611834704875946, 0.0, 0.022458305582404137, 0.0, 0.0, 0.4753057062625885, 0.17156893014907837, 0.40746814012527466, 0.1437562257051468, 0.09515219181776047, 0.15794798731803894, 0.4590357542037964, 0.8570876717567444, 0.009242420084774494, 0.0, 0.15729211270809174, 0.006743698846548796, 0.7703984379768372, 1.1534022092819214, 0.2815755009651184, 0.08171135932207108, 0.12162212282419205, 0.004023722372949123, 1.6481897830963135, 0.0009741004905663431, 0.06842134147882462, 0.42408350110054016, 0.3704850971698761, 0.04133663326501846, 0.08173253387212753, 0.0, 0.7225466966629028, 0.0, 0.2644921541213989, 1.411514163017273, 0.0252012237906456, 0.014621688053011894, 0.21348673105239868, 0.07309826463460922, 0.006091156974434853, 0.24347926676273346, 0.39000552892684937, 0.2245577722787857, 0.06408413499593735, 0.783073365688324, 0.0, 0.5662506818771362, 0.58913654088974, 0.6943723559379578, 0.2271774411201477, 0.16856053471565247, 1.313176155090332, 0.06158621609210968, 0.2584677040576935, 0.03399815782904625, 0.0, 0.0, 0.19483697414398193, 0.008347311988472939, 0.713433563709259, 0.32371920347213745, 0.0, 0.28616127371788025, 0.2482718825340271, 0.7677573561668396, 0.21042320132255554, 1.7348099946975708, 0.013940192759037018, 0.9360005855560303, 0.3530904948711395, 0.009307554922997952, 0.7963182330131531, 0.8334111571311951, 0.09966611117124557, 1.1763761043548584, 0.038077738136053085, 0.43279829621315, 0.07557704299688339, 1.7145557403564453, 0.7361269593238831, 0.6551071405410767, 1.6308537721633911, 1.452634334564209, 0.5103940367698669, 2.4210660457611084, 2.935256242752075, 0.0, 0.020135171711444855, 0.1571262776851654, 0.32923659682273865, 0.04714769870042801, 0.35738056898117065, 1.7050634622573853, 0.31669506430625916, 0.031262096017599106, 0.8550410866737366, 0.6879897713661194, 0.2621190547943115, 0.15798497200012207, 1.6611577272415161, 0.0, 0.0, 0.5110247731208801, 0.6841615438461304, 0.02880273573100567, 0.9289987683296204, 0.0, 1.370783805847168, 0.29130545258522034, 0.684974730014801, 0.5991737842559814, 0.4079127311706543, 0.710590124130249, 0.9376969337463379, 0.046755265444517136, 1.0544188022613525, 0.39965134859085083, 0.23706817626953125, 0.22967256605625153, 0.027699226513504982, 0.003834259696304798, 0.0, 1.2747139930725098, 1.0060133934020996, 0.3792279362678528, 0.0, 0.12457598745822906, 0.05112765356898308, 0.08526819944381714, 1.9977198839187622, 0.8243372440338135, 0.2519448697566986, 0.0, 0.042460303753614426, 2.17988657951355, 0.18411464989185333, 0.2636859714984894, 0.017418939620256424, 0.26955896615982056, 0.05019703134894371, 0.11763545125722885, 3.232103109359741, 0.14864704012870789, 0.12683525681495667, 0.062124840915203094, 0.16309967637062073, 3.2185394763946533, 0.05353806912899017, 0.04109242931008339, 0.19610510766506195, 0.015609590336680412, 0.7779162526130676, 0.6712659597396851, 0.0862189307808876, 0.0, 0.3650856912136078, 0.35592198371887207, 2.0013797283172607, 0.005277429241687059, 0.07541166245937347, 0.5771085619926453, 1.3896733522415161, 0.0, 0.2080426961183548, 1.3884236812591553, 0.25151965022087097, 0.6976857781410217, 0.0, 4.442328929901123, 0.10225635766983032, 0.7820072770118713, 0.464853435754776, 0.3072896897792816, 0.17300601303577423, 0.3093253970146179, 1.9572629928588867, 0.0, 0.26005804538726807, 0.0, 0.7098273634910583, 0.11682633310556412, 0.006386435590684414, 0.5154948830604553, 0.3358721435070038, 0.15992678701877594, 0.026333915069699287, 0.0, 0.6914318799972534, 0.06870227307081223, 1.2161602973937988, 0.0, 0.0, 0.07507158815860748, 0.17953211069107056, 0.0, 0.6183058023452759, 0.0, 0.0, 0.0, 0.1758902370929718, 0.027651874348521233, 0.9866541624069214, 1.489271640777588, 0.022597715258598328, 0.28646400570869446, 0.009533492848277092, 0.0, 0.6468905806541443, 0.18018803000450134, 0.08104487508535385, 2.3825221061706543, 0.4469563663005829, 0.09465375542640686, 0.10767862945795059, 0.31651249527931213, 0.008237171918153763, 0.7514561414718628, 0.030155371874570847, 2.519411563873291, 0.07410524040460587, 2.2087552547454834, 0.08035741746425629, 0.015978273004293442, 0.02726135402917862, 0.22754156589508057, 0.48613855242729187, 0.2519797384738922, 0.032612431794404984, 0.47693341970443726, 1.635551929473877, 1.5975394248962402, 0.019574278965592384, 0.0, 0.03755669668316841, 0.05402557551860809, 0.19653601944446564, 0.053498681634664536, 0.14020302891731262, 1.6596386432647705, 0.22350004315376282, 0.46621260046958923, 0.38121476769447327, 2.7830660343170166, 1.0179557800292969, 0.08846256881952286, 0.02252073585987091, 0.6469646096229553, 0.09225469827651978, 0.3261113166809082, 0.03424924239516258, 0.06034081429243088, 0.0003338735841680318, 0.37777796387672424, 0.34427058696746826, 0.1542646288871765, 0.0, 0.1354869306087494, 0.4931522607803345, 0.0, 0.5469222068786621, 0.251209020614624, 0.9848586916923523, 1.103226661682129, 0.763042688369751, 0.012321462854743004, 0.23300406336784363, 0.003042712574824691, 0.010670281946659088, 0.06510371714830399, 0.12320448458194733, 0.0, 0.9406409859657288, 0.3109879493713379, 1.9412286281585693, 0.011386282742023468, 0.9119793772697449, 2.2515385150909424, 0.9426302909851074, 0.0225453469902277, 0.010246734134852886, 0.03497714549303055, 0.04709385707974434, 0.6574825644493103, 0.27636244893074036, 0.11090021580457687, 0.6008154153823853, 0.11270146816968918, 0.7245457768440247, 0.335883229970932, 0.8039149045944214, 4.64754056930542, 0.3657369911670685, 0.732188880443573, 0.06691364198923111, 0.14599759876728058, 0.011251580901443958, 1.841066837310791, 0.05934535339474678, 1.3395267724990845, 0.0, 0.06045946478843689, 0.3435860574245453, 0.18429550528526306, 1.105739951133728, 0.0, 0.14361163973808289, 0.0710056722164154, 0.07485635578632355, 0.3970527946949005, 0.29142171144485474, 0.03446495160460472, 0.010493927635252476, 1.526031494140625, 0.1253577619791031, 0.4907898008823395, 0.2589403986930847, 0.0, 0.6687768697738647, 1.0988714694976807, 0.0014846032718196511, 0.019121520221233368, 1.0280271768569946, 0.0, 0.006913542747497559, 0.5350052118301392, 0.06308765709400177, 0.38634297251701355, 0.9815012216567993, 0.17726311087608337, 0.21225126087665558, 0.5904430747032166, 0.14467859268188477, 0.038002125918865204, 3.0149385929107666, 0.45832064747810364, 0.0006945084314793348, 0.12186495214700699, 0.5482184886932373, 0.4237176179885864, 0.15544037520885468, 0.0, 0.07628940790891647, 0.33331620693206787, 0.3681541383266449, 1.8886796236038208, 0.29694902896881104, 3.2607150077819824, 0.07216036319732666, 0.9124354720115662, 0.013531779870390892, 2.726905584335327, 0.5731436610221863, 4.351243495941162, 0.7481999397277832, 0.11295566707849503, 0.0851060152053833, 0.4056399464607239, 2.609168291091919, 0.25426486134529114, 0.0, 1.8442459106445312, 0.0, 0.3840477168560028, 0.25586068630218506, 0.27434593439102173, 0.769749641418457, 0.10356860607862473, 0.5670360922813416, 0.07153958082199097, 0.2401110976934433, 0.009687144309282303, 0.06582926958799362, 1.7092831134796143, 1.4255125522613525, 0.16173695027828217, 0.1349702924489975, 0.05929389223456383, 0.26814183592796326, 0.17666001617908478, 1.8921253681182861, 0.0, 0.2428746074438095, 0.05865021049976349, 0.049867965281009674, 0.0, 0.0, 0.13073916733264923, 0.21272826194763184, 0.0, 0.25424128770828247, 0.04608127474784851, 0.08657866716384888, 3.525005340576172, 0.28158414363861084]",Testing/glioma_tumor/image(13).jpg
"[0.8100656270980835, 0.3464072048664093, 0.1033657044172287, 0.03630806505680084, 0.18837007880210876, 1.0949736833572388, 5.2844061851501465, 0.019359124824404716, 0.010901265777647495, 0.0, 0.0, 0.0, 0.03082265891134739, 0.5905427932739258, 0.1686708927154541, 0.03325989469885826, 0.0, 1.389479398727417, 0.3889884650707245, 0.0408877395093441, 0.17808741331100464, 0.6961919665336609, 0.0569995678961277, 0.0, 0.38083696365356445, 0.11346295475959778, 2.114109516143799, 0.10386250913143158, 0.11936196684837341, 0.0, 0.09637635201215744, 0.05365913733839989, 0.6592233777046204, 0.6370521187782288, 0.4629552364349365, 0.7100474834442139, 0.14024077355861664, 0.01922880858182907, 0.045788880437612534, 0.29025423526763916, 1.5239734649658203, 0.16805718839168549, 0.03440610691905022, 0.0498892106115818, 0.0, 0.03708700090646744, 0.0, 0.06549384444952011, 0.20861586928367615, 0.3109799921512604, 0.1637919545173645, 0.21721509099006653, 1.2820639610290527, 0.0718824490904808, 1.6221263408660889, 1.5608327388763428, 1.30696702003479, 0.020319851115345955, 0.884954571723938, 0.11814183741807938, 0.4503212869167328, 1.5061019659042358, 1.2341495752334595, 0.8867936134338379, 0.16425830125808716, 0.012391956523060799, 0.7042273879051208, 0.0, 1.0511242151260376, 0.0, 0.16591541469097137, 0.0, 0.10989288240671158, 4.255181789398193, 0.7535350322723389, 0.49380815029144287, 4.4421210289001465, 0.16744275391101837, 0.0, 0.4451800286769867, 0.0398094542324543, 0.19989033043384552, 1.187125325202942, 0.47583118081092834, 0.6987119317054749, 0.19674956798553467, 4.259810924530029, 0.0, 0.014857715927064419, 0.09770829230546951, 1.980734944343567, 0.7125453352928162, 0.03816143423318863, 1.2526676654815674, 0.039950113743543625, 0.0, 0.5529873371124268, 0.12360651791095734, 0.012999116443097591, 0.09713847190141678, 0.602049708366394, 1.0305507183074951, 0.004134474787861109, 0.009693714790046215, 1.018343210220337, 0.011780432425439358, 0.43495073914527893, 3.3673923015594482, 0.005617073737084866, 1.1320371627807617, 0.739471435546875, 0.04654620587825775, 0.30437859892845154, 0.40034303069114685, 0.8268080949783325, 0.017845362424850464, 0.04764626920223236, 0.4512958228588104, 0.4733741283416748, 0.009287272579967976, 0.13115763664245605, 0.04465705528855324, 0.0, 0.025410018861293793, 0.5869656205177307, 0.4257655143737793, 0.09147157520055771, 0.6317391395568848, 3.1793770790100098, 0.09036312997341156, 0.0, 2.0930581092834473, 0.010265422984957695, 0.04520973563194275, 0.0022792352829128504, 2.184770345687866, 0.3349737823009491, 0.012938654981553555, 0.4658849537372589, 0.27536025643348694, 0.0979008749127388, 0.22594591975212097, 0.014683845452964306, 0.13843165338039398, 0.6146918535232544, 0.22135579586029053, 0.06277675181627274, 3.890794515609741, 0.14622633159160614, 0.002086495980620384, 1.181772232055664, 0.42481178045272827, 0.07290520519018173, 0.14147937297821045, 0.06538815051317215, 0.6114484071731567, 0.0, 0.1197713166475296, 0.5048414468765259, 0.018067389726638794, 0.734675407409668, 1.6903212070465088, 0.0, 0.0, 0.13073551654815674, 0.12739041447639465, 0.9338266849517822, 0.2548048496246338, 0.3281632363796234, 6.447208881378174, 1.088342547416687, 0.027326712384819984, 0.06395987421274185, 0.14106693863868713, 2.2060112953186035, 0.8616418838500977, 0.10409844666719437, 0.06493107229471207, 0.0953829437494278, 0.5074626207351685, 0.0, 0.0, 0.03363124281167984, 0.0, 0.6302462220191956, 0.3131156861782074, 0.23171931505203247, 1.9315193891525269, 0.14130562543869019, 0.0, 0.06944889575242996, 0.04431774094700813, 0.010025160387158394, 0.0, 0.0, 0.3318636417388916, 0.2676311731338501, 0.8621760606765747, 0.0004978617653250694, 0.1070045530796051, 0.3439747989177704, 0.2772802412509918, 1.0092023611068726, 0.30553701519966125, 0.3871404230594635, 0.026451164856553078, 0.10827627032995224, 0.06479814648628235, 0.1456705927848816, 0.6142476201057434, 1.3421932458877563, 1.0335290431976318, 0.0, 0.5678776502609253, 0.0, 0.4100036919116974, 0.19926226139068604, 0.10051453113555908, 0.4089774191379547, 0.013907683081924915, 1.3636765480041504, 0.08492773771286011, 0.9285098314285278, 0.2139045149087906, 0.0, 2.1828978061676025, 0.4026791453361511, 0.0638686865568161, 2.7204246520996094, 0.057581063359975815, 0.4033470153808594, 0.146894633769989, 0.23412194848060608, 0.5981872081756592, 0.5823649168014526, 0.43318650126457214, 0.010727779939770699, 0.12006548792123795, 0.009618253447115421, 0.23090116679668427, 0.7536857724189758, 0.900836706161499, 0.23145784437656403, 0.0033436112571507692, 0.03230259194970131, 0.5102556347846985, 0.19575409591197968, 1.8800431489944458, 0.011068589985370636, 1.7678003311157227, 0.8249653577804565, 0.008875968866050243, 2.0310146808624268, 0.46284565329551697, 0.03747357055544853, 0.19492702186107635, 0.04379387944936752, 1.2707023620605469, 0.0, 1.951446533203125, 0.0, 0.0, 1.133203387260437, 0.0, 0.011195443570613861, 0.00023630200303159654, 0.010272415354847908, 0.0, 0.0, 0.0, 0.20277082920074463, 0.3301171362400055, 0.22617238759994507, 0.01101384311914444, 5.5159735679626465, 0.4684767723083496, 0.02936318702995777, 0.4365065395832062, 0.6426129341125488, 0.0, 1.4139840602874756, 1.0134636163711548, 2.611769676208496, 0.09520380944013596, 0.36430418491363525, 0.2694827616214752, 0.37990888953208923, 0.03793947771191597, 0.33005258440971375, 0.05332212895154953, 0.12200984358787537, 0.22325250506401062, 0.0, 0.25593435764312744, 0.4854929745197296, 4.06113338470459, 0.6138781309127808, 0.05750632658600807, 0.6583817005157471, 0.06930562108755112, 0.15793724358081818, 0.0006243549869395792, 5.421351909637451, 0.09420260787010193, 1.4251288175582886, 0.3123624324798584, 0.023335915058851242, 0.8671619892120361, 0.35259974002838135, 0.16384068131446838, 0.017530597746372223, 0.6207292079925537, 0.051430702209472656, 0.041312094777822495, 0.1334480196237564, 0.2599639594554901, 0.5145087242126465, 0.23087584972381592, 0.0, 0.2127550095319748, 0.7071014642715454, 0.17529380321502686, 0.0, 0.2419196367263794, 0.0, 0.2190089374780655, 0.0960472822189331, 0.010195819661021233, 4.353748321533203, 1.0517061948776245, 0.08503895252943039, 0.15056730806827545, 1.2124866247177124, 0.11327070742845535, 3.470693263807334e-05, 0.013195745646953583, 2.8624956607818604, 0.33508628606796265, 2.356142997741699, 0.091446153819561, 0.5618552565574646, 0.18451161682605743, 0.09974938631057739, 0.4083786904811859, 0.0, 0.027565859258174896, 0.5854719281196594, 0.40142783522605896, 0.2501250207424164, 0.12465933710336685, 0.4056125283241272, 0.1751309186220169, 0.20441921055316925, 0.0, 0.004213440231978893, 0.032450199127197266, 0.5914046764373779, 0.0, 0.28528666496276855, 0.36093151569366455, 0.040720030665397644, 1.2642691135406494, 0.2265939861536026, 0.07533632963895798, 0.041191134601831436, 0.343387246131897, 0.17709124088287354, 0.0, 1.8493921756744385, 0.17103144526481628, 0.22935713827610016, 0.12778788805007935, 1.270686149597168, 4.05863094329834, 0.8416916131973267, 0.1204402893781662, 0.9545588493347168, 0.3648953437805176, 0.0, 0.12877437472343445, 0.3191036581993103, 0.4053235650062561, 0.07544991374015808, 0.03644753247499466, 0.0, 0.03374879062175751, 1.3831740617752075, 0.0541636161506176, 0.009286101907491684, 0.0, 0.0, 0.0628289133310318, 0.011208614334464073, 0.6425745487213135, 1.4922292232513428, 3.6551918983459473, 0.0, 0.5629384517669678, 0.02628946863114834, 0.05024685338139534, 0.4974561929702759, 0.0, 0.08848091214895248, 0.10705246031284332, 0.0, 3.1575498580932617, 0.0250390637665987, 0.16363239288330078, 0.0700540617108345, 0.21214599907398224, 0.26626646518707275, 0.08677741140127182, 0.035147763788700104, 0.5638769268989563, 0.012011461891233921, 4.252668857574463, 0.034697119146585464, 0.052029598504304886, 0.05170914903283119, 0.4679587483406067, 0.05435190349817276, 0.012957653030753136, 0.09664317220449448, 1.932979702949524, 1.628938913345337, 0.05213942751288414, 0.19681327044963837, 0.516944169998169, 0.185091033577919, 0.013214576058089733, 0.5250089764595032, 0.13127440214157104, 1.1420484781265259, 1.112398386001587, 1.681594729423523, 1.3023608922958374, 0.022775480523705482, 3.4853758811950684, 0.10370183736085892, 0.059451423585414886, 0.0024299840442836285, 0.038686055690050125, 0.4699500799179077, 0.19042181968688965, 0.14552472531795502, 0.04337333142757416, 0.08727788180112839, 1.75075364112854, 0.1191338449716568, 0.2791803181171417, 0.7238405346870422, 0.02393764816224575, 0.07141494750976562, 0.020044103264808655, 0.0, 0.24372385442256927, 0.44529929757118225, 0.7441002130508423, 0.051159657537937164, 2.248190402984619, 0.2995086908340454, 1.107717752456665, 0.28228485584259033, 0.44862186908721924, 0.1567959487438202, 0.009457710199058056, 0.03569838032126427, 1.065377950668335, 0.23376764357089996, 0.4955826699733734, 0.6717045307159424, 0.0, 0.6279675364494324, 0.12921015918254852, 0.0831780955195427, 0.12403105944395065, 0.057326167821884155, 0.06440258771181107, 0.03641069680452347, 0.8690561652183533, 0.11955621093511581, 0.3488124907016754, 1.1987009048461914, 0.2361612319946289, 0.0031342043075710535, 0.13549326360225677, 0.0, 0.0010915532475337386, 0.8032589554786682, 0.0, 0.7533015012741089, 1.7454659938812256, 0.07296201586723328, 0.04765957593917847, 0.9598144888877869, 0.023657873272895813, 0.043549858033657074, 0.139471635222435, 0.3606632649898529, 0.5441964864730835, 1.83055579662323, 0.09958794713020325, 0.22668646275997162, 4.166398525238037, 0.3315143883228302, 0.3354966938495636, 0.0932171493768692, 0.10571728646755219, 0.17832845449447632, 0.6130365133285522, 0.11834955960512161, 0.019113076850771904, 0.0004757837450597435, 0.25986286997795105, 0.15470504760742188, 0.4066186249256134, 0.6722387075424194, 0.22585149109363556, 0.5097383260726929, 0.05769319832324982, 0.0, 1.3877384662628174, 0.046515051275491714, 1.20932936668396, 0.0, 0.31965893507003784, 0.0, 0.0, 0.3270843029022217, 0.7868565917015076, 0.19775068759918213, 2.5248680114746094, 2.3075320720672607, 3.7750608921051025, 0.0, 0.9973084330558777, 1.7830865383148193, 0.18764172494411469, 1.1081310510635376, 0.3461276590824127, 0.0, 0.27978748083114624, 0.22821375727653503, 0.0007369128870777786, 0.530118465423584, 0.6376429200172424, 0.36202192306518555, 0.3364444673061371, 0.1220465674996376, 0.006744192447513342, 0.061350200325250626, 0.3845475912094116, 0.16109830141067505, 0.0, 0.5595036745071411, 2.5040841102600098, 0.6511508226394653, 0.048869725316762924, 0.004859486594796181, 0.13261055946350098, 5.188372611999512, 0.2823244035243988, 0.2295490950345993, 0.0, 0.04749065637588501, 0.33497175574302673, 0.27514129877090454, 0.5241881608963013, 1.3939152956008911, 0.0, 0.23893091082572937, 0.11373686045408249, 0.7176162004470825, 0.0, 0.010072140954434872, 0.5231308341026306, 0.10438156127929688, 2.804767608642578, 0.0, 0.0936390832066536, 1.681778907775879, 0.0, 0.21353550255298615, 0.03709958866238594, 0.0, 0.03369413688778877, 0.04686266928911209, 0.03151931241154671, 0.023949408903717995, 0.0, 0.013742848299443722, 0.18358111381530762, 0.48702114820480347, 0.28361329436302185, 0.2891542613506317, 0.4026515483856201, 0.20538906753063202, 0.08650051057338715, 0.0, 0.001442259643226862, 0.0, 0.0, 2.7980949878692627, 1.1602212190628052, 0.002050684532150626, 0.041636135429143906, 0.2663382589817047, 0.11680982261896133, 0.8530368208885193, 1.7328113317489624, 0.1245630607008934, 0.05656056106090546, 0.46997717022895813, 0.31027308106422424, 0.0, 0.0, 0.005421747919172049, 0.14015084505081177, 0.0, 0.0951487123966217, 0.2191488891839981, 0.12711356580257416, 1.8904780149459839, 0.5946877002716064, 0.7334943413734436, 0.9959945678710938, 0.05737101286649704, 0.1371302753686905, 0.0, 0.37847548723220825, 0.2602180540561676, 0.724067747592926, 0.011145807802677155, 0.04355814680457115, 0.10510298609733582, 0.0, 0.09463479369878769, 0.04341878369450569, 0.13635492324829102, 0.28185397386550903, 0.40523380041122437, 0.006902074441313744, 0.017304163426160812, 0.4216800630092621, 0.0, 0.9862399697303772, 1.8060911893844604, 0.10537710785865784, 0.09827519208192825, 0.0, 1.8365212678909302, 0.5618740916252136, 0.502754271030426, 0.0, 2.574099063873291, 0.12181805819272995, 0.33004850149154663, 0.17817625403404236, 0.6262329816818237, 0.07867956161499023, 0.33991381525993347, 1.4241594076156616, 0.28440311551094055, 0.28373751044273376, 0.005618574563413858, 0.1971956044435501, 3.113868474960327, 0.46813124418258667, 0.01887047477066517, 0.1419607698917389, 0.0, 0.3249366581439972, 0.18523114919662476, 0.01000671461224556, 0.06647413969039917, 0.2528429627418518, 0.0634782463312149, 0.06772670149803162, 0.42284953594207764, 1.836355209350586, 1.3694946765899658, 0.2806171476840973, 0.0024274515453726053, 0.11358901113271713, 1.878169059753418, 1.9030762910842896, 0.3664010167121887, 0.13844504952430725, 1.1014139652252197, 0.0030518793500959873, 0.23190510272979736, 0.0, 0.034492939710617065, 0.019873561337590218, 0.0937737375497818, 0.0063378955237567425, 0.12036348134279251, 0.13740850985050201, 0.0, 0.032300230115652084, 0.29225268959999084, 0.0, 0.6211667060852051, 1.1376545429229736, 0.04439480975270271, 0.0, 1.2001738548278809, 1.159553050994873, 1.2947345972061157, 0.0, 3.1684651374816895, 1.019455075263977, 0.021094482392072678, 0.0, 0.5025689005851746, 0.0015934316907078028, 0.10435976088047028, 0.07259811460971832, 0.0, 0.013209904544055462, 0.4055754542350769, 2.019914150238037, 0.8800003528594971, 0.039773110300302505, 0.04187926650047302, 2.65962290763855, 0.503661036491394, 0.07406232506036758, 0.29379600286483765, 1.4063589572906494, 0.8780703544616699, 0.06050605699419975, 0.10155314207077026, 0.706541121006012, 0.3851466774940491, 0.3734222650527954, 0.6795576214790344, 0.0968773141503334, 0.14940550923347473, 0.03288412094116211, 0.10361132025718689, 0.8314127326011658, 3.355046272277832, 0.2240518480539322, 0.0, 0.22908632457256317, 0.0794907882809639, 0.0, 0.0, 0.2556360065937042, 0.4469194710254669, 3.0949723720550537, 1.7004175186157227, 0.0, 1.9070022106170654, 1.0180401802062988, 0.6085357069969177, 0.6221591234207153, 0.08900352567434311, 0.13945168256759644, 0.9202913045883179, 0.47219616174697876, 0.9054895639419556, 1.3699041604995728, 0.0024481501895934343, 0.007972094230353832, 0.2567589581012726, 0.2508225440979004, 1.3757894039154053, 0.5604433417320251, 0.21530668437480927, 0.021859487518668175, 0.3168186545372009, 0.1429779827594757, 0.13847941160202026, 0.15070392191410065, 0.08016080409288406, 0.022182311862707138, 3.569596529006958, 0.21856904029846191, 0.4306216239929199, 0.5008708238601685, 0.7127797603607178, 0.0, 1.5277091264724731, 0.015262462198734283, 2.8580291271209717, 0.21638788282871246, 0.8525930047035217, 0.013431872241199017, 1.0144709348678589, 0.10868091136217117, 0.29818862676620483, 0.02419307455420494, 0.8870973587036133, 1.215580701828003, 0.14006291329860687, 0.004320777021348476, 0.40920647978782654, 0.35924196243286133, 0.009953601285815239, 0.0049757943488657475, 0.05978196859359741, 0.2872900366783142, 0.0, 0.4621196687221527, 2.4203572273254395, 1.3647342920303345, 1.0158820152282715, 0.11577557772397995, 0.15401755273342133, 0.0, 1.9960050582885742, 5.357119516702369e-05, 2.1360931396484375, 0.022962572053074837, 2.8017799854278564, 0.9205063581466675, 0.0, 0.012612561695277691, 0.017704039812088013, 0.019247911870479584, 0.8443657755851746, 0.027897197753190994, 0.25986137986183167, 1.8156882524490356, 0.014018506743013859, 0.07516017556190491, 0.3255118131637573, 4.746597766876221, 0.4970019459724426, 1.4472332000732422, 1.047882080078125, 2.116600275039673, 0.2758471965789795, 3.807670831680298, 0.0, 0.0903850644826889, 0.002132328227162361, 0.23524577915668488, 0.014776957221329212, 0.051732730120420456, 0.24592413008213043, 2.8679568767547607, 1.1425882577896118, 1.4847527742385864, 0.02281142771244049, 0.06122971698641777, 1.1523786783218384, 0.8835334777832031, 0.0, 0.10186417400836945, 0.016163455322384834, 0.01672828011214733, 0.0, 0.33284515142440796, 0.09240850806236267, 0.2750217914581299, 0.3003082573413849, 0.9032747149467468, 0.5710012316703796, 0.21209540963172913, 0.28514403104782104, 0.0014090696349740028, 0.6919431686401367, 0.2237483412027359, 0.2255173921585083, 1.1148858070373535, 0.03475570306181908, 6.0760416984558105, 0.2981804311275482, 0.8925539255142212, 0.0, 0.15270867943763733, 0.0, 0.5977623462677002, 0.17206032574176788, 0.05701211839914322, 1.5588021278381348, 1.3040235042572021, 0.12184549123048782, 0.06278170645236969, 0.10123170912265778, 0.0, 0.33648791909217834, 0.1027955710887909, 1.468766212463379, 1.6231505870819092, 0.1291532963514328, 0.2822926342487335, 0.012527485378086567, 0.19398900866508484, 0.007546388544142246, 0.0, 0.07101687043905258, 0.0259201992303133, 0.15041102468967438, 0.037540536373853683, 0.3063488304615021, 1.0760732889175415, 0.019359499216079712, 1.257198691368103, 0.034470003098249435, 0.0, 2.6642143726348877, 0.0, 0.019947025924921036, 1.4248292446136475, 0.17270588874816895, 0.06696145236492157, 0.2504085302352905, 0.331781804561615, 0.025671537965536118, 0.18979986011981964, 0.0, 0.405167818069458, 0.25090137124061584, 0.0, 0.07317422330379486, 0.021099548786878586, 0.0, 0.030520614236593246, 0.2190566211938858, 0.4944511651992798, 0.5657767057418823, 0.406563401222229, 1.0819401741027832, 0.9236653447151184, 3.5443387031555176, 0.037132758647203445, 0.0, 0.056977059692144394, 1.1810251474380493, 0.0, 0.5128293633460999, 1.6727731227874756, 0.0, 0.6917825937271118, 0.0, 0.14775541424751282, 0.017213374376296997, 0.19692687690258026, 0.0812608003616333, 0.0, 0.45021486282348633, 1.5757899284362793, 0.15960361063480377, 0.10505492985248566, 0.01595737785100937, 0.11522464454174042, 0.0, 0.4098880887031555, 0.007603565230965614, 0.0, 0.19693903625011444, 0.0, 0.4164067804813385, 1.1195851564407349, 0.5750528573989868, 0.09786969423294067, 0.019336730241775513, 0.0, 0.024517981335520744, 0.5670857429504395, 0.19368259608745575, 2.6818976402282715, 0.06719290465116501, 0.6816781759262085, 0.002866144059225917, 0.0, 0.0, 2.123542308807373, 0.0067199054174125195, 0.37692081928253174, 0.0, 0.18975675106048584, 0.059490349143743515, 0.0670667365193367, 0.049654796719551086, 0.0, 1.0052632093429565, 1.300973653793335, 0.1319616436958313, 0.10692929476499557, 2.2785489559173584, 0.011806527152657509, 0.0, 0.0, 0.32893598079681396, 0.05915297195315361, 0.035986825823783875, 0.39912915229797363, 0.22313153743743896, 0.010986157692968845, 0.021491006016731262, 0.0, 0.3812740743160248, 0.0, 0.4057014286518097, 0.07399681210517883, 1.555585265159607, 0.0, 0.0036274753510951996, 1.4442917108535767, 0.6326594948768616, 1.38161301612854, 0.0, 0.9146409034729004, 1.5705152750015259, 0.0, 0.31518176198005676, 0.010858667083084583, 1.378841757774353, 2.8438632488250732, 0.29289013147354126, 0.12872983515262604, 0.0, 0.004865607246756554, 0.0007628226885572076, 0.7765014171600342, 0.46562233567237854, 0.1959627866744995, 0.0, 1.013658046722412, 0.10683784633874893, 0.03723107650876045, 0.0, 0.085990771651268, 0.12131214141845703, 0.09062959998846054, 0.12903143465518951, 0.1484571397304535, 0.02757973037660122, 1.0200674533843994, 0.0, 0.4069772958755493, 0.04155999794602394, 0.0, 0.0, 0.0, 0.06044211983680725, 0.0015694072935730219, 1.0168843269348145, 0.08682593703269958, 0.0, 0.19905470311641693, 0.21373315155506134, 0.19583669304847717, 0.24015742540359497, 0.1383783519268036, 0.3037307858467102, 0.11395559459924698, 0.0, 0.7502284646034241, 0.04694884270429611, 0.015458636917173862, 0.10003766417503357, 3.8102078437805176, 0.6974160075187683, 0.10132616758346558, 0.04411408305168152, 0.079439178109169, 0.33196336030960083, 0.34839606285095215, 0.5149938464164734, 0.04419305548071861, 1.055856466293335, 0.03131202608346939, 0.10391184687614441, 0.38194143772125244, 0.7080527544021606, 1.925357460975647, 0.5092905759811401, 0.1720578521490097, 1.2590322494506836, 0.32006192207336426, 0.4294273555278778, 0.054035574197769165, 0.18119773268699646, 0.03646484762430191, 2.006701946258545, 0.008075736463069916, 0.32355600595474243, 3.855100154876709, 0.005958992522209883, 0.38596203923225403, 0.1982131451368332, 1.0709806680679321, 2.0241219997406006, 0.05325762927532196, 0.01776959002017975, 0.0, 0.0, 0.0040674819611012936, 2.3183319568634033, 0.021701930090785027, 0.03633837401866913, 0.2090795487165451, 0.0, 0.22171954810619354, 0.026681361719965935, 0.0, 1.0223616361618042, 0.01593298278748989, 0.05334276705980301, 0.13953690230846405, 0.6572114825248718, 0.18911805748939514, 0.1718273162841797, 0.18837863206863403, 0.008724290877580643, 0.13614538311958313, 0.3158487379550934, 0.0009853012161329389, 0.08264029771089554, 0.0699843019247055, 0.03871629387140274, 0.0008733613067306578, 0.5323266983032227, 0.03147631883621216, 0.8865079879760742, 0.6307792663574219, 0.27775222063064575, 0.4053727388381958, 0.0003200574719812721, 0.0, 0.08294779807329178, 0.08417626470327377, 0.0, 1.0410265922546387, 0.0, 0.36785295605659485, 0.002384013030678034, 1.7475557327270508, 0.0, 0.0, 0.47359761595726013, 0.0, 0.04786532372236252, 0.5458071231842041, 0.0, 0.039472825825214386, 2.721208333969116, 0.0, 0.3714264929294586, 0.0, 0.0, 0.05643143132328987, 1.1549270153045654, 0.074576735496521, 0.2564164996147156, 0.0023234644904732704, 0.0, 0.29006412625312805, 3.3605222702026367, 0.024011626839637756, 0.10000749677419662, 0.20550008118152618, 0.0, 1.3478155136108398, 0.0, 0.185301274061203, 0.2997312843799591, 0.11590851843357086, 0.7142371535301208, 0.12158779054880142, 0.33716434240341187, 0.027133747935295105, 0.02909220941364765, 0.018986545503139496, 0.14666792750358582, 0.2868882119655609, 0.06717004626989365, 0.0, 0.19837597012519836, 0.18395176529884338, 0.0, 0.07895484566688538, 0.08605950325727463, 1.5404373407363892, 0.027745414525270462, 0.07456688582897186, 0.23009885847568512, 0.0, 0.022058235481381416, 0.13742245733737946, 0.18559333682060242, 0.73822420835495, 0.2500028908252716, 0.39869487285614014, 0.6229982376098633, 0.39986735582351685, 0.06893609464168549, 0.5165660977363586, 0.12931908667087555, 0.8230896592140198, 2.37990403175354, 0.826545000076294, 0.270465224981308, 0.007700813002884388, 0.5768715739250183, 0.09315808117389679, 1.2311296463012695, 0.9761766195297241, 0.26482710242271423, 0.0, 0.09976048022508621, 0.14879760146141052, 0.049515895545482635, 0.2320619523525238, 2.384669303894043, 0.0, 0.731615424156189, 0.7350834608078003, 0.019686095416545868, 0.0, 0.05757474899291992, 0.0, 0.015990573912858963, 0.30241823196411133, 0.5358612537384033, 0.0, 0.0013404233613982797, 0.26082170009613037, 0.4948025047779083, 0.11127853393554688, 0.029067540541291237, 0.06237025186419487, 0.23749421536922455, 0.1277078092098236, 0.2071811556816101, 0.10373108088970184, 0.1580217182636261, 3.7645835876464844, 0.0, 0.14863865077495575, 0.001842644764110446, 0.05608838424086571, 0.6370260119438171, 0.21461251378059387, 0.09340915083885193, 0.5556246042251587, 0.2093784213066101, 1.2149641513824463, 0.15527229011058807, 0.12619106471538544, 0.33707672357559204, 0.0, 0.6822394728660583, 0.020805541425943375, 0.6200335621833801, 1.1051675081253052, 0.583892285823822, 0.04472128301858902, 0.09094291180372238, 0.0, 1.328037977218628, 0.03569573536515236, 0.033140454441308975, 0.03047327697277069, 0.023860003799200058, 0.05135964974761009, 0.7171317934989929, 1.8341399431228638, 1.608610987663269, 0.5228595733642578, 1.3087055683135986, 0.18589434027671814, 0.46636635065078735, 0.17624051868915558, 0.5216501355171204, 0.21278972923755646, 0.16404910385608673, 0.18840859830379486, 0.0166986882686615, 0.0604570172727108, 0.21497610211372375, 0.14093388617038727, 0.0, 0.5361639857292175, 0.09186214953660965, 0.08119574934244156, 0.6173326373100281, 0.04236412048339844, 0.044237855821847916, 0.3283752501010895, 0.0322740413248539, 0.5086001753807068, 0.6324040293693542, 1.5648666620254517, 0.04871382936835289, 0.012081924825906754, 0.15491853654384613, 0.06506575644016266, 0.07569298893213272, 0.0, 0.01097149308770895, 3.526185989379883, 0.0, 0.0191342830657959, 0.13028967380523682, 0.06414441764354706, 0.04361189156770706, 0.48333001136779785, 0.0, 0.0, 0.21035805344581604, 0.32992830872535706, 0.9171189069747925, 3.4437472820281982, 0.26226845383644104, 0.0, 0.04544933885335922, 0.04303331300616264, 0.720389723777771, 0.20290496945381165, 0.045365575700998306, 0.04921680688858032, 0.0, 0.7333564758300781, 2.1173269748687744, 0.07521992176771164, 0.0739557147026062, 0.1231108009815216, 0.22098247706890106, 0.0, 0.2535983920097351, 0.0, 0.43002673983573914, 0.10113079845905304, 0.19461911916732788, 0.19446517527103424, 0.09724003821611404, 0.04204590618610382, 0.15877625346183777, 0.18722711503505707, 0.5617701411247253, 0.5892823934555054, 0.5808314085006714, 1.84125816822052, 0.0, 0.2790146768093109, 0.2105150818824768, 0.0, 0.0, 1.6417481899261475, 0.025993404909968376, 0.12635718286037445, 0.013563255779445171, 0.1255323886871338, 0.17262844741344452, 0.10720862448215485, 0.3769530951976776, 0.0760829895734787, 3.2679953575134277, 0.004302024841308594, 0.004995131865143776, 0.11397907882928848, 0.12330375611782074, 0.31950363516807556, 0.15354758501052856, 0.11872819811105728, 0.0, 1.021845817565918, 0.0, 1.845864176750183, 0.0, 0.6684646606445312, 0.09771893173456192, 0.08401910960674286, 0.16069287061691284, 0.28170275688171387, 0.7080641984939575, 0.0, 2.598813056945801, 0.5341771245002747, 0.21385231614112854, 0.07858791947364807, 0.8118584156036377, 0.0, 0.9908612370491028, 1.463585376739502, 0.08320659399032593, 1.2399308681488037, 0.03906942531466484, 0.0, 0.09860219061374664, 0.32213717699050903, 0.5159800052642822, 0.002495427615940571, 0.017426759004592896, 0.0, 0.0329807884991169, 0.011358075775206089, 0.0019278624095022678, 0.0, 0.0, 2.4790098667144775, 0.13802318274974823, 0.14549554884433746, 0.18603669106960297, 1.1332963705062866, 0.45546412467956543, 1.8345537185668945, 0.8610053658485413, 0.0, 0.05720122158527374, 0.16643907129764557, 0.4596007168292999, 0.0, 0.7050310969352722, 1.5763156414031982, 0.0, 0.1673002392053604, 0.05964713171124458, 0.6536610722541809, 0.05095316469669342, 2.1308963298797607, 0.025991322472691536, 1.3543623685836792, 0.6388197541236877, 0.12918561697006226, 0.09177908301353455, 0.05340975150465965, 0.007924648933112621, 0.2874890863895416, 0.03430340811610222, 0.13504229485988617, 0.7764269709587097, 1.6128439903259277, 0.012491087429225445, 0.496224045753479, 0.014167496003210545, 0.859582245349884, 0.21125677227973938, 0.05765734985470772, 0.0, 0.0, 1.137141466140747, 0.4834707975387573, 0.5792160630226135, 0.11606856435537338, 1.2614283561706543, 0.0, 0.0554979108273983, 0.0, 0.007381750736385584, 0.0, 0.15556161105632782, 0.037506215274333954, 0.2764708995819092, 0.6750503182411194, 0.12685494124889374, 0.2511093318462372, 0.0, 0.023536711931228638, 0.20185929536819458, 0.0, 0.0, 0.3674926459789276, 1.4705617427825928, 0.011601369827985764, 0.013865835964679718, 1.170911192893982, 3.2577412128448486, 4.4568891525268555, 0.06851989030838013, 1.1738498210906982, 0.38556820154190063, 0.0, 0.5246288180351257, 0.07892531901597977, 0.5665026903152466, 0.39980417490005493, 2.7825357913970947, 0.0662730485200882, 2.040205240249634, 0.0, 1.760249376296997, 0.39710187911987305, 0.05244096368551254, 0.05130891501903534, 0.14858342707157135, 0.06267615407705307, 0.11810890585184097, 0.0027812402695417404, 0.018245698884129524, 0.36267533898353577, 0.003074587555602193, 0.06525132805109024, 0.0, 0.9687177538871765, 0.0, 1.1634923219680786, 2.7370107173919678, 0.0, 0.6571561694145203, 0.49177879095077515, 0.026750370860099792, 2.0701992511749268, 0.2537005543708801, 1.0894666910171509, 0.011401342228055, 2.6685330867767334, 2.3108463287353516, 0.9291801452636719, 0.0, 0.33434736728668213, 0.6440290212631226, 0.0, 0.01601182110607624, 2.718703031539917, 0.28948017954826355, 1.160025715827942, 0.29430055618286133, 0.0, 0.020077815279364586, 0.4914480745792389, 0.055319834500551224, 0.08198020607233047, 0.008211442269384861, 0.19961465895175934, 0.13374042510986328, 2.7799088954925537, 0.057421181350946426, 0.45002737641334534, 0.32171088457107544, 0.04949507489800453, 0.7793757915496826, 1.7252029180526733, 0.11118359118700027, 0.0021277836058288813, 0.0, 0.22598285973072052, 0.0, 0.0, 0.19213038682937622, 0.005758579820394516, 0.04033806920051575, 0.04987291246652603, 1.2937240600585938, 0.0, 0.0, 0.34294602274894714, 0.047945525497198105, 0.16699445247650146, 0.012180430814623833, 0.09129530191421509, 1.0064444541931152, 0.0, 0.386354923248291, 0.25047552585601807, 0.6257650852203369, 0.002668745582923293, 0.3050433099269867, 0.8529754281044006, 0.07185698300600052, 3.0650634765625, 0.10500239580869675, 0.29880067706108093, 0.448330819606781, 0.19373084604740143, 0.7456751465797424, 0.19321681559085846, 0.0004159577074460685, 0.5448281764984131, 0.0, 1.4910379648208618, 0.5695840716362, 0.0, 0.28501611948013306, 0.34695878624916077, 0.45134395360946655, 0.06171496957540512, 0.017533818259835243, 1.0952788591384888, 0.14857368171215057, 0.07245892286300659, 0.40281942486763, 0.026542717590928078, 0.29080697894096375, 0.017103463411331177, 0.32230812311172485, 0.23509274423122406, 0.05315630882978439, 0.4238041937351227, 0.11373934149742126, 0.08232249319553375, 0.6372180581092834, 0.21132417023181915, 0.026425926014780998, 0.0, 0.06554315239191055, 0.22235259413719177, 0.4626753628253937, 0.020170826464891434, 0.40925246477127075, 0.021662166342139244, 3.4072883129119873, 0.008178934454917908, 0.5750537514686584, 0.4966337978839874, 0.0, 2.125227689743042, 0.003717850660905242, 0.11497986316680908, 1.2775076627731323, 0.2630966007709503, 0.3671802580356598, 0.36441850662231445, 0.0, 1.059683918952942, 0.158139169216156, 0.04238678514957428, 0.20320124924182892, 0.0, 0.8432755470275879, 0.01665208861231804, 0.04109880328178406, 0.00482635572552681, 0.10909812152385712, 0.0691348984837532, 0.10852651298046112, 0.5219006538391113, 0.21483644843101501, 0.7720240950584412, 0.045047540217638016, 4.612752914428711, 0.05722517892718315, 0.0, 0.007599587552249432, 0.8448171019554138, 0.013768908567726612, 0.2956404685974121, 0.03477451950311661, 2.057932138442993, 0.007614948321133852, 0.10523585975170135, 0.0, 0.41283202171325684, 0.8356038331985474, 0.09772507101297379, 2.624319076538086, 0.4895809292793274, 0.19196969270706177, 1.3032970428466797, 0.12106090039014816, 0.0, 3.2683002948760986, 0.8787050247192383, 0.00861470028758049, 0.29482385516166687, 3.096956491470337, 1.3289505243301392, 0.0, 0.03044900856912136, 0.0, 0.21304936707019806, 0.093519426882267, 0.3251205086708069, 0.06307082623243332, 0.030407525599002838, 0.05513361096382141, 0.04094254598021507, 0.07643894106149673, 1.161842703819275, 0.7903890609741211, 0.3351841866970062, 0.23925521969795227, 0.07700340449810028, 0.004351579584181309, 0.28245222568511963, 0.0, 0.005681480746716261, 0.020872512832283974, 0.8876692056655884, 2.0653176307678223, 0.12648510932922363, 0.7147244215011597, 0.002781960414722562, 0.0, 0.07337025552988052, 0.11169467866420746, 0.3184984624385834, 0.003650081343948841, 0.5057806968688965, 0.023142009973526, 0.34574416279792786, 1.796616792678833, 0.024607395753264427, 0.19819791615009308, 0.015057945623993874, 0.0, 0.0014655590057373047, 0.0011683289194479585, 0.5574328303337097, 0.04301968961954117, 0.02471969649195671, 1.7804789543151855, 0.0, 0.1854325830936432, 0.3701123297214508, 0.3643825054168701, 0.010245703160762787, 0.0, 0.1334218829870224, 0.49260467290878296, 0.4029168486595154, 0.08338368684053421, 0.007473887410014868, 0.0, 1.006691813468933, 0.04374229535460472, 0.06845023483037949, 0.0034197592176496983, 0.17448662221431732, 0.2129664570093155, 0.18199338018894196, 0.11605603992938995, 0.0, 1.7214558124542236, 0.5672146677970886, 0.10889628529548645, 0.04107508063316345, 0.0, 0.456487238407135, 0.03615588694810867, 0.04543932154774666, 0.15533286333084106, 0.14388610422611237, 0.4755200445652008, 0.017724081873893738, 1.1713757514953613, 0.23402488231658936, 0.45550134778022766, 2.197317123413086, 0.05126304179430008, 1.779396891593933, 1.9678115844726562, 3.5638175010681152, 0.0949329137802124, 0.0, 0.0037512159906327724, 0.4864400625228882, 0.0, 0.02596484310925007, 0.35110902786254883, 0.554933488368988, 0.0, 0.4212173521518707, 0.32900211215019226, 0.0, 0.0, 0.7749946117401123, 1.2335023880004883, 0.38489261269569397, 0.49265557527542114, 0.8192176818847656, 0.0, 0.22183015942573547, 0.10807802528142929, 0.554997980594635, 0.03899812698364258, 0.5742314457893372, 0.20600669085979462, 0.07644541561603546, 0.5955705642700195, 1.2415207624435425, 0.06624748557806015, 1.024863362312317, 0.21137964725494385, 0.6923972964286804, 0.1115204393863678, 0.017698263749480247, 0.06045295670628548, 0.0, 1.8083901405334473, 1.414892554283142, 0.09972085803747177, 0.18887729942798615, 0.0, 0.4540576636791229, 0.0, 0.8688364028930664, 0.17574964463710785, 0.7602149844169617, 0.0015173712745308876, 0.4708889424800873, 2.2582147121429443, 0.028300931677222252, 0.29291120171546936, 0.2658747732639313, 0.9189318418502808, 0.02344932034611702, 0.0, 0.06759284436702728, 0.08261585235595703, 0.12005998939275742, 0.0, 0.44675177335739136, 3.104374885559082, 0.39563941955566406, 0.011387216858565807, 0.08744503557682037, 0.016268711537122726, 0.00665798457339406, 1.8580322265625, 0.04189988225698471, 0.0, 0.10804936289787292, 0.06981739401817322, 1.055454134941101, 0.0, 0.386321485042572, 0.8548996448516846, 1.3591934442520142, 1.106143593788147, 0.15432944893836975, 0.4995099604129791, 0.04369700700044632, 0.3912697732448578, 0.0, 6.064309120178223, 0.7190356254577637, 0.21177661418914795, 0.4831458032131195, 0.6011555790901184, 0.03937242180109024, 0.033788252621889114, 0.9287163615226746, 0.0, 0.5377669930458069, 0.0, 4.2632832527160645, 0.02986372821033001, 0.020736148580908775, 0.304266095161438, 0.21901650726795197, 0.24522776901721954, 0.0, 0.0, 0.030304700136184692, 0.1608007848262787, 0.00794320646673441, 0.16277152299880981, 0.024871300905942917, 0.19305269420146942, 0.07786107808351517, 0.0025471814442425966, 0.6988234519958496, 0.0, 0.0, 0.10068444162607193, 0.13123229146003723, 0.26923668384552, 0.061592306941747665, 2.2268309593200684, 0.10725565999746323, 0.4040514826774597, 0.2938973605632782, 0.0, 0.09556291252374649, 0.0575663223862648, 0.029949085786938667, 1.6850647926330566, 0.37172672152519226, 0.17144857347011566, 1.1815800666809082, 0.3166508078575134, 0.12865053117275238, 0.10192389041185379, 0.2748340368270874, 2.7909059524536133, 0.0, 1.4523801803588867, 0.2600398361682892, 1.1292433738708496, 0.024526476860046387, 0.08412061631679535, 1.745764136314392, 0.014813953079283237, 0.06678052991628647, 0.0, 1.5431814193725586, 2.038731575012207, 0.463488906621933, 0.0, 0.0, 0.2452821582555771, 0.15964281558990479, 0.0, 0.21619121730327606, 2.8649089336395264, 0.0, 0.12421827763319016, 0.3285900056362152, 2.984663248062134, 0.8928269147872925, 0.01812664419412613, 0.44873443245887756, 0.4795292913913727, 0.022978650406003, 0.08322219550609589, 0.10318491607904434, 0.030806532129645348, 0.0, 0.5554311871528625, 0.6996721029281616, 0.009318249300122261, 0.36558035016059875, 0.0, 0.00960396509617567, 0.002561204368248582, 0.46596962213516235, 0.32465940713882446, 0.0, 0.482525497674942, 0.21642568707466125, 0.0, 0.033602893352508545, 0.09129324555397034, 0.011090762913227081, 0.0, 0.12438125163316727, 0.23761150240898132, 0.7330257892608643, 0.09171046316623688, 1.348968505859375, 0.010642294771969318, 0.024219177663326263, 1.8450464010238647, 0.3990597128868103, 0.2122342437505722, 0.15388540923595428, 0.008074556477367878, 0.3301970958709717, 0.1598639041185379, 0.15194210410118103, 0.6094435453414917, 0.011139397509396076, 1.6064391136169434, 0.0, 0.0, 0.0, 2.5808305740356445, 0.45620599389076233, 1.0130008459091187, 0.5137952566146851, 0.4035212993621826, 0.01501611340790987, 1.044700264930725, 0.05123089626431465, 0.21119360625743866, 0.02722690999507904, 0.0, 0.1286100149154663, 0.04626554250717163, 1.0556443929672241, 0.006711283698678017, 0.44074785709381104, 0.03200606256723404, 0.15814033150672913, 0.3406048119068146, 0.08389723300933838, 0.2787173092365265, 0.7619377970695496, 0.8215273022651672, 0.3625607490539551, 0.47076839208602905, 0.15746386349201202, 0.06120702624320984, 1.4059672355651855, 0.49022728204727173, 0.059430040419101715, 0.02050895057618618, 2.0433270931243896, 0.05423595383763313, 0.0, 0.5481837391853333, 0.46587851643562317, 0.34894612431526184, 0.0, 0.2069406658411026, 0.3840803802013397, 0.0, 0.6716886162757874, 0.11325713247060776, 1.200872778892517, 0.8690294623374939, 0.32470858097076416, 0.19637274742126465, 0.10634521394968033, 0.4757966697216034, 0.0019406104693189263, 0.0, 0.10363404452800751, 0.15352405607700348, 0.453856885433197, 1.2703660726547241, 0.177816241979599, 4.585246562957764, 0.041489776223897934, 1.4883626699447632, 0.0, 5.581771373748779, 0.45579972863197327, 3.1241037845611572, 0.6145334243774414, 0.08707258850336075, 0.12739939987659454, 0.1078396812081337, 2.963324785232544, 0.23418352007865906, 0.0384262278676033, 0.4649324119091034, 0.0, 0.683936357498169, 0.39716973900794983, 0.5129793286323547, 0.4360077977180481, 0.517988383769989, 0.014102700166404247, 0.05411612242460251, 0.044074125587940216, 0.00458932388573885, 0.3509237468242645, 0.48226314783096313, 0.22839821875095367, 0.010257411748170853, 0.08264794945716858, 0.011580554768443108, 0.609983503818512, 0.11959925293922424, 0.8184441328048706, 0.0, 1.0623096227645874, 0.009878727607429028, 0.16540737450122833, 0.0, 0.06924766302108765, 0.04521415755152702, 0.38848865032196045, 0.13489530980587006, 0.5698552131652832, 0.006541486829519272, 0.019499365240335464, 2.4832611083984375, 1.11009681224823]",Testing/glioma_tumor/image(24).jpg
"[0.4193861782550812, 0.3455643653869629, 0.11392431706190109, 0.5853332281112671, 1.7247310876846313, 0.23806361854076385, 1.6717188358306885, 0.09087496250867844, 0.00010387994552729651, 0.017211340367794037, 0.11450162529945374, 0.0, 0.01902579329907894, 1.6331900358200073, 0.03826010227203369, 0.0, 0.5978654623031616, 0.0, 0.012083088047802448, 0.04231513664126396, 0.2690017521381378, 2.4009008407592773, 0.5905373692512512, 0.09257300198078156, 0.11930546164512634, 0.5970919728279114, 2.5388221740722656, 0.25619974732398987, 0.0584966316819191, 0.11546888202428818, 0.19044527411460876, 0.08411500602960587, 2.6271767616271973, 0.9161677360534668, 0.6190799474716187, 0.9349344968795776, 0.06448591500520706, 0.9965842366218567, 0.04900535196065903, 0.37366294860839844, 2.7245521545410156, 0.24870136380195618, 0.014624790288507938, 0.04864158481359482, 0.0, 0.16650453209877014, 0.08979357779026031, 0.0, 0.0, 0.4170302450656891, 0.17579159140586853, 1.250009536743164, 1.6539127826690674, 0.4761936068534851, 1.6123133897781372, 1.7598572969436646, 0.42966729402542114, 0.5548921823501587, 0.5399766564369202, 0.01635308936238289, 0.4322111904621124, 0.9255126714706421, 1.0255311727523804, 1.0181587934494019, 0.11406903713941574, 0.15582998096942902, 0.6696900129318237, 0.3062107264995575, 0.5786089301109314, 0.0, 1.85077965259552, 0.1327357441186905, 0.386344313621521, 1.7169666290283203, 0.3748281002044678, 0.03125113621354103, 0.7554349303245544, 0.09324931353330612, 0.0, 0.13356716930866241, 0.0, 0.0, 0.0804964005947113, 0.08483654260635376, 1.1058269739151, 0.05851028859615326, 1.3521367311477661, 0.26869601011276245, 0.0, 0.0014758985489606857, 2.1090211868286133, 0.4875498414039612, 0.02535400539636612, 0.3254225552082062, 0.06624944508075714, 0.14779719710350037, 0.2993352711200714, 0.2522028684616089, 0.7732573747634888, 0.451620876789093, 0.20846869051456451, 0.0747738778591156, 0.07410826534032822, 0.1688983291387558, 0.5078610181808472, 0.11544987559318542, 0.222111314535141, 0.9485626220703125, 0.20830750465393066, 1.0293980836868286, 0.0066757542081177235, 0.523773729801178, 0.12958349287509918, 0.37832552194595337, 0.42922577261924744, 0.046176597476005554, 0.010309462435543537, 0.7783889770507812, 0.2648264765739441, 0.0657629668712616, 0.001339562120847404, 0.05995665863156319, 0.0, 0.064408078789711, 0.5691273808479309, 0.2257073074579239, 0.0001564609701745212, 0.7461434006690979, 0.8728908896446228, 0.0, 0.0038187382742762566, 1.0408058166503906, 0.1206551194190979, 0.0, 0.0009952638065442443, 0.20430119335651398, 0.08041702955961227, 0.13484039902687073, 0.05342020466923714, 0.223981112241745, 0.5582926273345947, 0.1484169214963913, 0.07828295230865479, 0.09455664455890656, 0.0, 0.0, 0.0394090861082077, 3.3496334552764893, 0.06814568489789963, 0.0, 3.3678815364837646, 0.47802606225013733, 0.0, 0.0, 0.16185031831264496, 0.5603199005126953, 0.0, 0.13917501270771027, 1.358377456665039, 0.052681710571050644, 0.4328427314758301, 0.29848790168762207, 0.006508972961455584, 0.018545664846897125, 0.01985742524266243, 0.1408481001853943, 0.5630927681922913, 0.12551188468933105, 0.29356661438941956, 9.93554401397705, 0.32316476106643677, 0.0, 0.04522284120321274, 0.3188093602657318, 1.2006560564041138, 0.2798244059085846, 0.22749339044094086, 0.3722040355205536, 0.1874728947877884, 0.2440534383058548, 0.029448097571730614, 0.00524894567206502, 0.0, 0.08248380571603775, 0.07583886384963989, 0.6795212030410767, 0.4905633330345154, 0.9815015196800232, 0.4665696322917938, 0.0, 0.013796815648674965, 0.124970942735672, 0.01727290265262127, 0.00563007453456521, 0.0, 0.05707617104053497, 0.8231821060180664, 0.735844075679779, 0.04093349352478981, 0.17290306091308594, 0.2843199372291565, 0.6109311580657959, 0.9795196652412415, 0.0746576339006424, 0.5256608724594116, 0.541964054107666, 0.0, 0.0016074544982984662, 0.18093915283679962, 0.12660205364227295, 0.49860498309135437, 0.944128692150116, 0.02491167187690735, 0.7088637948036194, 0.0, 0.10014338046312332, 0.05226132273674011, 0.0467313751578331, 0.40362775325775146, 0.0, 1.0678128004074097, 0.07438836246728897, 2.644218683242798, 0.003319509094581008, 0.05816838517785072, 2.2596189975738525, 0.5232614278793335, 0.030136480927467346, 1.1024954319000244, 0.5652186870574951, 0.16142010688781738, 0.24310831725597382, 0.04431966319680214, 1.351037621498108, 0.7522634267807007, 0.2642945647239685, 0.003304683370515704, 0.19255255162715912, 0.023076757788658142, 0.1515432447195053, 0.40966108441352844, 0.026142388582229614, 0.8173836469650269, 0.0, 0.2845238447189331, 0.0, 0.010746965184807777, 0.8924834728240967, 0.044925399124622345, 0.03962896391749382, 0.471432626247406, 0.07913953810930252, 1.9078013896942139, 0.5812705755233765, 0.1099688857793808, 0.28868868947029114, 0.08283321559429169, 0.8563166856765747, 0.0, 0.6950095295906067, 0.0, 0.0965786725282669, 0.8387244939804077, 0.06794734299182892, 0.024477871134877205, 0.0, 0.005729899276047945, 0.0, 0.0, 0.08734098076820374, 1.048558235168457, 0.013306367211043835, 0.590790867805481, 0.14935339987277985, 3.5224881172180176, 0.4683372378349304, 0.23316669464111328, 0.8463788032531738, 0.4890047311782837, 0.12533512711524963, 1.6439738273620605, 1.1892318725585938, 1.8125498294830322, 0.41433465480804443, 0.743083119392395, 0.6491502523422241, 1.7112499475479126, 0.07695134729146957, 0.004933016840368509, 0.007741894107311964, 0.3540536165237427, 0.3190881311893463, 0.0, 0.22453424334526062, 0.5522831678390503, 1.4639039039611816, 0.0, 0.030679062008857727, 0.2252729833126068, 0.0, 0.08665629476308823, 0.018591871485114098, 3.4768073558807373, 0.9606161117553711, 0.9257798194885254, 0.270302414894104, 0.062226343899965286, 0.015512228012084961, 0.6770971417427063, 0.02474650740623474, 0.04555842652916908, 1.0201174020767212, 0.5876152515411377, 0.24226583540439606, 0.07606475055217743, 0.789916455745697, 0.9335270524024963, 0.03005625680088997, 0.0, 0.19440218806266785, 0.10756845027208328, 0.16827289760112762, 0.11535423994064331, 0.011765086092054844, 0.04427557438611984, 0.0, 0.5899834632873535, 0.02191874012351036, 1.5333582162857056, 0.23969510197639465, 0.6547737121582031, 0.02790534682571888, 0.45069998502731323, 0.4103476107120514, 0.013475612737238407, 0.024195408448576927, 1.1147871017456055, 0.3758186399936676, 1.4643498659133911, 0.026440871879458427, 0.07207096368074417, 0.019784187898039818, 0.19256526231765747, 0.0006800038390792906, 0.0, 0.1239769384264946, 0.07268016040325165, 0.16078518331050873, 0.014132784679532051, 0.5068764090538025, 0.0, 0.40519094467163086, 0.7624936103820801, 0.2912035286426544, 0.062216199934482574, 0.0, 0.0021991487592458725, 0.016900215297937393, 0.18703556060791016, 0.3843466341495514, 0.03932861238718033, 1.5722662210464478, 0.02046067826449871, 0.2931980490684509, 0.9782137274742126, 0.07547000795602798, 0.263616681098938, 0.0, 0.0, 0.4531036615371704, 0.08441450446844101, 0.1814584732055664, 0.6691113114356995, 3.214132785797119, 0.02407950349152088, 0.009436928667128086, 2.2263846397399902, 0.0, 0.21469683945178986, 0.031041501089930534, 0.1616036593914032, 0.014240776188671589, 0.0, 0.22319862246513367, 0.4162934422492981, 0.8543769121170044, 1.6239241361618042, 0.0, 0.20431269705295563, 0.0330597460269928, 0.0, 0.04359282925724983, 0.7674563527107239, 0.023872002959251404, 0.061553966253995895, 2.0123467445373535, 0.0006407791515812278, 1.1338343620300293, 0.0, 0.0, 0.40493249893188477, 0.0, 0.0, 0.05714116618037224, 0.0008529886836186051, 3.636613130569458, 0.006270905025303364, 0.29740920662879944, 0.16993950307369232, 1.1398504972457886, 0.1353442370891571, 0.0245037954300642, 0.008938409388065338, 0.021148763597011566, 0.0013095359317958355, 0.7180729508399963, 0.0, 0.0689869225025177, 0.01476473268121481, 0.23408322036266327, 0.5355521440505981, 0.08355831354856491, 0.5463204383850098, 0.1912282258272171, 0.0, 0.09665288776159286, 0.48898136615753174, 1.1944533586502075, 0.47234416007995605, 0.0, 0.1552080363035202, 0.5737438797950745, 0.26624128222465515, 0.14974567294120789, 1.2645474672317505, 1.0037132501602173, 0.01847599446773529, 2.023784875869751, 0.453563928604126, 0.0, 0.006070689298212528, 0.0018890633946284652, 1.4812160730361938, 0.12281997501850128, 0.33203545212745667, 0.014025989919900894, 0.0, 0.2060883641242981, 0.14186042547225952, 0.09662285447120667, 0.33096781373023987, 0.06032514572143555, 0.35175803303718567, 0.0, 0.0630422979593277, 0.15386486053466797, 0.671639084815979, 0.45534834265708923, 0.0018389613833278418, 3.379190444946289, 0.2617485225200653, 0.728298008441925, 0.1605248600244522, 0.14953312277793884, 0.16081281006336212, 0.04797321557998657, 0.0, 1.174369215965271, 0.1841394454240799, 0.12642298638820648, 0.5529821515083313, 0.04946441948413849, 0.6186985969543457, 0.8407514691352844, 0.3781755864620209, 0.007981845177710056, 0.28406190872192383, 0.0, 0.16823381185531616, 0.10966042429208755, 0.025531098246574402, 0.40571463108062744, 0.27428245544433594, 0.06995287537574768, 0.0014155105454847217, 0.04413972422480583, 0.0, 0.0, 0.425653874874115, 0.0, 0.1670893132686615, 1.5918155908584595, 0.0, 0.0075258733704686165, 1.0740047693252563, 0.042723655700683594, 0.007087230682373047, 0.4410817623138428, 0.08838809281587601, 0.7413579821586609, 0.10639489442110062, 0.028593340888619423, 0.08389180898666382, 2.9485971927642822, 0.1556764394044876, 1.3690201044082642, 0.028744768351316452, 0.38697531819343567, 0.06956189125776291, 0.6482406854629517, 0.10340075939893723, 0.4196813106536865, 0.0985211580991745, 0.46253111958503723, 0.17490562796592712, 0.2615269720554352, 1.09911048412323, 0.0025000986643135548, 0.5964273810386658, 0.12176363170146942, 0.0, 0.41786104440689087, 0.15803660452365875, 0.07261579483747482, 0.0, 0.3929058909416199, 0.0, 0.0, 0.020858462899923325, 1.1198803186416626, 0.012456201016902924, 0.7613081932067871, 1.2725695371627808, 3.0660347938537598, 0.1342020183801651, 0.5439561605453491, 2.4414215087890625, 0.4531370997428894, 0.619292676448822, 0.6776924133300781, 0.00698047736659646, 0.06913679838180542, 0.2785259783267975, 0.12847599387168884, 1.0351272821426392, 0.0414997898042202, 0.06730257719755173, 0.0, 0.3753214478492737, 0.09699554741382599, 0.1485227793455124, 0.0, 0.18678125739097595, 0.14177440106868744, 1.585221529006958, 2.8961050510406494, 0.464891642332077, 0.0, 0.48604607582092285, 0.09071419388055801, 1.5720101594924927, 1.3843439817428589, 0.7075068950653076, 0.0025626663118600845, 0.0, 0.10227485746145248, 0.0, 0.044184450060129166, 0.08123733848333359, 0.0, 0.43703052401542664, 0.14927984774112701, 0.13945642113685608, 0.04450663924217224, 0.15573133528232574, 1.159551739692688, 0.01479964330792427, 2.0615267753601074, 0.10353884100914001, 0.08984550088644028, 0.8684242367744446, 0.029697885736823082, 0.005248600151389837, 0.5836251974105835, 0.0, 0.006399349309504032, 0.5464057326316833, 0.013809243217110634, 0.0013982787495478988, 0.0, 0.037216026335954666, 0.0, 0.9225764274597168, 0.018625926226377487, 0.42075207829475403, 0.0576019287109375, 0.003440131898969412, 0.07842077314853668, 0.0470784455537796, 1.2270082235336304, 0.7827240228652954, 0.006954840384423733, 2.662148952484131, 1.0944472551345825, 0.08274313807487488, 0.4076271951198578, 0.0, 0.020049849525094032, 0.8977503776550293, 1.3395622968673706, 0.07085955888032913, 0.15713933110237122, 0.345704048871994, 0.187217578291893, 0.0, 0.0, 0.08127309381961823, 0.21318529546260834, 0.0, 0.32703015208244324, 0.2706719636917114, 0.34427231550216675, 3.8847968578338623, 0.15586625039577484, 2.091733932495117, 0.35873129963874817, 0.35932430624961853, 0.0, 0.01832316443324089, 0.07337956875562668, 0.049482833594083786, 0.13013875484466553, 0.6945335268974304, 0.1309165209531784, 0.0007580567616969347, 0.0, 0.18229363858699799, 0.0, 0.06527559459209442, 0.616499662399292, 1.8746418952941895, 0.005129079334437847, 0.28670212626457214, 0.39519038796424866, 0.0, 0.1647617369890213, 2.908226728439331, 0.15083426237106323, 0.130162313580513, 0.011820756830275059, 1.2618597745895386, 0.28854888677597046, 0.04976625367999077, 0.0, 1.9284287691116333, 0.01755630038678646, 0.41182366013526917, 0.017284750938415527, 1.004312515258789, 0.0, 0.3065112829208374, 0.0697416141629219, 1.1509331464767456, 0.04419606551527977, 3.535778045654297, 0.04187168553471565, 2.562659740447998, 0.4268398582935333, 0.034047648310661316, 0.11001726984977722, 0.0, 0.16060371696949005, 0.09947112947702408, 0.206620991230011, 0.0, 1.3084136247634888, 0.04211445152759552, 0.011574706062674522, 0.09894794970750809, 1.5503395795822144, 1.7535978555679321, 0.45392438769340515, 0.014866430312395096, 0.10160389542579651, 0.4301781952381134, 1.0579191446304321, 0.09358558058738708, 0.11861499398946762, 0.7533217668533325, 1.1035975217819214, 0.16466078162193298, 0.0, 0.0, 0.033463455736637115, 0.14133912324905396, 0.6324541568756104, 0.31825533509254456, 0.975205659866333, 0.09354645013809204, 0.0, 0.19488291442394257, 0.03606726601719856, 0.24613633751869202, 0.020198112353682518, 0.002170518971979618, 0.017507491633296013, 2.83870267868042, 1.8304680585861206, 2.032329797744751, 0.0, 1.809261441230774, 0.0, 0.0, 0.0, 0.0, 0.0, 0.016465669497847557, 0.01891297660768032, 0.10452620685100555, 0.0, 0.08383766561746597, 4.503695964813232, 0.01987875998020172, 0.18930447101593018, 0.23075349628925323, 3.232290506362915, 1.0991270542144775, 0.4735562801361084, 0.10724987089633942, 0.6530382633209229, 0.08893759548664093, 0.775910496711731, 0.0, 0.3173315227031708, 0.8887418508529663, 0.0011020534439012408, 0.25474366545677185, 1.7671610116958618, 0.0008946413872763515, 0.010207331739366055, 0.010784149169921875, 0.01743442751467228, 3.776726245880127, 0.0, 0.0, 0.7412460446357727, 0.14463236927986145, 0.0, 0.12113510072231293, 0.27925220131874084, 0.8839302062988281, 1.5433374643325806, 0.4055648744106293, 0.0, 0.3452534079551697, 0.48504042625427246, 0.8383049368858337, 0.2409009337425232, 0.0609370656311512, 0.5492460131645203, 1.127212405204773, 0.11200325191020966, 1.5370757579803467, 1.9334967136383057, 0.16476109623908997, 0.0, 0.0003689916629809886, 0.08651433885097504, 0.45157814025878906, 1.0532252788543701, 0.0, 0.0194743312895298, 0.23329874873161316, 0.054483991116285324, 0.12284503877162933, 0.0, 0.2723453938961029, 0.20111940801143646, 2.3407154083251953, 0.3881492614746094, 0.688416063785553, 0.34968850016593933, 0.14958657324314117, 0.08158904314041138, 0.7281005382537842, 0.01948533207178116, 2.0163733959198, 0.883293867111206, 0.8575287461280823, 0.006753301247954369, 0.6287683248519897, 0.8793761730194092, 1.4832489490509033, 0.00011333884322084486, 0.2170640230178833, 0.30481261014938354, 0.0, 0.0, 0.5127548575401306, 0.21166393160820007, 0.0071703242138028145, 0.07930126786231995, 0.42665815353393555, 0.013759477064013481, 0.0, 0.0645003393292427, 0.7221947312355042, 1.8810044527053833, 1.6797837018966675, 0.145271435379982, 0.044799625873565674, 0.2683429419994354, 3.5088324546813965, 0.02992909774184227, 2.7174794673919678, 0.08936647325754166, 1.6940914392471313, 0.6095926761627197, 0.06692350655794144, 0.0, 0.0, 0.005772940814495087, 0.7229377031326294, 0.01918123848736286, 0.045301783829927444, 0.35157033801078796, 0.0, 0.0771152526140213, 0.44358623027801514, 4.020484924316406, 0.15412241220474243, 0.10781245678663254, 0.13739901781082153, 0.06899683177471161, 0.18547973036766052, 2.246769905090332, 0.0, 0.0, 0.0, 0.060008030384778976, 0.043512530624866486, 0.0, 0.41218796372413635, 2.963308811187744, 0.3244032859802246, 0.6534514427185059, 0.39679428935050964, 0.01257487665861845, 1.0740015506744385, 0.005679714493453503, 0.13883183896541595, 0.13030235469341278, 0.6105102300643921, 0.030143961310386658, 0.0005978370318189263, 0.0729137510061264, 0.25472575426101685, 0.08175083249807358, 0.7243006825447083, 2.0292117595672607, 0.11342953890562057, 0.07005789130926132, 0.0, 0.0, 0.19567951560020447, 0.07368557155132294, 0.015841685235500336, 0.29210492968559265, 0.3268130421638489, 4.41947603225708, 0.6033329367637634, 0.07510627806186676, 0.0, 0.0712331160902977, 0.09112699329853058, 0.016319645568728447, 0.09687212854623795, 0.29401347041130066, 1.4020140171051025, 1.155068039894104, 0.007954592816531658, 0.5203745365142822, 0.1626235693693161, 0.0, 1.5807139873504639, 0.10318416357040405, 0.6059636473655701, 0.540534257888794, 0.8395541310310364, 0.4858320653438568, 0.02353261597454548, 0.419968843460083, 0.0, 0.01455545425415039, 0.07690929621458054, 0.09808826446533203, 0.08068151772022247, 0.0034687542356550694, 0.12775090336799622, 2.263134241104126, 0.030727067962288857, 1.448764443397522, 0.09624259173870087, 0.11177915334701538, 5.295294761657715, 0.0, 0.3567050099372864, 4.207870006561279, 0.06680379807949066, 0.0438603051006794, 0.1140395775437355, 0.4424339532852173, 0.08699505031108856, 0.4026670753955841, 0.010048656724393368, 1.5767532587051392, 0.10310036689043045, 0.0052947415970265865, 0.434052050113678, 0.0, 0.023505793884396553, 0.050101134926080704, 0.04428692162036896, 0.5316011309623718, 0.027129625901579857, 0.7331961989402771, 1.6267368793487549, 1.3557997941970825, 1.1845340728759766, 0.0, 0.0, 0.2666560113430023, 0.1355963498353958, 0.0, 0.6279692053794861, 1.0026246309280396, 0.0, 0.07915105670690536, 0.01050469372421503, 0.07645908743143082, 0.48228633403778076, 0.5444496273994446, 0.05484188720583916, 0.01669689081609249, 0.16059660911560059, 0.25722265243530273, 0.05447698011994362, 0.26423323154449463, 0.11988619714975357, 0.5606564283370972, 0.0, 1.734886646270752, 0.15182051062583923, 0.0017413070891052485, 0.39226406812667847, 0.0, 0.0, 1.5160201787948608, 0.23897768557071686, 0.0021611524280160666, 0.16418373584747314, 0.1730639636516571, 0.0, 0.15021897852420807, 0.05683059245347977, 1.4436763525009155, 0.203388974070549, 0.6943967342376709, 0.5542761087417603, 0.0, 0.0, 0.08210616558790207, 0.0, 0.5852819085121155, 0.0, 0.11062739789485931, 0.29902583360671997, 0.0372411385178566, 0.3518216609954834, 0.0202268585562706, 1.5870182514190674, 1.6509552001953125, 0.0275000911206007, 0.0, 0.6923022866249084, 0.0, 0.0, 0.0, 0.1426522135734558, 0.0, 0.3769509494304657, 0.0017152221407741308, 0.04357017204165459, 0.3467419743537903, 0.0, 0.0, 0.01849341206252575, 0.0, 0.14912079274654388, 0.0, 0.8658546209335327, 0.08199504017829895, 0.007961146533489227, 0.0, 1.1143081188201904, 0.7552592158317566, 0.0, 0.5261528491973877, 1.4850918054580688, 0.01501892413944006, 0.047059252858161926, 0.052161362022161484, 0.05087714269757271, 3.136767864227295, 0.17307232320308685, 0.0, 0.3507330119609833, 0.034222740679979324, 0.6691790223121643, 2.5906028747558594, 0.0, 0.8608202338218689, 0.0, 0.9446309208869934, 0.14815430343151093, 0.9481433033943176, 0.0020008087158203125, 0.12487904727458954, 0.0, 0.1388518214225769, 0.17444667220115662, 0.6125665903091431, 0.06380964815616608, 0.07674571126699448, 0.0, 0.308874249458313, 0.12656579911708832, 0.0, 0.2294635772705078, 0.0, 0.0, 0.0, 0.942085862159729, 0.27174311876296997, 0.610400378704071, 0.06822626292705536, 0.13273392617702484, 0.1862301081418991, 0.631566047668457, 0.14866366982460022, 0.18219825625419617, 0.0186044629663229, 0.3691338002681732, 0.20905394852161407, 0.029320312663912773, 0.0, 0.5874298214912415, 1.6883249282836914, 0.09710048139095306, 0.02830098569393158, 0.0, 0.00897328183054924, 0.6492236256599426, 0.013948737643659115, 0.43720299005508423, 0.1288512498140335, 0.17038054764270782, 0.30502748489379883, 0.0, 0.1218549981713295, 0.3709317147731781, 4.951190948486328, 0.5976055860519409, 0.11796873807907104, 1.3291239738464355, 0.03926033526659012, 0.0679100900888443, 0.02768651396036148, 0.11747652292251587, 0.04955153539776802, 1.6744918823242188, 0.409348726272583, 0.22280427813529968, 4.393463611602783, 0.0, 0.2619692087173462, 0.06753753125667572, 1.8734030723571777, 0.6548924446105957, 0.20487990975379944, 0.0, 0.029759341850876808, 0.0, 0.031451210379600525, 5.147353172302246, 0.00047293974785134196, 0.3546179234981537, 0.10048913210630417, 0.0, 0.3309580087661743, 0.0, 0.05279862508177757, 0.2742421627044678, 0.2619790732860565, 0.32029905915260315, 0.031056895852088928, 0.9837856888771057, 0.06248626857995987, 0.3410758078098297, 0.30029547214508057, 0.05707579106092453, 0.3515930473804474, 0.05509133264422417, 0.0, 0.20813021063804626, 0.07796585559844971, 0.2907210886478424, 0.0, 0.12689095735549927, 0.059758011251688004, 1.699172019958496, 0.05331967771053314, 0.004090902861207724, 0.49632710218429565, 0.015770483762025833, 0.03925492241978645, 0.11998367309570312, 0.13757316768169403, 0.052859850227832794, 0.2794569432735443, 0.0, 1.0368467569351196, 0.0, 0.47432592511177063, 0.14068347215652466, 0.014191532507538795, 0.024023430421948433, 0.0, 0.4089910686016083, 0.6827324628829956, 0.04998842626810074, 0.0552464984357357, 0.6398889422416687, 0.0, 0.2439907044172287, 0.013574797660112381, 0.0, 0.0, 0.08414590358734131, 0.062193967401981354, 0.0, 0.04699968919157982, 0.0, 0.004738209303468466, 0.5816209316253662, 0.5567421913146973, 0.04840278625488281, 0.0792069211602211, 0.0, 0.016655080020427704, 0.0, 0.02246800810098648, 0.07889664173126221, 0.9977383017539978, 0.30285215377807617, 0.13488534092903137, 0.32291850447654724, 0.08034633100032806, 0.0, 0.0, 0.10776220262050629, 0.0, 0.009462996385991573, 0.04274976998567581, 0.00993200670927763, 1.0971484184265137, 0.16202157735824585, 0.28134074807167053, 0.0, 1.7663133144378662, 0.006143742706626654, 0.0, 0.012934410013258457, 0.037695784121751785, 0.0037513605784624815, 0.40447378158569336, 0.023946426808834076, 0.9188356399536133, 1.5989683866500854, 0.15945200622081757, 0.45752549171447754, 0.006866892799735069, 0.0, 0.0, 0.0, 0.9705740213394165, 0.45987391471862793, 0.6153249144554138, 0.1199629083275795, 0.056799836456775665, 0.46155107021331787, 0.10640143603086472, 0.4295336604118347, 0.18503785133361816, 2.257824420928955, 0.08364112675189972, 0.15926821529865265, 0.05207672715187073, 0.6757833361625671, 1.1983031034469604, 0.5300560593605042, 0.04511856660246849, 0.1272837072610855, 0.25661274790763855, 0.0, 0.0, 0.0, 0.0029446007683873177, 0.2682345509529114, 0.680419921875, 0.707298755645752, 0.03711932152509689, 0.12902146577835083, 0.6348772048950195, 0.2709936499595642, 0.2692814767360687, 0.1286858171224594, 0.22146397829055786, 0.018183749169111252, 0.024357279762625694, 0.005282392259687185, 0.02228829264640808, 0.09451598674058914, 3.3441479206085205, 0.05386583134531975, 0.1823672652244568, 0.0722835436463356, 0.3385598957538605, 0.39070066809654236, 0.15102732181549072, 0.14067059755325317, 0.0, 0.02404402382671833, 0.2912732660770416, 0.7190327644348145, 0.08808472007513046, 0.03660513833165169, 0.05481019616127014, 0.0792413055896759, 0.16802270710468292, 0.3911367654800415, 0.8330469131469727, 0.8959110975265503, 0.09154266864061356, 0.10018857568502426, 0.0135330930352211, 1.1336631774902344, 0.07771981507539749, 0.0, 0.10185364633798599, 0.33708861470222473, 0.060976430773735046, 0.41899654269218445, 0.31268230080604553, 1.9206808805465698, 0.2963878810405731, 0.384540319442749, 0.4588871896266937, 0.3150128424167633, 1.063460111618042, 0.02587766759097576, 0.0, 0.0, 0.0, 0.026879003271460533, 0.18028749525547028, 0.3699052631855011, 0.2965099513530731, 0.5110743641853333, 0.7621728777885437, 0.0, 0.17284151911735535, 0.20392824709415436, 0.2202691286802292, 0.04132360219955444, 0.2435905635356903, 0.0, 0.2971212863922119, 1.6578906774520874, 1.3290979862213135, 0.26857009530067444, 0.06311129778623581, 0.7235954403877258, 0.0, 0.08846113830804825, 0.058459825813770294, 0.3789297640323639, 1.2945115566253662, 0.006468369159847498, 0.0, 0.7193532586097717, 0.008683253079652786, 0.7851579785346985, 2.227652072906494, 0.0, 0.0, 0.06636033952236176, 0.41978633403778076, 0.5110536813735962, 2.9330506324768066, 0.08255720883607864, 0.08081043511629105, 0.03816623240709305, 0.04662417247891426, 0.26794159412384033, 1.234571099281311, 0.3808242380619049, 0.3637789487838745, 0.0007691091159358621, 0.5326274037361145, 1.994362711906433, 0.07038313150405884, 0.018763191998004913, 0.0, 0.0, 0.0, 0.4123419225215912, 0.0, 1.811625599861145, 0.0005150741199031472, 0.13822901248931885, 0.04628488048911095, 1.5048142671585083, 0.018743395805358887, 0.20329490303993225, 0.1660202592611313, 0.4606109857559204, 0.3912721872329712, 0.42317891120910645, 0.5130452513694763, 0.026111962273716927, 1.0583311319351196, 0.0, 0.0, 0.015305380336940289, 3.5158591270446777, 0.05628150701522827, 0.1751607358455658, 0.23802390694618225, 1.589413046836853, 0.7302507758140564, 0.11815166473388672, 0.5965834259986877, 0.26930660009384155, 2.3057656288146973, 0.04771449789404869, 0.003957918845117092, 0.3657817542552948, 0.03738421946763992, 0.06427258998155594, 0.37752658128738403, 0.04931196942925453, 0.0, 0.06103992089629173, 0.005899565760046244, 2.240797758102417, 0.006872393656522036, 0.6463086009025574, 0.5695165395736694, 0.004945037420839071, 0.050442203879356384, 1.0229095220565796, 0.97254478931427, 0.0, 2.486583709716797, 0.6428040266036987, 0.2220613956451416, 0.4489348530769348, 0.03854329138994217, 0.0, 0.8817545175552368, 2.094149589538574, 0.07474442571401596, 1.8183033466339111, 0.29421037435531616, 0.037404198199510574, 0.5042335987091064, 0.0853986144065857, 0.35553255677223206, 0.011242051608860493, 0.0, 0.02364109456539154, 0.0549352802336216, 0.0028732018545269966, 0.017116472125053406, 0.05435483157634735, 0.014016837812960148, 4.381343841552734, 0.11866150051355362, 0.12982439994812012, 0.33944451808929443, 0.6578651070594788, 0.05964632332324982, 1.932536244392395, 0.6864100098609924, 0.0, 0.0952611044049263, 1.3702716827392578, 1.1093195676803589, 0.0, 0.14200526475906372, 0.2641858160495758, 0.010472200810909271, 0.38490965962409973, 0.6125185489654541, 0.7213225960731506, 0.0, 0.11649829149246216, 0.4236276149749756, 0.24732215702533722, 0.0, 0.019718291237950325, 0.0, 0.17314253747463226, 0.05665753409266472, 0.012380799278616905, 0.19039982557296753, 0.012066276744008064, 0.2731344401836395, 1.7890806198120117, 0.0, 0.03550942987203598, 0.07280026376247406, 0.01898316666483879, 0.13353988528251648, 0.00847325474023819, 0.0, 0.0, 0.6235641837120056, 0.47202393412590027, 0.07750173658132553, 0.1603013128042221, 0.7830761671066284, 0.0, 0.0, 0.08806407451629639, 0.1265561580657959, 0.0016650715842843056, 0.14524506032466888, 0.0, 0.0026791582349687815, 0.07094673812389374, 0.06195329129695892, 0.0, 0.0, 0.0031332385260611773, 0.014001251198351383, 0.0, 0.0, 0.0012737925862893462, 0.44640833139419556, 0.0, 0.13570860028266907, 1.1468654870986938, 2.061385154724121, 5.438881874084473, 0.15962184965610504, 0.3432542383670807, 0.13037508726119995, 0.0, 1.0460593700408936, 0.9924138784408569, 0.9156641364097595, 0.006465800106525421, 1.1667197942733765, 0.13649535179138184, 0.21052806079387665, 0.17692577838897705, 1.6711852550506592, 0.3198160231113434, 0.3554893434047699, 0.13999761641025543, 0.0, 0.19411908090114594, 0.13973399996757507, 0.0, 0.0031574477907270193, 0.33116841316223145, 0.10603184252977371, 0.0, 0.04363878443837166, 3.8399507999420166, 0.06102555990219116, 0.247030571103096, 0.7412685751914978, 0.03313721343874931, 0.19263650476932526, 0.22741344571113586, 0.003502456471323967, 2.121802806854248, 0.7730491757392883, 0.09533917158842087, 0.08661877363920212, 1.6281214952468872, 1.5344905853271484, 0.14955411851406097, 0.017966577783226967, 0.0, 2.601316452026367, 0.22019703686237335, 0.0, 0.3025665283203125, 0.13879986107349396, 0.8294740915298462, 0.24150803685188293, 0.12293847650289536, 0.0, 0.04482097923755646, 0.0968589261174202, 0.0, 0.20930799841880798, 0.28511688113212585, 0.0, 1.3955668210983276, 0.028802409768104553, 0.0, 0.646239697933197, 0.0, 0.08109547942876816, 1.9936470985412598, 0.5629093647003174, 0.0, 0.0, 0.07966092973947525, 0.0, 0.0, 0.4640562832355499, 0.0, 0.11683811247348785, 0.0, 1.0959702730178833, 0.04369531199336052, 0.011800035834312439, 0.9577816724777222, 1.2863407135009766, 0.23201586306095123, 0.07773181051015854, 0.4513832926750183, 0.7634260058403015, 0.0, 1.5390872955322266, 0.16077466309070587, 0.34550032019615173, 0.028927547857165337, 0.3476138114929199, 0.42465731501579285, 0.23968812823295593, 3.22792387008667, 0.01676962338387966, 0.8276504278182983, 0.8762921690940857, 0.013583032414317131, 0.615868866443634, 0.19900286197662354, 0.19371819496154785, 0.21199911832809448, 0.0, 0.5104427337646484, 0.012945812195539474, 0.0, 0.268465518951416, 0.0, 1.8455312252044678, 1.9810609817504883, 0.02013535425066948, 0.3312470316886902, 0.3427976369857788, 0.5507779717445374, 0.7200620174407959, 0.1060938909649849, 0.3187335729598999, 0.02434057556092739, 0.5386592149734497, 0.0, 0.02934185415506363, 0.5262800455093384, 0.9613174200057983, 0.05242007598280907, 0.06138858571648598, 0.037240494042634964, 0.0220780111849308, 0.0, 0.0, 0.1746210753917694, 0.23403985798358917, 0.3625025749206543, 0.21516534686088562, 0.03285493329167366, 2.5005879402160645, 0.029807422310113907, 0.7737982869148254, 1.1308976411819458, 0.0, 0.2173786163330078, 0.0, 0.06599050760269165, 0.699993371963501, 0.0976463258266449, 0.07058871537446976, 1.3918590545654297, 0.0, 0.38103678822517395, 0.4528653919696808, 0.16707026958465576, 0.08236252516508102, 0.11621212214231491, 0.5520901679992676, 0.15153636038303375, 0.04404081776738167, 0.044322311878204346, 0.0, 0.018503006547689438, 0.9077863097190857, 1.7006269693374634, 0.83664470911026, 1.0866745710372925, 2.1378140449523926, 3.981996774673462, 0.0, 0.12956023216247559, 0.035069890320301056, 1.7244130373001099, 0.15442770719528198, 0.07179222255945206, 0.07078571617603302, 0.4820859432220459, 0.22186869382858276, 0.5625961422920227, 0.0, 0.48566681146621704, 0.9343399405479431, 0.008626013062894344, 1.4724136590957642, 0.15539494156837463, 0.059523601084947586, 0.06865449994802475, 0.0, 0.018826153129339218, 1.4623984098434448, 0.3046402633190155, 0.0, 1.7322862148284912, 3.675055742263794, 0.0, 0.0, 0.0, 0.0, 0.13091260194778442, 0.0, 0.03880871459841728, 0.06045076251029968, 1.4567064046859741, 0.1641475111246109, 0.04172878712415695, 0.22476361691951752, 0.6040740013122559, 1.1023497581481934, 0.06709569692611694, 0.0021840406116098166, 0.07977896928787231, 0.0, 0.1761869192123413, 0.18715153634548187, 0.012392398901283741, 0.0002636933932080865, 0.4004192650318146, 0.36820611357688904, 0.13536448776721954, 0.09367793798446655, 0.011651371605694294, 0.0, 0.08219747245311737, 0.15511807799339294, 1.3123652935028076, 0.0, 2.0898044109344482, 0.0017659713048487902, 0.15631063282489777, 0.6683117747306824, 0.0, 0.09128598123788834, 0.047471433877944946, 0.0, 0.01760648749768734, 0.0, 0.34509900212287903, 0.2689974904060364, 0.004885542206466198, 0.36732810735702515, 0.0, 0.03864596411585808, 0.017831215634942055, 0.559598982334137, 1.4663432836532593, 0.0, 0.7492880821228027, 0.5841702818870544, 0.3800196647644043, 0.0, 0.16506002843379974, 0.15682898461818695, 0.0, 0.11773935705423355, 0.00011325369268888608, 0.0, 0.4326830506324768, 1.4066293239593506, 0.0, 0.07066068798303604, 0.0, 2.307133913040161, 0.3842814564704895, 1.4273818731307983, 0.10429435223340988, 0.293043315410614, 0.14375415444374084, 0.28685998916625977, 0.033204011619091034, 2.1834423542022705, 0.4471700191497803, 0.6941388249397278, 0.0, 4.334758758544922, 0.05930377542972565, 0.34681087732315063, 1.569650650024414, 0.21337872743606567, 1.5531854629516602, 1.4808903932571411, 3.700258255004883, 0.0, 0.11368628591299057, 0.0, 0.5955755114555359, 0.0009115618304349482, 0.2804562449455261, 0.3004879951477051, 0.5360378623008728, 0.14592121541500092, 0.32603856921195984, 0.4820706844329834, 0.21922500431537628, 0.023736439645290375, 0.14269636571407318, 0.34005987644195557, 0.33401840925216675, 0.22523675858974457, 1.3798283338546753, 0.020024746656417847, 0.419527530670166, 0.04002108424901962, 0.14074552059173584, 0.0641765221953392, 0.8400517106056213, 0.539854884147644, 0.7577874064445496, 1.2340047359466553, 1.8979078531265259, 0.0, 0.7452883124351501, 0.8214706182479858, 0.09699290245771408, 0.0, 0.03203081712126732, 0.0, 0.0, 0.9020965695381165, 1.6630549430847168, 0.21856878697872162, 0.014952421188354492, 0.0, 0.011900858022272587, 0.0, 2.2847325801849365, 0.5156047344207764, 0.0, 0.02265988290309906, 0.03439456969499588, 0.5974922776222229, 0.4410749077796936, 0.028893154114484787, 0.2451234757900238, 0.6584445238113403, 0.07246514409780502, 0.0, 0.39073917269706726, 0.2575000524520874, 0.3983115255832672, 0.07765784859657288, 0.28045034408569336, 3.535646438598633, 0.12506352365016937, 0.0919077917933464, 0.0, 0.0, 0.07006101310253143, 0.4808449149131775, 0.0161674115806818, 0.005484271794557571, 0.08248765766620636, 0.6618931889533997, 0.14985160529613495, 0.0, 0.5766969919204712, 0.510145366191864, 0.53327876329422, 0.012014520354568958, 0.28333553671836853, 1.7773833274841309, 0.43207985162734985, 0.4579934775829315, 0.14979098737239838, 7.0045084953308105, 0.011306626722216606, 0.1254592090845108, 1.2535115480422974, 0.5336748361587524, 0.011568120680749416, 0.2020026296377182, 1.3449434041976929, 0.0, 0.8224179148674011, 0.17700788378715515, 0.7704063653945923, 0.10971631854772568, 0.0024554438423365355, 0.554206132888794, 0.281311571598053, 0.7639467120170593, 0.0, 0.0, 0.032750923186540604, 0.5911229252815247, 0.9622251391410828, 0.0, 0.06923296302556992, 0.0, 0.010947886854410172, 0.09866704791784286, 0.15493041276931763, 0.1856604367494583, 0.01106771919876337, 0.0011124537559226155, 0.003610489424318075, 0.19609373807907104, 0.11414145678281784, 3.1432650089263916, 0.03626658022403717, 0.004369652830064297, 0.15829795598983765, 0.009865274652838707, 0.7228283286094666, 0.0, 0.5663151144981384, 2.386718988418579, 0.01353499386459589, 0.842595636844635, 0.2499566227197647, 0.2827829122543335, 0.0, 0.03259618580341339, 0.0, 1.373490571975708, 0.10134346783161163, 2.1719846725463867, 0.060409557074308395, 0.04211842268705368, 0.0, 0.4772586524486542, 0.8575177788734436, 0.001869702828116715, 0.3400401771068573, 0.009528040885925293, 2.4416487216949463, 1.1688944101333618, 0.09283628314733505, 0.0, 0.0, 0.019603801891207695, 0.2137751430273056, 0.0, 0.11264995485544205, 2.3168232440948486, 0.15475265681743622, 0.3981133699417114, 0.18302461504936218, 2.6348254680633545, 0.9213352799415588, 0.08772891759872437, 0.0801142007112503, 0.002742577577009797, 0.0, 0.025514086708426476, 0.11491129547357559, 0.0, 0.030944976955652237, 0.19653180241584778, 0.31584012508392334, 0.029780514538288116, 0.42968279123306274, 0.015694111585617065, 0.005506598390638828, 0.011451820842921734, 0.7183740735054016, 0.6233259439468384, 0.04063798487186432, 2.2802634239196777, 1.8290598392486572, 0.05710163712501526, 0.06274329125881195, 0.0, 0.0, 0.07646781206130981, 0.0, 0.06964962929487228, 0.28096553683280945, 1.0667486190795898, 0.9841310977935791, 0.025616563856601715, 0.013729392550885677, 0.6533751487731934, 0.33306169509887695, 0.46073317527770996, 0.026175763458013535, 0.008908848278224468, 0.22841809689998627, 0.4444984793663025, 0.08137129247188568, 0.839515745639801, 0.0, 0.0, 0.20550885796546936, 0.2811322808265686, 0.05771980434656143, 2.564129590988159, 0.48904481530189514, 0.6247881054878235, 0.006755417678505182, 0.17184583842754364, 0.0, 0.42841410636901855, 0.17662206292152405, 0.3646727502346039, 0.0, 0.006675204262137413, 0.0090293288230896, 0.8465782403945923, 1.141414999961853, 0.0835835412144661, 0.04787683114409447, 0.0019141605589538813, 0.05922381579875946, 0.006879750639200211, 0.06313790380954742, 0.0340309701859951, 0.2567284107208252, 0.9639604687690735, 0.3062574863433838, 0.06670147180557251, 0.012968627735972404, 0.07822420448064804, 0.9373535513877869, 1.649698257446289, 0.10416243970394135, 0.4181055426597595, 0.43873798847198486, 0.013856219127774239, 0.049265146255493164, 1.2471269369125366, 0.05464985966682434, 0.07169336825609207, 0.6635034680366516, 0.14523428678512573, 0.31159090995788574, 0.0, 0.950538694858551, 0.0, 0.7696681618690491, 0.7453336119651794, 0.24077315628528595, 0.0, 0.16609801352024078, 0.2029210478067398, 0.07613739371299744, 0.0, 0.0, 0.9860373735427856, 0.7028462290763855, 1.516635775566101, 0.0, 2.949678421020508, 0.06827206164598465, 0.9934518933296204, 0.0, 4.8069353103637695, 0.1683100163936615, 4.0655012130737305, 0.37202882766723633, 0.186443030834198, 0.10058019310235977, 0.3507268726825714, 2.3531885147094727, 0.4591454565525055, 0.10300788283348083, 0.2969069182872772, 0.0, 0.08315003663301468, 0.05188509821891785, 0.03153834864497185, 0.4051469564437866, 0.012659477069973946, 0.018783632665872574, 0.0, 0.0021655000746250153, 0.0, 0.4373253881931305, 0.2759544253349304, 0.9373558163642883, 0.0, 0.16459009051322937, 0.695080578327179, 0.28349730372428894, 0.20815379917621613, 1.4323983192443848, 0.00977371633052826, 0.12566304206848145, 0.005451226606965065, 0.44459137320518494, 0.0, 0.031341999769210815, 0.17221660912036896, 0.004997428506612778, 0.268635630607605, 0.9839208722114563, 0.0, 0.026080042123794556, 4.087776184082031, 0.2319139689207077]",Testing/glioma_tumor/image(38).jpg
"[1.9576539993286133, 0.6489314436912537, 0.05073343962430954, 0.45187970995903015, 0.8909022212028503, 0.23199723660945892, 5.930490493774414, 0.34333521127700806, 0.32110852003097534, 0.005119554698467255, 0.0, 0.0, 0.0, 0.18685519695281982, 0.1056930422782898, 0.6049720048904419, 0.30141884088516235, 0.42024677991867065, 0.3939041495323181, 0.04605540633201599, 0.09365665912628174, 0.7643547654151917, 1.1223602294921875, 0.07136201113462448, 0.42424213886260986, 0.17603668570518494, 2.418104887008667, 0.4738180935382843, 0.23974724113941193, 0.027052156627178192, 0.3538377583026886, 0.37506335973739624, 0.5303550958633423, 0.3801136910915375, 0.509540319442749, 1.7242809534072876, 0.11374367773532867, 0.12965643405914307, 0.011386942118406296, 0.0833732932806015, 0.29459863901138306, 0.5665071606636047, 0.3646182715892792, 0.010723192244768143, 0.10159485042095184, 0.0, 0.018387459218502045, 0.038795121014118195, 0.02295571379363537, 0.003879882860928774, 1.1109447479248047, 0.09836623072624207, 1.4395496845245361, 0.029450664296746254, 0.5443012714385986, 1.1681492328643799, 1.0404311418533325, 0.12848740816116333, 1.4274544715881348, 0.0, 0.28082990646362305, 0.8387107849121094, 0.33949828147888184, 0.08213138580322266, 0.20692875981330872, 0.38466328382492065, 0.6479010581970215, 0.0037775281816720963, 0.0013882432831451297, 0.0, 0.004959797486662865, 0.10850059986114502, 0.14137659966945648, 2.5047550201416016, 1.0349664688110352, 0.2976263165473938, 3.648526668548584, 0.2758689522743225, 0.0, 0.1571095585823059, 0.022508928552269936, 0.21123427152633667, 0.7206274271011353, 0.015372475609183311, 1.630293607711792, 0.1573430895805359, 3.577404022216797, 0.10212548077106476, 0.004723908845335245, 0.053395044058561325, 1.648598551750183, 0.3302789032459259, 0.05546984821557999, 4.765888690948486, 0.1162310242652893, 0.0, 0.4101138114929199, 0.41165775060653687, 0.07845790684223175, 0.3592802584171295, 1.499911904335022, 1.4057847261428833, 0.027141347527503967, 0.023361727595329285, 1.4530482292175293, 0.043957244604825974, 0.1722027063369751, 2.6952524185180664, 0.008626135066151619, 1.7131379842758179, 0.2242407500743866, 0.18627583980560303, 0.0, 0.38034602999687195, 0.3182462155818939, 0.0, 0.02131587639451027, 1.1652480363845825, 0.0, 0.1179671660065651, 0.16770312190055847, 0.14468814432621002, 0.0, 0.019297411665320396, 0.1708105504512787, 0.9250577688217163, 0.04099178686738014, 0.6272707581520081, 1.6948248147964478, 0.0, 0.002700414042919874, 2.425769329071045, 0.4190693199634552, 0.0, 0.0633327066898346, 1.1361591815948486, 0.3205788731575012, 0.002852048259228468, 0.17879030108451843, 0.1694152057170868, 0.022758640348911285, 1.5226876735687256, 0.0, 0.17712391912937164, 0.5254210829734802, 0.15980181097984314, 0.0, 1.6133358478546143, 0.48223331570625305, 0.0, 0.8945393562316895, 0.04776151478290558, 1.2513210773468018, 0.0, 0.0, 1.1380186080932617, 0.0, 0.0, 1.9840333461761475, 0.002547609619796276, 0.1517467349767685, 1.374637246131897, 0.010320980101823807, 0.0, 0.007388012949377298, 0.0018299429211765528, 1.41707444190979, 0.002828938653692603, 0.09171831607818604, 9.39697265625, 1.5675309896469116, 0.0, 0.0394739955663681, 0.07524752616882324, 2.7642533779144287, 0.08393337577581406, 0.09808900207281113, 0.019956208765506744, 0.11841682344675064, 0.2882916331291199, 0.877234160900116, 0.0, 0.14760680496692657, 0.10017513483762741, 0.03308923542499542, 0.5768038034439087, 0.3936867117881775, 1.1437947750091553, 0.07234163582324982, 0.3161683678627014, 0.04194372519850731, 0.09312420338392258, 0.09610668569803238, 0.09627660363912582, 0.08177223801612854, 0.10744765400886536, 0.0, 0.46133533120155334, 0.034103430807590485, 0.235977441072464, 0.5235445499420166, 0.8038798570632935, 0.5936592221260071, 0.437354177236557, 1.1780681610107422, 0.18029989302158356, 0.6392802596092224, 0.0, 0.17781096696853638, 0.18396586179733276, 0.8657521605491638, 1.1679116487503052, 0.0, 1.1801930665969849, 0.08449291437864304, 1.1169185638427734, 0.0, 0.07500755786895752, 0.9636690020561218, 0.0, 0.918755054473877, 0.0, 2.17460036277771, 0.3197176456451416, 0.008025869727134705, 1.4644242525100708, 0.9576653242111206, 0.05522524192929268, 0.12652790546417236, 0.0980772003531456, 0.02111230045557022, 0.9750258922576904, 0.46008673310279846, 0.23096485435962677, 1.8525162935256958, 0.44331321120262146, 0.02371116541326046, 0.16937124729156494, 0.0, 0.06828813999891281, 0.21181227266788483, 1.8869096040725708, 2.2958548069000244, 0.07515130937099457, 0.016064368188381195, 0.07440042495727539, 0.9596362113952637, 4.176361083984375, 0.0, 0.4914819300174713, 2.811753988265991, 0.03735252842307091, 0.7681304812431335, 0.7713471055030823, 0.26897698640823364, 0.08858982473611832, 0.1356777548789978, 1.5428080558776855, 0.38078612089157104, 0.32400017976760864, 0.030515454709529877, 0.06277836859226227, 0.7859649062156677, 0.04966755211353302, 0.00751953199505806, 0.202920064330101, 0.0404224768280983, 0.12322358042001724, 0.005084616597741842, 0.025771982967853546, 1.5705702304840088, 0.25149041414260864, 0.44416743516921997, 0.24120943248271942, 4.042449474334717, 0.3055182099342346, 0.1336725801229477, 0.15928895771503448, 0.8017791509628296, 0.10453091561794281, 1.0389906167984009, 0.6059325337409973, 2.29748797416687, 1.1942294836044312, 0.04513373598456383, 0.608992338180542, 0.33320918679237366, 0.11655833572149277, 0.1633596420288086, 0.15269722044467926, 1.3927022218704224, 0.3395695984363556, 0.3790263831615448, 0.07391013950109482, 1.073494791984558, 2.8633460998535156, 0.246934175491333, 0.03665754571557045, 0.22486966848373413, 0.10823345929384232, 0.2194250524044037, 0.028574040159583092, 4.973938465118408, 0.2730199992656708, 0.9252561330795288, 0.22325561940670013, 0.10849305242300034, 0.7304149270057678, 0.17994605004787445, 0.30176669359207153, 1.4786052703857422, 0.6461992263793945, 0.9960983395576477, 0.20350778102874756, 0.7094550728797913, 0.14493383467197418, 0.7050104737281799, 0.14070162177085876, 0.0, 0.14180755615234375, 0.7464579939842224, 1.1629512310028076, 0.0015920059522613883, 0.3844822347164154, 1.5373514890670776, 0.07550685107707977, 0.05659729987382889, 0.014496184885501862, 6.544933795928955, 0.2548210620880127, 0.6322500109672546, 0.2124076634645462, 0.5497536063194275, 0.14063988626003265, 0.05889640375971794, 0.1795942336320877, 2.548276662826538, 0.2971747815608978, 0.8976609110832214, 0.4086831510066986, 0.06541011482477188, 0.02689356729388237, 0.01949995383620262, 0.3658403754234314, 0.0, 0.02256651222705841, 0.5215223431587219, 0.0, 0.008275456726551056, 0.35008466243743896, 0.1965525895357132, 0.07671929150819778, 0.33628857135772705, 0.1045624315738678, 0.6504610776901245, 0.004349465481936932, 0.5892276167869568, 0.0, 0.222214013338089, 0.08753806352615356, 0.31955790519714355, 0.40699973702430725, 0.4882497489452362, 1.1154627799987793, 0.10115430504083633, 0.5628953576087952, 0.0887293815612793, 0.06849418580532074, 3.906047821044922, 0.35622936487197876, 0.017315594479441643, 0.0, 0.6051958203315735, 1.7591456174850464, 0.008730713278055191, 0.6048880219459534, 3.064950466156006, 0.782366931438446, 0.097685806453228, 0.26376861333847046, 0.7339350581169128, 0.34220758080482483, 0.0399600975215435, 0.14451159536838531, 0.0, 0.05228179693222046, 1.8207123279571533, 0.2797444760799408, 0.0007502205553464592, 0.15758122503757477, 0.2099025845527649, 0.044827211648225784, 0.15066535770893097, 0.2690723240375519, 0.0, 2.4586968421936035, 0.20590776205062866, 1.2658066749572754, 0.573612630367279, 0.043674834072589874, 0.08883558958768845, 0.0, 0.33427947759628296, 0.04102085530757904, 0.0, 1.4674534797668457, 0.26069945096969604, 0.4622396230697632, 0.24291841685771942, 0.8256552815437317, 0.5107323527336121, 0.2217794507741928, 0.0183195061981678, 0.012561338022351265, 0.028921114280819893, 3.306453227996826, 0.0006958902813494205, 0.07311109453439713, 0.4699418246746063, 0.27516090869903564, 1.317487120628357, 0.02954885922372341, 0.0746399387717247, 1.2929538488388062, 0.02185259945690632, 0.007641215808689594, 0.007097619120031595, 1.1851838827133179, 0.29524850845336914, 0.07657527923583984, 0.1986314356327057, 0.09953568875789642, 0.5085167288780212, 0.6821927428245544, 2.555915117263794, 0.530070960521698, 0.0, 1.2258349657058716, 1.0248156785964966, 0.1887025684118271, 0.016647452488541603, 0.04280063137412071, 0.2964645028114319, 0.1504446566104889, 0.37100228667259216, 0.06100095063447952, 0.0, 1.0912160873413086, 0.104277104139328, 0.11745820939540863, 0.2806161940097809, 0.0008972421055659652, 0.310922771692276, 0.02840006910264492, 0.049882590770721436, 0.788081705570221, 0.4922322630882263, 0.6161775588989258, 0.029534131288528442, 0.3589566648006439, 0.3022652864456177, 0.895222544670105, 0.16580571234226227, 0.410203218460083, 0.22558239102363586, 0.28118011355400085, 0.015679869800806046, 0.6254661083221436, 1.154834508895874, 0.6375036239624023, 0.10286314785480499, 0.12877395749092102, 0.06012611463665962, 0.142329603433609, 0.3121493458747864, 0.09255556017160416, 0.21480870246887207, 0.2943435311317444, 0.0, 1.926734447479248, 0.08418618142604828, 0.15023654699325562, 0.6220431327819824, 0.2808121144771576, 0.0, 0.0, 0.02502935752272606, 0.004266228061169386, 1.239797830581665, 0.0, 0.19751696288585663, 0.8385735154151917, 0.057894378900527954, 0.14595535397529602, 0.5986765027046204, 0.0012268290156498551, 0.0, 0.11595176160335541, 0.7272949814796448, 0.6080930233001709, 0.5742946863174438, 0.31760668754577637, 0.4480472505092621, 5.176548004150391, 0.18652167916297913, 0.47892528772354126, 0.04415558651089668, 0.03958161547780037, 0.023996315896511078, 0.7195934653282166, 0.0, 0.0059563214890658855, 0.0, 0.9349400401115417, 0.1502411961555481, 0.29103076457977295, 2.178068161010742, 0.22014300525188446, 0.7350087761878967, 0.020032130181789398, 0.0, 0.6789227724075317, 0.4495159089565277, 0.5949514508247375, 0.13109518587589264, 0.3484448790550232, 0.0, 0.0, 0.9435639381408691, 0.1481344997882843, 0.5872918963432312, 2.1892642974853516, 1.358524203300476, 2.40578293800354, 0.139180988073349, 0.7005531191825867, 1.9980307817459106, 0.3346526622772217, 0.013123584911227226, 0.058342233300209045, 0.0, 0.2682391107082367, 0.3742472529411316, 0.4717945158481598, 0.6538375616073608, 0.5379461050033569, 0.18740296363830566, 0.5283373594284058, 0.2094184011220932, 0.01202199887484312, 0.2079334855079651, 0.0, 0.034228116273880005, 0.0, 0.2598681151866913, 3.486567497253418, 1.0443204641342163, 0.02441025711596012, 0.6722098588943481, 0.021041791886091232, 3.963874578475952, 0.23402215540409088, 0.4616781771183014, 0.37541112303733826, 0.12183268368244171, 0.1270352005958557, 2.924135684967041, 0.03175906091928482, 1.6120375394821167, 0.016826001927256584, 0.5703672170639038, 0.03815968334674835, 0.6164518594741821, 0.24476659297943115, 0.4597887396812439, 0.35396501421928406, 0.0263023991137743, 2.0442256927490234, 0.1078454852104187, 0.020035699009895325, 1.795538306236267, 0.0020337821915745735, 0.13945448398590088, 0.0679578185081482, 0.0, 0.05549802631139755, 0.035644739866256714, 0.16013410687446594, 0.05367603898048401, 0.0, 0.4334384799003601, 0.0, 0.336333692073822, 0.0, 0.03806600347161293, 0.045581329613924026, 0.7043706178665161, 0.01762089505791664, 0.0, 1.3954147100448608, 0.0, 0.09647566080093384, 3.5254974365234375, 1.1341031789779663, 0.06824871897697449, 0.23440496623516083, 2.1588542461395264, 0.39067649841308594, 1.3526684045791626, 3.3809397220611572, 0.9208770990371704, 0.11722762137651443, 0.24311713874340057, 0.2255675494670868, 0.0, 0.06086612120270729, 0.0, 0.0, 0.0, 0.3754403591156006, 0.18417879939079285, 0.41656050086021423, 0.7199271321296692, 1.0569353103637695, 2.621126174926758, 0.45111170411109924, 0.19020791351795197, 0.0, 0.0, 0.46792906522750854, 0.1362273097038269, 1.0101691484451294, 0.13824383914470673, 0.14626280963420868, 0.3027174472808838, 0.0, 0.5950159430503845, 0.1625954955816269, 0.10592859983444214, 0.5183902382850647, 0.4024930000305176, 0.006342150736600161, 0.24519142508506775, 0.3222522437572479, 0.008670926094055176, 0.6357870697975159, 3.287914752960205, 0.45080211758613586, 0.021881448104977608, 0.0, 1.0564342737197876, 0.712609052658081, 0.13366970419883728, 0.0, 0.4826648533344269, 0.0017214283579960465, 0.1390744149684906, 0.4404080808162689, 0.08104997128248215, 0.0, 0.17420239746570587, 0.08997032791376114, 0.11917657405138016, 0.19848519563674927, 0.40047648549079895, 0.2303275316953659, 3.9141411781311035, 0.1356476992368698, 0.0, 0.8248916268348694, 0.3724111318588257, 0.005651045590639114, 0.18758836388587952, 0.1433950960636139, 0.13009187579154968, 0.2590849995613098, 0.0, 0.0, 1.283792495727539, 1.677148461341858, 0.474659264087677, 0.07050109654664993, 0.0, 0.011784679256379604, 1.6983318328857422, 1.8643484115600586, 1.3561573028564453, 0.0, 0.7647805213928223, 0.11672383546829224, 0.30783331394195557, 0.0, 0.19943708181381226, 0.12200269848108292, 0.0, 0.24458414316177368, 0.5918905735015869, 0.4336585998535156, 0.03513089567422867, 0.0891171246767044, 0.27968016266822815, 0.037058230489492416, 0.4413856267929077, 1.1623952388763428, 0.18164755403995514, 0.0, 0.6066872477531433, 0.38198405504226685, 2.1505398750305176, 0.0, 1.8228386640548706, 0.014550184831023216, 0.044043999165296555, 0.0, 0.5280488729476929, 0.06325473636388779, 0.4604383111000061, 0.18872514367103577, 0.21934275329113007, 0.01958613283932209, 0.9026379585266113, 1.5377110242843628, 1.997322678565979, 0.008975866250693798, 0.07466676086187363, 2.166658401489258, 0.8447867631912231, 0.38315314054489136, 0.14915627241134644, 1.00309419631958, 0.0, 0.38244616985321045, 0.355005145072937, 0.49656185507774353, 0.3994354009628296, 0.15133248269557953, 0.15860000252723694, 1.1392520666122437, 0.7603347301483154, 0.0, 9.54988063313067e-05, 0.8566716313362122, 1.3367595672607422, 0.06477311998605728, 0.001132641569711268, 0.1732729822397232, 0.04784856364130974, 0.0, 0.011516312137246132, 0.3756769895553589, 1.4240106344223022, 0.44699618220329285, 2.128833293914795, 0.0, 3.374738931655884, 0.6125093698501587, 0.9451924562454224, 0.9564270377159119, 0.061309292912483215, 0.04315724968910217, 1.1323853731155396, 0.2700684368610382, 0.566805362701416, 3.1693484783172607, 0.009686251170933247, 0.5721683502197266, 0.0, 0.014418816193938255, 1.1959326267242432, 1.6184147596359253, 0.0467316173017025, 0.0, 0.8545753359794617, 0.3068195879459381, 0.7327778935432434, 0.0, 0.034659456461668015, 0.04438907653093338, 1.7417378425598145, 0.3785397708415985, 1.258313536643982, 0.3963719606399536, 0.7252674698829651, 0.0, 1.3450130224227905, 0.021281562745571136, 2.572265386581421, 0.10092730075120926, 0.2663721442222595, 0.0, 1.1734462976455688, 0.0783165693283081, 0.4119553864002228, 0.001494903932325542, 0.48383721709251404, 0.03127574920654297, 0.1803303360939026, 0.07839331030845642, 0.42859765887260437, 0.1337646245956421, 0.09652477502822876, 0.017022617161273956, 0.14917337894439697, 0.3177894949913025, 0.0, 0.37424954771995544, 0.9007296562194824, 2.7572004795074463, 0.3334696888923645, 0.3110731840133667, 0.5218265652656555, 0.004490273538976908, 2.861354351043701, 0.0, 3.119095802307129, 0.23119284212589264, 2.1935205459594727, 1.0253609418869019, 0.030550923198461533, 0.0, 0.038187652826309204, 0.0, 1.98723566532135, 0.18442808091640472, 0.016456816345453262, 3.8353569507598877, 0.5294017791748047, 0.0, 1.9490530490875244, 2.1294374465942383, 0.2081502228975296, 0.9199257493019104, 1.3280658721923828, 4.567114353179932, 0.029264798387885094, 3.473740577697754, 0.018522582948207855, 0.0, 0.04407914727926254, 0.10901974886655807, 0.0, 0.07241597026586533, 0.596398651599884, 2.452878475189209, 0.545249879360199, 0.5631033778190613, 0.003190921386703849, 0.06476965546607971, 0.9784711003303528, 0.27077004313468933, 0.0, 0.05546875298023224, 0.017979495227336884, 0.04172798618674278, 0.01563263311982155, 0.7464991807937622, 0.07768424600362778, 0.03661920130252838, 0.8901605606079102, 3.9100921154022217, 0.2368897795677185, 0.07627007365226746, 0.3450325131416321, 0.0, 0.7675361037254333, 0.6761789917945862, 0.4125676453113556, 1.1908295154571533, 0.22253963351249695, 6.1773600578308105, 0.028541062027215958, 0.10014669597148895, 0.0, 0.49996232986450195, 0.7249025702476501, 1.9488784074783325, 0.061496078968048096, 0.037115827202796936, 0.32271257042884827, 0.7650449275970459, 0.5756179690361023, 0.13262318074703217, 0.33330532908439636, 0.0, 0.19779175519943237, 0.009033719077706337, 3.292877197265625, 1.700089693069458, 0.1204489916563034, 0.19454269111156464, 0.003144699614495039, 1.6415663957595825, 0.027736758813261986, 0.02705354616045952, 0.08285144716501236, 0.0, 0.4400632679462433, 0.11924909800291061, 0.23152434825897217, 1.6553831100463867, 0.0, 0.7384932637214661, 0.0, 0.3965802788734436, 2.742030143737793, 0.0, 0.1329096555709839, 2.2165701389312744, 0.08854275941848755, 0.37413790822029114, 0.17694613337516785, 0.8166292309761047, 0.18113040924072266, 0.809974730014801, 0.0, 0.6626617908477783, 0.05037606507539749, 0.03462354093790054, 0.38422155380249023, 0.0, 0.0, 0.12094906717538834, 0.14249107241630554, 0.0, 1.8220714330673218, 0.1091771200299263, 0.6364172101020813, 0.7640276551246643, 3.282655954360962, 0.1928611546754837, 0.0, 0.46635016798973083, 1.9486700296401978, 0.0, 1.0593689680099487, 0.08357646316289902, 0.060246024280786514, 1.297670602798462, 0.0, 0.8925356268882751, 0.008918683975934982, 0.39278700947761536, 0.1746317446231842, 0.0, 0.23929907381534576, 0.35933393239974976, 0.032961100339889526, 1.130523443222046, 0.0, 0.7620083689689636, 0.03290661796927452, 0.13858765363693237, 0.21913953125476837, 0.004526904784142971, 0.09504280984401703, 0.0, 0.08325935155153275, 0.7997207641601562, 0.08305526524782181, 0.02040589042007923, 0.006979939993470907, 0.0, 0.0, 0.35791611671447754, 0.34122592210769653, 2.091184377670288, 0.27831628918647766, 0.45807817578315735, 0.1054639220237732, 0.01897968165576458, 0.020505763590335846, 0.9161819219589233, 0.04642932116985321, 0.4104976952075958, 0.0, 0.008959667757153511, 0.5537800788879395, 0.017899811267852783, 0.5736989974975586, 0.0, 3.3860931396484375, 1.574387788772583, 0.010996679775416851, 0.038515619933605194, 0.9421953558921814, 0.0, 0.6029713749885559, 0.05457235500216484, 0.12524114549160004, 0.8637959957122803, 0.3918837010860443, 0.2372816503047943, 0.08756574988365173, 0.0, 0.26787427067756653, 0.1674584150314331, 0.1317967176437378, 0.01799634099006653, 0.44362592697143555, 0.03626497834920883, 2.3651790618896484, 0.11389627307653427, 0.008281649090349674, 0.6518959999084473, 1.4768229722976685, 1.5807560682296753, 0.046653907746076584, 0.6708847284317017, 2.293595790863037, 0.008817346766591072, 0.15142467617988586, 0.179144486784935, 1.1080994606018066, 2.6270527839660645, 0.022174010053277016, 0.09735187143087387, 0.2986535131931305, 0.17177005112171173, 0.015404990874230862, 0.09192760288715363, 0.8377342820167542, 0.04449078440666199, 0.006626002490520477, 0.18260115385055542, 0.4485449194908142, 0.44043463468551636, 0.12341110408306122, 0.17989863455295563, 0.5353397130966187, 0.15920059382915497, 0.24951039254665375, 0.4914444386959076, 0.6196004748344421, 1.2926812171936035, 0.013772876933217049, 0.47524672746658325, 0.028363121673464775, 0.012963163666427135, 0.07005417346954346, 0.0, 0.05506397411227226, 0.13713179528713226, 0.8863263130187988, 0.284882515668869, 0.012440185062587261, 0.0, 0.05792420729994774, 0.2358958125114441, 0.5955162048339844, 0.10298693180084229, 0.084520123898983, 0.5015845894813538, 0.0, 1.2757651805877686, 0.09085996448993683, 0.06698551028966904, 0.32196322083473206, 2.7865841388702393, 0.08573522418737411, 0.4281426966190338, 0.21119028329849243, 0.11827768385410309, 0.2838733196258545, 0.043113913387060165, 0.4750025272369385, 0.00622178940102458, 0.3143668472766876, 0.060479603707790375, 0.036813072860240936, 0.4353165030479431, 0.8675835132598877, 1.2425549030303955, 0.0, 0.4860672950744629, 0.9527765512466431, 0.5405780076980591, 0.3029913902282715, 0.10266391932964325, 0.0, 0.049715831875801086, 1.6847741603851318, 1.0457371473312378, 0.03777249529957771, 4.478336811065674, 0.00010878942703129724, 0.5173360705375671, 0.19740821421146393, 1.3021578788757324, 2.5618088245391846, 0.33497515320777893, 0.1577407568693161, 0.24672748148441315, 0.03447943180799484, 0.23496437072753906, 2.4795360565185547, 0.0, 0.017877742648124695, 0.11775381863117218, 0.0, 0.898341715335846, 0.0, 0.07819010317325592, 0.43534085154533386, 0.47498834133148193, 0.24184513092041016, 0.009793473407626152, 0.3075737953186035, 0.17385663092136383, 0.0, 0.356190025806427, 0.055800169706344604, 0.5197374820709229, 0.06378545612096786, 0.6083258986473083, 0.09693663567304611, 0.36481791734695435, 0.030785584822297096, 0.5504379868507385, 0.929642915725708, 0.9018808603286743, 0.5952459573745728, 1.0365817546844482, 0.8596208691596985, 0.3335943818092346, 0.010988011956214905, 0.11888593435287476, 0.4786517918109894, 0.054539840668439865, 0.04680294543504715, 0.8054354190826416, 0.0, 0.14314322173595428, 0.34300875663757324, 0.4196988344192505, 0.0, 0.2587290108203888, 0.0, 0.05489784851670265, 0.25772905349731445, 0.21485091745853424, 0.00445049861446023, 0.1490020900964737, 2.004213571548462, 0.05051963031291962, 0.055560220032930374, 0.010369310155510902, 0.0, 0.1866399347782135, 0.050004735589027405, 0.22693949937820435, 0.728499174118042, 0.0, 0.0, 0.3974105417728424, 0.07842764258384705, 0.0387350395321846, 0.01863923668861389, 2.1677627563476562, 0.009432641789317131, 0.004759506322443485, 0.0, 0.17819832265377045, 0.7285708785057068, 0.3757266700267792, 0.47807109355926514, 0.08086299151182175, 0.07334525883197784, 0.0, 1.094991683959961, 0.0, 0.6606683731079102, 0.05927219241857529, 0.4166484773159027, 0.0, 0.15151628851890564, 0.31362611055374146, 0.10662397742271423, 0.06176343560218811, 0.09541571885347366, 4.56369161605835, 0.24259793758392334, 0.0, 0.12870050966739655, 0.05204204469919205, 0.026015713810920715, 0.6259539127349854, 0.07525335252285004, 0.6944483518600464, 0.14214201271533966, 0.1952730268239975, 0.7282264828681946, 0.717063307762146, 0.22676467895507812, 0.009227275848388672, 0.05587298050522804, 1.3948984146118164, 1.194472312927246, 0.3546605110168457, 0.03576032444834709, 0.043621376156806946, 0.7502642273902893, 0.1822800487279892, 2.0568687915802, 1.3762378692626953, 0.3929137885570526, 0.0, 0.023079361766576767, 0.26298582553863525, 1.1771214008331299, 0.9568443894386292, 1.5408869981765747, 0.0, 0.14832276105880737, 1.1151927709579468, 0.08973925560712814, 0.0, 0.0567927323281765, 0.34420397877693176, 0.0006587845855392516, 0.18753106892108917, 0.8849716782569885, 0.0, 0.009353630244731903, 1.3001512289047241, 0.10950476676225662, 0.18170246481895447, 0.23630858957767487, 0.20603834092617035, 0.0914854109287262, 0.7716190814971924, 0.3487083911895752, 0.4227047860622406, 0.013700615614652634, 0.4227217435836792, 0.0050664362497627735, 0.37019896507263184, 0.00865798071026802, 0.272997111082077, 0.8854866027832031, 0.006534131243824959, 0.31518101692199707, 0.7938598990440369, 0.3040103316307068, 1.8440626859664917, 0.8568013906478882, 1.0464318990707397, 0.04172458499670029, 0.0, 1.021664023399353, 0.0, 0.38258060812950134, 0.4096090495586395, 0.07792092114686966, 0.04861808940768242, 0.12355346232652664, 0.0, 0.8494250178337097, 0.022485099732875824, 0.02871306613087654, 0.021490326151251793, 0.0, 0.021671047434210777, 0.18668580055236816, 0.5431156754493713, 1.1660867929458618, 0.044442351907491684, 1.499932885169983, 0.38216033577919006, 0.1970125436782837, 0.4140179753303528, 0.9309608340263367, 0.07192333042621613, 0.0, 0.8565897345542908, 0.2290702909231186, 0.02268901653587818, 0.5426217913627625, 0.9987375736236572, 0.3924520015716553, 0.9666758179664612, 0.031152604147791862, 0.4599601924419403, 0.009548247791826725, 0.21392041444778442, 0.02463647536933422, 1.2422031164169312, 0.0, 0.35628268122673035, 0.6444068551063538, 2.6325438022613525, 0.02231820672750473, 0.8049028515815735, 0.3741867244243622, 0.05390746146440506, 0.030345512554049492, 0.25374236702919006, 0.31339600682258606, 2.1651008129119873, 0.055232711136341095, 0.04344525188207626, 1.082087516784668, 0.0, 0.3507540225982666, 0.9088959097862244, 0.7436493635177612, 0.04019555449485779, 0.25103941559791565, 0.11297664046287537, 1.0083893537521362, 2.191524028778076, 0.19615845382213593, 0.0, 0.0444287471473217, 0.0006828454206697643, 0.06608930230140686, 0.45498722791671753, 0.7583648562431335, 0.0, 1.1388800144195557, 0.12189915031194687, 1.2398253679275513, 0.4083947241306305, 0.37892472743988037, 0.0, 0.20383267104625702, 0.0, 0.16975753009319305, 0.05233873799443245, 0.3491611182689667, 0.40346893668174744, 0.38718974590301514, 0.3691358268260956, 0.5398743152618408, 0.14762349426746368, 0.05770871043205261, 0.1467888057231903, 0.4300594627857208, 0.09539350867271423, 0.2124250829219818, 0.9029086232185364, 0.05789134278893471, 1.658124327659607, 0.03396656736731529, 0.007262563332915306, 0.0, 2.540479898452759, 0.2833893895149231, 0.053356681019067764, 0.015196208842098713, 0.33129867911338806, 0.39058172702789307, 0.04693867266178131, 0.1263892650604248, 0.24850872159004211, 4.494540691375732, 0.009638124145567417, 0.11179100722074509, 0.25045865774154663, 0.05895683541893959, 0.5008204579353333, 0.08965633064508438, 0.11199044436216354, 0.0, 0.705228865146637, 0.024041658267378807, 1.2365485429763794, 0.21820157766342163, 0.34115755558013916, 0.35629644989967346, 0.33938100934028625, 0.25355613231658936, 0.5212480425834656, 0.10986563563346863, 0.0, 1.7196756601333618, 1.026938796043396, 0.37786608934402466, 0.1970197856426239, 0.3304681181907654, 0.02435566484928131, 0.2653491497039795, 0.7043514847755432, 0.0, 1.6308507919311523, 0.35845810174942017, 0.0, 0.8897612690925598, 0.09698579460382462, 0.005465312860906124, 0.0, 0.2646903991699219, 0.03269892930984497, 0.013947073370218277, 0.002166981576010585, 0.0, 0.0, 0.0, 0.8633614182472229, 0.09806368499994278, 0.04209556430578232, 0.04571620374917984, 0.06815516948699951, 1.0858855247497559, 1.8674798011779785, 0.2573397159576416, 0.037858910858631134, 0.3015185594558716, 0.18157851696014404, 0.4503953754901886, 0.0, 2.197023391723633, 0.6078652143478394, 0.37321972846984863, 0.07228956371545792, 0.15978719294071198, 2.1054563522338867, 0.0, 5.8897294998168945, 0.0, 2.2963645458221436, 0.9889205694198608, 0.04677595943212509, 0.6459839344024658, 0.6234301924705505, 0.10359666496515274, 0.25019922852516174, 0.2008841335773468, 0.009799020364880562, 0.0, 1.4903991222381592, 0.2495102435350418, 0.11163730174303055, 0.08245117962360382, 0.29981523752212524, 0.23069548606872559, 7.186130824266002e-05, 0.0, 0.0, 0.8573617935180664, 0.5980443358421326, 0.6821566820144653, 0.0342118926346302, 1.0244765281677246, 0.0, 0.39667725563049316, 0.0, 0.2824341952800751, 0.0, 1.4532029628753662, 0.40346500277519226, 0.23667892813682556, 0.703525722026825, 0.005604549311101437, 0.25720876455307007, 0.004611311946064234, 0.1187317967414856, 0.0, 0.02166534774005413, 0.0, 1.8097538948059082, 1.3171881437301636, 0.00010094593744724989, 0.1685982346534729, 1.0759693384170532, 4.643587589263916, 1.8127923011779785, 0.15255630016326904, 0.6303791403770447, 0.0003060224116779864, 0.018851934000849724, 0.38941115140914917, 0.0069153793156147, 0.6697578430175781, 1.0213783979415894, 0.9741165637969971, 0.0, 1.6017203330993652, 0.9272019267082214, 0.741349458694458, 0.616832435131073, 0.16771256923675537, 0.6984646320343018, 0.0, 0.4200859069824219, 0.8471689820289612, 0.0, 0.002608206821605563, 0.02018287405371666, 0.0, 0.0, 0.1007942482829094, 1.5196497440338135, 0.15189248323440552, 0.24128691852092743, 2.6884469985961914, 0.0, 1.0595943927764893, 0.15731342136859894, 0.0, 0.9208061099052429, 0.0571976974606514, 0.5550892353057861, 0.0, 0.7079615592956543, 3.336008071899414, 0.14863432943820953, 0.20927637815475464, 0.2168767899274826, 0.4156893789768219, 0.0029137281235307455, 0.017478767782449722, 1.6997748613357544, 0.06971671432256699, 1.4400137662887573, 0.07946717739105225, 0.0, 0.2524449825286865, 1.109419584274292, 0.21031621098518372, 0.0, 0.048054564744234085, 0.24773000180721283, 0.0, 1.0146645307540894, 0.9461663961410522, 0.0870678648352623, 0.1039581373333931, 0.034859199076890945, 0.185350239276886, 1.6630685329437256, 0.07476098090410233, 0.12369953095912933, 0.0, 0.02414618618786335, 0.023683227598667145, 0.0, 0.047196436673402786, 0.012345917522907257, 0.6088784337043762, 0.08877837657928467, 3.4333434104919434, 0.0, 0.23220926523208618, 0.6101928353309631, 0.23122037947177887, 0.14451290667057037, 0.18968799710273743, 0.2093265950679779, 2.057128667831421, 0.030329475179314613, 1.6593551635742188, 0.15332989394664764, 2.409181594848633, 0.1127387061715126, 0.12439797818660736, 0.2746056020259857, 0.6197907328605652, 3.192086696624756, 0.007205255329608917, 0.11084655672311783, 0.5232988595962524, 0.09305695444345474, 0.43783241510391235, 0.8943234086036682, 0.15082497894763947, 0.417830228805542, 0.0, 0.2507169246673584, 1.0950583219528198, 0.046884674578905106, 0.5807532668113708, 0.12072665989398956, 0.21923145651817322, 0.0365135483443737, 0.0, 2.1634724140167236, 0.28136536478996277, 0.32116904854774475, 0.24655990302562714, 0.025358015671372414, 0.1916397213935852, 0.0, 0.6536843180656433, 0.010277222841978073, 0.04716941714286804, 0.3960161507129669, 0.08071671426296234, 0.0, 0.4458504617214203, 0.011848741210997105, 0.21724864840507507, 0.0, 0.15510179102420807, 0.21020551025867462, 0.15480221807956696, 0.22459208965301514, 0.21422040462493896, 0.0, 5.178678035736084, 0.0, 0.6882229447364807, 0.6892427802085876, 0.7903493046760559, 3.5103330612182617, 0.5099874138832092, 0.05115753412246704, 1.9007467031478882, 0.24936966598033905, 0.2813473343849182, 1.221596598625183, 0.07926980406045914, 0.4511946439743042, 2.2672278881073, 0.2241353541612625, 0.04517371952533722, 0.23484650254249573, 0.05192522704601288, 0.0053825038485229015, 0.006793520879000425, 0.0, 1.1962196826934814, 0.22852173447608948, 0.2388661801815033, 0.5476201772689819, 0.5707657337188721, 0.9136536121368408, 0.05374389886856079, 2.5971102714538574, 0.12996163964271545, 0.0, 0.0, 0.5482457876205444, 0.0, 0.004111929796636105, 0.0004613277851603925, 0.9703331589698792, 0.0, 0.2960008978843689, 0.2615479826927185, 0.20767873525619507, 0.4453068971633911, 0.012384304776787758, 1.9191508293151855, 0.010711842216551304, 0.40022099018096924, 0.978767454624176, 0.09494578838348389, 0.056804049760103226, 2.8753092288970947, 0.9300071001052856, 0.0, 0.7558034062385559, 5.262015342712402, 1.5949980020523071, 0.021168038249015808, 0.0, 0.0, 0.2531886100769043, 0.03095470555126667, 0.07421352714300156, 0.32940077781677246, 0.0018082394963130355, 0.21436607837677002, 0.0, 0.37047362327575684, 1.6839386224746704, 0.5087319016456604, 0.5667724013328552, 0.13697664439678192, 0.35647985339164734, 0.0, 1.124295949935913, 0.04147588089108467, 0.0, 0.0, 0.5414550304412842, 0.07898346334695816, 0.16097378730773926, 1.070443868637085, 0.00221460685133934, 0.005287540145218372, 0.0, 0.1136387288570404, 1.3865087032318115, 0.03601623699069023, 1.1000632047653198, 0.005690810736268759, 0.11190677434206009, 0.6520795822143555, 0.0, 0.0, 0.22642415761947632, 0.19319891929626465, 0.0010737350676208735, 0.0, 0.0, 0.0, 0.012443100102245808, 1.1426056623458862, 0.0, 0.2246304303407669, 0.07450718432664871, 0.32564616203308105, 0.005850553512573242, 0.0622604563832283, 0.909903883934021, 1.9222548007965088, 0.11063437908887863, 0.0, 0.019457289949059486, 0.0, 0.32330191135406494, 0.48517459630966187, 0.15454021096229553, 0.0, 0.17834728956222534, 0.21226486563682556, 0.8655171394348145, 0.057258278131484985, 0.08668989688158035, 2.786935329437256, 0.31123223900794983, 0.08964023739099503, 0.04269150272011757, 0.017185404896736145, 0.5903269052505493, 0.051072295755147934, 1.3452647924423218, 0.023967990651726723, 0.9549956917762756, 0.2824060022830963, 0.8563020825386047, 1.3273462057113647, 0.4223531484603882, 0.35405614972114563, 1.9355595111846924, 0.0227099247276783, 4.128206729888916, 0.6183871626853943, 3.3270254135131836, 0.12683925032615662, 0.0, 0.14244453608989716, 0.06163211911916733, 0.00468650134280324, 0.009507938288152218, 0.04249819368124008, 0.1181034967303276, 0.0, 0.13014362752437592, 0.26000604033470154, 0.0, 0.021296722814440727, 0.24774208664894104, 2.1446902751922607, 0.031902629882097244, 0.037427324801683426, 0.17714717984199524, 0.511317789554596, 0.07743184268474579, 0.059750985354185104, 0.20040932297706604, 0.0, 0.44927963614463806, 0.9517176747322083, 0.0, 0.13981559872627258, 4.359221458435059, 0.11380917578935623, 1.5533074140548706, 0.14197443425655365, 0.8140652775764465, 0.20917467772960663, 0.2064729779958725, 0.029675180092453957, 0.13848762214183807, 0.395428866147995, 0.019464988261461258, 0.5574964284896851, 0.07638011872768402, 0.0, 0.04370662569999695, 0.0, 0.6914129257202148, 0.4481038451194763, 0.3313060700893402, 0.0, 0.4824264943599701, 1.2972990274429321, 0.8886929154396057, 2.32151460647583, 0.7605546712875366, 0.3456873297691345, 0.21828295290470123, 0.08871655911207199, 0.20043690502643585, 0.07993923872709274, 0.1542007178068161, 0.019367938861250877, 0.3530500829219818, 2.442579984664917, 0.857853353023529, 0.2385188192129135, 0.5112841725349426, 0.15761485695838928, 0.0, 1.9887081384658813, 0.0, 0.0, 0.19308054447174072, 0.7981625199317932, 2.81260085105896, 0.07892525941133499, 0.14691539108753204, 0.49045056104660034, 0.6339015364646912, 0.7146570682525635, 0.2242632508277893, 1.0358405113220215, 0.16752541065216064, 1.4501771926879883, 0.593769371509552, 4.985998153686523, 0.4478611946105957, 0.042549192905426025, 0.27756696939468384, 1.6919194459915161, 0.0, 0.0, 1.6086180210113525, 0.03281927481293678, 2.101609230041504, 0.01737617887556553, 1.2449829578399658, 0.12690138816833496, 0.0, 0.02331208623945713, 0.3206404149532318, 0.03375387564301491, 0.21316072344779968, 0.055800966918468475, 0.0932675302028656, 0.724060595035553, 0.2220771610736847, 0.03520689159631729, 0.09737681597471237, 0.05084195360541344, 0.04730813205242157, 0.0, 1.233096718788147, 0.003865349106490612, 0.0, 0.04029383137822151, 0.0, 0.05231814086437225, 0.017892299219965935, 5.7220072746276855, 0.1540079116821289, 0.13714157044887543, 0.6426342725753784, 0.07360696792602539, 0.13376478850841522, 0.6404091715812683, 0.14421436190605164, 1.2084389925003052, 0.12024295330047607, 0.010023141279816628, 0.5519905686378479, 0.008324709720909595, 0.03733765333890915, 0.0, 0.9757652878761292, 2.5999627113342285, 0.06631270796060562, 0.6254606246948242, 0.09965690225362778, 0.28246113657951355, 0.05348361283540726, 0.2701704502105713, 1.5002213716506958, 0.12536002695560455, 0.18747298419475555, 0.0, 1.9864035844802856, 0.9917352795600891, 0.20361633598804474, 0.0, 0.0, 0.15021207928657532, 0.2835000157356262, 0.015590181574225426, 0.004247254226356745, 0.5107386112213135, 0.00490716053172946, 0.3754476308822632, 0.2626879811286926, 2.5394558906555176, 0.5667886734008789, 0.2135941982269287, 2.0380938053131104, 0.15540389716625214, 0.07389909029006958, 0.14700612425804138, 0.8600507974624634, 0.6806831955909729, 0.06387864053249359, 0.935246467590332, 0.2166847288608551, 0.025468895211815834, 0.0, 0.03675774484872818, 0.014324912801384926, 0.011462338268756866, 1.572396159172058, 1.881499171257019, 0.17402896285057068, 2.2133209705352783, 0.1549651026725769, 0.037159886211156845, 0.004599949344992638, 0.35187795758247375, 0.006823096890002489, 0.03688732534646988, 0.03830438852310181, 0.1230887770652771, 0.34550294280052185, 0.759867787361145, 1.1493136882781982, 0.0, 0.08506319671869278, 1.452602505683899, 0.7299737930297852, 0.3254196345806122, 0.4665249288082123, 0.20491237938404083, 0.23055513203144073, 0.08493170142173767, 0.04087073355913162, 0.5265596508979797, 0.10191996395587921, 0.1178821474313736, 0.0, 0.37371110916137695, 0.0, 1.798457384109497, 0.19349680840969086, 0.0, 1.1348133087158203, 0.014548837207257748, 0.003386200638487935, 0.07670772075653076, 0.29155075550079346, 0.06009823828935623, 0.08583913743495941, 0.021385563537478447, 0.03009922429919243, 0.10754047334194183, 0.5348919630050659, 0.24343273043632507, 0.17214393615722656, 0.0, 0.19856445491313934, 0.021994853392243385, 0.09233683347702026, 0.012154292315244675, 0.7522799372673035, 1.4433813095092773, 0.5390340685844421, 0.28514665365219116, 0.08648328483104706, 0.0, 1.136927604675293, 1.3421967029571533, 0.07454928755760193, 0.3841727375984192, 1.601248025894165, 0.025638677179813385, 0.0, 1.1957670450210571, 0.0, 1.11294686794281, 0.07428335398435593, 0.7718175649642944, 0.17674675583839417, 0.2969011664390564, 0.3132072687149048, 0.0, 0.6847627758979797, 1.1908413171768188, 0.5206222534179688, 1.4915822744369507, 0.17020490765571594, 0.17712293565273285, 0.0, 0.0430002398788929, 0.11003457009792328, 0.2592051029205322, 3.187901735305786, 0.9592076539993286, 0.25648653507232666, 5.247848987579346, 0.512096643447876, 0.2767479419708252, 0.0, 3.2883503437042236, 0.05961887165904045, 2.5583698749542236, 0.3412133455276489, 0.05563589185476303, 0.18748939037322998, 0.5741385221481323, 0.9373815059661865, 0.7192336320877075, 0.11437317728996277, 0.6377062201499939, 0.0055897431448102, 0.460726797580719, 0.10336998850107193, 0.0874970555305481, 0.5206401944160461, 2.713569402694702, 0.8625584244728088, 0.0, 0.5558650493621826, 0.017156237736344337, 1.0826501846313477, 0.09929526597261429, 1.490439772605896, 0.0, 0.33275556564331055, 0.28114819526672363, 1.3268935680389404, 0.13313695788383484, 0.19568343460559845, 0.0, 2.0045056343078613, 0.1274527758359909, 0.2626020014286041, 0.027668634429574013, 0.35308101773262024, 0.19248442351818085, 0.05312268063426018, 0.0, 2.7142088413238525, 0.0, 0.0, 0.7388015985488892, 1.17240309715271]",Testing/glioma_tumor/image(18).jpg
"[0.6671900153160095, 1.1042600870132446, 0.0, 0.28893184661865234, 2.5462141036987305, 0.22282077372074127, 2.1054627895355225, 0.25610560178756714, 0.20941434800624847, 0.0, 0.0, 0.1341191530227661, 0.036087073385715485, 0.6307873129844666, 0.21681958436965942, 0.21844513714313507, 1.619631052017212, 0.8748223185539246, 0.420647531747818, 0.008303598500788212, 0.21966812014579773, 1.2084366083145142, 0.48396986722946167, 0.04906186833977699, 0.2956088185310364, 0.3714289665222168, 2.0434417724609375, 0.5671567916870117, 0.11366409808397293, 0.0, 0.26704859733581543, 0.7461940050125122, 0.0015779612585902214, 0.24826954305171967, 1.3150269985198975, 1.1512913703918457, 0.0, 0.5245781540870667, 0.1278761625289917, 0.7577404379844666, 0.730689287185669, 1.0040981769561768, 0.11210120469331741, 0.6611342430114746, 0.0013153845211490989, 0.01852313056588173, 0.0, 0.0, 0.019593317061662674, 0.28665944933891296, 1.5687413215637207, 0.047421522438526154, 1.7216815948486328, 0.014126709662377834, 0.35326695442199707, 0.4724869132041931, 0.5123108625411987, 0.6484248638153076, 1.0377681255340576, 0.044698573648929596, 0.9658089280128479, 0.8806156516075134, 0.2096235156059265, 0.19447651505470276, 0.06006816774606705, 0.36081430315971375, 1.9273347854614258, 0.45809414982795715, 3.409193992614746, 0.028690669685602188, 0.26738443970680237, 0.6910263299942017, 0.12437314540147781, 0.35748130083084106, 0.08794596791267395, 0.0, 0.5481197834014893, 0.5196772813796997, 0.0, 1.4833523035049438, 0.4307231903076172, 2.027804374694824, 0.341795951128006, 0.4906299412250519, 1.6643352508544922, 0.0, 1.0626461505889893, 0.24425405263900757, 0.0898851677775383, 0.24084490537643433, 0.9433509707450867, 0.6829014420509338, 0.7816134095191956, 1.774430274963379, 1.4180119037628174, 0.3013745844364166, 1.1673245429992676, 0.21439889073371887, 0.30423519015312195, 0.19677014648914337, 0.9322748780250549, 0.29506704211235046, 0.06039653345942497, 0.1229805052280426, 1.0884885787963867, 1.159932255744934, 1.7947946786880493, 1.3453007936477661, 0.39764276146888733, 2.7939822673797607, 0.21164195239543915, 0.06982634216547012, 0.09869079291820526, 0.27194976806640625, 0.07152953743934631, 0.09964674711227417, 0.02179728075861931, 0.17850549519062042, 0.03292670100927353, 1.003814697265625, 0.3709356486797333, 0.025789571925997734, 0.16215942800045013, 0.017063559964299202, 0.07571475952863693, 0.11107556521892548, 0.23124639689922333, 1.5305490493774414, 2.149723529815674, 0.0, 0.049421899020671844, 2.2716305255889893, 0.05382496863603592, 0.13871021568775177, 0.3290511965751648, 0.16891805827617645, 0.8823145031929016, 0.843265950679779, 0.0, 0.071762315928936, 0.0, 2.361741542816162, 0.0, 0.25115737318992615, 0.1596984714269638, 0.4213606119155884, 0.29601186513900757, 2.6159169673919678, 0.7840250134468079, 0.0, 4.059700012207031, 0.11465781182050705, 0.4168781340122223, 0.0, 0.4929370880126953, 0.35820847749710083, 0.04158959910273552, 0.6545420289039612, 2.6245596408843994, 0.04102601855993271, 1.9084665775299072, 1.0025209188461304, 0.017105180770158768, 0.7451521158218384, 0.0070620751939713955, 0.8321362733840942, 0.5125802755355835, 0.2908199429512024, 0.0, 9.854572296142578, 0.1496821641921997, 0.03758993372321129, 1.6814109086990356, 0.0, 2.094083309173584, 0.2878949046134949, 0.08008353412151337, 0.6381595730781555, 1.0409499406814575, 0.17270463705062866, 0.024695370346307755, 0.5299080014228821, 1.0846366882324219, 0.13993912935256958, 0.2752571105957031, 0.4761081635951996, 1.1911773681640625, 1.7505156993865967, 0.15289095044136047, 0.06902377307415009, 0.0, 0.27042073011398315, 0.02588674984872341, 0.042572006583213806, 0.7184455394744873, 0.32817012071609497, 0.0, 0.06890488415956497, 0.5666049718856812, 0.24558450281620026, 0.06909185647964478, 1.130062460899353, 2.0485150814056396, 0.00384037964977324, 2.9070780277252197, 0.5526163578033447, 0.7981175184249878, 0.028326163068413734, 0.020383702591061592, 0.2695092260837555, 0.43700119853019714, 0.1797623485326767, 0.5970495343208313, 0.8408038020133972, 0.6790112853050232, 0.0, 0.028380388393998146, 0.958281397819519, 0.7456865906715393, 0.0, 0.5804888010025024, 0.0, 2.7886462211608887, 0.12432442605495453, 0.008140544407069683, 1.125832200050354, 0.023732071742415428, 0.0985487625002861, 1.2991843223571777, 0.5555611848831177, 0.4101676046848297, 1.057946801185608, 0.89495849609375, 0.18107955157756805, 0.537646472454071, 1.304396629333496, 0.1331731677055359, 0.6619237065315247, 0.0, 0.15352699160575867, 0.12937630712985992, 0.5443138480186462, 0.4663199186325073, 0.09085024893283844, 0.5665513873100281, 0.7873921394348145, 0.7212040424346924, 1.0408819913864136, 1.5549798011779785, 0.23007595539093018, 1.508394718170166, 0.7512710094451904, 0.7347142696380615, 1.2147787809371948, 0.20328405499458313, 1.3422387838363647, 0.4536081552505493, 1.2682733535766602, 0.032380662858486176, 0.3225463330745697, 1.0050384998321533, 0.01103564165532589, 1.0081998109817505, 1.2867852449417114, 0.0, 0.051919907331466675, 0.07389485836029053, 0.19146578013896942, 0.05347045138478279, 0.09840624034404755, 0.14485357701778412, 0.3120380640029907, 1.2795135974884033, 0.5169017314910889, 1.933420181274414, 0.3567233979701996, 1.4175266027450562, 1.5786185264587402, 2.4110870361328125, 0.0740729570388794, 0.2758629322052002, 0.3105506896972656, 3.080547332763672, 0.8197702169418335, 1.0364933013916016, 3.549525260925293, 1.1563081741333008, 0.4111563563346863, 0.3715705871582031, 0.6415812969207764, 1.6822657585144043, 0.14594951272010803, 0.08319053053855896, 1.9434711933135986, 0.5535163283348083, 1.0416737794876099, 0.05263643339276314, 0.1613120436668396, 0.0, 0.08813893049955368, 0.2794618010520935, 0.380446195602417, 2.367691993713379, 0.39277106523513794, 0.5085048079490662, 1.4222944974899292, 0.6253376603126526, 1.060371994972229, 0.2759001851081848, 0.249323770403862, 0.010445120744407177, 0.6585968732833862, 0.14431853592395782, 1.0988739728927612, 0.1750195026397705, 0.16069701313972473, 1.2925482988357544, 0.04676397144794464, 0.0043253218755126, 0.1531929224729538, 0.128462016582489, 3.006366014480591, 0.406528502702713, 0.18601587414741516, 0.09833627939224243, 0.008825034834444523, 0.0007367961225099862, 0.016889754682779312, 2.7464332580566406, 0.46223941445350647, 1.2601292133331299, 0.43924957513809204, 1.94368577003479, 0.2022409290075302, 0.003215135307982564, 0.003288210602477193, 0.43027207255363464, 0.8921654224395752, 0.22460077702999115, 0.5559466481208801, 1.2898513078689575, 0.05796463042497635, 0.0847974494099617, 0.42902567982673645, 0.02221447043120861, 0.44634681940078735, 0.009241276420652866, 0.0358203686773777, 0.0, 0.24093963205814362, 0.03588413819670677, 0.0, 0.43374431133270264, 0.0, 0.3141200840473175, 0.03574787452816963, 0.8170891404151917, 0.06128858029842377, 0.8372886776924133, 0.882158100605011, 0.008564973250031471, 0.25002357363700867, 0.023811794817447662, 0.5467029213905334, 0.6919392347335815, 0.5305042266845703, 0.1589284986257553, 0.2045014500617981, 0.8897881507873535, 0.5921511650085449, 0.023881306871771812, 0.10493705421686172, 0.41991540789604187, 2.495368480682373, 0.24992993474006653, 0.7983159422874451, 1.6559866666793823, 3.6938822269439697, 0.664710283279419, 0.0752195492386818, 0.14618270099163055, 0.2150321900844574, 0.8320527076721191, 0.17012475430965424, 0.13939794898033142, 0.06787597388029099, 0.5038467049598694, 0.33431482315063477, 1.0114023685455322, 0.13563109934329987, 0.09768535941839218, 0.1315009593963623, 3.2779879570007324, 0.47099143266677856, 0.03592929244041443, 3.1887829303741455, 0.5339856147766113, 0.4707111716270447, 0.18661849200725555, 1.0529122352600098, 0.07491441071033478, 0.0, 0.2959301471710205, 0.8184776902198792, 0.003928814548999071, 2.992516279220581, 0.38084208965301514, 0.16116541624069214, 0.5328627228736877, 0.5124359726905823, 0.2772486209869385, 0.1090770810842514, 0.8381019234657288, 0.15303899347782135, 0.016328508034348488, 0.1994251012802124, 0.0, 0.34635886549949646, 0.22222714126110077, 0.014900981448590755, 2.4933247566223145, 0.0942428857088089, 0.22308768332004547, 0.9960939288139343, 0.0, 0.6586064100265503, 0.10496009141206741, 2.283442497253418, 2.7753944396972656, 0.07717270404100418, 0.8071518540382385, 0.6969980001449585, 1.8400624990463257, 1.1410249471664429, 0.7646188735961914, 0.30011123418807983, 0.020084137097001076, 1.7776752710342407, 0.7160696983337402, 0.12001772224903107, 0.5727848410606384, 0.037409454584121704, 0.4697941243648529, 0.1676933318376541, 2.0491671562194824, 1.1061348915100098, 0.048588525503873825, 2.278320789337158, 0.06338583678007126, 0.08271753787994385, 0.03701802343130112, 0.028653202578425407, 1.1079131364822388, 0.0, 0.035047419369220734, 0.1509815752506256, 2.1675403118133545, 0.25732722878456116, 0.7405240535736084, 2.850917339324951, 0.4683835208415985, 1.3448131084442139, 0.4581287205219269, 0.23987889289855957, 0.05035475268959999, 0.8432105183601379, 0.008907230570912361, 0.857610285282135, 0.6838610768318176, 1.0984171628952026, 2.117095708847046, 0.0, 0.34257975220680237, 0.5935847163200378, 0.14416849613189697, 0.46784472465515137, 1.0908576250076294, 0.24591770768165588, 0.0077387141063809395, 2.716667890548706, 2.710465431213379, 0.07313843816518784, 0.29290369153022766, 0.05903184786438942, 0.3549790382385254, 0.0, 0.07976225018501282, 0.0, 0.15723274648189545, 0.04616454243659973, 0.23016782104969025, 0.4123430848121643, 0.13825353980064392, 0.31413277983665466, 0.10254619270563126, 0.7861987352371216, 0.4109428822994232, 0.7729891538619995, 0.9117699265480042, 0.4450610280036926, 0.02944556623697281, 1.0250334739685059, 0.04288334399461746, 1.9845167398452759, 1.1963236331939697, 1.0482128858566284, 0.0, 0.059838734567165375, 0.13142991065979004, 0.4139372408390045, 0.18245914578437805, 0.3160600960254669, 0.10357259213924408, 0.7134732007980347, 0.16782991588115692, 1.9356328248977661, 1.8013520240783691, 0.015877731144428253, 0.09203916788101196, 0.4830440580844879, 0.06637360155582428, 1.1653965711593628, 0.11246557533740997, 0.22268255054950714, 0.03231523558497429, 0.26908692717552185, 0.04967162013053894, 0.0, 1.0969665050506592, 0.781440794467926, 0.5274851322174072, 1.406349539756775, 1.0410925149917603, 2.9475932121276855, 0.05987778306007385, 0.0, 8.323391914367676, 0.488296240568161, 0.42989209294319153, 0.08999292552471161, 0.0, 0.13676291704177856, 0.2599615454673767, 0.2769329845905304, 0.45602548122406006, 0.05831361189484596, 0.032622840255498886, 0.0, 1.8787580728530884, 0.06589391082525253, 0.0, 0.0311706755310297, 0.0941949412226677, 0.017729323357343674, 0.1384962797164917, 1.9207971096038818, 0.1476685255765915, 0.0, 0.0999455526471138, 0.13638430833816528, 0.9614661335945129, 0.14206090569496155, 0.9626195430755615, 0.3342256247997284, 0.017162060365080833, 0.0006957309669815004, 0.010305890813469887, 0.00028564006788656116, 1.9606833457946777, 0.19903725385665894, 0.0, 0.16114036738872528, 0.15130630135536194, 0.2719991207122803, 0.23241426050662994, 0.6643691062927246, 0.01089986227452755, 1.0221091508865356, 0.3016375005245209, 0.01845315843820572, 1.6983957290649414, 0.0, 0.0, 0.36979585886001587, 0.9003901481628418, 0.32040470838546753, 1.2662384510040283, 0.0, 0.04144228622317314, 0.22796547412872314, 0.12845741212368011, 0.14569224417209625, 0.8531323075294495, 0.0, 0.4300783574581146, 0.20568186044692993, 1.0720487833023071, 0.6059805154800415, 0.0, 1.832321047782898, 1.1129374504089355, 0.029362596571445465, 2.2743215560913086, 0.3409169316291809, 0.3139583468437195, 0.9099580645561218, 0.37144434452056885, 0.7605081796646118, 1.2024658918380737, 3.8983137607574463, 0.07315285503864288, 0.8832520246505737, 2.045956611633301, 0.005457605700939894, 0.05978130176663399, 1.4295927286148071, 0.20322658121585846, 0.27328842878341675, 0.09570764750242233, 1.1338412761688232, 1.5561493635177612, 0.7834595441818237, 1.6679309606552124, 0.2462628185749054, 0.381244033575058, 0.18567365407943726, 0.16294318437576294, 0.3892413079738617, 0.0, 0.05986747890710831, 0.01865038089454174, 0.3975279629230499, 0.08444128930568695, 0.8960112929344177, 0.055141713470220566, 0.012766779400408268, 0.7855585217475891, 0.2723511755466461, 1.7190837860107422, 1.6533403396606445, 0.12458240985870361, 0.5333347320556641, 0.02007056586444378, 0.08292918652296066, 0.03876011073589325, 0.5393170714378357, 0.4530165195465088, 3.1690573692321777, 0.1161203384399414, 0.0, 0.2732410132884979, 0.24748043715953827, 0.28662124276161194, 0.046808961778879166, 0.6583765149116516, 0.016144193708896637, 1.3922003507614136, 1.5935118198394775, 0.04577784612774849, 0.008972221054136753, 1.6446982622146606, 0.0011805903632193804, 0.022849049419164658, 0.03557749465107918, 5.189177989959717, 0.8408063650131226, 1.471891164779663, 0.018445279449224472, 0.06654344499111176, 0.6969449520111084, 0.2136513888835907, 0.02273792214691639, 0.3771075904369354, 0.3221292197704315, 0.6328223347663879, 0.6563365459442139, 0.06396421045064926, 0.4896126985549927, 0.25339651107788086, 1.1476088762283325, 0.9654430747032166, 0.21215802431106567, 0.37753814458847046, 0.0, 2.657489061355591, 0.024530109018087387, 0.4144379496574402, 0.828429639339447, 0.5372123718261719, 0.461539089679718, 0.5930367708206177, 0.2006654143333435, 0.21691972017288208, 0.12212200462818146, 0.04744980111718178, 0.07836414873600006, 2.3741602897644043, 1.229247808456421, 0.011864961124956608, 0.19566009938716888, 0.9363236427307129, 0.10435164719820023, 0.5108233094215393, 0.36878764629364014, 0.7997035384178162, 0.3249175548553467, 1.0548332929611206, 0.2672906219959259, 0.6364558339118958, 0.046447452157735825, 3.2916221618652344, 0.0, 0.07795663177967072, 0.03245294466614723, 0.16153128445148468, 0.4195683002471924, 0.21187236905097961, 0.04793519526720047, 0.4874993562698364, 0.0, 0.2123156189918518, 2.80356764793396, 1.6743468046188354, 0.697083592414856, 0.5265582203865051, 2.658665895462036, 0.6422482132911682, 0.06390269845724106, 0.47394242882728577, 0.4092163145542145, 0.150758758187294, 0.09858029335737228, 0.08923789113759995, 0.24558228254318237, 0.1273042857646942, 0.4609934389591217, 0.7951140999794006, 1.0206506252288818, 0.047931037843227386, 0.08685825020074844, 0.07643076032400131, 0.0950712114572525, 0.3469218909740448, 0.41027718782424927, 0.5230119824409485, 2.485618829727173, 0.25273221731185913, 0.010657482780516148, 2.0206499099731445, 0.23856784403324127, 0.6046561002731323, 0.5347201824188232, 0.4662424623966217, 0.2288435399532318, 0.6172103881835938, 0.776630163192749, 0.40568429231643677, 0.475018709897995, 0.1739015430212021, 0.0, 0.007393987849354744, 0.06709703803062439, 0.5158994197845459, 2.0109381675720215, 0.1436002254486084, 0.0, 0.36174654960632324, 0.0, 1.9030942916870117, 1.0417181253433228, 0.03706560656428337, 0.014814411289989948, 0.14969812333583832, 0.0546419657766819, 0.23041647672653198, 0.08010463416576385, 1.7994716167449951, 0.3079218566417694, 0.1972731351852417, 0.2604973316192627, 0.38641953468322754, 2.8190083503723145, 0.5360881090164185, 0.3018130958080292, 1.0567567348480225, 0.067155621945858, 5.756321430206299, 0.3303243815898895, 0.7420068979263306, 0.14021682739257812, 2.128999710083008, 0.32621076703071594, 0.7175781726837158, 0.371257483959198, 3.5455596446990967, 0.2701267600059509, 0.8125615119934082, 0.015357771888375282, 0.23274683952331543, 0.33686769008636475, 0.3288620412349701, 0.0, 0.46741119027137756, 2.6105241775512695, 0.13423001766204834, 3.680567502975464, 4.468554973602295, 0.7440946698188782, 1.2358098030090332, 0.6496806740760803, 1.124897837638855, 0.691542387008667, 0.19832304120063782, 0.7279269099235535, 1.8154420852661133, 0.1524956226348877, 2.5060818195343018, 3.9823477268218994, 0.2037511169910431, 0.04813222587108612, 0.08141237497329712, 0.1793745756149292, 1.492972493171692, 0.0, 0.745882511138916, 0.5902265906333923, 0.08061835914850235, 0.3683452308177948, 0.892841637134552, 1.3697017431259155, 0.09939602762460709, 0.02318083494901657, 0.14372576773166656, 0.060795120894908905, 0.08348521590232849, 3.1097564697265625, 0.008915157988667488, 0.08747117221355438, 0.5075087547302246, 0.7541346549987793, 0.024448808282613754, 0.8426413536071777, 2.1865808963775635, 0.18623411655426025, 0.2353588342666626, 0.04498666524887085, 1.8750003576278687, 0.0631045550107956, 0.9491365551948547, 0.5564755201339722, 0.0, 0.3483997583389282, 1.8840453624725342, 0.2610178291797638, 0.563042402267456, 0.8712750673294067, 0.015082637779414654, 0.0, 0.8094810843467712, 3.0494425296783447, 0.47341954708099365, 0.5477314591407776, 0.48424214124679565, 0.11721805483102798, 0.9443133473396301, 0.009987154975533485, 0.0712246224284172, 2.7823734283447266, 1.6658254861831665, 3.169957160949707, 0.2903321385383606, 0.08999164402484894, 0.024140117689967155, 1.426266074180603, 0.2568244934082031, 0.33315470814704895, 0.3299720287322998, 0.979108989238739, 0.10355683416128159, 2.3901021480560303, 0.872477650642395, 0.007556752301752567, 0.7824351787567139, 0.0, 0.04240195453166962, 0.20102660357952118, 3.4097537994384766, 0.10807837545871735, 0.15200334787368774, 0.200222909450531, 0.0, 0.8016008734703064, 0.12124790251255035, 0.062345247715711594, 1.7320555448532104, 0.049145035445690155, 2.10335373878479, 0.091851606965065, 0.015394787304103374, 2.123215913772583, 2.2981815338134766, 0.39770063757896423, 0.1981503814458847, 0.23880285024642944, 1.7629146575927734, 0.0, 0.025556281208992004, 0.5670657157897949, 0.14559051394462585, 1.237835168838501, 0.22946612536907196, 0.7508201599121094, 0.6002169847488403, 0.739466667175293, 0.0021091140806674957, 1.179919719696045, 0.25853362679481506, 0.0, 0.08051605522632599, 0.07920708507299423, 0.07363899052143097, 1.077483057975769, 0.36560145020484924, 0.0401441715657711, 1.5865436792373657, 2.1260485649108887, 2.1379334926605225, 1.062257170677185, 1.7426215410232544, 0.07973553985357285, 0.8035520315170288, 1.5413002967834473, 1.1716630458831787, 0.0, 2.227911949157715, 0.12143146991729736, 1.2730101346969604, 0.02984064258635044, 0.0, 0.08758606016635895, 0.030615272000432014, 0.6318460702896118, 0.238564595580101, 0.18467871844768524, 0.43509674072265625, 0.0, 0.20359864830970764, 0.37894970178604126, 0.1285233348608017, 0.5862699151039124, 0.03286534547805786, 0.4632740914821625, 1.0394924879074097, 0.4650486409664154, 0.05243341624736786, 0.02557583712041378, 0.4483758509159088, 0.29482802748680115, 1.025842308998108, 0.2663436532020569, 0.2256830781698227, 0.6693209409713745, 0.006250615231692791, 0.8928837776184082, 0.545151948928833, 0.7030482888221741, 0.898899495601654, 0.09776222705841064, 0.12451407313346863, 0.2795219421386719, 0.39318349957466125, 0.2915852665901184, 0.07891703397035599, 0.5767676830291748, 0.28264689445495605, 0.3302058279514313, 1.467411994934082, 0.0, 2.4529948234558105, 1.2242720127105713, 0.6229035258293152, 0.07100725919008255, 0.04905454441905022, 0.01812419667840004, 0.8590481877326965, 0.11600576341152191, 0.2232254594564438, 0.10881112515926361, 0.09697188436985016, 0.0025634351186454296, 0.6387593150138855, 0.012540225870907307, 0.19946150481700897, 0.8076410293579102, 0.9375335574150085, 0.1572255641222, 0.11765429377555847, 0.07511463761329651, 0.02306881733238697, 0.43952688574790955, 1.7661607265472412, 0.9574689269065857, 0.0, 0.4563083350658417, 1.0044877529144287, 3.359675407409668, 0.24571749567985535, 0.5636715888977051, 4.156151294708252, 0.2221430540084839, 0.12484896928071976, 0.4248380959033966, 0.0, 0.6897058486938477, 0.6140563488006592, 0.5202174782752991, 0.769322395324707, 0.7267046570777893, 1.4719772338867188, 3.7456960678100586, 0.2122909426689148, 0.24039524793624878, 0.03205156698822975, 0.21719597280025482, 0.5892757773399353, 0.11765044927597046, 0.6050460338592529, 0.05425452068448067, 0.004173714201897383, 0.3335368037223816, 0.5851278305053711, 0.3991956114768982, 0.12927623093128204, 1.3016481399536133, 0.09009505063295364, 0.9867209792137146, 0.18592146039009094, 0.1901238113641739, 0.039172857999801636, 0.19856955111026764, 0.9539957642555237, 0.06517336517572403, 0.46173176169395447, 0.026088040322065353, 1.1287872791290283, 0.30230048298835754, 0.018821293488144875, 0.28491589426994324, 0.21900136768817902, 0.3096366226673126, 0.08378463238477707, 0.12010663747787476, 0.07288916409015656, 0.2507823705673218, 0.0396370030939579, 0.04878172278404236, 0.2712372839450836, 0.3894648253917694, 0.4148697257041931, 0.3028292655944824, 0.04619843512773514, 0.3290519714355469, 0.0, 0.09203949570655823, 0.09324232488870621, 0.06602076441049576, 0.19197067618370056, 0.01098460890352726, 0.024395743384957314, 0.0, 0.5041100382804871, 3.3955628871917725, 0.013902445323765278, 0.016677500680088997, 1.4281833171844482, 0.5568051934242249, 0.0, 0.22202767431735992, 0.3880750238895416, 0.0, 1.5994378328323364, 1.3228962421417236, 0.5169797539710999, 4.91658878326416, 0.3336254060268402, 0.5806183218955994, 0.008414268493652344, 0.5941509008407593, 1.0367975234985352, 0.3467545807361603, 0.08959350734949112, 0.018647179007530212, 0.07380544394254684, 0.5431727170944214, 2.9190940856933594, 0.02136039175093174, 1.0114243030548096, 0.006512023974210024, 0.3927154541015625, 0.2968021631240845, 0.3363693058490753, 1.0781219005584717, 0.8239262700080872, 0.13480235636234283, 0.18469376862049103, 0.5139729380607605, 3.312986373901367, 0.09157375246286392, 0.03481972962617874, 0.2238478809595108, 0.11943477392196655, 0.761942982673645, 1.267586350440979, 0.20935165882110596, 2.3009984493255615, 0.15782280266284943, 0.10084838420152664, 0.0006673189927823842, 0.0691118985414505, 0.33784353733062744, 2.385606288909912, 1.1761174201965332, 0.16924501955509186, 0.48404842615127563, 0.24988676607608795, 0.5846792459487915, 0.10515177249908447, 0.2834031879901886, 0.2720690667629242, 1.988936185836792, 0.0, 0.07636954635381699, 0.29521602392196655, 0.1414196938276291, 0.1433785855770111, 0.04786456376314163, 0.01399235799908638, 0.1965617686510086, 0.804773211479187, 0.008448445238173008, 0.05504433065652847, 0.9701095819473267, 0.4022082984447479, 0.0, 0.0, 0.0, 0.019980549812316895, 0.05656564608216286, 0.5055021047592163, 0.307546466588974, 0.17161871492862701, 0.431749552488327, 0.617664098739624, 0.5706743597984314, 1.1959288120269775, 0.014667924493551254, 0.21346497535705566, 0.9096766710281372, 0.0314352884888649, 0.0, 0.7257608771324158, 0.21695581078529358, 0.463381290435791, 0.32018840312957764, 0.1869918704032898, 0.7345660328865051, 1.2567737102508545, 0.26580291986465454, 0.0, 0.514421284198761, 0.0, 0.05190051347017288, 0.006751773413270712, 0.014089549891650677, 0.4512900412082672, 0.12181797623634338, 0.589050829410553, 0.020856112241744995, 0.06311625987291336, 3.366323709487915, 0.3283193111419678, 0.07800957560539246, 0.8134398460388184, 0.0, 0.05965898558497429, 0.825634241104126, 0.1274358481168747, 0.3329576849937439, 0.19516009092330933, 0.4121750295162201, 0.03158511966466904, 0.011291280388832092, 1.0776549577713013, 0.01884504221379757, 0.13624078035354614, 0.3059599995613098, 0.1310761570930481, 0.9224528074264526, 0.3415524959564209, 0.32519903779029846, 0.37607312202453613, 1.3127180337905884, 0.19553469121456146, 0.0391339510679245, 2.6871895790100098, 0.08645341545343399, 0.898017406463623, 0.4054638743400574, 0.41271138191223145, 0.015521134249866009, 2.9892566204071045, 0.290605753660202, 0.6481060981750488, 0.5218239426612854, 0.610049843788147, 0.050843968987464905, 0.03155159577727318, 0.40925049781799316, 0.0, 0.3981226980686188, 0.1435718834400177, 0.0, 0.07356768846511841, 1.6579372882843018, 0.5664510726928711, 0.12329047173261642, 2.4396297931671143, 0.01786315254867077, 0.23366987705230713, 0.488055020570755, 0.07778315991163254, 0.4422371983528137, 0.0045364657416939735, 0.7732725143432617, 0.037607986479997635, 0.43452826142311096, 1.25662362575531, 0.028695812448859215, 0.9603458046913147, 0.010339233092963696, 0.42739078402519226, 0.9462577104568481, 1.3634486198425293, 1.1014699935913086, 1.5389207601547241, 0.8922091126441956, 0.0, 0.03295455500483513, 0.0801808163523674, 0.9146497845649719, 0.29042521119117737, 0.4571335017681122, 0.16919510066509247, 0.09709875285625458, 0.3826424777507782, 0.8143774271011353, 1.4134455919265747, 0.3118428587913513, 0.0, 0.2420639544725418, 0.5692973732948303, 0.0195606779307127, 0.5093697309494019, 2.3617470264434814, 2.0296719074249268, 0.11125461757183075, 1.6738735437393188, 3.2949411869049072, 2.3050053119659424, 2.1143476963043213, 0.23040267825126648, 0.0039793276228010654, 0.775110125541687, 0.39336779713630676, 0.09222406148910522, 0.07631850987672806, 1.2973661422729492, 0.36849820613861084, 0.13231705129146576, 0.4304964542388916, 1.1127322912216187, 0.44098904728889465, 1.0324854850769043, 0.3531692326068878, 0.13706731796264648, 1.2550266981124878, 0.2885778844356537, 1.4303343296051025, 1.3681377172470093, 0.5902243256568909, 0.2502990961074829, 1.0712074041366577, 0.36984241008758545, 0.17423103749752045, 1.8151609897613525, 0.6147310137748718, 0.10442961752414703, 0.8755553960800171, 0.013872813433408737, 0.4169052243232727, 2.4185855388641357, 0.0, 0.7114176750183105, 1.6049623489379883, 0.0, 0.0, 0.01649433746933937, 0.17414069175720215, 0.34275880455970764, 3.362489938735962, 0.01720990240573883, 0.2378969043493271, 0.12998506426811218, 0.5572693347930908, 1.2061147689819336, 1.024572730064392, 0.46746698021888733, 0.3165365159511566, 0.3413277566432953, 2.279541254043579, 0.053992319852113724, 0.18664613366127014, 0.007465865928679705, 0.43989601731300354, 0.44202616810798645, 0.02376939170062542, 2.6253104209899902, 0.16407719254493713, 1.231126308441162, 0.6868442893028259, 0.2539096772670746, 0.1707022786140442, 3.47920560836792, 0.5659055113792419, 0.013801847584545612, 0.9985241889953613, 0.021390564739704132, 0.8017866015434265, 0.22436879575252533, 0.013696074485778809, 0.0, 1.448210597038269, 0.05411747470498085, 0.07275302708148956, 1.05656099319458, 2.5683560371398926, 0.0, 0.019272493198513985, 0.3904743194580078, 2.1084485054016113, 0.03994036093354225, 0.026162896305322647, 0.06696304678916931, 1.0807071924209595, 1.5576969385147095, 0.3256162703037262, 0.4854629635810852, 0.5735293626785278, 0.3367951512336731, 0.2522997260093689, 0.16075235605239868, 0.5688161849975586, 0.0, 0.0, 0.0056109256111085415, 0.7791690230369568, 0.8375426530838013, 0.7307671308517456, 0.8931312561035156, 0.2943812310695648, 0.22566689550876617, 0.29571160674095154, 0.0530775710940361, 0.0, 1.5137425661087036, 0.29184889793395996, 1.4747198820114136, 0.3529260456562042, 0.4353909492492676, 0.0, 0.3240918219089508, 1.8446024656295776, 0.49026086926460266, 1.3606547117233276, 0.38365438580513, 0.0, 0.789176344871521, 0.018684158101677895, 0.7529411911964417, 0.0, 0.4107794761657715, 0.041567739099264145, 0.010701636783778667, 0.0017772888531908393, 0.6929636001586914, 0.020273469388484955, 0.019624413922429085, 1.4728779792785645, 0.3926485776901245, 0.15948407351970673, 0.009432247839868069, 1.0173964500427246, 0.4099578857421875, 1.6872835159301758, 0.6995216012001038, 0.24148349463939667, 0.14095310866832733, 0.3404240012168884, 0.9420843124389648, 0.37982091307640076, 0.8929155468940735, 0.6440940499305725, 0.01994309201836586, 0.21965928375720978, 0.26438161730766296, 0.5934416055679321, 0.04066220670938492, 0.97812420129776, 0.6815005540847778, 0.5432114601135254, 0.3821561336517334, 0.6548629999160767, 0.01192924939095974, 0.675728440284729, 0.3233175575733185, 0.012448389083147049, 1.1977370977401733, 0.00627341540530324, 0.2511427402496338, 0.7988643050193787, 0.19744423031806946, 0.03079059161245823, 0.6521321535110474, 1.3535925149917603, 0.11153224855661392, 0.3838830292224884, 0.0, 0.22230394184589386, 0.003008407074958086, 0.7824002504348755, 0.0119883231818676, 0.4376332759857178, 0.4624080955982208, 0.0, 0.021388664841651917, 0.16879719495773315, 0.40463438630104065, 0.0, 0.08025749027729034, 0.004618114326149225, 0.10452908277511597, 0.6161782145500183, 0.0, 0.6508505940437317, 0.0057035512290894985, 0.01648658700287342, 0.03572038188576698, 0.3623964488506317, 0.0024457245599478483, 1.346867561340332, 0.0003841847646981478, 0.8415751457214355, 0.6690342426300049, 0.10140888392925262, 2.038327217102051, 1.7092437744140625, 1.4774658679962158, 0.01659858040511608, 0.6928020119667053, 0.2677076756954193, 1.2484580278396606, 0.32910406589508057, 1.1538643836975098, 0.5647574067115784, 1.3224574327468872, 1.3742202520370483, 1.0114505290985107, 0.6594669818878174, 1.717182993888855, 0.30289965867996216, 0.011959883384406567, 0.25024741888046265, 0.0, 1.0084222555160522, 1.009029507637024, 0.12461534142494202, 0.005757288075983524, 0.19368496537208557, 0.14450225234031677, 0.0, 0.0, 2.1304843425750732, 0.25157174468040466, 0.12413327395915985, 1.8547407388687134, 0.0018065560143440962, 0.2851390838623047, 0.09632804244756699, 0.08865928649902344, 0.09652823209762573, 1.4199230670928955, 0.1357351839542389, 0.015834594145417213, 0.45826610922813416, 1.2727550268173218, 0.08499854058027267, 0.10482459515333176, 0.24993456900119781, 0.18905670940876007, 0.37479671835899353, 0.0, 0.5106774568557739, 0.04704556241631508, 0.2888473570346832, 0.9680265188217163, 0.13357678055763245, 0.0552658848464489, 0.07976262271404266, 0.57774817943573, 0.0, 0.24664421379566193, 0.29764094948768616, 0.1449524462223053, 0.0621187798678875, 0.0044408864341676235, 0.06584710627794266, 0.11838969588279724, 0.04253480210900307, 0.05132878199219704, 1.0647894144058228, 1.312179684638977, 0.09902452677488327, 0.05642657354474068, 0.19680581986904144, 0.031098460778594017, 0.0, 0.6770113110542297, 0.3184090852737427, 0.9485946893692017, 0.285209059715271, 0.2758995294570923, 0.00020582092110998929, 0.31663385033607483, 0.27893903851509094, 0.6328238844871521, 0.49342596530914307, 0.12734544277191162, 0.06552556902170181, 2.50066876411438, 0.3034767806529999, 0.811949610710144, 0.4554990530014038, 0.0, 0.09153735637664795, 0.8361235857009888, 0.44390931725502014, 0.14609500765800476, 1.0091725587844849, 0.3199027478694916, 0.06583347916603088, 0.8161133527755737, 0.01613699086010456, 1.591214895248413, 0.8982505798339844, 0.3684237599372864, 0.04192623496055603, 0.17628563940525055, 0.6320124268531799, 1.683701992034912, 0.23683394491672516, 0.6417044997215271, 0.17267431318759918, 0.09095215052366257, 0.15945909917354584, 0.0, 2.223888397216797, 1.12782883644104, 0.48843446373939514, 0.6754242777824402, 0.3352064788341522, 0.0375930592417717, 0.10234139114618301, 1.2512149810791016, 2.046475410461426, 0.10792222619056702, 0.5390706062316895, 2.360813617706299, 0.12855909764766693, 1.2334609031677246, 1.8173840045928955, 0.042734891176223755, 0.09492584317922592, 0.37449100613594055, 0.7108123898506165, 0.05643460527062416, 3.505972146987915, 0.11797971278429031, 0.3868400454521179, 1.3115570545196533, 0.0, 0.9279723167419434, 0.6330844163894653, 0.0, 0.8392878174781799, 0.02427421696484089, 0.1188575029373169, 0.0, 0.11944891512393951, 0.7729374766349792, 3.1274192333221436, 0.14448681473731995, 0.14607097208499908, 0.3731573522090912, 0.31133005023002625, 0.0, 0.8891116380691528, 0.233482226729393, 0.040390320122241974, 0.13619175553321838, 0.0, 0.023613760247826576, 0.8613914847373962, 2.338973045349121, 0.30456361174583435, 0.37414461374282837, 1.2347846031188965, 0.2713173031806946, 2.761822462081909, 0.0, 0.013512703590095043, 0.44745609164237976, 0.5717506408691406, 0.542834460735321, 0.21613214910030365, 0.026437221094965935, 0.9906601309776306, 0.24361039698123932, 0.6066432595252991, 0.2143907994031906, 0.039896562695503235, 1.0516453981399536, 0.2586347460746765, 0.6624124646186829, 0.6936271786689758, 0.40573999285697937, 0.2735907733440399, 1.3545171022415161, 0.1481793224811554, 0.2242293506860733, 2.000579833984375, 0.0, 1.4244935512542725, 4.935428619384766, 0.06911159306764603, 0.19473274052143097, 0.0040838574059307575, 0.05323243513703346, 0.3213615417480469, 0.024671005085110664, 0.096217580139637, 0.0, 0.005804173648357391, 0.8705458641052246, 0.08977146446704865, 0.2548944652080536, 0.009539696387946606, 0.3374665379524231, 0.3911409080028534, 0.2702350914478302, 1.0069029331207275, 0.15294812619686127, 1.8138331174850464, 0.5129831433296204, 0.0, 0.12144345790147781, 1.1161881685256958, 0.501456618309021, 0.24708031117916107, 0.14046774804592133, 0.2117510288953781, 0.008128892630338669, 0.06725718080997467, 0.1024162620306015, 0.33664628863334656, 0.03450338542461395, 1.604538917541504, 0.0, 0.2642739713191986, 0.4587113559246063, 0.5753424167633057, 0.23742511868476868, 0.3142031729221344, 1.8210265636444092, 0.4557623267173767, 0.08824761211872101, 0.0868682861328125, 0.7173311710357666, 0.30663102865219116, 2.416994094848633, 0.05974286422133446, 0.17046214640140533, 0.0, 0.7517852783203125, 0.20650844275951385, 0.06452038139104843, 1.7209289073944092, 0.09670206159353256, 0.011750888079404831, 0.0, 0.030350862070918083, 0.20034177601337433, 0.01076657883822918, 0.025998670607805252, 0.13279393315315247, 1.3498600721359253, 0.2727951407432556, 0.6717193126678467, 0.027894292026758194, 0.3111759126186371, 0.5219353437423706, 1.2982650995254517, 0.018342437222599983, 0.06517952680587769, 0.3783665895462036, 0.4833281338214874, 1.4235508441925049, 0.0025415492709726095, 0.4718969166278839, 0.5066245198249817, 1.1508381366729736, 0.6966314315795898, 0.4784942865371704, 1.566412329673767, 0.33371925354003906, 0.049986518919467926, 0.8372161388397217, 1.6015958786010742, 2.30153489112854, 0.47355756163597107, 1.6342198848724365, 0.05695578455924988, 0.008193607442080975, 0.9048244953155518, 0.15075214207172394, 0.14275963604450226, 0.11749124526977539, 0.13436058163642883, 0.6325344443321228, 0.05167830362915993, 1.3750494718551636, 0.009602108970284462, 0.09123770892620087, 4.284722308511846e-05, 0.3512447476387024, 0.0, 0.0, 0.3046407699584961, 0.7748659253120422, 0.317487508058548, 3.181644916534424, 0.023652127012610435, 0.3852463960647583, 0.2710559666156769, 0.7829592823982239, 0.7999199032783508, 0.3424088656902313, 0.927295446395874, 4.03997278213501, 0.0, 0.5275799632072449, 0.05916076898574829, 0.10219554603099823, 0.33940058946609497, 0.2540009021759033, 0.00648597814142704, 0.08592501282691956, 0.8292966485023499, 2.2297751903533936, 0.7463955283164978, 0.02849762700498104, 0.4037809669971466, 0.21989820897579193, 0.303905725479126, 1.0880612134933472, 1.4065591096878052, 0.09598159790039062, 0.4315478205680847, 0.30359333753585815, 1.6527347564697266, 0.39818403124809265, 1.2395020723342896, 0.14882095158100128, 0.9840285778045654, 1.5512925386428833, 0.14452055096626282, 0.6099156737327576, 0.00161005521658808, 0.01943364366889, 0.32689642906188965, 0.357990026473999, 1.1096488237380981, 0.1806415468454361, 0.18742506206035614, 0.19713611900806427, 0.20540817081928253, 0.001201597973704338, 1.8148627281188965, 0.0, 0.0046790544874966145, 0.6554746627807617, 0.9066078662872314, 0.23122648894786835, 0.16749627888202667, 0.24900005757808685, 0.4882916808128357, 0.4019790291786194, 0.4380766451358795, 0.005087064113467932, 0.4277341663837433, 0.5161343216896057, 1.2874541282653809, 0.661525309085846, 4.440574645996094, 0.3642093539237976, 0.6685758233070374, 0.016833612695336342, 0.35218900442123413, 0.0036039110273122787, 0.2392306625843048, 0.23743146657943726, 0.21677760779857635, 1.5893830060958862, 0.09951931983232498, 1.4111292362213135, 1.2521188259124756, 0.365607351064682, 0.36341744661331177, 0.25139784812927246, 0.774907648563385, 0.29493647813796997, 0.0010388968512415886, 0.009824217297136784, 0.25563865900039673, 3.1853115558624268, 0.0, 0.0, 0.3882454037666321, 0.0, 0.0, 1.5445291996002197, 0.3735063970088959, 0.0781574472784996, 0.011090882122516632, 0.3065289556980133, 0.11536775529384613, 0.25277179479599, 1.9251478910446167, 0.10516583174467087, 0.2671522796154022, 0.4373982548713684, 0.47055959701538086, 1.1496689319610596, 0.4129917025566101, 2.428701400756836, 1.2561932802200317, 0.867256224155426, 1.0832570791244507, 0.27176353335380554, 0.13975799083709717, 0.0, 0.02269747480750084, 0.0154429841786623, 1.975144386291504, 0.19716796278953552, 2.592475652694702, 0.06976260244846344, 0.5344375371932983, 0.24414896965026855, 0.7308118939399719, 1.090349793434143, 0.06399037688970566, 0.0, 0.24513733386993408, 3.1006479263305664, 1.1200377941131592, 0.4976942539215088, 0.0, 0.31933915615081787, 0.3573499023914337, 0.312988817691803, 0.07342682778835297, 0.27430418133735657, 0.22858747839927673, 0.24430938065052032, 0.003922571893781424, 0.027817146852612495, 2.454157590866089, 0.46346166729927063, 2.1615774631500244, 1.3371317386627197, 0.35497745871543884, 0.0, 0.15067629516124725, 0.30207380652427673, 0.2549588084220886, 0.0248388834297657, 0.12607745826244354, 0.8365727663040161, 0.4383357763290405, 0.21020780503749847, 0.029791876673698425, 0.8145188093185425, 0.11502951383590698, 0.5492313504219055, 0.267632395029068, 0.0890997052192688, 2.6992621421813965, 0.2987350821495056, 0.05918928608298302, 0.3804483115673065, 1.1451904773712158, 0.0, 0.03376198932528496, 0.1765311360359192, 0.4868400990962982, 0.6677085757255554, 0.43725457787513733, 2.135875701904297, 0.17632566392421722, 0.18550452589988708, 1.5523298978805542, 1.614088773727417, 0.14569160342216492, 0.16595791280269623, 0.4924367070198059, 0.024655325338244438, 0.2727225422859192, 0.1584712117910385, 0.16109798848628998, 0.6403746604919434, 0.7473983764648438, 1.137771487236023, 0.6429903507232666, 0.100055031478405, 2.1760947704315186, 1.0875691175460815, 1.423447847366333, 1.1007888317108154, 0.3524366021156311, 0.054439038038253784, 0.7636547684669495, 0.5975393056869507, 0.1284576952457428, 0.1363726705312729, 0.1071021631360054, 0.30129969120025635, 0.6996035575866699, 0.21947264671325684, 0.05521664023399353, 0.5642756819725037, 0.1882452815771103, 0.20229493081569672, 0.009458283893764019, 0.2018592804670334, 1.3540923595428467, 0.0624191090464592, 0.5938353538513184, 0.5186514854431152, 0.5702974796295166, 1.0590168237686157, 0.03846844285726547, 2.048226833343506, 1.2828673124313354, 0.2455511838197708, 0.3282599449157715, 0.706967830657959, 0.01629994623363018, 0.01643596589565277, 0.9992063641548157, 0.03458051383495331, 2.2055413722991943, 0.21023450791835785, 0.03172078728675842, 0.07003956288099289, 0.3470410704612732, 1.4183018207550049, 0.008685549721121788, 1.5373698472976685, 0.38007277250289917, 0.20831331610679626, 0.07146741449832916, 1.8882604837417603, 0.42647308111190796, 0.17696334421634674, 0.08650235831737518, 0.9142728447914124, 0.7149447202682495, 0.03454974666237831, 3.3065991401672363, 0.5663227438926697, 2.300581455230713, 1.4201445579528809, 0.04237616807222366, 0.9522470235824585, 2.279433488845825, 0.5254417061805725, 4.063879013061523, 0.6607032418251038, 0.1736147701740265, 0.3178514242172241, 0.7912230491638184, 1.3216221332550049, 0.10898107290267944, 0.15656396746635437, 1.1068814992904663, 0.19828256964683533, 0.03923451527953148, 0.0006390737253241241, 0.042176753282547, 0.16826999187469482, 0.14826573431491852, 1.6257902383804321, 0.03406648337841034, 0.2965908944606781, 0.0, 1.1832278966903687, 1.2422852516174316, 1.1509586572647095, 0.036802008748054504, 0.02022094838321209, 0.03938877582550049, 0.5402323007583618, 1.3713021278381348, 0.6206533312797546, 0.17536661028862, 0.6526291370391846, 0.5393428206443787, 2.1822001934051514, 0.011847269721329212, 1.5772569179534912, 0.9089826345443726, 0.0, 0.0, 1.020951509475708, 0.6336911916732788, 0.0, 2.5444722175598145, 0.24796439707279205]",Testing/glioma_tumor/image(65).jpg
"[3.4809610843658447, 0.07217217981815338, 0.19112712144851685, 0.47392192482948303, 1.0807533264160156, 0.29309847950935364, 0.014232825487852097, 0.0, 0.0649043396115303, 0.0, 0.22675973176956177, 0.0, 2.27754282951355, 0.09236501157283783, 0.027069369331002235, 0.0, 0.21936824917793274, 0.020978061482310295, 0.11872153729200363, 0.0, 0.575187087059021, 0.38269326090812683, 0.4548543393611908, 0.24376080930233002, 0.9482102394104004, 0.027271214872598648, 1.2156270742416382, 0.0, 0.025544151663780212, 0.27205559611320496, 0.20561572909355164, 0.5828425884246826, 1.2922087907791138, 0.2178000956773758, 0.07865476608276367, 0.0, 0.030437488108873367, 0.002990812761709094, 0.24108335375785828, 0.20930525660514832, 0.7393270134925842, 1.656673789024353, 0.0, 0.0, 0.7347528338432312, 0.0290040522813797, 0.0, 0.0, 0.0005469468305818737, 1.469282627105713, 2.8703479766845703, 0.7034127116203308, 0.2689676582813263, 0.11027885973453522, 0.9066576361656189, 0.05546049028635025, 0.0, 0.007381409872323275, 0.2585577666759491, 0.0, 0.2786644995212555, 0.0, 0.3574333190917969, 0.636417806148529, 0.027992939576506615, 0.1671503186225891, 0.2479286938905716, 0.0, 0.0, 0.46825265884399414, 0.1338644176721573, 0.0, 1.0633859634399414, 2.939488410949707, 0.8088527321815491, 0.14897698163986206, 4.924315929412842, 0.01419010479003191, 0.0, 0.02420952543616295, 0.0, 0.0861540213227272, 0.027191288769245148, 0.0, 0.5783438086509705, 0.1455303281545639, 0.4575224220752716, 0.05899861454963684, 0.1648392230272293, 0.10239248722791672, 0.3487851619720459, 0.15361489355564117, 0.020468417555093765, 0.6214747428894043, 0.1767449826002121, 0.0, 0.7434211373329163, 0.10950889438390732, 0.011967610567808151, 0.00254817889072001, 0.3040756285190582, 1.661361813545227, 0.28924986720085144, 0.050104886293411255, 0.5642191767692566, 0.8232482671737671, 0.012517919763922691, 0.23039564490318298, 0.0, 1.9855737686157227, 0.5227404832839966, 0.27643802762031555, 0.0, 1.908261775970459, 1.268949031829834, 1.2417399883270264, 0.16352596879005432, 1.2635329961776733, 0.09050019830465317, 0.02819027751684189, 0.0, 0.07519614696502686, 0.0, 0.010062076151371002, 0.668274462223053, 0.08659514784812927, 0.06391632556915283, 0.443754106760025, 0.22910074889659882, 0.0, 0.0, 0.669134259223938, 0.5324041843414307, 0.0, 0.18453669548034668, 0.27891260385513306, 0.2741032540798187, 0.9713200926780701, 0.009052911773324013, 0.518922746181488, 0.007731537334620953, 0.07952892780303955, 0.013996279798448086, 0.041452646255493164, 0.0, 0.0, 1.2045104503631592, 0.15139812231063843, 0.03004741109907627, 0.04628278687596321, 0.5611721873283386, 1.0975050926208496, 0.5550493001937866, 0.1433248519897461, 0.0, 0.09492006152868271, 0.0, 0.0, 3.85335373878479, 0.0, 0.046313777565956116, 0.40085071325302124, 0.12234862148761749, 0.0, 0.0, 0.3002358675003052, 0.030637044459581375, 0.20552903413772583, 0.028950542211532593, 5.697213172912598, 0.11689423769712448, 0.42621418833732605, 0.0015316496137529612, 0.0, 0.865940511226654, 0.10239136964082718, 0.020259574055671692, 0.010903355665504932, 0.12725508213043213, 0.025223858654499054, 0.4063125252723694, 0.018310513347387314, 0.011002146638929844, 0.01044865045696497, 0.6964854001998901, 0.4305564761161804, 0.20430094003677368, 0.07181820273399353, 0.4711301624774933, 0.011226116679608822, 0.0, 0.24576859176158905, 0.004288434982299805, 0.4851357936859131, 0.015920693054795265, 0.5473572015762329, 0.6065772771835327, 0.45964503288269043, 0.02106139063835144, 0.24931591749191284, 0.5690467953681946, 0.3873562812805176, 0.3680553734302521, 0.3035074770450592, 0.897416889667511, 0.0, 0.027112413197755814, 0.0, 0.0, 0.255291223526001, 0.28234976530075073, 1.7313765287399292, 0.0, 0.36071282625198364, 0.0017662389436736703, 1.2359510660171509, 0.27379846572875977, 0.002501833252608776, 0.2968674600124359, 0.0, 0.14760829508304596, 0.0, 0.057683225721120834, 0.49714988470077515, 0.0552525632083416, 2.073577404022217, 0.05715959891676903, 0.033013615757226944, 1.1766376495361328, 0.4958227574825287, 0.08005267381668091, 0.016106976196169853, 0.35150301456451416, 0.09087207168340683, 4.078617572784424, 0.13323363661766052, 0.37799951434135437, 0.0780380517244339, 0.2218760997056961, 0.1790255457162857, 0.31712809205055237, 0.822557270526886, 2.4847540855407715, 0.37884899973869324, 0.0, 0.12053719162940979, 0.04440939798951149, 1.2510771751403809, 0.04006965458393097, 0.7676470875740051, 0.23397928476333618, 0.512352466583252, 0.23583702743053436, 0.061950985342264175, 0.1660812795162201, 0.6261975169181824, 0.44419151544570923, 0.48075687885284424, 0.0, 0.7023577094078064, 0.10213100910186768, 0.0086103156208992, 0.4755115211009979, 0.08077532052993774, 0.0, 0.0, 0.11189141869544983, 0.007337117567658424, 0.0008268721285276115, 0.0, 0.5987148880958557, 1.6762839555740356, 1.0593265295028687, 0.0, 4.684401512145996, 0.0042405882850289345, 0.03134579211473465, 0.4359116554260254, 0.009991171769797802, 0.0, 3.9750826358795166, 2.683715581893921, 2.8142080307006836, 0.9017128348350525, 0.23482641577720642, 0.8234857320785522, 0.08025451004505157, 0.11552540957927704, 0.010163705796003342, 0.08321373164653778, 0.01644780859351158, 0.5710558891296387, 3.131805419921875, 0.18377774953842163, 0.840184211730957, 0.21332542598247528, 0.2559683322906494, 0.66695636510849, 0.20005370676517487, 0.0, 0.7096506357192993, 0.03701955825090408, 2.6609039306640625, 0.0, 0.3737237751483917, 0.0, 0.0, 0.01907002180814743, 0.0, 0.19196756184101105, 0.10624761134386063, 0.10895103961229324, 0.5805966854095459, 0.0019106670515611768, 0.06272413581609726, 0.0, 0.0007638712413609028, 0.0, 0.0, 0.08810536563396454, 0.10678748041391373, 0.45459750294685364, 0.03037731535732746, 0.0, 0.01368692982941866, 0.0, 0.370568186044693, 0.0, 1.6023313999176025, 0.0, 0.025349842384457588, 0.0026251806411892176, 0.603288471698761, 0.0, 0.0, 0.02443794347345829, 0.7661625742912292, 0.9101700782775879, 1.7186640501022339, 0.2654445767402649, 0.02784043364226818, 0.7324651479721069, 2.1389353275299072, 0.0, 0.0, 0.10180008411407471, 0.10966838896274567, 0.017047811299562454, 0.467661052942276, 0.1219252496957779, 0.3315742611885071, 0.0, 0.2571357786655426, 0.0077952123247087, 0.4011240303516388, 0.26216739416122437, 0.8140324354171753, 0.2527274191379547, 0.14007814228534698, 0.025269990786910057, 0.013720843009650707, 0.8311297297477722, 0.05539955571293831, 0.009578563272953033, 0.04100485146045685, 0.019849393516778946, 0.3559892177581787, 0.019048292189836502, 0.2979234457015991, 0.0, 0.2797457277774811, 0.0, 3.0735771656036377, 1.932673692703247, 0.017230646684765816, 0.05014682188630104, 2.601478338241577, 0.06988953053951263, 0.0, 0.31662049889564514, 0.014086803421378136, 0.19217467308044434, 0.09741796553134918, 0.0, 0.6143947243690491, 0.0, 0.6393735408782959, 0.0, 0.0, 0.0, 0.0, 0.6350550055503845, 0.006585505325347185, 0.0, 0.17925715446472168, 9.379868507385254, 0.0, 0.2516190707683563, 0.015815963968634605, 0.0, 0.06238655745983124, 0.0, 0.0, 0.11874279379844666, 0.1763198971748352, 0.9403037428855896, 0.050451964139938354, 0.2819802165031433, 0.025158073753118515, 0.837012767791748, 0.057462722063064575, 0.057739559561014175, 0.0, 0.01504713948816061, 0.4618818759918213, 0.37718522548675537, 0.005324224941432476, 0.0, 0.0, 0.00028464014758355916, 0.7767318487167358, 0.9576188921928406, 0.09044920653104782, 0.09933249652385712, 0.6192846298217773, 0.22546102106571198, 0.0, 0.0, 0.08149135112762451, 0.13813205063343048, 0.007955514825880527, 0.1752229928970337, 0.20689505338668823, 0.036282289773225784, 1.3548014163970947, 0.4609510004520416, 0.03142006695270538, 2.6678829193115234, 0.0, 0.022896824404597282, 0.0, 0.17403684556484222, 1.4739447832107544, 0.05151570588350296, 0.0, 0.0, 0.05558494105935097, 0.10165058076381683, 0.31963053345680237, 0.01224507112056017, 1.0972944498062134, 0.0, 0.03659273311495781, 0.0, 0.03398221358656883, 0.019175035879015923, 0.30366992950439453, 0.32208114862442017, 0.0, 0.4516589045524597, 0.0, 0.5139935612678528, 0.391762375831604, 0.1066921278834343, 0.021211273968219757, 0.18287791311740875, 0.19413749873638153, 0.37056708335876465, 0.0023085791617631912, 0.0, 0.023884190246462822, 0.21771487593650818, 0.027950724586844444, 0.2644791603088379, 0.08098771423101425, 0.0, 0.0, 0.18567998707294464, 2.596818208694458, 0.3133260905742645, 0.3345499634742737, 0.011618725955486298, 0.10335975140333176, 0.20128010213375092, 0.0, 0.028346925973892212, 0.09323262423276901, 0.0, 0.7964655756950378, 0.24657045304775238, 0.9634015560150146, 1.0987720489501953, 0.25056540966033936, 0.0, 0.7434929013252258, 0.010660409927368164, 1.1191140413284302, 0.07644014805555344, 0.13759320974349976, 0.5062472224235535, 1.172375202178955, 0.0, 0.0, 4.427274703979492, 1.8677459955215454, 0.0, 0.06920398026704788, 0.09514915943145752, 0.01974828913807869, 0.3464828431606293, 0.04799162968993187, 0.009825833141803741, 0.0, 0.10412538051605225, 0.0, 0.12050704658031464, 0.04721570387482643, 0.04670259356498718, 0.038869235664606094, 0.0, 0.0, 1.8517217636108398, 0.0, 0.00851435773074627, 0.1069093719124794, 0.3186163306236267, 0.0, 0.0, 0.6480631828308105, 1.313279390335083, 0.0, 0.47266680002212524, 0.17522858083248138, 1.1402593851089478, 0.08567829430103302, 0.9358752369880676, 0.01379540003836155, 0.0, 0.046651508659124374, 0.08382374793291092, 0.3004361689090729, 0.0, 0.0, 0.43617913126945496, 1.4512910842895508, 0.0, 0.0, 0.44936347007751465, 0.004435189068317413, 0.15720489621162415, 0.25939878821372986, 0.7975006699562073, 0.0, 0.009074963629245758, 3.3728830814361572, 0.9076608419418335, 0.5780696272850037, 0.0, 0.7466647028923035, 0.13665233552455902, 2.6827828884124756, 0.1962147206068039, 0.21580424904823303, 0.0, 0.003784598084166646, 0.40214210748672485, 0.822283148765564, 0.01627657376229763, 0.3944476246833801, 0.15303868055343628, 2.9047656059265137, 0.0, 0.20440985262393951, 0.08893778175115585, 0.07067938894033432, 0.5493280291557312, 0.0, 0.5247901082038879, 0.735917866230011, 0.0, 0.21713614463806152, 0.2954002022743225, 0.0, 0.7998678088188171, 0.05378304794430733, 0.11691635847091675, 0.001636854256503284, 0.0035231795627623796, 0.005311759188771248, 0.0, 0.026006046682596207, 0.01919739879667759, 0.47054851055145264, 0.42001187801361084, 0.06611578166484833, 0.09717003256082535, 0.057287488132715225, 0.21466585993766785, 0.001958628185093403, 0.0711456835269928, 0.8971979022026062, 0.010820277035236359, 3.7582664489746094, 0.06345678865909576, 0.03950280696153641, 0.3769405484199524, 0.7843716740608215, 0.464569091796875, 0.35364916920661926, 1.711655616760254, 0.0280576404184103, 0.027645694091916084, 0.49651747941970825, 0.16818153858184814, 0.4017760753631592, 0.043082624673843384, 0.0, 0.019700350239872932, 0.005688618868589401, 0.05321035534143448, 0.03627679869532585, 0.0, 0.21030068397521973, 0.14392676949501038, 1.5463745594024658, 0.02210555039346218, 0.14720365405082703, 0.0, 0.00955066829919815, 0.0, 1.3416423797607422, 0.7885633111000061, 0.5162760019302368, 0.0, 0.10109572857618332, 0.0, 0.03213563188910484, 0.0, 0.17362473905086517, 0.0, 1.4460647106170654, 0.09562846273183823, 1.6519395112991333, 0.14085577428340912, 0.0, 0.5802193284034729, 2.597754716873169, 0.11375255137681961, 0.027767324820160866, 0.145846426486969, 0.2347612977027893, 0.02058730274438858, 0.02628731168806553, 0.0, 0.6930229663848877, 0.1643071323633194, 0.0, 0.18764303624629974, 0.2095004916191101, 0.0, 0.0799238532781601, 0.7016474604606628, 0.008032074198126793, 0.057300157845020294, 0.33822593092918396, 0.0, 1.5243899822235107, 1.2006468772888184, 0.0, 1.6081867218017578, 0.07390868663787842, 0.4271976351737976, 0.386808305978775, 0.09714394807815552, 0.0, 0.0, 0.0, 0.0, 0.3825126588344574, 0.6312152147293091, 0.14938263595104218, 0.043044138699769974, 0.0, 0.0, 0.6243019700050354, 1.512113332748413, 0.034362562000751495, 0.0, 1.653703212738037, 1.345654845237732, 0.29728448390960693, 0.004503610078245401, 0.0, 0.05075773596763611, 0.03284631296992302, 0.6671531200408936, 0.34047964215278625, 0.5426939725875854, 0.04537129029631615, 0.0, 0.04395341873168945, 0.006278643850237131, 0.041248589754104614, 0.8593358993530273, 0.08167309314012527, 0.05990075692534447, 2.2760002613067627, 2.976120710372925, 1.0196374654769897, 0.0, 0.5042911171913147, 1.9404315948486328, 0.23003065586090088, 0.0029702235478907824, 0.39381909370422363, 0.0, 0.05138186365365982, 0.13184316456317902, 0.471929669380188, 0.1541304588317871, 1.1799070835113525, 2.8611319065093994, 0.0787692591547966, 0.07028386741876602, 0.0, 2.795431137084961, 0.1575435847043991, 0.4221196472644806, 0.0, 1.1792957782745361, 0.15203407406806946, 0.43247658014297485, 0.0751194879412651, 0.07345607131719589, 0.3509960472583771, 0.0, 0.20104917883872986, 0.037038423120975494, 0.6992983818054199, 0.029303064569830894, 0.0, 0.10649950802326202, 1.2857598066329956, 0.0, 0.0, 0.16126815974712372, 0.22790035605430603, 0.0, 0.11267560720443726, 0.8007988929748535, 0.011310361325740814, 0.4998289942741394, 0.16391314566135406, 0.0, 0.5706533193588257, 0.02642199955880642, 0.6714441776275635, 0.41322004795074463, 0.0, 0.0, 1.4827989339828491, 1.2114661931991577, 0.8186217546463013, 0.45138221979141235, 0.0, 0.03921446576714516, 0.0, 0.04183705151081085, 0.3512873649597168, 0.17106550931930542, 0.021173710003495216, 0.04151129722595215, 0.6825879216194153, 0.349844753742218, 0.20666298270225525, 0.0, 0.03030651994049549, 0.0, 3.955014705657959, 0.4051596224308014, 1.2190532684326172, 0.27108150720596313, 0.7767939567565918, 0.0975998267531395, 0.2126910537481308, 0.0018666422693058848, 0.013407289050519466, 0.31899452209472656, 0.4699985384941101, 0.0, 0.5566638112068176, 1.3691166639328003, 1.2736743688583374, 0.009148143231868744, 0.15880317986011505, 1.1656813621520996, 0.0013188050361350179, 0.10874353349208832, 0.14629851281642914, 0.42225632071495056, 0.0, 0.001706325332634151, 0.005106879863888025, 0.05510539934039116, 0.058316949754953384, 0.2840445339679718, 0.16570663452148438, 0.4319169223308563, 0.43203097581863403, 0.1915110945701599, 0.012438613921403885, 0.10488767921924591, 2.201890707015991, 0.011097966693341732, 0.8846758008003235, 0.0706007108092308, 1.1710695028305054, 0.3527512848377228, 0.21845917403697968, 0.3837858736515045, 0.0, 0.05437972769141197, 0.465636670589447, 2.4497225284576416, 0.0029246709309518337, 0.4728308320045471, 0.18154722452163696, 0.0, 0.2307201325893402, 5.665084362030029, 0.0, 2.918720245361328, 0.0, 0.05368008837103844, 0.003206148510798812, 1.1624339818954468, 0.0, 0.0, 0.056253209710121155, 0.29814139008522034, 0.0, 0.0, 0.07220221310853958, 1.4816645383834839, 0.20215296745300293, 0.35073891282081604, 0.26838913559913635, 0.0, 0.8161178827285767, 0.40148788690567017, 0.06846441328525543, 0.031216023489832878, 1.5594494342803955, 0.011518084444105625, 0.18859727680683136, 0.06887491792440414, 1.2813688516616821, 0.07153412699699402, 0.6782252788543701, 1.0496374368667603, 0.8147229552268982, 0.079264797270298, 0.033737558871507645, 0.023294059559702873, 0.0, 0.41944995522499084, 0.3073062002658844, 1.0080087184906006, 0.11850448697805405, 4.227760314941406, 0.1407129168510437, 0.21252596378326416, 0.0, 0.601628303527832, 0.0995597243309021, 1.0701013803482056, 0.13688591122627258, 0.017249807715415955, 1.321223497390747, 0.4348278045654297, 0.0, 0.17832566797733307, 1.0388911962509155, 0.0, 0.2924523949623108, 0.0, 1.569218635559082, 0.12760812044143677, 0.4732796847820282, 0.0, 2.2873029708862305, 0.0, 0.048144176602363586, 0.0, 0.00866684876382351, 0.004614752251654863, 0.0, 0.061539143323898315, 0.06673937290906906, 0.9281837940216064, 0.0, 0.09100154787302017, 0.21826279163360596, 0.027209557592868805, 2.1103763580322266, 0.0, 0.013617758639156818, 0.9090868830680847, 0.293300598859787, 0.4997418522834778, 0.3980562686920166, 0.27581003308296204, 0.48921775817871094, 0.0650024488568306, 0.0, 0.0647648274898529, 0.00031961227068677545, 0.0, 0.8616063594818115, 0.0003827640030067414, 0.25334179401397705, 0.42217689752578735, 0.0021385950967669487, 1.0407254695892334, 0.06752615422010422, 0.1801518201828003, 0.9161251783370972, 0.6376885771751404, 1.3388148546218872, 0.0, 0.0, 0.07822536677122116, 0.9137659072875977, 0.033999789506196976, 0.04555846378207207, 0.9291548728942871, 0.0, 0.042657941579818726, 0.169915571808815, 0.030505774542689323, 0.21800357103347778, 0.07452185451984406, 1.369584083557129, 0.11842740327119827, 0.04827429726719856, 2.6544745196588337e-05, 0.010094725526869297, 0.33367475867271423, 0.021243944764137268, 0.0021016160026192665, 0.0, 2.822540521621704, 0.058091096580028534, 0.010904823429882526, 0.1315184384584427, 3.88281705454574e-06, 2.3905111447675154e-05, 1.2739040851593018, 1.5955196619033813, 0.37180453538894653, 0.7875470519065857, 0.007053826469928026, 0.0, 0.25787392258644104, 0.05907394364476204, 1.4200981855392456, 0.8256617784500122, 0.5596263408660889, 0.0, 0.10279020667076111, 0.1255948543548584, 0.13521414995193481, 0.0, 0.8476129770278931, 0.10562968999147415, 0.07881302386522293, 0.3850442171096802, 0.05485475808382034, 0.02079017460346222, 0.03796437755227089, 1.858483910560608, 1.9960119724273682, 0.8168248534202576, 0.0, 1.9799515008926392, 0.013432816602289677, 0.0004480955540202558, 0.0, 0.03565651550889015, 0.18801060318946838, 0.060872286558151245, 0.06222483888268471, 1.174975037574768, 0.02291504293680191, 0.0, 0.3572201132774353, 0.7675329446792603, 0.00035807551466859877, 0.35077574849128723, 0.0, 0.005199366714805365, 0.035023290663957596, 0.18432211875915527, 0.0013894974254071712, 2.0443410873413086, 0.03435444459319115, 0.09019628167152405, 0.19819042086601257, 0.8521666526794434, 0.0, 0.04149365425109863, 0.04815956950187683, 0.10414662957191467, 3.178961992263794, 0.06524290144443512, 0.0, 0.3997861444950104, 0.3696545958518982, 0.13822893798351288, 0.04500759020447731, 0.16857819259166718, 0.14912666380405426, 0.0, 0.21234284341335297, 0.14895541965961456, 0.3101097345352173, 0.0, 0.0, 0.0, 0.04045186564326286, 0.004424299579113722, 0.0023478318471461535, 0.032924920320510864, 0.04336477816104889, 0.0, 1.3537837266921997, 0.0009267573477700353, 0.0, 0.038223713636398315, 0.0014880627859383821, 0.0, 0.0, 1.0281940698623657, 0.03519582748413086, 0.25080201029777527, 0.030396325513720512, 0.004198913462460041, 0.08288603276014328, 0.0, 0.07618360966444016, 0.0, 0.06424771249294281, 0.2752119302749634, 0.1862030178308487, 0.26415351033210754, 0.07959209382534027, 0.8110494017601013, 2.277747869491577, 0.0, 0.0, 0.05935760587453842, 0.18919937312602997, 1.7600533962249756, 0.007544283755123615, 0.14860498905181885, 0.0768752470612526, 0.0108489990234375, 0.3844331204891205, 0.006085770670324564, 0.249626025557518, 1.2819647789001465, 2.1259305477142334, 0.0, 0.33927273750305176, 0.06881136447191238, 0.4161034822463989, 0.14153972268104553, 0.0, 0.0, 0.3323972225189209, 1.4785664081573486, 0.23636336624622345, 0.3193040192127228, 3.6009488105773926, 0.0, 1.082142949104309, 0.0, 0.4515301585197449, 0.0751153826713562, 0.05991128459572792, 0.0553082600235939, 0.0, 0.5414717793464661, 0.02711818739771843, 1.0604249238967896, 0.0, 0.26300814747810364, 2.0733397006988525, 0.0, 0.8353515863418579, 0.0, 0.0, 0.025212250649929047, 0.01384581346064806, 0.2065429538488388, 0.0, 0.11793364584445953, 0.05529363825917244, 0.5324543714523315, 0.12807303667068481, 0.004876812919974327, 0.0032507230062037706, 0.07300636917352676, 0.0, 0.08763021975755692, 0.13901063799858093, 0.04066744074225426, 0.0, 0.0, 0.384649395942688, 0.48579394817352295, 0.041169773787260056, 0.0, 0.7824282050132751, 0.0, 0.0, 0.5899806618690491, 0.5437604784965515, 0.01746758632361889, 0.0, 0.06654622405767441, 0.9813623428344727, 0.0010472754947841167, 0.6664736866950989, 0.030825156718492508, 0.4690046012401581, 0.03171611204743385, 0.0, 0.0, 0.1978626698255539, 0.004408868029713631, 0.8929550647735596, 1.8967839479446411, 0.4307307302951813, 0.11364224553108215, 0.05705181509256363, 0.0, 0.0, 0.005719250533729792, 0.3675403296947479, 0.03743068128824234, 0.47894957661628723, 0.00318709434941411, 0.003637382062152028, 1.3337829113006592, 0.11064634472131729, 0.006856957450509071, 0.013012302108108997, 0.00767870107665658, 0.7357834577560425, 0.0, 0.0, 0.0, 0.0, 0.32152941823005676, 0.0, 0.015291106887161732, 0.032199129462242126, 0.48122265934944153, 0.0, 0.29845887422561646, 0.38503000140190125, 0.06443212181329727, 0.005021114833652973, 0.0, 0.8155395984649658, 0.002713969675824046, 0.0, 0.026112161576747894, 0.5820133090019226, 0.6837740540504456, 0.47229501605033875, 0.07434836030006409, 0.09223289787769318, 0.15590815246105194, 0.05408846586942673, 0.01959119364619255, 0.0, 0.18357034027576447, 0.016628772020339966, 2.7732114791870117, 0.0, 0.013550667092204094, 0.03256594389677048, 0.7413344383239746, 0.17617201805114746, 1.0361204147338867, 0.04029606282711029, 0.0, 0.051647573709487915, 0.06833098828792572, 0.0, 0.8552815914154053, 0.4030260443687439, 0.2427690625190735, 0.18549202382564545, 1.4341604709625244, 0.2729094326496124, 0.0, 0.9134612083435059, 1.4737498760223389, 0.0026452832389622927, 0.3494267463684082, 1.049960732460022, 0.0, 0.002986718202009797, 0.0, 0.006102454848587513, 0.17506223917007446, 0.13757635653018951, 0.02596438117325306, 0.08721265941858292, 0.26825734972953796, 0.7639658451080322, 0.0, 0.12391647696495056, 0.08461180329322815, 0.0832994356751442, 0.09391943365335464, 0.2280837595462799, 0.9432358145713806, 0.1411304473876953, 0.11110171675682068, 0.9039090871810913, 0.0, 0.33511072397232056, 0.45736414194107056, 0.0731288343667984, 0.02457473985850811, 0.015967704355716705, 0.143376886844635, 0.13014009594917297, 0.0, 0.19121843576431274, 0.0, 1.2449159622192383, 0.2165485918521881, 1.6825581789016724, 0.7222945690155029, 0.9171069264411926, 0.0, 0.8726877570152283, 0.16636233031749725, 0.0, 0.09715716540813446, 0.0, 0.0, 0.025485515594482422, 0.018942181020975113, 0.00531318224966526, 0.0, 0.0, 0.10916155576705933, 1.5644489526748657, 0.1861688643693924, 0.21971862018108368, 0.0462072417140007, 0.4051407277584076, 2.262138843536377, 0.0, 0.15808410942554474, 0.00802469253540039, 0.07116056233644485, 0.0, 0.0, 0.04654281958937645, 0.2879013121128082, 0.19521300494670868, 0.18721771240234375, 0.0007522471132688224, 0.0, 0.22107501327991486, 0.0, 0.0, 0.015040429309010506, 0.27832484245300293, 0.04419446364045143, 0.9840517640113831, 0.21784839034080505, 0.06755875796079636, 0.259426087141037, 0.0654405951499939, 0.12020863592624664, 0.14094477891921997, 0.0, 0.0, 0.08937205374240875, 0.6153970956802368, 0.009530867449939251, 0.012680696323513985, 0.5021631717681885, 0.17250654101371765, 0.015181807801127434, 0.27840888500213623, 0.14985263347625732, 0.0051651899702847, 0.17813748121261597, 0.02703801915049553, 0.15149515867233276, 2.3474342823028564, 0.017901387065649033, 0.15362028777599335, 0.052817344665527344, 0.0, 1.3397846221923828, 3.2572202682495117, 0.0, 0.07572271674871445, 0.0, 0.03347635269165039, 0.5689682364463806, 0.0, 0.6307833790779114, 0.0, 0.11552166193723679, 0.0, 0.08617665618658066, 0.002483265707269311, 0.6834512948989868, 0.0, 0.02157503180205822, 0.10542688518762589, 0.09614681452512741, 1.0763744115829468, 0.06313702464103699, 0.0872119888663292, 1.0333181619644165, 1.5422801971435547, 0.11647969484329224, 0.3415408134460449, 0.09797181934118271, 0.7895901203155518, 0.08237700909376144, 0.0, 0.0, 3.386873483657837, 0.0, 0.0, 0.07572389394044876, 0.8838086724281311, 0.20641179382801056, 0.0, 0.7656430602073669, 1.1173503398895264, 4.634861469268799, 0.2331535518169403, 0.06364096701145172, 0.17531640827655792, 0.030112601816654205, 0.018665088340640068, 0.1723591387271881, 0.0, 0.0, 0.0, 0.0, 9.43763542175293, 0.08517478406429291, 0.10691843181848526, 0.5490553975105286, 0.0, 0.5823405385017395, 1.1678391695022583, 0.14008262753486633, 0.0, 1.9381368160247803, 0.8980453014373779, 0.66048663854599, 0.23862595856189728, 0.07471130043268204, 0.0, 1.1262043714523315, 1.2377089262008667, 0.01035517081618309, 0.7499364614486694, 0.47159692645072937, 0.004251132253557444, 0.051026251167058945, 0.02125939540565014, 2.575176239013672, 0.3034321963787079, 0.0, 0.0, 0.09552513808012009, 0.6870888471603394, 0.10227960348129272, 0.9030163288116455, 0.019700389355421066, 1.553768515586853, 0.029244568198919296, 0.11095190048217773, 0.04683195799589157, 1.3822317123413086, 0.10035302489995956, 0.2572101056575775, 0.1386096179485321, 0.0, 0.11454685032367706, 0.2878280580043793, 0.5971492528915405, 0.0, 2.872887372970581, 0.00549111096188426, 0.0, 0.19122430682182312, 0.2778955101966858, 0.06584866344928741, 0.20607173442840576, 0.5877065062522888, 0.06404741108417511, 0.9275159239768982, 0.11650597304105759, 0.2913454473018646, 0.013894475065171719, 0.12642207741737366, 0.004057168960571289, 0.17659436166286469, 0.1251564770936966, 0.020344719290733337, 0.06502826511859894, 1.1642932891845703, 0.0, 0.22907601296901703, 0.09521788358688354, 0.24555757641792297, 0.21132418513298035, 0.0, 0.0, 0.14499938488006592, 0.38198187947273254, 0.6979458928108215, 0.9592089056968689, 0.0, 0.9619430899620056, 0.0, 0.040901292115449905, 0.09482339024543762, 0.002773834625259042, 0.0, 0.16330960392951965, 0.3650066554546356, 0.5244101881980896, 0.057927995920181274, 0.0, 0.003887176513671875, 0.0, 0.11115973442792892, 0.0, 0.0, 1.023128628730774, 0.26074934005737305, 0.662041425704956, 0.029100069776177406, 0.9271003603935242, 0.26257646083831787, 0.2995854914188385, 0.7512889504432678, 0.027631375938653946, 0.9591631293296814, 0.41643694043159485, 0.001281008473597467, 0.06497163325548172, 0.002064055297523737, 2.3112902641296387, 0.44997015595436096, 0.24453136324882507, 0.051525626331567764, 0.7519298195838928, 0.15740473568439484, 0.6077834963798523, 0.23096133768558502, 0.027383336797356606, 0.6770898699760437, 0.053371917456388474, 0.3571859896183014, 0.9206657409667969, 0.03223037347197533, 0.08112099766731262, 0.0, 0.14589081704616547, 0.0, 0.004572542384266853, 2.6807188987731934, 0.03819150850176811, 0.1193096786737442, 0.31839004158973694, 0.04154262691736221, 0.018415821716189384, 0.5123903155326843, 0.0, 0.4521907866001129, 0.1369495540857315, 1.4279628992080688, 0.30138739943504333, 0.2005552500486374, 0.5565750002861023, 0.28659746050834656, 0.4012221395969391, 0.32070526480674744, 1.1161020994186401, 0.2555806636810303, 0.022049101069569588, 0.5926052927970886, 0.40187838673591614, 0.6769918203353882, 0.0, 0.0, 0.0, 0.306359201669693, 0.23894906044006348, 0.14434979856014252, 0.24362333118915558, 0.3802989721298218, 0.45583271980285645, 0.07430056482553482, 0.027784841135144234, 0.0, 0.21725308895111084, 0.0, 0.03764915093779564, 0.6168902516365051, 0.0, 0.010743423365056515, 0.00034550257259979844, 0.017239589244127274, 0.3939369320869446, 0.04294156655669212, 0.08013036102056503, 0.018040353432297707, 0.1847979873418808, 0.08225304633378983, 2.013291597366333, 0.0, 0.0, 0.5094071626663208, 0.10782089829444885, 0.000372224923921749, 0.072745680809021, 0.0, 1.0299233198165894, 0.21344909071922302, 0.7325859665870667, 0.0, 0.4533329904079437, 0.0, 0.0, 0.07832582294940948, 0.027512380853295326, 1.337979793548584, 0.00481822295114398, 0.0, 0.0019529693527147174, 0.05589275062084198, 0.4406297504901886, 0.4015966057777405, 0.6292198896408081, 0.2033916711807251, 0.05943480134010315, 0.31431499123573303, 0.0, 0.06394817680120468, 0.008870274759829044, 0.0, 1.2160788774490356, 1.1543984413146973, 0.0504317544400692, 2.6595218181610107, 0.0, 0.007652083411812782, 0.1845775693655014, 0.0, 0.00858370866626501, 0.0, 0.03435470536351204, 0.016147878021001816, 0.024137120693922043, 0.07886570692062378, 0.9504356980323792, 0.0, 0.05402128025889397, 0.0, 0.0, 0.04573246091604233, 0.0, 0.0, 0.21479105949401855, 0.6218067407608032, 0.22403143346309662, 0.0, 2.917292594909668, 0.0, 0.0, 1.110329508781433, 0.9394002556800842, 0.008067476563155651, 0.10601118952035904, 0.10390297323465347, 0.509952962398529, 0.1274631917476654, 0.034122027456760406, 0.7333647012710571, 0.0013909924309700727, 1.13433837890625, 2.0102710723876953, 0.0, 0.0, 0.0, 0.028881985694169998, 0.052472151815891266, 0.09609930962324142, 0.031595584005117416, 0.014301416464149952, 0.5457737445831299, 0.001416743965819478, 2.067172050476074, 0.0, 0.036462247371673584, 2.1890852451324463, 4.076014995574951, 0.0, 0.027240583673119545, 0.0, 0.0, 0.020850729197263718, 0.0, 0.03134294971823692, 0.8210858702659607, 0.18757684528827667, 0.01384932640939951, 0.4316304922103882, 0.029233727604150772, 2.3084006309509277, 1.0934038162231445, 0.049633998423814774, 0.11197928339242935, 0.49960964918136597, 0.1848200559616089, 0.051148656755685806, 0.0, 0.9416060447692871, 0.3182499408721924, 0.11815901100635529, 0.6201514601707458, 4.464789390563965, 0.006390323396772146, 0.06711852550506592, 0.37222594022750854, 0.0, 0.0, 0.0, 0.37490907311439514, 0.6315352916717529, 0.0, 0.06457200646400452, 0.1394851803779602, 0.020390385761857033, 1.0325360298156738, 0.6055911183357239, 0.03378799557685852, 0.0, 1.0721251964569092, 0.04906454309821129, 0.007845886051654816, 0.24946187436580658, 0.11546727269887924, 0.0, 0.11519677937030792, 0.48239386081695557, 0.11187489330768585, 0.2035508006811142, 0.0, 0.09856857359409332, 0.5099518299102783, 0.0, 0.9022897481918335, 0.0, 1.0151286125183105, 0.05803811177611351, 0.0, 0.23070064187049866, 0.02430731989443302, 0.11274100095033646, 0.0, 0.0013792077079415321, 0.0, 0.0, 0.44927406311035156, 0.13363422453403473, 0.7013572454452515, 1.3552957773208618, 0.0009469645447097719, 0.12740126252174377, 0.11076346039772034, 0.6380575299263, 0.0, 0.08810069411993027, 0.03873660787940025, 2.8350980281829834, 0.04002190753817558, 0.20442599058151245, 0.0, 0.658613383769989, 0.610072910785675, 0.013138644397258759, 0.0, 0.0, 0.0, 0.07898659259080887, 0.6306471824645996, 0.0, 0.0, 0.37930816411972046, 0.05595684051513672, 3.2237181663513184, 1.3297501802444458, 0.0, 0.029612384736537933, 0.0, 0.02185739390552044, 0.4047601521015167, 0.2809489965438843, 1.7967133522033691, 0.0, 3.7323739528656006, 0.0, 1.1251087188720703, 2.2480368614196777, 0.08366997539997101, 0.7845357656478882, 1.472920298576355, 0.7813202142715454, 0.10759511590003967, 0.0, 0.3335087299346924, 0.647007942199707, 0.0, 0.0, 0.8408347964286804, 0.02945101447403431, 0.06525455415248871, 0.10121894627809525, 0.0, 0.00830861460417509, 0.0024944543838500977, 0.0022475013975054026, 0.24216780066490173, 0.24781544506549835, 0.017561329528689384, 1.8811471462249756, 0.0, 0.006846785545349121, 0.0, 1.1602847576141357, 0.07978308945894241, 0.906677782535553, 0.0552956759929657, 0.21219153702259064, 1.3295278549194336, 2.897178888320923, 0.0, 0.0, 0.14714927971363068, 0.2350570261478424, 0.1690029352903366, 0.19336898624897003, 0.15133312344551086, 0.0, 0.0, 0.2709719240665436, 0.4188309907913208, 0.0, 0.2658242881298065, 0.00026987522142007947, 0.011446415446698666, 1.0544445514678955, 0.9406346678733826, 0.10153599828481674, 0.0010629381285980344, 0.0, 0.09553444385528564, 0.0027817366644740105, 0.587992787361145, 0.18374334275722504, 2.151679277420044, 0.011121666990220547, 0.037387143820524216, 0.0, 0.21133676171302795, 0.050904225558042526, 0.0, 0.004324698820710182, 3.4695565700531006, 0.04836335405707359, 0.041048482060432434, 0.09291189908981323, 1.0971205234527588, 0.6717946529388428, 0.08451369404792786, 0.16021834313869476, 0.0, 0.025370165705680847, 1.3039158582687378, 0.42232653498649597, 0.009245434775948524, 0.8184900879859924, 0.2190292477607727, 0.43044590950012207, 0.055585458874702454, 0.02639254741370678, 0.46588462591171265, 0.9797255992889404, 0.029611460864543915, 0.001264696242287755, 8.856139183044434, 0.22290000319480896, 0.0, 0.33642810583114624, 0.4381292760372162, 0.0032550899777561426, 0.0, 0.21614110469818115, 0.11670290678739548, 0.7037515640258789, 0.0, 0.26255059242248535, 0.019811512902379036, 0.20468851923942566, 0.2222452312707901, 0.1182703897356987, 0.13759449124336243, 1.349794626235962, 0.04946637526154518, 0.0066368188709020615, 0.00588325597345829, 0.17715944349765778, 0.0, 0.12649737298488617, 0.0, 0.13536112010478973, 0.0, 0.06360969692468643, 0.013744835741817951, 0.0, 0.23603898286819458, 0.007584221661090851, 0.13715510070323944, 0.1620430201292038, 4.244705677032471, 0.0, 0.4296604096889496, 0.47639361023902893, 0.0006359523395076394, 0.19701813161373138, 0.2795971930027008, 0.13982908427715302, 1.1222386360168457, 0.6153664588928223, 2.510841131210327, 0.02549104019999504, 0.055111613124608994, 0.015309727750718594, 0.0565054677426815, 0.714439868927002, 1.465710997581482, 0.0, 1.4680927991867065, 0.01636953465640545, 0.00607656966894865, 0.011644212529063225, 0.027863703668117523, 0.2135147899389267, 0.0, 0.25961849093437195, 0.5883147716522217, 2.524264097213745, 0.2103666514158249, 0.0908621996641159, 0.0, 0.3515992760658264, 0.11423671245574951, 0.49139001965522766, 0.0, 0.01806514523923397, 1.1359813213348389, 0.21004801988601685, 0.38484492897987366, 0.02541820891201496, 2.6333556175231934, 0.23712098598480225, 0.1866816282272339, 1.2800790071487427, 0.06311418861150742, 0.10827074199914932, 0.000748499296605587, 0.1930045634508133, 0.0, 0.0, 0.3411036431789398, 0.35523244738578796, 0.0, 0.0, 0.2780536413192749, 0.010690064169466496, 0.0, 0.3928174078464508, 0.08904355019330978, 0.081464983522892, 0.013612504117190838, 0.08319126814603806, 0.0, 0.0, 0.0, 0.04238227754831314, 0.08412214368581772, 0.017460769042372704, 0.14130698144435883, 0.0, 0.5363634824752808, 0.2779842019081116, 0.02197123132646084, 0.12088361382484436, 0.9207975268363953, 0.3090342581272125, 0.0, 0.027032382786273956, 0.2116626799106598, 0.5701761841773987, 0.018754087388515472, 0.04222635179758072, 1.7402138710021973, 0.0, 0.612712025642395, 0.3425326347351074, 0.0, 0.7247848510742188, 1.6124095916748047, 0.37923383712768555, 0.21407978236675262, 0.2998793423175812, 0.07222282886505127, 0.010082312859594822, 0.008055536076426506, 0.20430658757686615, 0.0, 0.0, 0.0, 0.3683009743690491, 0.010150722227990627, 0.00612687598913908, 0.023577313870191574, 0.14667420089244843, 0.0, 0.0, 0.038303010165691376, 0.22222086787223816, 0.0, 0.3531411290168762, 1.118105411529541, 0.13933555781841278, 0.0, 0.04073190689086914, 0.044560130685567856, 0.9799607992172241, 1.323865294456482, 0.6422260999679565, 0.016510391607880592, 0.3419872224330902, 0.0, 0.034401293843984604, 0.1286911517381668, 0.13343434035778046, 0.09263136237859726, 0.0, 0.7962872982025146, 0.20853778719902039, 0.20064564049243927, 1.921030044555664, 0.14631763100624084, 0.0, 0.5920724272727966, 1.06884765625, 0.0, 0.14392884075641632, 0.5112909078598022, 0.010604731738567352, 0.13493643701076508, 0.0, 1.0679508447647095, 0.2888343334197998, 1.8235526084899902, 0.04941534623503685, 2.559718132019043, 0.10153248906135559, 0.45827510952949524, 0.2530423402786255, 3.1937777996063232, 0.0806942731142044, 2.2983031272888184, 0.05748269334435463, 0.2993294596672058, 0.25237396359443665, 0.0, 0.9499450325965881, 0.17390720546245575, 0.26001858711242676, 0.20214952528476715, 0.020485464483499527, 0.0, 0.19830703735351562, 0.016348104923963547, 0.13924221694469452, 0.0, 0.5141364932060242, 0.2933954894542694, 0.012472576461732388, 0.0, 0.0, 0.440723180770874, 0.18715821206569672, 0.0040185232646763325, 0.023701200261712074, 0.02222784236073494, 0.25331759452819824, 0.0, 0.764713704586029, 0.0, 0.36223548650741577, 0.0, 0.0, 0.06420017033815384, 0.01724301092326641, 0.0, 0.0, 0.17792144417762756, 1.566231608390808, 0.0, 0.2989177405834198, 0.17713169753551483, 0.39723485708236694]",Testing/glioma_tumor/image(41).jpg
"[0.15716388821601868, 0.25419753789901733, 0.05401206016540527, 0.5416999459266663, 1.0484893321990967, 0.0, 4.052960395812988, 0.022952694445848465, 0.0, 0.0, 0.0, 0.09816929697990417, 0.6507881283760071, 1.10417902469635, 0.04831286892294884, 0.05756734311580658, 0.0, 0.32606881856918335, 0.005242267623543739, 0.03336744010448456, 0.384564608335495, 1.7133780717849731, 2.3205108642578125, 0.015880677849054337, 0.09740717709064484, 0.10045243054628372, 1.9311585426330566, 0.3606819212436676, 0.039291754364967346, 0.0, 0.002662284066900611, 0.05095658078789711, 3.28855562210083, 0.19258780777454376, 1.2836920022964478, 0.7405707836151123, 0.04408404231071472, 0.03267249837517738, 0.011182312853634357, 0.0, 3.2530720233917236, 1.895993947982788, 0.4837561547756195, 0.1302037388086319, 0.0050103566609323025, 0.15937434136867523, 0.0, 0.0, 0.0, 0.29758694767951965, 0.33639898896217346, 0.9450521469116211, 1.5227198600769043, 0.1349542886018753, 2.213860273361206, 1.7781895399093628, 0.44475534558296204, 0.23131722211837769, 1.307003140449524, 0.039779044687747955, 0.32713520526885986, 1.7332782745361328, 1.346789002418518, 1.6085835695266724, 0.20468711853027344, 0.01680087484419346, 0.4428662359714508, 0.1767420470714569, 0.4338901937007904, 0.0, 0.5859726667404175, 0.0012945325579494238, 0.08882281929254532, 2.8820600509643555, 0.7919737100601196, 0.17421981692314148, 1.3460930585861206, 0.15755918622016907, 0.0, 0.023693542927503586, 0.08651809394359589, 0.0, 1.6072112321853638, 0.0062433285638689995, 0.8944137692451477, 0.01889164000749588, 1.7879009246826172, 0.2878134846687317, 0.045959390699863434, 0.10375791043043137, 2.6106066703796387, 0.6778383851051331, 0.11866410076618195, 0.7963567972183228, 0.0, 0.0, 0.3890265226364136, 0.025152577087283134, 0.06886336207389832, 0.07483714818954468, 0.022221764549613, 0.7878405451774597, 0.16575488448143005, 0.10900234431028366, 1.0394576787948608, 0.16118787229061127, 0.6388673186302185, 1.571049451828003, 0.7935810685157776, 2.0934503078460693, 0.0, 0.43314218521118164, 0.1214878186583519, 0.15616628527641296, 0.42558789253234863, 0.15126025676727295, 0.012376165948808193, 1.2953977584838867, 0.0, 0.35270193219184875, 0.022298112511634827, 0.009707529097795486, 0.0066749174147844315, 0.205413356423378, 0.3007320463657379, 0.7743553519248962, 0.0, 0.2670838236808777, 1.3818986415863037, 0.0, 0.027724752202630043, 0.972496747970581, 0.003912521991878748, 0.04740499332547188, 0.035960812121629715, 0.0, 0.35717886686325073, 0.0, 0.020096788182854652, 0.21089428663253784, 0.09816262871026993, 0.22367841005325317, 0.003307863138616085, 0.03238267824053764, 0.0, 0.0, 0.019497204571962357, 0.654638946056366, 0.06817863136529922, 0.14936459064483643, 0.6721038222312927, 0.8779029250144958, 0.1690571904182434, 0.1265861690044403, 0.16399231553077698, 0.44903549551963806, 0.0, 0.0, 0.9793986082077026, 0.014898974448442459, 1.0315684080123901, 0.9045962691307068, 0.0, 0.18747887015342712, 0.0, 0.0014282051706686616, 0.20606550574302673, 0.44131338596343994, 0.3542162775993347, 7.3077874183654785, 0.8177888989448547, 0.0, 0.020101601257920265, 0.32167893648147583, 0.9828734397888184, 0.02542402781546116, 0.0, 0.6507120132446289, 0.06532074511051178, 1.5579030513763428, 0.04296575114130974, 0.0, 0.04118673503398895, 0.09916995465755463, 0.24225087463855743, 0.32076653838157654, 0.28054195642471313, 1.5586636066436768, 0.6940553784370422, 0.0, 0.034664854407310486, 0.05369964987039566, 0.01048640813678503, 0.0, 0.00526123633608222, 0.11887356638908386, 0.09329087287187576, 0.2514798939228058, 0.0, 0.24465054273605347, 0.43164563179016113, 1.1915464401245117, 0.0, 0.057838331907987595, 2.7004926204681396, 0.5030209422111511, 0.0, 0.0, 1.5550007820129395, 0.02585093304514885, 0.6462013721466064, 1.4803597927093506, 0.0, 0.9428269267082214, 0.021064486354589462, 0.4754790961742401, 0.1067720502614975, 0.2135019451379776, 0.05810903385281563, 0.0007640828844159842, 1.0547960996627808, 0.13710859417915344, 1.332270622253418, 0.08190832287073135, 0.0, 1.628914713859558, 0.7074651122093201, 0.22023659944534302, 0.7164504528045654, 0.0, 0.3815711736679077, 0.34417182207107544, 0.20887145400047302, 2.532123565673828, 0.20787546038627625, 0.4238131046295166, 0.03085636906325817, 0.2933393716812134, 0.055498335510492325, 0.4696264863014221, 0.14185255765914917, 0.16066056489944458, 0.8555442690849304, 0.016933005303144455, 0.31050804257392883, 0.0, 0.08020082116127014, 1.4738149642944336, 0.0, 2.0450029373168945, 0.3206760585308075, 0.027647938579320908, 2.12705659866333, 1.3609843254089355, 0.04558706283569336, 0.5092219114303589, 0.03832295164465904, 1.1415722370147705, 0.0861196294426918, 0.24825268983840942, 0.0, 0.040787387639284134, 2.5490829944610596, 0.006202413234859705, 0.0, 0.057808030396699905, 0.02010488510131836, 0.22274212539196014, 0.0, 0.024761594831943512, 0.5670260787010193, 0.0, 0.8311610221862793, 0.048912614583969116, 4.5593461990356445, 0.35816192626953125, 0.13759757578372955, 0.4681988060474396, 0.3553221523761749, 0.0, 0.9561780095100403, 0.7655935287475586, 1.3616987466812134, 0.2581595182418823, 0.5991000533103943, 0.2697025239467621, 0.4889940619468689, 0.01704876683652401, 0.051702070981264114, 0.042686525732278824, 0.4240450859069824, 0.05882291495800018, 0.0, 0.0, 0.05823693051934242, 4.307147979736328, 0.04148773103952408, 0.015421020798385143, 1.3330206871032715, 0.0, 0.19638985395431519, 0.13467085361480713, 3.8476600646972656, 0.5588005185127258, 1.2638089656829834, 0.09013471007347107, 0.015221796929836273, 0.15956377983093262, 0.003962542396038771, 0.41826221346855164, 0.0071021439507603645, 0.6435448527336121, 0.509329080581665, 0.29301881790161133, 0.2968297600746155, 0.675956130027771, 0.5431674122810364, 0.06025240197777748, 0.0, 0.4128073453903198, 0.051850758492946625, 0.003399543697014451, 0.11274182051420212, 0.03975033387541771, 0.13257107138633728, 0.05201458930969238, 0.8447988033294678, 0.16180847585201263, 3.723037004470825, 1.1831750869750977, 0.12638932466506958, 0.034582022577524185, 0.29724934697151184, 0.9054489731788635, 0.021094366908073425, 0.11306438595056534, 3.6241188049316406, 1.1889969110488892, 1.3856338262557983, 0.11821485310792923, 0.24726715683937073, 0.001499740406870842, 0.0, 0.043119415640830994, 0.0, 0.7888178825378418, 0.7154091596603394, 0.08664727956056595, 0.3593606650829315, 0.7653590440750122, 0.269545316696167, 0.6774951219558716, 0.4985601603984833, 0.007441009860485792, 0.06520353257656097, 0.06209186464548111, 0.15138180553913116, 0.003298260737210512, 0.15660345554351807, 0.11129283905029297, 0.32637402415275574, 1.4264260530471802, 0.4860072135925293, 0.10548784583806992, 0.29596734046936035, 0.4258477985858917, 0.10870827734470367, 0.03178425878286362, 0.8025293946266174, 1.5084391832351685, 0.11947375535964966, 0.04549388587474823, 0.9973563551902771, 2.2921664714813232, 0.34622710943222046, 0.01268971711397171, 2.172987461090088, 1.347428798675537, 0.003021602751687169, 0.005712314508855343, 0.1293116807937622, 0.27183371782302856, 0.0, 0.020367296412587166, 0.2766171991825104, 0.08153945952653885, 1.9895424842834473, 0.0, 0.0, 0.04059608280658722, 0.0, 0.12007313221693039, 0.19449394941329956, 0.0, 0.2047826051712036, 5.805643558502197, 0.01907840184867382, 1.4991283416748047, 0.0, 0.020873501896858215, 0.9768518209457397, 0.0, 0.39913737773895264, 0.00833333469927311, 0.023616401478648186, 2.955221652984619, 0.36680683493614197, 0.0732804387807846, 0.3940863311290741, 0.6388335227966309, 0.11693339794874191, 0.001719603780657053, 0.0, 0.0, 0.003462735563516617, 3.6052212715148926, 0.0, 0.07286987453699112, 0.3579486012458801, 0.34565261006355286, 0.7009546756744385, 0.5846608877182007, 0.09738136827945709, 0.36973652243614197, 0.0, 0.0, 0.06850674003362656, 0.4100390076637268, 0.26986658573150635, 0.017576176673173904, 0.33299505710601807, 0.5924110412597656, 1.4410958290100098, 0.09565463662147522, 0.1490005999803543, 1.8331928253173828, 0.0, 2.762263059616089, 0.3901127874851227, 0.09558936208486557, 0.010752392932772636, 0.0, 1.797446846961975, 0.32176560163497925, 0.18251502513885498, 0.005488016176968813, 0.04855426400899887, 0.3934713900089264, 0.09671398997306824, 0.06722918152809143, 0.5219870805740356, 0.02054831013083458, 0.02143855392932892, 0.0, 0.07137688994407654, 0.058064382523298264, 0.17005416750907898, 0.0661013275384903, 0.0, 2.1813318729400635, 0.15186479687690735, 1.0008505582809448, 0.43904396891593933, 0.04561033099889755, 0.11064186692237854, 0.11725816130638123, 0.012576526962220669, 0.6805129051208496, 0.31508538126945496, 0.0, 0.09022718667984009, 0.03262549638748169, 0.705580472946167, 0.3056284189224243, 0.044008348137140274, 0.0, 0.11703529953956604, 0.0, 0.0, 0.762181282043457, 0.19018562138080597, 0.372565358877182, 0.7113228440284729, 0.018878644332289696, 0.006221111863851547, 0.12096631526947021, 0.0, 0.04660104587674141, 0.6732576489448547, 0.0, 0.2508423328399658, 2.2654004096984863, 0.5374907851219177, 0.05089975520968437, 1.7887808084487915, 0.0, 0.01758156344294548, 0.20294153690338135, 0.4602029025554657, 0.14634668827056885, 0.28398916125297546, 0.8974112868309021, 0.6003516912460327, 3.784846305847168, 0.018576715141534805, 0.06603038311004639, 0.14194798469543457, 0.028099751099944115, 0.28488996624946594, 0.4253031611442566, 0.0, 0.22731013596057892, 0.10116127878427505, 0.48694610595703125, 0.28463977575302124, 0.4758715033531189, 0.12751151621341705, 0.129629984498024, 0.5070361495018005, 0.16996949911117554, 0.008758747018873692, 0.3872402608394623, 0.030117075890302658, 0.5690540075302124, 0.0, 0.4626937508583069, 0.0, 0.0, 0.1936836838722229, 0.7334635853767395, 0.8710528612136841, 1.0211498737335205, 2.1584866046905518, 2.892194986343384, 0.0729123204946518, 0.26018524169921875, 1.8508508205413818, 0.5314755439758301, 0.006765112746506929, 0.1637410968542099, 0.06270930916070938, 0.31417155265808105, 0.0692165419459343, 0.23919333517551422, 1.0123659372329712, 0.7113251090049744, 0.04916324466466904, 0.32080525159835815, 0.4916127920150757, 0.0, 0.08039095252752304, 0.3055333197116852, 0.45228955149650574, 0.0006887693889439106, 1.198862075805664, 1.7185477018356323, 0.9474917054176331, 0.04027465358376503, 0.24333374202251434, 0.06527996808290482, 3.6756858825683594, 0.13779763877391815, 0.5966413021087646, 0.0, 0.0, 0.1631850004196167, 1.0931308269500732, 0.12479279935359955, 1.3118788003921509, 0.0, 0.4148033559322357, 0.27545320987701416, 0.8480369448661804, 0.15151134133338928, 0.009365015663206577, 1.4985376596450806, 0.0, 2.1086087226867676, 0.11712391674518585, 0.1755073070526123, 2.723233222961426, 0.0, 0.0, 0.10516547411680222, 0.0, 0.05538845434784889, 0.0, 0.23162484169006348, 8.405470907746349e-06, 0.0, 0.1543336659669876, 0.00010784305050037801, 0.3557940125465393, 0.0026275869458913803, 0.1839701235294342, 0.07996221631765366, 0.0, 0.06116456538438797, 0.04164150729775429, 0.21299156546592712, 0.46784380078315735, 0.0, 2.9096174240112305, 0.8097614645957947, 0.012193317525088787, 0.09204801917076111, 2.005354642868042, 0.11555659770965576, 0.12912742793560028, 1.214492678642273, 0.3185587525367737, 0.09842977672815323, 0.096320241689682, 0.7698349952697754, 0.028113197535276413, 0.00524096330627799, 0.07401280850172043, 0.18019354343414307, 0.0, 0.08588403463363647, 0.8087285757064819, 0.03727336972951889, 4.433679580688477, 0.012714619748294353, 2.091498851776123, 0.029318898916244507, 0.14797309041023254, 0.03712861239910126, 0.0, 0.13194046914577484, 0.1184808760881424, 0.0630016103386879, 0.07651784271001816, 0.015587130561470985, 0.02882172167301178, 0.0, 0.2267652302980423, 0.0, 0.0, 0.5591219067573547, 1.8270716667175293, 0.24497179687023163, 1.1145402193069458, 0.19677148759365082, 0.0, 0.3928546607494354, 3.021613359451294, 0.06420999765396118, 0.029882313683629036, 0.0, 1.6380338668823242, 0.22039039433002472, 0.39073893427848816, 0.0, 2.7834322452545166, 0.08768930286169052, 0.13864655792713165, 0.0, 0.5271060466766357, 0.0, 0.5829065442085266, 0.0, 0.137354776263237, 0.118744395673275, 0.8082981705665588, 0.005182409659028053, 2.233705520629883, 0.47887882590293884, 0.0, 0.04177207499742508, 0.0, 0.2022569626569748, 0.03199939802289009, 0.13502147793769836, 0.027777589857578278, 0.3362889587879181, 0.0, 0.1254071444272995, 0.0, 2.758216381072998, 2.7100436687469482, 0.7432072758674622, 0.005018813069909811, 0.024312175810337067, 1.7019730806350708, 1.0783149003982544, 0.0009557203156873584, 0.6682582497596741, 0.7179229259490967, 0.0170802753418684, 0.039828382432460785, 0.12031516432762146, 0.14996030926704407, 0.050750307738780975, 0.01805218681693077, 0.8753386735916138, 0.31715574860572815, 0.2104635387659073, 0.013994734734296799, 0.0, 0.24231205880641937, 0.020204758271574974, 0.6960707902908325, 0.09971275925636292, 0.0, 0.037930890917778015, 0.8814623951911926, 2.534132719039917, 2.904926300048828, 0.0, 2.368124485015869, 0.027227533981204033, 0.03209066018462181, 0.0014896952779963613, 0.017830517143011093, 0.0, 0.10499528795480728, 0.05423514544963837, 0.0, 0.0, 0.44855615496635437, 1.8493480682373047, 0.37098681926727295, 0.07817105203866959, 0.09902629256248474, 3.636659622192383, 1.1384092569351196, 0.2851589620113373, 0.004736403934657574, 0.9334309101104736, 0.11511564999818802, 0.4146956205368042, 0.08958294242620468, 0.366582989692688, 1.4082250595092773, 0.17207330465316772, 0.2531718909740448, 0.4276203215122223, 0.3701663911342621, 0.0593978576362133, 0.16140028834342957, 0.0, 4.550692081451416, 0.028872257098555565, 0.027559027075767517, 0.4033298194408417, 0.21310876309871674, 0.00045544272870756686, 0.21195708215236664, 0.14206472039222717, 0.3680058419704437, 1.4890106916427612, 0.1312200427055359, 0.0565919503569603, 1.0920175313949585, 0.5523527264595032, 0.7290295362472534, 0.026336373761296272, 0.022306665778160095, 0.11325057595968246, 0.623607337474823, 0.33980169892311096, 1.5374253988265991, 2.1308703422546387, 0.0, 0.0, 0.1965736299753189, 0.13045059144496918, 0.6580566167831421, 0.6885800957679749, 0.08068893104791641, 0.0465569794178009, 0.3001699149608612, 0.019695600494742393, 0.26621076464653015, 0.01455189473927021, 0.046223659068346024, 0.08292073011398315, 3.0711469650268555, 0.07856754958629608, 1.1528425216674805, 0.44856709241867065, 0.5746674537658691, 0.011080790311098099, 1.243234395980835, 0.1762464940547943, 0.3593475818634033, 1.138942837715149, 0.15156938135623932, 0.0032399650663137436, 0.6335288882255554, 0.39662498235702515, 0.09856374561786652, 0.23382116854190826, 0.08769896626472473, 0.2863663136959076, 0.0, 0.0, 0.961077094078064, 0.5876340866088867, 0.04766105115413666, 0.0, 0.7743349075317383, 0.10052984952926636, 0.0, 0.0, 2.6328001022338867, 3.4250714778900146, 0.829834520816803, 0.27839162945747375, 0.048738475888967514, 0.17065460979938507, 1.9410861730575562, 0.0, 2.776374101638794, 0.23292432725429535, 2.739352226257324, 0.8639485836029053, 0.021521076560020447, 0.0, 0.08056141436100006, 0.20853938162326813, 0.4728219211101532, 0.26753857731819153, 0.0, 0.8863826394081116, 0.08989280462265015, 0.008610659278929234, 0.9204577803611755, 3.6352531909942627, 0.0333012156188488, 0.7462948560714722, 0.29544615745544434, 1.257015585899353, 0.27473369240760803, 2.173462152481079, 0.0, 0.0, 0.0059302193112671375, 0.03182799369096756, 0.011758629232645035, 0.053830500692129135, 0.8211626410484314, 2.5139310359954834, 1.0746722221374512, 0.47117629647254944, 0.02115560509264469, 0.01440244261175394, 0.2776791453361511, 0.012879590503871441, 0.0, 0.0, 0.280830442905426, 0.046946585178375244, 0.026107920333743095, 0.0, 0.4253053069114685, 0.030108997598290443, 0.24100284278392792, 0.9030293226242065, 0.10845079272985458, 0.09135722368955612, 0.06099382042884827, 0.14457404613494873, 0.6153263449668884, 1.329559326171875, 0.43916717171669006, 0.1207033172249794, 0.01833956502377987, 8.384136199951172, 0.7092549800872803, 0.0, 0.0, 0.3843359649181366, 0.10793504863977432, 0.45156118273735046, 0.4127349555492401, 0.1333051323890686, 1.3179377317428589, 0.2964456081390381, 0.09614962339401245, 1.3291528224945068, 0.04785073921084404, 0.0, 1.3416683673858643, 0.05469483882188797, 1.1474307775497437, 1.0192111730575562, 0.29653868079185486, 0.46860259771347046, 0.0, 0.2241544872522354, 0.12005163729190826, 0.0, 0.16012947261333466, 0.028270959854125977, 0.0, 0.09537763148546219, 0.42803359031677246, 1.8207755088806152, 0.005561946425586939, 0.7845370769500732, 0.005803760141134262, 0.0038192200008779764, 3.9446403980255127, 0.0, 0.2529922425746918, 1.6731115579605103, 0.42142051458358765, 0.037228379398584366, 0.4443930387496948, 0.24476756155490875, 0.08497912436723709, 0.0688701868057251, 0.12085147947072983, 0.9433941841125488, 0.14702637493610382, 0.0, 0.615717887878418, 0.0, 0.0, 0.12714587152004242, 0.0319037064909935, 0.38876593112945557, 0.1522022932767868, 0.21175384521484375, 0.4373132288455963, 1.1380410194396973, 2.3552746772766113, 0.0024693962186574936, 0.0, 0.06560274213552475, 1.113485336303711, 0.0, 0.007400162518024445, 1.4900635480880737, 0.03479641303420067, 0.003873752197250724, 0.0, 0.21738585829734802, 0.5438395142555237, 0.03561776131391525, 0.005724160000681877, 0.03315342217683792, 0.02593197301030159, 0.13943280279636383, 0.09431005269289017, 0.17476467788219452, 0.028956463560461998, 0.15892820060253143, 0.00658161286264658, 1.963613748550415, 0.19174599647521973, 0.15167313814163208, 0.390338659286499, 0.0, 0.04950902238488197, 0.6585380434989929, 0.4805763363838196, 0.0, 0.0532233864068985, 0.0, 0.011800221167504787, 0.3085678517818451, 0.031025733798742294, 1.4154108762741089, 0.2964424192905426, 1.2380098104476929, 0.267011433839798, 0.07644334435462952, 0.0, 0.5283809304237366, 0.22469207644462585, 0.41832810640335083, 0.05977562814950943, 0.008663174696266651, 0.08751806616783142, 0.01091951783746481, 0.6459510922431946, 0.0, 1.3628451824188232, 2.3047099113464355, 0.3956943154335022, 0.051312822848558426, 0.9152621626853943, 0.0016158868093043566, 0.09702897816896439, 0.019346732646226883, 0.20410911738872528, 0.0, 0.07066355645656586, 0.0016018152236938477, 0.022751497104763985, 0.019586358219385147, 0.0636785477399826, 0.02865774743258953, 0.09167701005935669, 0.0, 0.06058124080300331, 0.10371100902557373, 2.2009198665618896, 0.013712084852159023, 0.08897781372070312, 0.24315491318702698, 0.8287941217422485, 1.058086633682251, 0.0, 0.35051316022872925, 1.6660254001617432, 0.037441495805978775, 0.15480633080005646, 0.0020569099579006433, 0.2434527575969696, 3.4144327640533447, 0.4871791899204254, 0.05867798998951912, 0.03710469603538513, 0.07756146043539047, 0.7189106345176697, 0.9514335989952087, 0.6363129615783691, 1.0153753757476807, 0.0, 0.3149319589138031, 0.3934504985809326, 0.08896329253911972, 0.18614578247070312, 0.0, 0.1208113431930542, 0.37717413902282715, 0.0118820546194911, 0.5007545948028564, 0.11517250537872314, 0.08209606260061264, 0.08021140843629837, 0.5445252656936646, 0.2940855622291565, 0.04614408686757088, 0.029926221817731857, 0.0, 0.0, 0.008450726047158241, 0.6675746440887451, 0.12423254549503326, 0.18979550898075104, 0.014504865743219852, 0.0, 0.08995591104030609, 0.22154304385185242, 0.06301211565732956, 0.37957775592803955, 0.0338609404861927, 0.08258082717657089, 0.2198382169008255, 0.0, 0.2297149896621704, 0.28733381628990173, 2.450979709625244, 0.0, 0.291217565536499, 0.0, 0.1168285384774208, 0.4359877407550812, 0.005718167871236801, 0.12506650388240814, 0.0, 1.1021177768707275, 0.6312373280525208, 0.0, 0.2633415162563324, 0.2700803577899933, 4.1907148361206055, 0.0, 0.24851836264133453, 0.5222905874252319, 0.0, 0.054405756294727325, 0.06529340147972107, 0.10406750440597534, 0.4516921937465668, 1.8871643543243408, 0.027267925441265106, 0.3482379615306854, 1.78441321849823, 0.03326350450515747, 0.3474496603012085, 0.04000617936253548, 2.83463978767395, 1.0468178987503052, 0.32871687412261963, 0.19273483753204346, 0.09249363094568253, 0.0, 0.0227261520922184, 3.2280733585357666, 0.0, 0.00962737388908863, 0.1600445955991745, 0.0, 0.6274622082710266, 0.0, 0.006816411390900612, 0.15338841080665588, 0.12029007822275162, 0.07532025128602982, 0.015151413157582283, 0.34383922815322876, 0.05834309756755829, 0.05030469968914986, 0.21319368481636047, 0.18417885899543762, 0.33372610807418823, 0.12778976559638977, 0.11692899465560913, 0.29517585039138794, 0.1449081003665924, 0.0, 0.037449222058057785, 0.5236451029777527, 0.05374150723218918, 1.6024011373519897, 0.39734387397766113, 0.03471820056438446, 0.34130632877349854, 0.0, 0.006304413545876741, 0.9063316583633423, 0.28471195697784424, 0.008913502097129822, 0.009887452237308025, 0.028566306456923485, 1.7870365381240845, 0.19895818829536438, 2.529059648513794, 0.010044506751000881, 0.1827172189950943, 0.007370622828602791, 0.0, 0.09658282995223999, 0.41779717803001404, 0.29793938994407654, 0.012845511548221111, 1.5541815757751465, 0.0, 0.4182637631893158, 0.09068416059017181, 0.0, 0.0, 0.013941343873739243, 0.0, 0.03288377448916435, 0.17893217504024506, 0.009637085720896721, 0.03505564481019974, 0.8172539472579956, 0.04583675414323807, 0.4906884729862213, 0.4080020487308502, 0.0, 1.0009262561798096, 0.0, 0.0, 0.011030909605324268, 0.1364273875951767, 0.14461161196231842, 0.05653397738933563, 0.043689921498298645, 0.33657726645469666, 0.0, 0.1260618269443512, 0.5999139547348022, 0.0736164003610611, 0.05141828581690788, 0.0732642114162445, 0.200321763753891, 0.5353416800498962, 0.0, 0.2505423426628113, 0.0, 2.1427245140075684, 0.10920847952365875, 0.0, 0.0006700826925225556, 0.13744387030601501, 0.0, 0.1025095283985138, 0.04684052616357803, 0.6013196706771851, 0.5608839392662048, 0.6848999261856079, 0.9273322224617004, 0.020765425637364388, 0.10658134520053864, 0.0, 0.0, 0.4758801758289337, 1.648616909980774, 0.09929129481315613, 0.416183203458786, 0.08345851302146912, 0.39380595088005066, 0.033187851309776306, 0.2878894507884979, 0.18273071944713593, 0.8833172917366028, 0.0, 0.07442791759967804, 1.3497410691343248e-05, 0.6358999013900757, 1.0823367834091187, 1.6616235971450806, 0.0085307527333498, 0.006923862732946873, 0.9830411076545715, 0.0, 0.0, 0.0, 0.0, 0.2509329319000244, 0.4785193204879761, 0.4579089283943176, 0.06053280830383301, 0.0, 1.0565627813339233, 0.24842698872089386, 0.09808368980884552, 0.05217352509498596, 0.44626057147979736, 0.46521276235580444, 0.023173293098807335, 0.12459300458431244, 0.04078800976276398, 0.05981121584773064, 4.2869086265563965, 0.0, 0.0, 0.06521782279014587, 0.9297216534614563, 0.18713900446891785, 0.12116967141628265, 0.09339122474193573, 0.0, 0.17802487313747406, 1.5851798057556152, 0.7908788323402405, 0.2654859721660614, 0.006881521549075842, 0.023830633610486984, 0.3485379219055176, 0.09317371994256973, 0.742372989654541, 1.9579565525054932, 0.8812703490257263, 0.1025780662894249, 0.0055939252488315105, 0.0, 2.2580301761627197, 0.026473229750990868, 0.0, 0.022956401109695435, 0.03337038308382034, 0.14116789400577545, 0.47025197744369507, 0.12475055456161499, 0.5985234379768372, 0.5280787348747253, 1.139798879623413, 0.0, 0.7765017151832581, 0.027057092636823654, 0.03103436715900898, 0.17201481759548187, 0.0, 0.5574831366539001, 0.08474976569414139, 0.4719575345516205, 0.12513338029384613, 0.18716353178024292, 0.13593843579292297, 0.05584357678890228, 0.05351153016090393, 0.1755298674106598, 0.1054440438747406, 0.48643848299980164, 0.10301151126623154, 0.4426940977573395, 0.07068376988172531, 0.47448015213012695, 0.36755332350730896, 1.7426456212997437, 0.19499841332435608, 0.0, 1.2659261226654053, 0.0039811525493860245, 0.013954203575849533, 0.0, 0.5370378494262695, 3.0496714115142822, 0.004422516096383333, 0.01497030258178711, 0.2615966498851776, 0.08034834265708923, 0.02071799337863922, 2.578396797180176, 0.0, 0.02263559401035309, 0.8493614792823792, 0.38419508934020996, 0.14361891150474548, 3.6405210494995117, 0.174245685338974, 0.28492969274520874, 0.06764465570449829, 0.0, 0.0, 0.19780801236629486, 0.9476388692855835, 0.11208101361989975, 0.19856277108192444, 1.6654678583145142, 2.1836647987365723, 0.3660643398761749, 0.33425161242485046, 0.0, 0.021876297891139984, 0.0, 0.19388997554779053, 0.0005014818743802607, 0.7615394592285156, 0.35862162709236145, 0.5905188918113708, 0.10174087435007095, 0.3334719240665436, 0.06439289450645447, 0.0, 0.06682201474905014, 1.4783779382705688, 0.06585200875997543, 0.5538231134414673, 0.9657915234565735, 0.07025277614593506, 0.20145341753959656, 0.003887697122991085, 0.00020108661556150764, 0.015512201003730297, 2.6419332027435303, 0.3225313723087311, 0.011634930968284607, 0.08729305863380432, 1.1317640542984009, 0.08339224755764008, 0.23748217523097992, 0.5299859642982483, 0.036808766424655914, 1.9761455059051514, 0.0, 0.0, 0.13789483904838562, 0.16813844442367554, 0.13008858263492584, 0.010144107043743134, 0.16188521683216095, 0.0010883297072723508, 0.08638540655374527, 0.017954252660274506, 1.7028111219406128, 0.05361954867839813, 0.6939277648925781, 0.028670957311987877, 0.06704887002706528, 0.19570979475975037, 0.8119064569473267, 0.6888399124145508, 0.010494764894247055, 4.1630377769470215, 0.6647127270698547, 0.31082215905189514, 0.2461746335029602, 0.20034845173358917, 0.0, 1.338925838470459, 1.0547142028808594, 0.003380748676136136, 1.5286332368850708, 0.36531320214271545, 0.11355879157781601, 1.182360291481018, 0.21139203011989594, 0.38860756158828735, 0.0, 0.0, 0.014337281696498394, 0.003769504837691784, 0.0, 0.011628267355263233, 0.07210593670606613, 0.03259465843439102, 3.5027408599853516, 0.26959773898124695, 0.05869390442967415, 0.031314972788095474, 0.9628692865371704, 0.03715941309928894, 1.939969539642334, 0.2070387601852417, 0.0, 0.13486266136169434, 0.6176005005836487, 1.1611562967300415, 0.0, 0.043264489620923996, 0.616205632686615, 0.03077508509159088, 0.17689210176467896, 0.4829242527484894, 1.5704935789108276, 0.02688724175095558, 0.24064791202545166, 0.007465333212167025, 0.0, 0.0, 0.2984195053577423, 0.0, 0.3648667633533478, 0.05802248790860176, 0.09238198399543762, 0.022397493943572044, 0.0, 0.3568018972873688, 1.7217086553573608, 0.004604234825819731, 0.0, 0.21517544984817505, 0.147128626704216, 0.021661583334207535, 0.04246361553668976, 0.0, 0.04085388034582138, 1.5356740951538086, 0.19812287390232086, 0.07556065171957016, 0.06391376256942749, 1.0296766757965088, 0.0, 0.1022506058216095, 0.1371709406375885, 0.35226884484291077, 0.06348583847284317, 1.314253330230713, 0.035557884722948074, 0.4406459331512451, 0.0, 0.031795673072338104, 0.21378447115421295, 0.0, 0.10831858217716217, 0.28286051750183105, 0.0, 0.0, 0.073597751557827, 1.0341004133224487, 0.1717110425233841, 0.15033118426799774, 1.6781795024871826, 3.5732920169830322, 6.781866550445557, 0.0917813628911972, 1.0286858081817627, 0.29742899537086487, 0.0, 0.644567608833313, 0.17991192638874054, 1.0147805213928223, 0.014461556449532509, 2.0454583168029785, 0.021408742293715477, 1.1744449138641357, 0.2546391487121582, 1.4139810800552368, 0.8679496645927429, 0.15967150032520294, 0.03898652270436287, 0.0, 0.046963293105363846, 0.27699071168899536, 0.015292301774024963, 0.010645591653883457, 0.031094003468751907, 0.06746275722980499, 0.21207264065742493, 0.08100676536560059, 1.9799282550811768, 0.0, 0.1200181245803833, 0.6316617727279663, 0.03357231989502907, 0.23519159853458405, 0.48860272765159607, 0.1590079516172409, 2.7563316822052, 0.50055992603302, 0.43001556396484375, 0.004085877910256386, 2.3269360065460205, 3.0958147048950195, 0.8132340312004089, 0.08884184062480927, 0.03593403100967407, 1.7609429359436035, 0.36363041400909424, 0.0, 1.3657913208007812, 0.07538971304893494, 1.7103766202926636, 0.3950214087963104, 0.012023385614156723, 0.035611264407634735, 0.05620308965444565, 0.07167883962392807, 0.0, 0.3891252279281616, 0.025288596749305725, 0.14020657539367676, 1.9873778820037842, 0.037430256605148315, 0.0, 0.042686305940151215, 0.1437443494796753, 0.3932441473007202, 1.221081256866455, 0.018162542954087257, 0.0, 0.0, 0.7181642651557922, 0.01162470132112503, 0.0, 0.6517534255981445, 0.0, 0.44953131675720215, 0.005167532712221146, 2.39412784576416, 0.027764232829213142, 0.01176364067941904, 0.7405298948287964, 0.19096246361732483, 0.028204653412103653, 0.2026437669992447, 0.10808831453323364, 0.18104970455169678, 0.003706742310896516, 0.5105576515197754, 0.4828687310218811, 1.9548717737197876, 0.07710670679807663, 1.0208591222763062, 1.517011046409607, 2.0913941860198975, 3.3275718688964844, 0.012730821967124939, 0.2137957066297531, 0.47964489459991455, 0.16558843851089478, 0.33724474906921387, 0.5182483196258545, 0.12980295717716217, 0.3117050528526306, 0.0, 1.3331292867660522, 0.22351019084453583, 0.4605790674686432, 0.39337268471717834, 0.016146007925271988, 1.9600317478179932, 0.43888819217681885, 0.2931675314903259, 0.4606998860836029, 0.0029126210138201714, 0.37436333298683167, 0.236580953001976, 0.0, 0.28157079219818115, 0.0, 0.45930391550064087, 0.01089939009398222, 0.042654816061258316, 0.3376065194606781, 0.1854393184185028, 0.11431415379047394, 0.06292220950126648, 0.17193202674388885, 0.2108946442604065, 0.0, 0.006121679209172726, 0.17568093538284302, 0.20293539762496948, 0.9031804800033569, 0.5539029836654663, 0.07258443534374237, 2.2020511627197266, 0.0, 0.6167147755622864, 1.0244640111923218, 0.0813978984951973, 0.7367203235626221, 0.13431665301322937, 0.2124147266149521, 0.8723925948143005, 0.29864633083343506, 0.03734135627746582, 1.3029206991195679, 0.0, 0.5392541885375977, 0.199592724442482, 0.276364266872406, 0.0, 0.45787757635116577, 0.28650757670402527, 0.22151261568069458, 0.3444106876850128, 0.027650104835629463, 0.036492425948381424, 0.3990277945995331, 0.17400987446308136, 1.6008937358856201, 1.9131516218185425, 1.6569403409957886, 1.7655582427978516, 3.760373592376709, 0.0, 0.16048569977283478, 0.0, 1.484513521194458, 0.3090440630912781, 0.0, 0.0, 0.027589187026023865, 0.15051357448101044, 0.04113076999783516, 0.025737062096595764, 0.1430116444826126, 1.1580686569213867, 0.0, 0.13817629218101501, 0.5046693682670593, 0.0, 0.3076987862586975, 0.061039019376039505, 0.00262552872300148, 2.793302536010742, 0.03388763591647148, 0.0, 0.4396355152130127, 0.7676823139190674, 0.21212375164031982, 0.0, 0.00683952821418643, 0.0, 0.0, 0.0, 0.06746596843004227, 0.1674475520849228, 1.1019372940063477, 0.3614504933357239, 0.0, 0.22682766616344452, 1.3697808980941772, 0.8367983102798462, 0.2205866575241089, 0.020404880866408348, 0.3679642975330353, 0.02888479083776474, 0.4831430912017822, 0.190402552485466, 0.5693496465682983, 0.11839991807937622, 0.01686924323439598, 0.4535464942455292, 1.0282652378082275, 0.09794086217880249, 0.048963822424411774, 0.05163532495498657, 0.10647362470626831, 0.2606019377708435, 0.12878906726837158, 0.0, 1.229755163192749, 0.14177867770195007, 0.18409843742847443, 0.9403125047683716, 0.0, 0.003219706704840064, 0.0, 0.023161903023719788, 0.0, 0.017455631867051125, 0.9396151304244995, 0.36346185207366943, 0.04952612519264221, 0.2600450813770294, 0.0, 0.29805266857147217, 0.06504750996828079, 0.5233386158943176, 0.5450488924980164, 0.41345059871673584, 2.2466838359832764, 0.28199368715286255, 0.08149529248476028, 0.014452798292040825, 0.0, 0.0, 0.06552474945783615, 0.14656999707221985, 0.3367082178592682, 0.032117750495672226, 0.07833392918109894, 0.46757519245147705, 0.22318135201931, 0.22028383612632751, 0.1454797238111496, 3.1161224842071533, 0.2631981074810028, 2.4008290767669678, 0.0, 0.10386247932910919, 0.01339220255613327, 0.4921381175518036, 0.628892719745636, 0.6399433016777039, 0.1547839343547821, 0.7018045783042908, 0.024490024894475937, 0.9022371172904968, 0.08757711946964264, 0.09777482599020004, 3.3235697746276855, 0.11136242747306824, 1.1452052593231201, 1.7786712646484375, 4.32841157913208, 0.0, 0.0, 0.07411391288042068, 0.11991290748119354, 0.0, 0.02382195182144642, 0.06536044925451279, 0.8275176286697388, 0.03707244619727135, 0.5056947469711304, 0.8598393201828003, 0.016398252919316292, 0.1494603455066681, 0.7148098349571228, 1.8790980577468872, 0.004563959315419197, 0.34725698828697205, 1.0347660779953003, 0.0, 0.002308222698047757, 0.2943617105484009, 0.21109968423843384, 0.19584429264068604, 1.445026159286499, 0.1928243786096573, 0.4424874484539032, 0.8462666869163513, 1.0205464363098145, 0.02007017284631729, 1.7119349241256714, 0.3222484886646271, 0.1277277171611786, 0.031247232109308243, 0.12330412119626999, 0.13899937272071838, 0.0, 0.36184918880462646, 0.4428424835205078, 0.060821425169706345, 0.0, 0.0, 0.0710563138127327, 0.0011665577767416835, 1.6743755340576172, 0.057241227477788925, 0.3412659764289856, 0.0, 0.08872789144515991, 0.35593321919441223, 0.0, 1.207838773727417, 0.010376159101724625, 0.4918113350868225, 0.19633866846561432, 0.00046203573583625257, 0.29746150970458984, 0.10983986407518387, 0.17492415010929108, 0.008949323557317257, 0.03437210991978645, 2.8838818073272705, 0.0, 0.056190941482782364, 0.009066557511687279, 0.0, 0.07504864782094955, 1.2342272996902466, 0.18259775638580322, 0.0, 0.17804042994976044, 0.20981942117214203, 0.9004363417625427, 0.19361679255962372, 0.40449246764183044, 1.4487859010696411, 0.7672763466835022, 0.0, 0.6145756244659424, 1.1312538385391235, 0.2892277240753174, 1.1991435289382935, 0.0, 9.165489196777344, 0.0, 0.6548279523849487, 0.6483504772186279, 1.1040197610855103, 0.03389963507652283, 0.0, 2.4238228797912598, 0.0, 0.4507657289505005, 0.07565038651227951, 1.0242743492126465, 0.0, 0.004766931291669607, 0.5777649283409119, 0.007118935696780682, 0.1030280813574791, 0.0, 0.0, 0.16894863545894623, 1.2111616134643555, 0.11600908637046814, 0.0019873501732945442, 0.06387133151292801, 0.05224577337503433, 0.13853487372398376, 0.030193336308002472, 0.42868655920028687, 0.03774139657616615, 0.032021429389715195, 0.0, 0.2839788794517517, 0.6942261457443237, 0.24955162405967712, 1.2761495113372803, 0.047900211066007614, 0.06290649622678757, 0.844239354133606, 0.0, 0.24898524582386017, 0.0, 0.08515993505716324, 2.185088872909546, 0.04651302844285965, 0.5275219082832336, 0.09502255171537399, 0.32491233944892883, 0.0, 0.2618158459663391, 0.35074108839035034, 1.4679406881332397, 0.007133661303669214, 1.6370925903320312, 0.5015376210212708, 0.006255407817661762, 0.0, 0.06591580808162689, 0.367364764213562, 0.0, 0.4254467487335205, 0.04275975748896599, 0.890338659286499, 1.2387009859085083, 0.02652336098253727, 0.0, 0.0, 0.0, 0.25552651286125183, 0.04076611250638962, 0.20383061468601227, 2.6167407035827637, 0.15757229924201965, 0.7778261303901672, 0.15678317844867706, 1.1696442365646362, 0.5023675560951233, 0.04617636650800705, 0.12603074312210083, 0.9627761840820312, 0.0366910919547081, 0.4132263660430908, 0.151901513338089, 0.02112276665866375, 0.019633013755083084, 0.5852145552635193, 0.11507723480463028, 0.04868436977267265, 0.13313019275665283, 0.0, 0.29157713055610657, 0.1189623549580574, 0.7934902906417847, 0.6806292533874512, 0.052497103810310364, 1.0816752910614014, 0.8789912462234497, 0.0, 0.2548033595085144, 0.1391107141971588, 0.0, 0.2658078670501709, 0.02861134335398674, 0.13771814107894897, 1.1779946088790894, 0.4701920449733734, 0.6726652383804321, 0.0, 0.12950946390628815, 0.9540134072303772, 0.49483832716941833, 0.09467347711324692, 0.0, 0.0, 0.18325793743133545, 0.1834592968225479, 0.09097985923290253, 0.32749032974243164, 0.07588563859462738, 0.0, 0.0, 0.25378870964050293, 0.0, 3.2280945777893066, 0.6399524211883545, 0.1332884430885315, 0.013089827261865139, 1.0734246969223022, 0.0, 0.5538949966430664, 0.1525791883468628, 0.47780370712280273, 0.0, 0.002232091734185815, 0.20935064554214478, 1.3534437417984009, 0.8624842166900635, 0.0060335006564855576, 0.07146764546632767, 0.025971300899982452, 0.02034696564078331, 0.0, 0.061991870403289795, 0.049474116414785385, 0.00014257188013289124, 1.5383753776550293, 0.395958811044693, 0.17919954657554626, 0.0, 0.0, 0.7038030028343201, 1.5826457738876343, 0.21547795832157135, 0.0, 0.5749423503875732, 0.0568130686879158, 0.0, 1.4306596517562866, 0.06328155845403671, 0.024696078151464462, 0.223013237118721, 0.32004010677337646, 0.4124588072299957, 0.01590317115187645, 0.4059427082538605, 0.0443369522690773, 1.1950035095214844, 0.9037343263626099, 0.4409928619861603, 0.13081200420856476, 0.040239013731479645, 0.05774306133389473, 0.3030306398868561, 0.01810862496495247, 0.0, 0.6664462685585022, 1.3566725254058838, 0.7803464531898499, 0.15243999660015106, 4.591665267944336, 0.011173320934176445, 0.9016885757446289, 0.08082428574562073, 4.616920471191406, 0.2864927649497986, 1.96470046043396, 0.5830313563346863, 0.3977266550064087, 0.04013603925704956, 0.22471392154693604, 2.5341763496398926, 0.13107915222644806, 0.0, 0.9127752184867859, 0.0, 0.6461306810379028, 0.44617602229118347, 0.4300040006637573, 0.9913207292556763, 0.4153851568698883, 0.20067264139652252, 0.0, 0.02562182955443859, 0.0, 0.1630917340517044, 0.41729167103767395, 2.2868869304656982, 0.00274862558580935, 0.281894713640213, 0.014328336343169212, 0.28483837842941284, 0.06477786600589752, 1.0809917449951172, 0.0, 0.11830990761518478, 0.032058075070381165, 0.30039554834365845, 0.027925778180360794, 0.0, 0.05236127972602844, 0.20247198641300201, 0.29724735021591187, 0.5091399550437927, 0.003432979341596365, 0.1512318253517151, 3.811225175857544, 1.5534135103225708]",Testing/glioma_tumor/image(95).jpg
"[0.047028154134750366, 0.2060845047235489, 0.012751944363117218, 0.6568115949630737, 0.6561428904533386, 0.34304094314575195, 2.2909224033355713, 0.1433698534965515, 0.0, 0.0147201307117939, 0.0039405724965035915, 0.12836173176765442, 0.09378111362457275, 1.0320298671722412, 0.0, 0.007006873842328787, 0.0, 1.0333677530288696, 0.7494125366210938, 0.03271308168768883, 1.8157457113265991, 1.137361764907837, 1.2408432960510254, 0.04421967267990112, 0.04067036136984825, 0.015385491773486137, 1.1451294422149658, 0.1794096827507019, 0.0, 0.08762231469154358, 0.12465362250804901, 0.0056275492534041405, 2.1856637001037598, 1.0939579010009766, 0.7111480832099915, 0.9660151600837708, 0.06554567068815231, 0.09110850095748901, 0.04972805455327034, 0.0025654423516243696, 1.6194651126861572, 0.33881667256355286, 0.0, 0.01583600975573063, 0.0, 0.008364195935428143, 0.048327647149562836, 0.0, 0.0, 0.9649541974067688, 0.11647717654705048, 0.3671658933162689, 1.8912913799285889, 0.0012859373819082975, 1.3854213953018188, 2.3690288066864014, 0.5893696546554565, 0.0, 0.8258870840072632, 0.013903398998081684, 0.06787905842065811, 0.6062737107276917, 1.0157426595687866, 2.7663350105285645, 0.08008766919374466, 0.003865125123411417, 0.5732256174087524, 0.03409615159034729, 0.05940202623605728, 0.0, 0.03488244488835335, 0.0, 0.4618069529533386, 2.1447181701660156, 0.22841300070285797, 0.09574772417545319, 2.8362362384796143, 0.36512047052383423, 0.0, 0.6038327217102051, 0.03626975789666176, 0.0, 0.4201100468635559, 0.012858147732913494, 1.756470799446106, 0.037715669721364975, 2.770251512527466, 0.11885436624288559, 0.12166523188352585, 0.1346021443605423, 1.1776961088180542, 0.31473812460899353, 0.0, 0.3742970824241638, 0.006898047868162394, 0.0, 0.2603851556777954, 0.07078106701374054, 0.2789396643638611, 0.009416156448423862, 0.1753310114145279, 0.8286554217338562, 0.20135009288787842, 0.08235394954681396, 0.6670029163360596, 0.6111029982566833, 0.08761769533157349, 1.6410781145095825, 0.016857290640473366, 1.299208641052246, 0.11491715162992477, 0.09247899800539017, 0.09605883806943893, 1.0827953815460205, 0.1058930978178978, 0.0111837824806571, 0.0, 0.020915331318974495, 0.013622931204736233, 0.07720126211643219, 0.013768291100859642, 0.019158562645316124, 0.0, 0.08662903308868408, 0.41264835000038147, 0.5254402756690979, 0.05139049142599106, 0.3909170925617218, 1.6119670867919922, 0.0, 0.0, 1.539527416229248, 0.016879841685295105, 0.0, 0.047270189970731735, 0.002197285182774067, 0.39313554763793945, 0.2053856998682022, 0.04665742442011833, 0.5486761331558228, 0.0, 0.3183443248271942, 0.0895879864692688, 0.06024385988712311, 0.13870956003665924, 0.0, 0.0, 3.663816452026367, 0.01599387265741825, 0.0, 0.43881404399871826, 2.0373706817626953, 0.26629799604415894, 0.0, 0.08625398576259613, 0.14224058389663696, 0.0, 0.013942854478955269, 2.5355756282806396, 0.0, 0.7715595960617065, 0.6883295774459839, 0.0, 0.0, 0.036395102739334106, 0.14601364731788635, 0.13777212798595428, 0.42091113328933716, 0.10013899207115173, 6.272042274475098, 0.3810177147388458, 0.047558389604091644, 0.29318681359291077, 0.32286715507507324, 2.8033552169799805, 0.09778472036123276, 0.06147818639874458, 0.8861848711967468, 0.3471263647079468, 0.44959044456481934, 0.0, 0.0, 0.21934819221496582, 0.17272967100143433, 0.0, 0.391283243894577, 0.02486676163971424, 0.8191767930984497, 0.4037454426288605, 0.0, 0.05251869931817055, 0.011135675013065338, 0.03139405697584152, 0.04394352063536644, 0.04810037463903427, 0.5473838448524475, 0.0036084894090890884, 0.4827680289745331, 0.0, 0.2580065131187439, 0.11447999626398087, 0.05654991790652275, 0.041389692574739456, 0.013039584271609783, 1.0824729204177856, 0.25247323513031006, 0.03375261276960373, 0.0, 0.86091148853302, 0.04657182842493057, 0.003339504823088646, 1.1084767580032349, 0.0, 0.5121653079986572, 0.22062216699123383, 0.7912722229957581, 0.04157238453626633, 0.053048472851514816, 0.14983044564723969, 0.0, 0.7512622475624084, 0.029589079320430756, 1.173333764076233, 0.016645684838294983, 0.018506819382309914, 1.23551607131958, 0.38424089550971985, 0.05227377638220787, 2.7514548301696777, 0.046334024518728256, 1.5361567735671997, 0.13276106119155884, 0.006563867907971144, 0.9326400756835938, 1.6059174537658691, 0.8170684576034546, 0.0, 0.0, 0.01418559905141592, 0.08257313072681427, 0.013452194631099701, 0.9501755237579346, 0.7020878791809082, 0.0, 0.026765989139676094, 0.3446871042251587, 0.3492172658443451, 3.1971046924591064, 0.04983250051736832, 1.6206012964248657, 0.13599909842014313, 0.0011436209315434098, 1.0241893529891968, 0.3490823209285736, 0.2550027668476105, 0.46997758746147156, 0.2829405665397644, 0.9939155578613281, 0.0, 1.4109313488006592, 0.03869299590587616, 0.0, 0.8095525503158569, 0.16351564228534698, 0.0, 0.05279620736837387, 0.0014146153116598725, 0.227484330534935, 0.0, 0.0, 0.13732752203941345, 0.30600741505622864, 0.45269787311553955, 0.12552334368228912, 4.491360187530518, 0.08020275086164474, 0.026598164811730385, 1.012540578842163, 0.08031127601861954, 0.0, 1.2868009805679321, 1.6787595748901367, 2.036522150039673, 0.4658500552177429, 0.7064323425292969, 0.6743769645690918, 0.18931393325328827, 0.008624721318483353, 0.0, 0.0, 0.05652942508459091, 0.23097065091133118, 0.0, 0.0014563677832484245, 0.15289250016212463, 1.846653938293457, 0.07727088779211044, 0.19223810732364655, 0.42849716544151306, 0.0, 0.1549863964319229, 0.0, 2.9478495121002197, 0.11855100095272064, 0.6976252794265747, 0.0, 0.0, 1.2405142784118652, 0.3192945718765259, 0.03762520104646683, 0.44945067167282104, 0.2785477638244629, 0.538733959197998, 0.30030661821365356, 0.22499410808086395, 0.0002484491851646453, 0.2519920766353607, 0.0, 0.08094873279333115, 0.24378937482833862, 0.04114144295454025, 0.0, 0.0, 0.000576603168155998, 0.3299464285373688, 0.055168163031339645, 0.10949055850505829, 0.14563323557376862, 0.9173121452331543, 0.4228896200656891, 0.008209729567170143, 0.0, 0.7872543931007385, 0.192286878824234, 0.0, 0.06864631175994873, 1.5223311185836792, 2.4203174114227295, 4.457690238952637, 0.49350765347480774, 0.03334223851561546, 0.33841806650161743, 0.4907625615596771, 0.4718911945819855, 0.0, 0.1956452876329422, 0.05115264654159546, 0.04576991870999336, 0.15716040134429932, 0.07969184219837189, 0.0, 0.026887360960245132, 0.08219499886035919, 0.0075735487043857574, 0.019701408222317696, 0.026679428294301033, 1.0368715524673462, 0.1157199889421463, 0.0, 0.05110801383852959, 0.0, 0.5915581583976746, 0.04699118807911873, 0.3091225028038025, 0.05106291547417641, 0.04349960759282112, 0.06302636861801147, 0.07170983403921127, 0.3098202049732208, 0.21269895136356354, 0.13581633567810059, 0.3130979537963867, 2.3088395595550537, 1.2955584526062012, 0.5659129619598389, 0.040118053555488586, 1.9055662155151367, 0.0910041555762291, 0.0353628508746624, 0.0, 0.05845489352941513, 0.0, 0.056263357400894165, 0.02602282539010048, 0.3796171545982361, 0.07473549246788025, 0.8632432818412781, 0.0, 0.002293642610311508, 0.0, 0.0, 0.07000558078289032, 0.15409459173679352, 0.09583321213722229, 0.5210233926773071, 4.730867385864258, 0.0, 0.3408370614051819, 0.03413822129368782, 0.18399475514888763, 0.042123399674892426, 0.0, 0.0, 0.0, 0.0, 3.164114475250244, 0.04272390529513359, 0.0271616131067276, 0.020522458478808403, 0.7468571662902832, 0.055543072521686554, 0.0, 0.0, 0.0, 0.05013328790664673, 1.9100978374481201, 0.0, 0.0, 0.0806099995970726, 0.020733891054987907, 0.0, 0.4213137626647949, 0.0008509621256962419, 0.5227811336517334, 0.13113176822662354, 0.01831972412765026, 0.005137202795594931, 0.08258245140314102, 0.0, 0.05328350514173508, 0.5746782422065735, 0.4133954346179962, 0.9365511536598206, 0.3332982063293457, 0.011284037493169308, 0.3826819956302643, 0.0, 6.1464619636535645, 0.22085195779800415, 0.0030062831938266754, 0.0, 0.019165009260177612, 1.4073567390441895, 0.007940609008073807, 0.1625351905822754, 0.0, 0.02903558313846588, 0.3364476263523102, 0.035235583782196045, 0.0, 1.019350290298462, 0.18827973306179047, 0.3563063442707062, 0.0035794705618172884, 0.21465721726417542, 0.10100428760051727, 0.4220254123210907, 0.04908759146928787, 0.0, 1.0718709230422974, 0.016989288851618767, 0.878241240978241, 1.7704768180847168, 0.12704011797904968, 0.0, 0.06732504814863205, 0.12150204926729202, 0.16420568525791168, 0.08095528185367584, 0.15302102267742157, 0.15221832692623138, 0.12195758521556854, 0.04330666735768318, 0.0, 0.5836281776428223, 0.009694498032331467, 0.10900961607694626, 0.0, 0.4692222476005554, 0.34001612663269043, 0.6007347702980042, 0.050949107855558395, 1.3618528842926025, 0.4257740080356598, 0.0, 0.38880401849746704, 0.0, 0.10147371143102646, 0.0745168924331665, 0.0, 0.09818283468484879, 2.843296527862549, 0.8272371292114258, 0.0, 1.9922120571136475, 0.0, 0.12011907249689102, 0.046136267483234406, 0.7063878774642944, 0.3584088683128357, 0.015300057828426361, 0.9510294795036316, 0.21123649179935455, 4.8431620597839355, 0.6529602408409119, 0.27040404081344604, 0.2602980434894562, 0.2029319852590561, 0.07262129336595535, 0.17644768953323364, 0.0, 0.002726345555856824, 0.3810874819755554, 0.5231679081916809, 0.2671931982040405, 0.19305665791034698, 0.4931408762931824, 0.10543408989906311, 0.0, 0.1485506147146225, 0.0, 0.0, 0.3302762806415558, 0.17774376273155212, 0.0024752349127084017, 0.3509928286075592, 0.0, 0.010761640965938568, 0.12125328928232193, 1.0300710201263428, 0.15997430682182312, 0.6230901479721069, 0.45948413014411926, 1.74964439868927, 0.03068612702190876, 0.035317327827215195, 1.0174788236618042, 0.30873218178749084, 0.0, 0.16127699613571167, 0.03606368973851204, 0.0, 0.17481574416160583, 0.07464824616909027, 0.8745783567428589, 0.6334497928619385, 0.04067568480968475, 0.0, 0.26043450832366943, 0.0, 0.3498668670654297, 0.34063926339149475, 0.16815470159053802, 0.0, 1.6806319952011108, 0.655443012714386, 0.08591864258050919, 0.0, 0.08598481118679047, 0.0, 5.489902019500732, 0.12605972588062286, 0.29020604491233826, 0.0, 0.020013945177197456, 0.04416683688759804, 0.13039523363113403, 0.4110819399356842, 0.5346738696098328, 0.1326402872800827, 1.3298808336257935, 0.001183609594590962, 0.9814720153808594, 0.03841767832636833, 0.043965134769678116, 1.2900694608688354, 0.0, 2.2592785358428955, 0.19674484431743622, 0.037059374153614044, 2.7454166412353516, 0.0, 0.020245376974344254, 0.20742443203926086, 0.0, 0.08461802452802658, 0.0, 0.2841935157775879, 0.0, 0.0, 0.010539956390857697, 0.22849401831626892, 0.2665761709213257, 0.0, 0.05916644260287285, 0.38182398676872253, 0.09665384143590927, 0.17335404455661774, 0.00291647226549685, 0.22732359170913696, 0.8151171803474426, 0.0, 1.077246069908142, 0.13563740253448486, 0.08159255981445312, 0.19891518354415894, 1.1902111768722534, 0.06351295113563538, 0.5367890000343323, 2.4140312671661377, 0.13889969885349274, 0.013812074437737465, 0.09754885733127594, 0.8462817072868347, 0.010958055965602398, 0.0, 0.0, 0.20619642734527588, 0.20514382421970367, 0.1666235774755478, 0.019551223143935204, 0.0, 2.9510257244110107, 0.1455412209033966, 0.6038772463798523, 0.02243337593972683, 0.10303821414709091, 0.0, 0.007030937355011702, 0.0, 0.1235356256365776, 1.2800947427749634, 0.0, 0.023859646171331406, 0.04944898560643196, 0.0, 0.03092370741069317, 0.0, 0.09751080721616745, 0.010081721469759941, 0.24740971624851227, 0.17638249695301056, 0.43227678537368774, 0.321030855178833, 0.0, 1.1255781650543213, 2.118683099746704, 0.0, 0.304373562335968, 0.0, 0.7201082706451416, 0.3051632046699524, 0.14191164076328278, 0.0, 3.3087735176086426, 0.04444495961070061, 0.8160783648490906, 0.07430005818605423, 0.36089617013931274, 0.0, 0.09305041283369064, 0.4165535271167755, 0.12313628941774368, 0.03656604140996933, 0.5006842613220215, 0.13587450981140137, 1.3689117431640625, 0.2284061312675476, 0.0, 0.31108346581459045, 0.05464756116271019, 0.876997172832489, 0.0761643499135971, 0.07364311069250107, 0.0, 0.10388921946287155, 0.07141418009996414, 0.00963222049176693, 0.0, 1.3430143594741821, 1.7285419702529907, 0.0, 0.0, 0.061315588653087616, 2.5600099563598633, 0.2346155196428299, 0.008666097186505795, 0.4437679648399353, 1.2964801788330078, 0.023264486342668533, 0.12557446956634521, 0.0, 0.0, 0.0, 0.04607313498854637, 0.06732568889856339, 0.21547158062458038, 0.09737654030323029, 0.02381732501089573, 0.04083679988980293, 0.18917781114578247, 0.0, 0.0, 0.34013545513153076, 0.0, 0.0, 1.0020601749420166, 2.199167490005493, 1.4883499145507812, 0.0, 1.7689884901046753, 0.0, 0.22555947303771973, 0.0, 0.14913040399551392, 0.0, 0.04791847616434097, 0.11363502591848373, 0.0, 0.008643675595521927, 0.30276039242744446, 3.086526393890381, 0.7316597104072571, 0.02552640251815319, 0.021272635087370872, 1.6400517225265503, 0.09212896972894669, 0.14974604547023773, 0.23385410010814667, 0.3783155679702759, 0.24006547033786774, 0.3278564512729645, 0.4787963628768921, 0.008684063330292702, 1.7126562595367432, 0.0005018078372813761, 0.4156356751918793, 0.33039411902427673, 0.9137822389602661, 0.35014715790748596, 0.18947510421276093, 0.019099203869700432, 5.469689846038818, 0.002297201892361045, 0.013353410176932812, 0.6569083333015442, 0.4417603611946106, 0.0, 0.04105321317911148, 0.41479697823524475, 0.9186625480651855, 3.3941221237182617, 0.05262766033411026, 0.07462650537490845, 0.7513335943222046, 0.045448221266269684, 0.5681779980659485, 0.4071236550807953, 0.0, 0.0, 1.9038349390029907, 0.7247958183288574, 0.11341692507266998, 1.893062949180603, 0.009985851123929024, 0.022624390199780464, 0.0, 1.854581594467163, 1.3482478857040405, 0.3289854824542999, 0.04783547669649124, 0.12099745124578476, 0.23486416041851044, 0.3287554383277893, 0.826393723487854, 0.02880925126373768, 0.0483914390206337, 0.017714275047183037, 2.9974865913391113, 0.46594488620758057, 0.9451387524604797, 0.11851222813129425, 1.0408227443695068, 0.0486433207988739, 1.0020205974578857, 0.0, 0.2998046576976776, 1.4556248188018799, 0.19447988271713257, 0.0, 1.0430928468704224, 0.5233958959579468, 0.6311228275299072, 0.01575939543545246, 0.2625378370285034, 0.4797544777393341, 0.0, 0.0, 0.23212452232837677, 0.06443163007497787, 0.0, 0.006701165344566107, 0.05804634094238281, 0.012955295853316784, 0.0, 0.32764843106269836, 2.4596338272094727, 0.49071618914604187, 0.13239751756191254, 0.0514635369181633, 0.0017067972803488374, 0.04322269558906555, 0.33762845396995544, 0.0, 0.9968551397323608, 0.28202226758003235, 4.895347595214844, 1.2743028402328491, 0.08094994723796844, 0.0, 0.1477149873971939, 0.0, 1.3590501546859741, 0.30709949135780334, 0.02511708065867424, 0.9024622440338135, 0.013039856217801571, 0.0, 0.5664774179458618, 6.449705123901367, 0.0, 0.5565009713172913, 0.0043634637258946896, 0.2761675715446472, 0.4865037202835083, 2.72409987449646, 0.0002331320138182491, 0.0, 0.0, 0.026939278468489647, 0.0, 0.0, 0.8739517331123352, 1.4720134735107422, 1.4030638933181763, 0.0005323351360857487, 0.057593706995248795, 0.0, 0.11975345015525818, 0.0, 0.012982845306396484, 0.03269459679722786, 1.1440857648849487, 0.0, 0.0, 0.0, 0.3219810426235199, 0.00288953585550189, 0.14290450513362885, 0.18629315495491028, 0.0, 0.48481711745262146, 0.1877979040145874, 0.008501342497766018, 0.23218396306037903, 0.14762470126152039, 0.3825027048587799, 0.207224041223526, 0.09082885831594467, 6.140697956085205, 0.11979980766773224, 0.07101856917142868, 0.0, 0.10935842990875244, 0.040739838033914566, 0.3830769658088684, 0.11845031380653381, 0.0, 0.4574469029903412, 0.1435699313879013, 0.03468170017004013, 0.08117657899856567, 0.10749445110559464, 0.0, 0.4698702096939087, 0.009771660901606083, 1.0163525342941284, 0.2664114236831665, 0.13167868554592133, 0.493447482585907, 0.0, 0.032025109976530075, 0.015159531496465206, 0.0, 0.007546935696154833, 0.019523657858371735, 0.0, 0.025460710749030113, 0.11005255579948425, 1.9710475206375122, 0.021308960393071175, 0.318241149187088, 0.8227859735488892, 0.0, 2.8364510536193848, 0.16342826187610626, 0.32896965742111206, 0.9442905783653259, 0.0418013371527195, 0.06469256430864334, 1.0724117755889893, 0.25498390197753906, 0.3672989010810852, 0.36943522095680237, 0.05501597747206688, 0.6929148435592651, 0.022220417857170105, 0.03388918563723564, 0.0972927063703537, 0.0, 0.0, 0.05384597182273865, 0.005063966847956181, 0.13628576695919037, 0.3826005458831787, 0.11439677327871323, 0.7485292553901672, 0.997395396232605, 1.8736326694488525, 0.0, 0.2890099585056305, 0.0, 0.5040931105613708, 0.0, 0.09669434279203415, 3.500349283218384, 0.00727237481623888, 0.012223705649375916, 0.0, 0.0, 0.23840847611427307, 0.5156788229942322, 0.20575200021266937, 0.0, 0.10302594304084778, 0.03200463950634003, 0.13788647949695587, 0.3246762156486511, 0.577384889125824, 0.12167540192604065, 0.0, 0.8399470448493958, 0.03625987842679024, 0.00040836966945789754, 0.6617807149887085, 0.0, 0.0, 0.8946301937103271, 0.5487536191940308, 0.3945405185222626, 0.118567556142807, 0.0, 0.016699863597750664, 0.12817499041557312, 0.19080017507076263, 0.5262980461120605, 0.12703576683998108, 0.14068925380706787, 0.0, 0.06627679616212845, 0.008396859280765057, 0.12797090411186218, 0.012781004421412945, 0.16502681374549866, 0.0, 0.0, 0.02886575646698475, 0.0, 0.28370165824890137, 0.0, 1.08539879322052, 1.5801318883895874, 0.5751628279685974, 0.0097258435562253, 1.3725335597991943, 0.0, 0.009928707964718342, 0.030396820977330208, 0.024585694074630737, 0.0, 0.0, 0.03580896556377411, 0.0, 0.14680442214012146, 0.09866825491189957, 0.0, 0.07768911868333817, 0.0, 0.3099782466888428, 0.012246078811585903, 1.1336907148361206, 0.0, 0.0, 0.021518362686038017, 2.02851939201355, 1.1654170751571655, 0.48374587297439575, 1.0850580930709839, 0.7881784439086914, 0.07066560536623001, 0.12971286475658417, 0.07334573566913605, 0.18995608389377594, 1.4957576990127563, 0.012951220385730267, 0.0, 0.15229269862174988, 0.003517931792885065, 0.5535440444946289, 0.502948522567749, 0.5303488969802856, 0.8480772972106934, 0.021078212186694145, 0.0, 0.25004491209983826, 0.5390863418579102, 0.011057354509830475, 0.03165310248732567, 0.1328003704547882, 0.2715523838996887, 0.25048258900642395, 0.12204403430223465, 0.21182911098003387, 0.789347767829895, 0.047692473977804184, 0.44842156767845154, 0.0, 0.0, 0.3200061321258545, 0.0, 0.0, 0.0, 0.0, 0.0185611080378294, 0.0, 0.018689598888158798, 0.0, 0.19164517521858215, 0.20694148540496826, 0.20033015310764313, 0.04360674321651459, 0.32137078046798706, 0.004938906524330378, 0.08132798224687576, 0.2968665063381195, 0.0, 0.006893449928611517, 2.3919217586517334, 0.4226972162723541, 0.8733400106430054, 0.12659938633441925, 0.5437841415405273, 0.25671181082725525, 0.0060643418692052364, 0.07404129207134247, 0.0, 0.5449678301811218, 0.06947867572307587, 0.05020331218838692, 0.9512777328491211, 0.14758260548114777, 2.0583503246307373, 0.004071447532624006, 0.3755906820297241, 0.5879926681518555, 0.12830157577991486, 0.10562698543071747, 0.0, 0.022864867001771927, 0.5872657299041748, 2.222597360610962, 0.12435385584831238, 0.08548866957426071, 1.3937315940856934, 0.0, 0.7004727125167847, 0.0, 3.318436622619629, 3.6016757488250732, 0.003648030571639538, 0.07036183029413223, 0.0, 0.40375974774360657, 0.3402438163757324, 4.497241497039795, 0.0, 0.27790367603302, 0.0, 0.0, 0.18439850211143494, 0.0, 0.0, 0.09083996713161469, 0.01989951729774475, 0.07718014717102051, 0.00033728929702192545, 0.01867198385298252, 0.24683254957199097, 1.282092571258545, 0.16586945950984955, 0.092448391020298, 0.0579025074839592, 0.1895022690296173, 0.0, 0.5238385200500488, 0.05982831120491028, 0.2610643208026886, 0.016356276348233223, 0.15741263329982758, 0.021711593493819237, 0.7560857534408569, 0.1490952968597412, 0.24634861946105957, 0.39473357796669006, 0.0, 0.0, 0.7296997308731079, 0.03872895613312721, 0.004831820260733366, 0.024806831032037735, 0.01868077740073204, 0.8676315546035767, 0.010916627943515778, 3.446312427520752, 0.0, 0.1310133934020996, 0.10335690528154373, 0.0, 0.19178736209869385, 0.0, 0.0, 0.4830664396286011, 1.4331015348434448, 0.0, 0.4646582305431366, 0.0, 0.0, 0.0, 0.05226685106754303, 0.05310903117060661, 0.34319472312927246, 0.03566088154911995, 0.00024190483964048326, 0.34366923570632935, 2.354658842086792, 0.04123251140117645, 0.027762414887547493, 0.051923371851444244, 0.006926388014107943, 0.477408230304718, 0.033173974603414536, 0.009228166192770004, 0.017445072531700134, 0.13262704014778137, 0.3319048285484314, 0.022524269297719002, 0.3534376919269562, 0.27668535709381104, 0.0, 0.04591333493590355, 0.0, 0.02622734196484089, 0.3621635437011719, 0.09982305765151978, 0.0, 0.24372081458568573, 0.0, 0.17248407006263733, 0.0, 0.7341840267181396, 0.0, 0.014430790208280087, 0.0, 0.0, 0.0, 0.05994933098554611, 0.11012165248394012, 0.43481114506721497, 0.11991074681282043, 0.3606460690498352, 2.347574234008789, 0.09598833322525024, 0.4968046545982361, 0.0, 0.02388838678598404, 0.7646434307098389, 0.056611109524965286, 0.2483096867799759, 0.5491465926170349, 0.4873717129230499, 0.034344710409641266, 0.013814250007271767, 0.42918723821640015, 0.2614564597606659, 0.7202839255332947, 0.1501712203025818, 0.23989993333816528, 0.43508926033973694, 0.0, 0.8982757925987244, 5.420531749725342, 0.0, 0.0, 0.8413030505180359, 0.00745902257040143, 0.011788847856223583, 0.1222890242934227, 0.0, 0.0118116969242692, 0.004238836467266083, 0.897108793258667, 0.14813777804374695, 0.0023416888434439898, 0.7059147953987122, 0.04751649126410484, 0.5495948791503906, 0.0, 0.0, 0.09757187962532043, 0.0, 0.024797074496746063, 0.0, 0.027234449982643127, 5.017640590667725, 0.020317070186138153, 0.0, 0.042524486780166626, 0.007317027077078819, 0.22180837392807007, 0.15960019826889038, 0.10865363478660583, 0.0, 0.22439847886562347, 0.6674667596817017, 0.02446211688220501, 0.5777045488357544, 0.08238140493631363, 0.10096777975559235, 0.02729111723601818, 0.06864073872566223, 0.0445101298391819, 0.8802940249443054, 0.34414395689964294, 0.0014845960540696979, 0.004197008907794952, 0.0, 0.6222037672996521, 0.014599155634641647, 0.20052769780158997, 0.0, 0.0, 0.11850763112306595, 0.056752026081085205, 2.2385683059692383, 0.9648391008377075, 0.8893786072731018, 0.22845454514026642, 0.04932677000761032, 0.4498642385005951, 0.03801887854933739, 0.0058365450240671635, 0.05891016498208046, 0.0, 0.22266659140586853, 0.16830459237098694, 0.11237658560276031, 0.25084352493286133, 0.17574703693389893, 0.03374180197715759, 0.36109277606010437, 0.012841599062085152, 0.0, 0.08410578221082687, 0.028164807707071304, 0.02143315225839615, 0.9783805012702942, 0.0, 0.49141934514045715, 0.19748514890670776, 0.32058095932006836, 0.005113706458359957, 0.06593076884746552, 0.1130402684211731, 0.04266440123319626, 0.07462482899427414, 0.0, 0.24361494183540344, 2.0040178298950195, 0.0, 0.0, 0.4899272918701172, 0.31456300616264343, 0.07586755603551865, 0.5222623348236084, 0.17082996666431427, 0.0, 0.0, 0.0, 0.7733472585678101, 3.4881420135498047, 0.4737687408924103, 0.0008373552700504661, 0.1798977106809616, 0.02900155447423458, 0.0, 0.9272655844688416, 0.18048834800720215, 0.005892558954656124, 0.5234670639038086, 1.5706002712249756, 1.8005189895629883, 0.22782446444034576, 0.20723237097263336, 0.04124325513839722, 0.14345714449882507, 0.04256077855825424, 0.28160369396209717, 0.0, 0.12975920736789703, 0.006924967281520367, 0.001860803458839655, 0.46786296367645264, 0.07430072128772736, 0.0, 0.0, 0.0, 0.5163634419441223, 0.0005239467136561871, 0.7980562448501587, 2.8823208808898926, 0.0, 0.043197501450777054, 0.09154188632965088, 0.0, 0.0, 3.3386783599853516, 0.0, 0.18228761851787567, 0.0, 2.125322103500366, 0.03719945251941681, 0.17278556525707245, 0.17098021507263184, 0.03045468032360077, 3.275536298751831, 0.001942652859725058, 0.0, 0.09741847217082977, 0.017662856727838516, 0.02185894548892975, 0.30534207820892334, 0.42167723178863525, 0.0, 0.06921219080686569, 0.0035585237201303244, 3.1564033031463623, 0.0, 0.29563823342323303, 0.34204787015914917, 0.0016392274992540479, 0.013222659938037395, 0.07845114916563034, 0.5903884172439575, 0.0, 7.193321228027344, 1.8677164316177368, 0.2521496117115021, 0.28772416710853577, 0.07717090845108032, 0.0, 2.763780355453491, 1.2979449033737183, 0.001741805812343955, 0.8473568558692932, 1.029022216796875, 0.0, 0.7707949876785278, 0.9217277765274048, 0.8430982232093811, 0.3068152964115143, 0.0, 0.0, 0.16085246205329895, 0.010777191258966923, 0.0, 0.0, 0.0, 2.8720593452453613, 0.0, 0.22618336975574493, 0.13434751331806183, 2.431910514831543, 0.03309536725282669, 1.500807762145996, 0.6954780220985413, 0.0, 0.02349088340997696, 1.026309847831726, 1.610970377922058, 0.012150497175753117, 0.3442502021789551, 0.12174656242132187, 0.0, 0.14018967747688293, 0.35668209195137024, 0.45967602729797363, 2.4327659606933594, 0.0, 0.021358154714107513, 0.5745424032211304, 0.42684870958328247, 0.051069531589746475, 0.0, 0.8166620135307312, 0.31121066212654114, 0.09258293360471725, 0.21819917857646942, 0.0, 0.2694147825241089, 0.9830226302146912, 0.0, 0.09519018232822418, 0.005962376482784748, 0.1952667236328125, 0.1478162407875061, 0.0, 0.0, 0.0038079412188380957, 0.15240605175495148, 0.2328631728887558, 0.12715767323970795, 0.013752934522926807, 2.005323648452759, 0.0, 0.012278126552700996, 0.15544374287128448, 0.2356468141078949, 0.025265440344810486, 0.13750970363616943, 0.7625081539154053, 0.048626452684402466, 0.0, 0.3566321134567261, 0.03607339411973953, 0.0, 0.0, 0.031618956476449966, 0.0, 0.0040561421774327755, 0.0, 0.8182695508003235, 0.0, 0.22001834213733673, 0.5467554330825806, 0.42774590849876404, 3.384575605392456, 0.11828095465898514, 0.7998002767562866, 0.8999632000923157, 0.0, 0.6210246086120605, 0.0, 3.4229917526245117, 0.17873598635196686, 1.3502594232559204, 0.000986787723377347, 1.4600361585617065, 0.0641273707151413, 3.7981910705566406, 0.07870468497276306, 0.5180695056915283, 0.07566051930189133, 0.0, 0.05794219672679901, 0.15063658356666565, 0.25720590353012085, 0.0, 0.027604229748249054, 0.02795553021132946, 0.0, 0.0, 0.9637496471405029, 0.0, 0.004443621262907982, 0.15760712325572968, 0.04145997017621994, 1.3377630710601807, 0.12578493356704712, 0.0004825640644412488, 3.2215802669525146, 0.5504231452941895, 0.6463268399238586, 0.0, 2.3631296157836914, 0.4988127052783966, 0.1283581256866455, 0.0, 0.2736692726612091, 0.3323424160480499, 0.0683341771364212, 0.028080979362130165, 0.7641242146492004, 0.1032416969537735, 0.38240814208984375, 0.576468825340271, 0.008640849031507969, 0.12668350338935852, 0.1183670163154602, 0.1982755810022354, 0.05895191431045532, 0.048873890191316605, 0.0722331702709198, 0.0, 1.7583413124084473, 0.22111442685127258, 0.0, 0.11691533029079437, 0.036633267998695374, 0.28779152035713196, 1.418156623840332, 0.09835868328809738, 0.0, 0.0, 0.7501676082611084, 0.0, 0.0, 0.19062845408916473, 0.08263072371482849, 0.12072652578353882, 0.06590060889720917, 0.7471216917037964, 0.0, 0.0, 0.1318383663892746, 0.005544771905988455, 0.0, 0.239016592502594, 0.20177657902240753, 0.21591146290302277, 0.011069570668041706, 0.5157487988471985, 0.16086949408054352, 0.23510080575942993, 0.009203188121318817, 0.23490303754806519, 1.7273972034454346, 0.2326570600271225, 2.25175142288208, 0.015595105476677418, 0.015561001375317574, 0.08828408271074295, 0.07561219483613968, 0.13264423608779907, 0.29461929202079773, 0.22580036520957947, 0.7200475931167603, 0.0, 0.41094523668289185, 0.027801139280200005, 0.11185064911842346, 0.013712121173739433, 0.12977886199951172, 0.7708378434181213, 0.2654140889644623, 0.0, 1.15940523147583, 0.12733295559883118, 0.0, 0.30499714612960815, 0.0, 0.12047033756971359, 0.0010668258182704449, 1.4989343881607056, 0.07354062795639038, 0.0, 0.0, 0.48201268911361694, 0.061073288321495056, 0.09971974790096283, 0.1709757000207901, 0.00024824481806717813, 0.0, 0.012468982487916946, 0.000977482064627111, 0.18636664748191833, 0.6880330443382263, 0.4897330105304718, 0.0005232703988440335, 0.08338604867458344, 0.0, 1.1708030700683594, 1.5747065544128418, 0.2838520407676697, 0.1552114486694336, 0.0, 0.04914087802171707, 0.34271833300590515, 0.3527778387069702, 0.42608189582824707, 1.0702872276306152, 0.0, 0.9907445311546326, 0.2542518377304077, 0.01046238373965025, 0.043966785073280334, 0.041006963700056076, 0.1191735565662384, 0.001758721424266696, 0.03317704051733017, 0.03409914672374725, 0.014700648374855518, 0.3919765055179596, 0.22614383697509766, 2.9474544525146484, 0.32301944494247437, 0.5889070630073547, 1.6397680044174194, 2.998992919921875, 0.0, 0.1151396632194519, 0.0, 1.7987384796142578, 0.016494398936629295, 0.03475813567638397, 0.0, 0.11435957998037338, 0.17403337359428406, 0.06907957047224045, 0.021544795483350754, 0.0, 2.035998582839966, 1.493741750717163, 0.18496251106262207, 0.3372434377670288, 0.021295052021741867, 0.7431070804595947, 0.0398048460483551, 0.0, 2.2189507484436035, 0.3765306770801544, 0.020569736137986183, 0.8061386346817017, 1.8678014278411865, 0.4120815098285675, 0.0013187467120587826, 0.09344320744276047, 0.0, 0.0, 0.017011554911732674, 0.33432337641716003, 0.28383076190948486, 0.10145755857229233, 0.15099942684173584, 0.0, 0.00957899633795023, 1.1890817880630493, 0.9065317511558533, 0.2012556791305542, 0.017100682482123375, 0.10509071499109268, 0.01000985037535429, 0.10188931226730347, 0.16270671784877777, 0.16725221276283264, 0.0, 0.05858186259865761, 0.09991510212421417, 0.41565293073654175, 0.0, 0.0, 0.0, 0.0, 0.15673287212848663, 0.03907981887459755, 0.0, 1.0892438888549805, 0.0, 0.3519649803638458, 0.32010453939437866, 0.0, 0.0, 0.07359647005796432, 0.047707706689834595, 0.0, 0.0, 0.5962128639221191, 0.206331267952919, 0.004640973173081875, 0.5149377584457397, 0.0, 0.07918009907007217, 0.0, 0.6052733063697815, 0.13022276759147644, 0.06891177594661713, 0.051882170140743256, 0.11421258747577667, 0.08547162264585495, 0.012275484390556812, 0.012665568850934505, 0.07123693078756332, 0.30413904786109924, 0.0, 0.5196338295936584, 0.0, 0.014031940139830112, 0.27813246846199036, 0.5192607641220093, 0.0008813969907350838, 0.001917573856189847, 0.533906877040863, 0.11775136739015579, 1.8448972702026367, 0.0, 0.04106549918651581, 0.0, 0.11926873028278351, 0.02936154417693615, 0.3513314127922058, 0.34929710626602173, 0.7516548037528992, 0.0, 1.1764633655548096, 0.23740015923976898, 0.36430996656417847, 3.8942739963531494, 0.05437127500772476, 0.0, 0.8165879249572754, 1.6048166751861572, 0.06971816718578339, 0.0, 0.004476367030292749, 0.7930232286453247, 0.0, 0.017520537599921227, 0.3753035366535187, 0.19245603680610657, 0.0, 1.0508737564086914, 0.1413586139678955, 0.0, 0.0406932458281517, 0.06686393916606903, 0.2624852657318115, 0.011722219176590443, 0.016963765025138855, 0.8635798692703247, 0.008152017369866371, 0.04335595667362213, 0.0548231266438961, 0.6042424440383911, 0.0, 0.5559433102607727, 0.16081443428993225, 0.4786822199821472, 0.40264806151390076, 0.8447704911231995, 0.0, 0.7870458364486694, 0.1635407656431198, 0.0, 0.000922864768654108, 0.4852394163608551, 0.11568806320428848, 0.0018374676583334804, 0.0, 0.28832975029945374, 0.43741706013679504, 0.11286239326000214, 0.01382958609610796, 0.2926301658153534, 0.0, 0.5311058759689331, 0.10105873644351959, 0.44203004240989685, 0.0, 0.06783033162355423, 0.17078042030334473, 0.0, 0.6524521112442017, 0.051173336803913116, 0.18351542949676514, 0.001777235302142799, 0.0, 0.08683640509843826, 0.02824544347822666, 0.06508788466453552, 0.0, 0.37815287709236145, 2.595076560974121, 0.0, 0.0, 0.04396411031484604, 0.0, 0.010912783443927765, 0.5613937973976135, 0.008403821848332882, 0.0, 0.21065710484981537, 0.7258660197257996, 0.726850688457489, 0.003048952668905258, 0.26788511872291565, 0.788311779499054, 1.2652662992477417, 0.014643620699644089, 0.20211048424243927, 0.33164292573928833, 0.1986989974975586, 0.3519555330276489, 0.0, 7.674330234527588, 0.0, 0.054866690188646317, 1.5888413190841675, 0.07426786422729492, 0.1469905525445938, 0.08279890567064285, 0.7330135703086853, 0.0, 0.0599023811519146, 0.0, 1.7737526893615723, 0.01821432262659073, 0.0, 0.12229181081056595, 0.23747774958610535, 0.35844117403030396, 0.0, 0.0, 0.04549085721373558, 0.20558840036392212, 0.0029128766618669033, 0.022801000624895096, 0.0221206434071064, 0.005629785358905792, 0.1550261229276657, 0.0, 0.10287797451019287, 0.0, 0.18806356191635132, 0.0, 0.0040168785490095615, 0.4157906770706177, 0.6830759048461914, 0.7863850593566895, 0.0, 0.07602634280920029, 1.3685808181762695, 0.0, 0.2832908630371094, 0.0, 0.0947064757347107, 1.782291293144226, 0.2336001694202423, 0.038441941142082214, 0.0006408448098227382, 0.05337106063961983, 0.022503839805722237, 1.190709114074707, 1.018283724784851, 0.6885963678359985, 0.0, 2.4857535362243652, 0.1244596466422081, 0.0, 0.0, 0.0, 0.7315660715103149, 0.0, 0.3099614679813385, 0.5410160422325134, 0.7185290455818176, 1.2835551500320435, 0.16220378875732422, 0.0, 0.0, 0.15807706117630005, 0.0, 0.0, 0.0, 1.7982473373413086, 0.06420611590147018, 0.8987548351287842, 0.1786702573299408, 1.4535117149353027, 0.31141161918640137, 0.036086082458496094, 0.9029834270477295, 0.09132859855890274, 0.029695123434066772, 0.007539145648479462, 0.0598820261657238, 0.0, 0.0, 0.5543639659881592, 0.33411768078804016, 0.0, 0.0, 0.3538353443145752, 0.012697492726147175, 0.02263248711824417, 0.3302873969078064, 0.1417485475540161, 0.050886720418930054, 1.065047264099121, 0.032767295837402344, 0.0, 0.1537134051322937, 0.0, 0.0, 0.023734385147690773, 0.0, 0.0, 0.20344878733158112, 0.07840429246425629, 1.5711262226104736, 0.015345442108809948, 0.0, 0.34352439641952515, 0.36657604575157166, 0.018707487732172012, 0.0, 0.07056710124015808, 0.2583073377609253, 0.13959942758083344, 0.17053979635238647, 0.4807351231575012, 0.0, 1.4321494102478027, 0.0, 0.0, 0.00022768243798054755, 2.071043014526367, 0.42419472336769104, 0.9788821339607239, 0.016451669856905937, 0.7798296809196472, 0.0, 0.8436780571937561, 0.0, 0.20573651790618896, 0.04405809938907623, 0.024486906826496124, 0.09724636375904083, 0.25951626896858215, 0.5033861398696899, 0.004805888514965773, 0.8492830991744995, 0.0, 0.05665445327758789, 0.0, 0.032284680753946304, 0.02251444384455681, 0.2379663586616516, 0.9406986832618713, 0.30325955152511597, 0.2274540364742279, 0.11070899665355682, 0.0, 0.6541595458984375, 0.9561594724655151, 0.2857697010040283, 0.0, 0.9805774092674255, 0.0, 0.0, 0.8335589170455933, 0.059437479823827744, 0.004376005381345749, 0.043407879769802094, 0.047142643481492996, 0.14219768345355988, 0.07348369061946869, 0.03832268342375755, 0.0790582150220871, 0.45171618461608887, 0.5061725974082947, 0.000716953887604177, 0.13074201345443726, 0.5499666333198547, 0.03154440224170685, 0.0, 0.0, 0.053363263607025146, 0.8137369155883789, 1.3861374855041504, 1.8762058019638062, 0.007165324874222279, 1.5939346551895142, 0.10377270728349686, 1.3233642578125, 0.05697569251060486, 2.953852415084839, 0.20056259632110596, 2.8463737964630127, 0.056204602122306824, 0.061627816408872604, 1.2178300619125366, 0.5623987317085266, 4.798239707946777, 0.004616367630660534, 0.6455700397491455, 0.36960890889167786, 0.0, 0.30581045150756836, 0.34716758131980896, 0.5290910601615906, 0.8208694458007812, 0.011647025123238564, 0.12280981987714767, 0.007767098490148783, 0.18839289247989655, 0.0, 0.012142837978899479, 0.37073564529418945, 2.5983684062957764, 0.01022337656468153, 0.00010275353997712955, 0.014658152125775814, 0.8718159198760986, 0.35178956389427185, 0.3547977805137634, 0.017659364268183708, 0.6328448057174683, 0.0, 0.005050571635365486, 0.055667564272880554, 0.0, 0.01551416702568531, 0.0016455795848742127, 0.547503650188446, 0.42649388313293457, 0.0, 0.00952555239200592, 2.901559352874756, 0.5777420997619629]",Testing/glioma_tumor/image(36).jpg
"[0.14484314620494843, 0.04925491288304329, 0.0, 0.39248767495155334, 0.3456399440765381, 0.09472746402025223, 2.4599363803863525, 0.0, 0.02197313867509365, 0.002008369890972972, 0.03871011361479759, 0.003644675714895129, 0.22111907601356506, 0.9814808368682861, 0.07426459342241287, 0.0, 0.0, 0.4169175922870636, 0.25851109623908997, 0.0, 0.7206214070320129, 0.8206732869148254, 0.5465384125709534, 0.2139805555343628, 0.17236429452896118, 0.15859147906303406, 1.703656554222107, 0.009893572889268398, 0.15366919338703156, 0.15520401298999786, 0.27828118205070496, 0.1359255313873291, 1.0378453731536865, 1.1164368391036987, 0.9256429076194763, 0.08996213972568512, 0.0, 0.02318323403596878, 0.33365997672080994, 0.2315937578678131, 1.6929672956466675, 0.27544277906417847, 0.19067548215389252, 0.006982662249356508, 0.0, 0.0, 0.04808799922466278, 0.0, 0.0, 1.1501744985580444, 0.14148344099521637, 0.5831784009933472, 0.07315872609615326, 0.01233719103038311, 1.5288580656051636, 3.4550859928131104, 0.0, 0.028610223904252052, 0.5029003620147705, 0.19730350375175476, 0.03021944873034954, 0.088468037545681, 0.9105885028839111, 1.5419988632202148, 0.042913708835840225, 0.04001573100686073, 0.0, 0.07172728329896927, 0.0, 0.0, 0.12963902950286865, 0.0, 0.09604257345199585, 3.0936715602874756, 0.5113453269004822, 0.09482215344905853, 4.331039905548096, 0.09159640967845917, 0.0, 0.1462862491607666, 0.34755417704582214, 0.024668866768479347, 0.43311649560928345, 0.4203804135322571, 0.5286046266555786, 0.0, 2.053331136703491, 0.021492721512913704, 0.0, 0.0, 1.2210389375686646, 0.16709615290164948, 0.0, 0.0122630400583148, 0.13633866608142853, 0.021145937964320183, 0.2502436637878418, 0.1098942831158638, 0.4061412513256073, 0.059844762086868286, 0.12242629379034042, 1.1485071182250977, 0.04887391999363899, 0.0, 0.16005635261535645, 0.11363747715950012, 0.004876647610217333, 0.8412356972694397, 0.0, 1.157823085784912, 0.0, 0.05629682168364525, 0.19586828351020813, 0.14381134510040283, 0.21195174753665924, 0.0, 0.557971715927124, 0.39694198966026306, 0.29828041791915894, 0.013530544005334377, 0.0, 0.07055259495973587, 0.0, 0.4176357686519623, 0.6730258464813232, 0.31539931893348694, 0.23434020578861237, 0.015884920954704285, 0.8256480693817139, 0.039769113063812256, 0.00800628773868084, 0.8970146775245667, 0.2027113437652588, 0.4108588695526123, 0.040281884372234344, 0.09266995638608932, 0.13235212862491608, 0.43938329815864563, 0.022471636533737183, 1.1950459480285645, 0.0, 0.016482554376125336, 0.01923241838812828, 0.011912516318261623, 0.024829713627696037, 0.0, 0.49320754408836365, 5.017651081085205, 0.01145690307021141, 0.017263412475585938, 0.3980144262313843, 0.6690696477890015, 0.09199658036231995, 0.0, 0.8823930621147156, 0.12848299741744995, 0.0, 0.0, 1.0902612209320068, 0.0, 0.1220049187541008, 1.034272313117981, 0.0, 0.0, 0.16163283586502075, 0.2364734709262848, 0.3021661341190338, 0.22427445650100708, 0.06219296157360077, 7.049524307250977, 1.1492351293563843, 0.0, 0.09809523820877075, 0.287523478269577, 2.6654720306396484, 0.37251076102256775, 0.0036382991820573807, 0.6485474705696106, 0.05319121107459068, 0.6230924725532532, 0.0, 0.3477839231491089, 0.0020999666303396225, 0.3506927192211151, 0.4794285297393799, 0.2384221851825714, 0.008670738898217678, 0.001874140347354114, 0.023374419659376144, 0.0, 0.017596527934074402, 0.0, 0.15023796260356903, 0.15221641957759857, 0.0, 0.6961783766746521, 0.16469600796699524, 0.4891833961009979, 0.0, 0.09361565858125687, 0.28172141313552856, 0.045240890234708786, 0.1831274777650833, 0.01706749014556408, 0.033680107444524765, 0.11116854846477509, 0.02461743913590908, 0.0, 0.3540148138999939, 0.147356778383255, 0.11360623687505722, 0.5994545221328735, 0.0, 0.04951770603656769, 0.014350752346217632, 0.00695542898029089, 0.15892884135246277, 0.0, 0.0, 0.002333952346816659, 0.04580104723572731, 0.16963781416416168, 0.0, 0.24014849960803986, 0.00871180184185505, 1.6081328392028809, 0.078324094414711, 0.0, 4.266963005065918, 0.02944234013557434, 0.36280977725982666, 0.05567355081439018, 0.24991625547409058, 1.0684641599655151, 1.6384199857711792, 0.5668891072273254, 0.009860909543931484, 0.12255780398845673, 0.07378438860177994, 0.21904011070728302, 0.7203091979026794, 0.319396436214447, 1.7031182050704956, 0.27068090438842773, 0.013410519808530807, 0.06174793466925621, 0.5158777236938477, 1.5101227760314941, 0.017391540110111237, 2.4852428436279297, 0.1552886813879013, 0.0, 0.5434277653694153, 0.0651862695813179, 0.5701704621315002, 0.6389067769050598, 0.06244679540395737, 0.7017226219177246, 0.0, 0.5973654389381409, 0.0, 0.0, 0.025175493210554123, 0.11040845513343811, 0.0, 0.0, 0.0, 0.012599723413586617, 0.0, 0.0, 0.287597119808197, 0.45735394954681396, 0.311452716588974, 0.08011751621961594, 4.444150447845459, 0.2854020595550537, 0.03269198164343834, 1.5794641971588135, 0.4310433566570282, 0.0016444653738290071, 0.8696421384811401, 1.0699952840805054, 3.5828676223754883, 0.28394338488578796, 0.7038270831108093, 0.0, 0.3303067088127136, 0.014544022269546986, 0.0, 0.0, 0.2491433322429657, 0.5113616585731506, 0.0, 0.07535113394260406, 0.5531864762306213, 2.758594036102295, 0.6850476264953613, 0.023611340671777725, 1.0862090587615967, 0.016295544803142548, 0.010145440697669983, 0.0, 4.008150100708008, 0.010226543992757797, 1.7628660202026367, 0.010293043218553066, 0.0, 2.647907257080078, 0.07392170280218124, 0.05209970474243164, 0.0168620478361845, 0.02719867043197155, 0.40017104148864746, 0.006287598982453346, 0.004905377048999071, 0.26271212100982666, 0.0, 0.0, 0.005862921942025423, 0.1374349147081375, 0.03334755450487137, 0.0, 0.0, 0.0, 0.053333885967731476, 0.0634530782699585, 0.6151762008666992, 0.15919974446296692, 2.3224565982818604, 0.553954005241394, 0.01301319245249033, 0.17068064212799072, 1.020334243774414, 0.22932589054107666, 0.0, 0.24865494668483734, 1.2330631017684937, 0.4024604856967926, 2.0733726024627686, 0.007366898003965616, 0.0, 0.12883102893829346, 0.054745737463235855, 0.180362269282341, 0.0, 0.2026364505290985, 0.3751140236854553, 0.22685694694519043, 0.0, 0.09076999872922897, 0.0, 0.0986672043800354, 0.3043403625488281, 0.0, 0.0, 0.05408541113138199, 0.10800937563180923, 0.04624895006418228, 0.21014145016670227, 0.1987534761428833, 0.0, 1.6594961881637573, 0.419098824262619, 0.0, 0.34869998693466187, 0.0, 0.0012450874783098698, 0.3188125193119049, 0.005972351413220167, 0.2768779993057251, 0.03297754004597664, 0.0, 2.5058987140655518, 3.3274126052856445, 0.1790378987789154, 0.08183746039867401, 2.5976929664611816, 0.15786334872245789, 0.006601426284760237, 0.009682592004537582, 0.11018521338701248, 0.09483200311660767, 0.0, 0.009886829182505608, 0.4137558937072754, 0.014880403876304626, 0.44563740491867065, 0.0, 0.016808589920401573, 0.0, 0.0, 0.1310606747865677, 0.0003217702032998204, 0.09966219961643219, 0.41235417127609253, 9.831146240234375, 0.0, 0.062139399349689484, 0.0, 0.0, 0.550621747970581, 0.0, 0.05923258513212204, 0.6405575275421143, 0.0, 0.8325052261352539, 0.004502724856138229, 0.02020445093512535, 0.2574100196361542, 0.44943660497665405, 0.10672442615032196, 0.0, 0.025841834023594856, 0.06574559956789017, 0.1832933872938156, 2.303711175918579, 0.0, 0.0, 0.06119926646351814, 0.02996240183711052, 0.029260840266942978, 0.04794441908597946, 0.704112708568573, 0.11007492244243622, 0.0, 0.13775122165679932, 0.0, 0.022375669330358505, 0.0, 0.010730345733463764, 0.5206028819084167, 0.5022123456001282, 0.7550036311149597, 0.0, 0.831653356552124, 0.6280887722969055, 0.013927260413765907, 4.807920932769775, 0.07184719294309616, 0.0, 0.03368513658642769, 0.020259778946638107, 0.055446650832891464, 0.0, 0.0, 0.019274156540632248, 0.009176596999168396, 0.5680081844329834, 0.06200823932886124, 0.2944934368133545, 2.0011324882507324, 0.0, 0.15223157405853271, 0.0163408275693655, 0.08753101527690887, 0.06759478896856308, 0.1944464147090912, 0.2490263730287552, 0.044044796377420425, 2.1303720474243164, 0.0, 1.3942723274230957, 0.9550488591194153, 0.05979147553443909, 0.0, 0.015354803763329983, 0.14326128363609314, 0.9456215500831604, 0.08262476325035095, 0.0, 0.0, 0.27420172095298767, 0.044735975563526154, 0.024758189916610718, 0.36208271980285645, 0.0, 0.06682932376861572, 0.08789020031690598, 0.9068761467933655, 0.254388689994812, 0.579511284828186, 0.0, 0.13255782425403595, 0.006483117118477821, 0.0, 0.5001545548439026, 0.0, 0.0, 0.4270223379135132, 0.06537912786006927, 0.2880297005176544, 2.565047025680542, 0.3233906626701355, 0.0, 0.3537047505378723, 0.008326077833771706, 0.07444779574871063, 0.23817284405231476, 0.8374752998352051, 0.5629631876945496, 0.027205072343349457, 0.0653686448931694, 0.0, 3.7405433654785156, 1.8089849948883057, 0.04210842773318291, 0.0, 0.02671714685857296, 0.011275140568614006, 0.0, 0.0, 0.0, 0.4370115101337433, 0.015340293757617474, 0.26298514008522034, 0.005325966980308294, 0.43650904297828674, 0.10418421775102615, 0.2953124940395355, 0.017816629260778427, 0.0009069296647794545, 0.14412644505500793, 0.38780614733695984, 0.828953742980957, 0.0, 0.15870092809200287, 0.0, 0.0, 0.0, 0.9498359560966492, 0.3578801155090332, 0.8614667654037476, 1.2067124843597412, 2.0294158458709717, 0.0, 0.6713823080062866, 2.4880435466766357, 0.8338267207145691, 0.0328793004155159, 0.3050009310245514, 0.0, 0.0, 0.3263026773929596, 0.5053710341453552, 0.2748510241508484, 0.0, 0.00035331686376594007, 0.2867887020111084, 0.17807158827781677, 0.04248710721731186, 0.1492244303226471, 1.4137271642684937, 0.3836669921875, 0.06657252460718155, 0.879603922367096, 1.1998894214630127, 0.24151922762393951, 0.0, 0.0, 0.16896237432956696, 4.373190879821777, 0.38227158784866333, 0.009420054033398628, 0.0, 0.0, 0.3370351493358612, 0.016979383304715157, 0.015689831227064133, 0.10905341804027557, 0.0, 1.3135828971862793, 0.029410719871520996, 1.83469557762146, 0.027162060141563416, 0.0, 1.041352391242981, 0.0, 2.438493490219116, 0.013864259235560894, 0.0, 1.0811346769332886, 0.0, 0.019027812406420708, 0.0010268542682752013, 0.0, 0.07682838290929794, 0.08627904951572418, 0.03497038409113884, 0.002227537566795945, 0.0, 0.07122951000928879, 0.011221841908991337, 0.4973478615283966, 0.16110192239284515, 0.4490213096141815, 0.6388452649116516, 0.378885418176651, 0.0, 0.174063578248024, 0.03509719669818878, 0.6128137707710266, 0.0, 0.7406148910522461, 1.2508128881454468, 0.12741002440452576, 0.0, 0.24186253547668457, 0.12225010246038437, 0.24867361783981323, 0.9729037284851074, 0.013471369631588459, 0.1562473177909851, 0.0686504915356636, 1.9250776767730713, 0.0, 0.0038377386517822742, 0.0, 0.09264961630105972, 0.0, 0.40458059310913086, 0.17311453819274902, 0.13849501311779022, 1.5895634889602661, 0.06807857751846313, 0.23583556711673737, 0.2469756305217743, 0.2874807119369507, 0.0, 0.027122261002659798, 0.03834140673279762, 0.13643422722816467, 1.6881933212280273, 0.031393565237522125, 0.0011397964553907514, 0.0, 0.0, 0.16721750795841217, 0.0, 0.024966876953840256, 0.11709331721067429, 2.621835470199585, 0.0, 0.16862362623214722, 0.2760395407676697, 0.0, 0.7058342099189758, 2.3698203563690186, 0.04324185475707054, 0.003836208488792181, 0.0, 0.37878358364105225, 0.42769888043403625, 0.04995451122522354, 0.0, 2.917254686355591, 0.21906159818172455, 0.4335598051548004, 0.0, 0.20307591557502747, 0.0, 1.067781925201416, 0.3898736238479614, 0.01792057976126671, 0.03460616618394852, 0.4089638888835907, 0.0, 0.5336853265762329, 0.7369852066040039, 0.002190609462559223, 0.2912227511405945, 0.0, 0.491047203540802, 0.24543489515781403, 0.028897492215037346, 0.0, 0.3406849205493927, 0.0, 0.029925892129540443, 0.07639122009277344, 2.109543800354004, 1.1840001344680786, 0.0, 0.0, 0.0, 2.364816188812256, 0.9309936761856079, 0.0, 1.0160232782363892, 0.7829068899154663, 0.16317124664783478, 0.02115083672106266, 0.02978740818798542, 0.01953679695725441, 0.08403001725673676, 0.6782617568969727, 0.0, 0.2147592455148697, 0.38738924264907837, 0.00713602127507329, 0.00818839855492115, 0.2785068452358246, 0.2831128239631653, 0.006096854340285063, 0.4646475613117218, 0.10587044060230255, 0.020295092836022377, 2.4066576957702637, 1.7676606178283691, 0.9273982644081116, 0.015482763759791851, 2.3706629276275635, 0.07114604860544205, 0.13953591883182526, 0.0, 0.21648605167865753, 0.17755647003650665, 0.03508681058883667, 0.04197661578655243, 0.0737190917134285, 0.0, 0.07477087527513504, 3.6263105869293213, 0.0781826376914978, 0.9119537472724915, 0.0, 2.1384716033935547, 0.5318232178688049, 0.28132110834121704, 0.08800099045038223, 1.2419369220733643, 0.0, 0.0680307000875473, 0.050410911440849304, 0.19323508441448212, 0.8400635719299316, 0.024950586259365082, 0.09400583803653717, 0.0002713300636969507, 0.19272659718990326, 0.007844158448278904, 0.06609945744276047, 0.23796315491199493, 1.3110665082931519, 0.0008735121227800846, 0.0, 0.955620527267456, 0.11156721413135529, 0.0, 0.0018094218103215098, 1.0262938737869263, 0.3079981207847595, 2.5024290084838867, 0.1028641015291214, 0.038092948496341705, 0.7116223573684692, 0.28634172677993774, 0.8128848671913147, 0.029468609020113945, 0.012051855213940144, 0.019389770925045013, 0.31997108459472656, 0.6342227458953857, 0.12120470404624939, 0.8270984292030334, 0.0, 0.0, 0.0001391342666465789, 0.5809341073036194, 0.6370424628257751, 0.8649691939353943, 0.015093278139829636, 0.21314765512943268, 0.5448890924453735, 0.5291292071342468, 0.08553306758403778, 0.14366385340690613, 0.15299385786056519, 0.00728805223479867, 1.428871989250183, 0.5327638387680054, 0.9961723685264587, 0.5570083856582642, 1.0346251726150513, 0.008956237696111202, 0.9162665605545044, 0.21217869222164154, 1.7775167226791382, 1.1890678405761719, 0.09213761240243912, 0.06885486841201782, 1.735857605934143, 0.8539131283760071, 0.07345221936702728, 0.0, 1.8868274688720703, 0.26590269804000854, 0.036414045840501785, 0.06225942075252533, 0.034430794417858124, 0.0, 0.0, 0.29431068897247314, 0.07803454995155334, 0.008735335431993008, 0.0, 0.32740697264671326, 2.0825037956237793, 0.36678656935691833, 0.23748715221881866, 0.43142208456993103, 0.10884266346693039, 0.005486442241817713, 0.2881917357444763, 0.0, 1.0673378705978394, 0.0006861005676910281, 2.4822587966918945, 0.7212628126144409, 0.03815615922212601, 0.0, 0.0016598846996203065, 0.08368632942438126, 0.7235332131385803, 0.07139760255813599, 0.0, 0.4213802218437195, 0.01802007108926773, 0.030227666720747948, 0.017985329031944275, 4.229809761047363, 0.0, 0.16095979511737823, 0.2399367243051529, 0.2577926814556122, 0.2578299343585968, 1.282393455505371, 0.006086967419832945, 0.0805656686425209, 0.0, 0.5252950191497803, 0.0, 0.0, 0.24468858540058136, 2.297654867172241, 0.8536376953125, 0.0, 0.0, 0.0012839570408686996, 1.4869705438613892, 0.20240744948387146, 0.11830060184001923, 0.14720700681209564, 0.13818404078483582, 0.1004294753074646, 0.03422629088163376, 0.02275839075446129, 0.2634001076221466, 0.007385837845504284, 0.0, 1.71758234500885, 0.15116143226623535, 0.10015220940113068, 0.15373505651950836, 0.034344449639320374, 0.22041697800159454, 0.5206717848777771, 0.4791984558105469, 0.33675500750541687, 0.164773091673851, 4.9963178634643555, 0.32101011276245117, 0.0, 0.0, 0.05626358464360237, 0.11878060549497604, 1.2609196901321411, 0.150640070438385, 0.19383512437343597, 0.7110390663146973, 1.1245359182357788, 0.0, 0.11445267498493195, 0.04433940723538399, 0.013264568522572517, 1.4464300870895386, 0.0, 0.3072949945926666, 0.47368550300598145, 0.2356128692626953, 0.1921386569738388, 0.003531071590259671, 0.04973059147596359, 0.05708299204707146, 0.0, 0.20503725111484528, 0.0, 0.08510840684175491, 0.08813998103141785, 0.055729664862155914, 0.9087889790534973, 0.0, 0.7829451560974121, 0.0, 0.023180732503533363, 2.632113456726074, 0.0547625757753849, 0.04699762910604477, 1.6121456623077393, 1.1104214191436768, 0.010701561346650124, 1.286695957183838, 0.5213189125061035, 0.13504810631275177, 0.07902967929840088, 0.0, 0.2121422290802002, 0.0, 0.09961702674627304, 0.0, 0.0, 0.0, 0.03161681815981865, 0.034571871161460876, 0.09712842106819153, 0.06786028295755386, 0.0, 2.598463296890259, 1.3775725364685059, 2.635990619659424, 0.0, 0.10194021463394165, 0.175750270485878, 1.101581335067749, 0.0, 0.15654318034648895, 2.741513967514038, 0.0, 0.07538542151451111, 0.038895003497600555, 0.0, 0.11454473435878754, 0.010088543407619, 0.12759922444820404, 0.0, 0.6039933562278748, 0.004336201585829258, 0.2095607966184616, 0.15040138363838196, 0.02847953885793686, 0.31614038348197937, 0.0, 0.46990445256233215, 0.03795409947633743, 0.0, 0.3254031240940094, 0.0, 0.04627750813961029, 3.304821729660034, 1.4798166751861572, 0.2900931239128113, 0.22112764418125153, 0.0, 0.07564154267311096, 0.1831388622522354, 0.015895899385213852, 0.5192585587501526, 0.07822267711162567, 0.7263898849487305, 0.18102042376995087, 0.0, 0.06500108540058136, 1.0158023834228516, 0.2171604037284851, 0.2859296500682831, 0.04175551235675812, 0.3056758940219879, 0.009693408384919167, 0.05091526731848717, 0.1563178300857544, 0.0, 1.1666566133499146, 1.9259169101715088, 0.8442834615707397, 0.036701738834381104, 1.2343151569366455, 0.0011388768907636404, 0.11654028296470642, 0.0, 0.3925759196281433, 0.0, 0.18209998309612274, 0.0, 0.19118088483810425, 0.2498316913843155, 0.00250241719186306, 0.002872841665521264, 0.013324684463441372, 0.0, 0.10397029668092728, 0.0, 0.6670361757278442, 0.0862201377749443, 0.0, 0.0, 1.3244333267211914, 1.092611312866211, 0.01403504516929388, 0.1133841872215271, 0.3157406151294708, 0.02100386843085289, 0.12135018408298492, 0.0, 0.35416078567504883, 3.0455565452575684, 0.47036677598953247, 0.0037478525191545486, 0.021426662802696228, 0.0, 0.0, 0.30596616864204407, 0.3517429530620575, 1.0684635639190674, 0.011368291452527046, 0.01893026940524578, 0.05190758407115936, 0.551612913608551, 0.0, 0.17886893451213837, 0.0, 0.0, 0.07362430542707443, 0.5548453330993652, 0.026561705395579338, 0.18902958929538727, 0.0, 1.4626455307006836, 0.0, 0.0, 0.03599529340863228, 0.29806268215179443, 0.009243560954928398, 0.036412663757801056, 1.424694299697876, 0.0, 0.09566473215818405, 0.3029444217681885, 0.06981488317251205, 0.6781463623046875, 0.05474528670310974, 1.1067153215408325, 0.06547397375106812, 0.0, 0.0, 0.3781156837940216, 0.0, 0.2985500395298004, 0.45305147767066956, 1.3803116083145142, 0.28016650676727295, 0.2109486162662506, 0.0, 0.12572726607322693, 0.15498638153076172, 0.18235710263252258, 0.378467857837677, 0.0, 0.7231318950653076, 0.2954477071762085, 0.0263938270509243, 0.032418884336948395, 0.01682351529598236, 2.9429402351379395, 0.23952235281467438, 0.17649516463279724, 0.4199785888195038, 0.3426220417022705, 0.1743410974740982, 0.0, 0.1519271433353424, 0.7618645429611206, 0.11617165058851242, 0.0, 0.10627225786447525, 1.5120538473129272, 0.00754289235919714, 0.1631612330675125, 0.2578434944152832, 1.946556568145752, 0.8070363402366638, 0.058983560651540756, 0.0, 0.006431800778955221, 0.8478631973266602, 0.0, 0.7952088117599487, 0.0, 0.13271495699882507, 0.04635839909315109, 0.0, 0.7350603342056274, 0.00030901480931788683, 0.0, 0.0, 0.19387848675251007, 0.0, 0.0, 0.0, 0.12370546162128448, 0.30582594871520996, 0.06276986747980118, 0.16823387145996094, 0.0, 0.0, 0.0, 0.6272965669631958, 0.051545046269893646, 0.04873525723814964, 0.00016144099936354905, 0.02099950611591339, 0.02853844128549099, 0.134566992521286, 0.1640918254852295, 0.05625588446855545, 0.36756110191345215, 0.0, 0.014891194179654121, 0.025347771123051643, 0.13518941402435303, 0.01233865786343813, 0.4425370395183563, 0.009778144769370556, 0.37086498737335205, 0.0, 2.224133253097534, 0.0, 0.0, 0.008538961410522461, 0.0, 0.029292212799191475, 0.020293649286031723, 0.0, 0.3768143653869629, 1.5069483518600464, 0.0, 0.28821897506713867, 0.0, 0.0, 0.0, 0.5152688026428223, 0.00585635332390666, 0.2965954840183258, 0.0009005434694699943, 0.0, 0.4527279734611511, 2.1570651531219482, 0.2867873013019562, 0.18015433847904205, 0.08941138535737991, 0.0, 4.271663188934326, 0.0, 0.02637488581240177, 0.005366639234125614, 0.0, 0.04248445853590965, 0.01856345497071743, 0.614320695400238, 0.36329954862594604, 0.018057813867926598, 0.18729031085968018, 0.23848856985569, 0.043769579380750656, 0.08355540782213211, 0.08283733576536179, 0.0, 0.13297845423221588, 0.0, 0.0, 0.1247837096452713, 0.5294459462165833, 0.069654181599617, 0.1812196522951126, 0.0, 0.0, 0.03201642632484436, 0.013224747963249683, 0.11945977807044983, 0.2500680983066559, 1.431422233581543, 1.3873368501663208, 0.702262282371521, 0.05425763502717018, 0.42588019371032715, 0.0017533934442326427, 0.15524600446224213, 0.00589495524764061, 0.3141106963157654, 0.09114150702953339, 0.05925380066037178, 0.008597019128501415, 0.12249540537595749, 0.0, 0.6676968932151794, 0.11638329923152924, 1.0725996494293213, 0.023322952911257744, 0.4446132779121399, 0.28975796699523926, 0.1659187376499176, 1.170444369316101, 3.1985960006713867, 0.0, 0.8111506700515747, 1.014323115348816, 0.0, 0.137277290225029, 0.02135564386844635, 0.2200450897216797, 0.027556810528039932, 0.5656940937042236, 0.021508052945137024, 0.026479683816432953, 0.31581762433052063, 0.5524802803993225, 0.0, 0.7697908282279968, 0.10927145183086395, 0.2327287644147873, 0.8483359813690186, 0.3706834614276886, 0.005593560170382261, 0.3143749237060547, 0.04272227734327316, 2.8070414066314697, 0.10892550647258759, 0.02232016995549202, 0.6664631366729736, 0.04615286365151405, 0.1894388198852539, 0.22871004045009613, 0.02039966732263565, 0.03937153518199921, 0.5166199207305908, 0.28907620906829834, 0.3512859046459198, 0.3715704381465912, 0.3049042224884033, 0.169682577252388, 0.06127763167023659, 0.07042451947927475, 0.11856108158826828, 0.5855650901794434, 0.8310391306877136, 0.0, 0.1839761584997177, 0.0, 0.7825158834457397, 0.005360817536711693, 0.00558818131685257, 0.10609649866819382, 0.0, 0.016901550814509392, 0.20860445499420166, 2.6844382286071777, 0.5254513621330261, 0.2599436640739441, 0.3035915791988373, 1.5287777185440063, 0.7723308205604553, 0.37649908661842346, 0.0, 0.0014776830794289708, 0.1419321596622467, 0.0, 0.04139207676053047, 0.07105553150177002, 0.05176352337002754, 0.46463099122047424, 0.2977234423160553, 0.045004069805145264, 0.1363450586795807, 0.12101035565137863, 0.13840334117412567, 0.4045877754688263, 0.0, 0.5036158561706543, 0.009242694824934006, 0.34921619296073914, 0.38579675555229187, 0.132757768034935, 0.17458395659923553, 0.11510104686021805, 0.04520994424819946, 0.0, 0.025284552946686745, 0.0, 0.6889046430587769, 2.369633197784424, 0.005719766486436129, 0.0, 1.0564504861831665, 0.0, 0.056866634637117386, 0.5444809198379517, 0.06761828809976578, 0.0, 0.03577405959367752, 0.0, 0.6112086176872253, 4.050868034362793, 0.4359220862388611, 0.07672674208879471, 0.5197128653526306, 0.0, 0.21235981583595276, 0.5818418264389038, 0.29355183243751526, 0.3050996661186218, 0.0, 0.3358687162399292, 1.457093358039856, 0.00014705804642289877, 0.49342089891433716, 0.0, 0.3354077935218811, 0.0, 0.13871842622756958, 0.0, 0.5265710353851318, 0.0, 0.0, 0.03787139803171158, 0.9158037900924683, 0.0, 0.17610786855220795, 0.006325916387140751, 0.3424299955368042, 0.0, 0.8283938765525818, 3.882554054260254, 0.0, 0.09412812441587448, 0.24091382324695587, 0.0, 0.020410630851984024, 0.4703451693058014, 0.0, 0.009709453210234642, 0.09322436153888702, 1.9637731313705444, 0.0, 0.09658313542604446, 1.3237829208374023, 0.0960717722773552, 1.487136960029602, 0.0, 0.1744023859500885, 0.06702359765768051, 0.17543886601924896, 0.017796741798520088, 0.025583116337656975, 0.0532052218914032, 0.0, 0.4357494115829468, 0.0, 4.09306001663208, 0.08019255846738815, 0.07691660523414612, 0.11864280700683594, 0.0, 0.004510305356234312, 0.09501959383487701, 0.041979625821113586, 0.0, 2.6463654041290283, 1.0159364938735962, 0.319000244140625, 0.24569405615329742, 0.042726967483758926, 0.0, 1.5203180313110352, 0.729790210723877, 0.0, 0.42174914479255676, 0.12499723583459854, 0.0, 0.15523496270179749, 0.15845058858394623, 0.5646960735321045, 0.02604326419532299, 0.0, 0.0, 0.3263167142868042, 0.0, 0.0, 0.18685555458068848, 0.0, 2.1567816734313965, 0.06750233471393585, 0.4656393229961395, 0.0, 2.2284698486328125, 0.058190297335386276, 0.6900650262832642, 0.4280959963798523, 0.0, 0.34486719965934753, 0.2916598916053772, 0.3495228886604309, 0.03669733181595802, 0.5192748308181763, 0.3345848023891449, 0.0, 0.0, 0.2219049632549286, 0.3599802851676941, 0.2937353551387787, 0.04697968438267708, 0.14302502572536469, 0.1060619056224823, 0.0, 0.0, 0.0, 0.04513818398118019, 0.024507896974682808, 0.005881550256162882, 0.2864688038825989, 0.0, 0.7078041434288025, 1.4465513229370117, 0.0, 0.0, 0.05088673159480095, 0.024970950558781624, 0.05013778433203697, 0.0, 0.0, 0.02280510775744915, 0.5071834921836853, 0.051718249917030334, 0.0782315582036972, 0.06446997076272964, 0.628136157989502, 0.0, 0.07100320607423782, 0.3161625266075134, 0.024757161736488342, 0.0, 0.11541230976581573, 0.15745903551578522, 0.5473694801330566, 0.0, 0.06220844015479088, 0.0003367540775798261, 0.0, 0.0, 0.003885772777721286, 0.0, 0.055696386843919754, 0.03659076988697052, 0.7831196784973145, 0.0, 0.45297911763191223, 0.7732847332954407, 1.274787425994873, 3.247347354888916, 0.011666025035083294, 0.708742618560791, 0.7752047181129456, 0.0, 0.2619813084602356, 0.8000765442848206, 1.8667449951171875, 0.21136130392551422, 3.688237190246582, 0.08091836422681808, 1.1846048831939697, 0.19675621390342712, 1.0457230806350708, 0.16854363679885864, 0.15159888565540314, 0.0909886434674263, 0.0, 0.15482653677463531, 0.866187572479248, 0.08853308111429214, 0.0, 0.5580074787139893, 0.04398861527442932, 0.0, 0.0077092694118618965, 1.5475496053695679, 0.0, 0.36988207697868347, 0.07618081569671631, 0.5864892601966858, 2.9459187984466553, 0.2830066382884979, 0.0, 1.7385427951812744, 1.0913089513778687, 0.7362465262413025, 0.4237039387226105, 1.1465157270431519, 0.5323953032493591, 0.2525542378425598, 0.0, 1.0666377544403076, 0.633010983467102, 0.0, 0.0, 1.6464415788650513, 0.13883553445339203, 1.792427897453308, 0.11941935867071152, 0.013337373733520508, 0.2014458328485489, 0.04727150872349739, 0.08624047785997391, 0.3172593116760254, 0.19189190864562988, 0.27001771330833435, 0.30758607387542725, 2.210890054702759, 0.29809361696243286, 0.029026636853814125, 0.0, 0.002678303048014641, 0.6578822135925293, 0.3501453399658203, 0.12617678940296173, 0.024681804701685905, 0.0, 0.004570182412862778, 0.02602718025445938, 0.0, 0.12257523089647293, 0.079360730946064, 0.0, 0.0, 0.5202268362045288, 0.0, 0.0, 0.10955454409122467, 0.0, 0.0359080508351326, 0.004920317325741053, 0.0, 0.13254503905773163, 0.08415138721466064, 1.5945241451263428, 0.021159004420042038, 0.004050102550536394, 0.008954283781349659, 0.30992650985717773, 0.6488695740699768, 0.05289579927921295, 2.122152090072632, 0.2025003582239151, 0.3526078164577484, 0.17331242561340332, 0.014283798635005951, 0.4869113862514496, 0.0039929174818098545, 0.020707368850708008, 0.24767851829528809, 0.0, 0.9568231701850891, 0.005853249225765467, 0.0, 0.009583008475601673, 0.05751803517341614, 1.3518807888031006, 1.3823258876800537, 0.06753165274858475, 0.16848735511302948, 0.40029600262641907, 0.33326441049575806, 0.0, 0.0, 0.046814970672130585, 0.01166995707899332, 0.38760626316070557, 0.051398977637290955, 0.021791638806462288, 0.1801236867904663, 0.6150107979774475, 0.049056049436330795, 0.19440655410289764, 0.10572647303342819, 0.0, 0.0, 0.0014810513239353895, 0.0030153284315019846, 1.112183690071106, 0.16195274889469147, 0.867850661277771, 0.016502374783158302, 0.5189338326454163, 0.10833127051591873, 0.865755558013916, 1.2098969221115112, 0.008293414488434792, 0.1619146764278412, 0.0, 0.18399754166603088, 0.20470985770225525, 0.0, 0.17036248743534088, 0.3071942627429962, 0.06314115971326828, 0.13822340965270996, 0.17080198228359222, 0.0, 0.014247670769691467, 0.0569639652967453, 0.2588036060333252, 0.03644535318017006, 0.02267020381987095, 0.0, 0.0, 0.09782595187425613, 1.008775234222412, 0.600300669670105, 0.3781093657016754, 0.8048796653747559, 1.8113627433776855, 4.348388195037842, 0.10157179087400436, 0.04016375541687012, 0.0, 0.428289532661438, 0.006877819076180458, 0.0, 0.018520696088671684, 1.0597257614135742, 0.02695939503610134, 0.0, 0.0963415578007698, 0.1142309159040451, 0.22908879816532135, 0.8018417954444885, 0.8962870836257935, 0.8894941210746765, 0.026225106790661812, 0.5202544331550598, 0.0030880875419825315, 0.0, 1.8756725788116455, 0.33055225014686584, 0.024377120658755302, 0.13640333712100983, 2.507030487060547, 0.12497133761644363, 0.005074036307632923, 0.05603897199034691, 0.0, 0.0042465366423130035, 0.03285972401499748, 0.29164546728134155, 0.3621920347213745, 0.014598783105611801, 0.005510347429662943, 0.0, 0.02985868975520134, 0.48077893257141113, 0.6416575312614441, 0.08704043179750443, 0.02755758725106716, 0.02744363062083721, 0.0, 0.0, 0.19075852632522583, 0.033941060304641724, 0.3491874933242798, 0.518309473991394, 0.19253641366958618, 0.4457794427871704, 0.0, 0.04066154360771179, 0.0, 0.0, 0.01248918753117323, 0.01975233294069767, 0.0014421355444937944, 0.5519724488258362, 0.008584910072386265, 0.4617748558521271, 1.1063685417175293, 0.0, 0.050259366631507874, 0.1308303326368332, 0.008590389043092728, 0.0, 0.0, 1.3777858018875122, 0.19212563335895538, 0.0, 0.7869172096252441, 0.0, 0.11639659106731415, 0.018060551956295967, 0.5299912095069885, 1.1022733449935913, 0.0, 0.4659462869167328, 0.47242504358291626, 0.5119160413742065, 3.7850164517294616e-05, 0.00994181353598833, 0.035994917154312134, 0.5218190550804138, 0.12731945514678955, 0.16171270608901978, 0.0, 0.0, 0.0, 0.07911749929189682, 0.003709525568410754, 0.0, 0.8406270742416382, 0.25494611263275146, 2.1271755695343018, 0.7488834857940674, 0.24735061824321747, 0.0, 0.0975349098443985, 0.0, 0.7661283612251282, 0.04175964742898941, 1.4407531023025513, 0.0, 2.136195659637451, 0.0, 0.403472363948822, 0.9306706190109253, 0.007491715252399445, 0.9234526753425598, 2.6435625553131104, 1.84710693359375, 0.029185548424720764, 0.0, 0.005621910095214844, 1.4138996601104736, 0.0, 0.0, 0.3481336236000061, 0.01765439473092556, 0.01804555207490921, 0.3317677974700928, 0.3126523494720459, 0.0, 0.004262447357177734, 0.13826300203800201, 0.11029371619224548, 0.5947239995002747, 0.04167689010500908, 1.088969349861145, 0.0, 0.03300157189369202, 0.0, 0.31409457325935364, 0.03828892111778259, 0.12719345092773438, 0.204645037651062, 0.2666798532009125, 1.5030381679534912, 1.2001632452011108, 0.0, 0.4088294506072998, 0.0, 0.0949496179819107, 0.09774221479892731, 0.24444708228111267, 0.10669928044080734, 0.0, 1.8533152341842651, 1.2352583408355713, 0.8819386959075928, 0.0, 0.10913974046707153, 0.0, 0.0, 0.37575864791870117, 0.3479130268096924, 0.025484250858426094, 0.0, 0.013344195671379566, 0.09472023695707321, 0.08059471100568771, 0.18841388821601868, 0.022449368610978127, 0.6145871877670288, 0.10637544840574265, 0.0, 0.29122453927993774, 0.10277771204710007, 0.1627776026725769, 0.0, 0.0, 3.02388072013855, 0.031212829053401947, 0.0, 0.05155682936310768, 0.0, 0.07083562761545181, 0.42700931429862976, 0.0, 0.0, 0.3911345303058624, 0.0077655925415456295, 0.39351019263267517, 0.0467798188328743, 0.3989220857620239, 0.009686091914772987, 0.5344129204750061, 0.10445776581764221, 0.4271389842033386, 0.15805402398109436, 0.049672216176986694, 0.9477545022964478, 0.0, 4.0916619300842285, 0.0, 0.05830343812704086, 1.2599577903747559, 0.6108030676841736, 0.005807825364172459, 0.002707425504922867, 0.3198992609977722, 0.0, 0.0037455218844115734, 0.0, 1.2904038429260254, 0.0, 0.05649055913090706, 0.07280571013689041, 0.09029311686754227, 1.2738126516342163, 0.03785285726189613, 0.0, 0.054240792989730835, 0.2446051687002182, 0.2094668745994568, 0.04765060171484947, 0.07504541426897049, 0.0, 0.0017793835140764713, 0.020566636696457863, 0.9957438707351685, 0.0, 0.008796543814241886, 0.0, 0.7250096797943115, 0.09023313224315643, 0.11315486580133438, 0.7802571058273315, 0.21291302144527435, 0.00640517333522439, 0.1924593448638916, 0.0, 0.24688614904880524, 0.0, 0.17636023461818695, 0.9784736037254333, 0.4799089729785919, 0.5494483709335327, 0.1261553317308426, 0.8328666090965271, 0.0, 0.2910802364349365, 0.2321634292602539, 1.4568370580673218, 0.016833359375596046, 0.5426790118217468, 0.7273849248886108, 0.13005556166172028, 0.35716840624809265, 0.0, 0.7806400656700134, 0.0, 0.08768878877162933, 0.0, 1.2243279218673706, 1.1970124244689941, 0.0, 0.0, 0.0, 0.05550666153430939, 0.08374675363302231, 0.04240715876221657, 0.16517016291618347, 3.9037606716156006, 0.4248338043689728, 0.10120604187250137, 0.16762328147888184, 1.8137556314468384, 0.5163568258285522, 0.046170759946107864, 0.5449660420417786, 0.07604564726352692, 0.025266749784350395, 0.07736116647720337, 1.2841347455978394, 0.0, 0.060612455010414124, 0.24609485268592834, 0.34550943970680237, 0.008031333796679974, 0.020633846521377563, 0.3067851960659027, 0.0, 0.06602784991264343, 0.20277933776378632, 0.0, 0.002324586035683751, 0.1226910948753357, 0.20187696814537048, 0.0, 0.0, 0.0, 0.03579920530319214, 0.07351069897413254, 0.0, 0.01100070122629404, 0.25124120712280273, 0.296411395072937, 2.843407154083252, 0.03118746541440487, 0.20192784070968628, 0.9217297434806824, 0.04480323940515518, 0.0, 0.21635876595973969, 0.045178163796663284, 0.1681968718767166, 0.24046337604522705, 0.04720260575413704, 1.1469298601150513, 0.0, 0.12660205364227295, 0.0018364579882472754, 0.0, 0.0, 2.453486680984497, 1.3749587535858154, 1.5144870281219482, 0.0031413277611136436, 0.1301855891942978, 0.0, 0.875420331954956, 0.07069944590330124, 0.01712763123214245, 0.07235151529312134, 0.0, 0.3213319182395935, 0.2260647863149643, 2.5330681800842285, 0.010876543819904327, 0.4995589256286621, 0.016967982053756714, 0.013651478104293346, 0.0, 0.12089494615793228, 0.01825215294957161, 0.06741790473461151, 0.26976633071899414, 0.0, 0.3077481985092163, 0.0006661901716142893, 0.05637087672948837, 0.19553418457508087, 0.8432177901268005, 0.01642412506043911, 0.0, 1.2344117164611816, 0.0, 0.0, 1.8179234266281128, 0.02441098541021347, 0.00857288483530283, 0.0067070722579956055, 0.14264699816703796, 0.1263781040906906, 0.10961851477622986, 1.0261659622192383, 0.0, 0.2916576862335205, 0.7892586588859558, 0.0536014698445797, 0.0, 0.0, 0.013592647388577461, 0.002347201807424426, 0.0, 0.0, 0.8672671914100647, 0.16417719423770905, 1.1214396953582764, 0.38301023840904236, 2.8939754962921143, 0.0, 1.1432350873947144, 0.00816347450017929, 3.212520122528076, 1.0409681797027588, 2.249903678894043, 0.04997686296701431, 0.012355680577456951, 0.19524593651294708, 0.05766061320900917, 2.0894904136657715, 0.20430709421634674, 0.008702156133949757, 0.8130124807357788, 0.03322192654013634, 0.18264342844486237, 0.15560214221477509, 0.35898298025131226, 0.3612903654575348, 0.03299881890416145, 0.26052147150039673, 0.0, 0.021571021527051926, 0.0238824263215065, 0.03484677895903587, 1.3877511024475098, 2.356309652328491, 0.039407696574926376, 0.012524162419140339, 0.00804093200713396, 0.5251849293708801, 0.6593174338340759, 0.7052512168884277, 0.003093573497608304, 0.4048852324485779, 0.0, 0.062180694192647934, 0.004806019831448793, 0.0032698330469429493, 0.0, 0.0, 0.008052371442317963, 0.3928477168083191, 0.0, 0.03531523793935776, 4.217581748962402, 1.0113831758499146]",Testing/glioma_tumor/image(79).jpg
"[0.035683054476976395, 0.05658126249909401, 0.0, 0.02935747057199478, 0.3481707274913788, 0.05453626438975334, 2.091909646987915, 0.029222575947642326, 0.0, 0.0, 0.0207765344530344, 0.0, 0.035645075142383575, 0.36842623353004456, 0.0, 0.011560050770640373, 0.017230506986379623, 0.28133949637413025, 0.0, 0.0, 0.07341669499874115, 1.9783844947814941, 0.0, 0.03742064908146858, 0.17031899094581604, 0.012686681002378464, 0.7117913961410522, 0.2548789083957672, 0.0, 0.09707149863243103, 0.2711888253688812, 0.0, 0.8553110957145691, 0.4069356322288513, 0.15909695625305176, 0.39075154066085815, 0.0, 0.0022543231025338173, 0.018503744155168533, 0.009268943220376968, 1.0642808675765991, 0.5006944537162781, 0.0, 0.009360400959849358, 0.0, 0.0, 0.0041182576678693295, 0.0, 0.0, 0.017112532630562782, 0.11233919858932495, 0.5517569780349731, 2.2344727516174316, 0.07415324449539185, 1.3573604822158813, 0.5492529273033142, 0.6269174814224243, 0.03897987678647041, 0.5001376271247864, 0.0, 0.1663217693567276, 0.40749725699424744, 0.5353856086730957, 0.978644847869873, 0.2112971693277359, 0.01741674914956093, 0.7108033895492554, 0.0025968661066144705, 0.6676226854324341, 0.0, 0.08886705338954926, 0.035844285041093826, 0.9064953327178955, 1.3617392778396606, 0.3624120354652405, 0.2038467973470688, 1.8437215089797974, 0.0, 0.0, 0.2502270042896271, 0.15779414772987366, 0.0, 0.48614105582237244, 0.03413238003849983, 0.6298460364341736, 0.036276597529649734, 2.543766975402832, 0.029676120728254318, 0.0, 0.0054392521269619465, 0.9280794262886047, 0.2715558409690857, 0.0, 0.5047972798347473, 0.03236346319317818, 0.0, 0.1733180433511734, 0.12715016305446625, 0.37208685278892517, 0.33602380752563477, 0.0, 0.7828526496887207, 0.0, 0.0, 0.09043999761343002, 0.035136934369802475, 0.17614053189754486, 3.018840789794922, 0.0, 1.0349076986312866, 0.06013942137360573, 0.08690547943115234, 0.049360956996679306, 0.1159844920039177, 0.09618202596902847, 0.03159213811159134, 0.11176974326372147, 0.5660533308982849, 0.0, 0.0, 0.7295437455177307, 0.011732149869203568, 0.0, 0.1375620812177658, 0.8123293519020081, 0.10261643677949905, 0.016767414286732674, 0.3819183111190796, 2.582339286804199, 0.004824750125408173, 0.0, 2.0665013790130615, 0.0, 0.000915838754735887, 0.0, 0.56172776222229, 0.3982538878917694, 0.09066163003444672, 0.003847061423584819, 0.013987556099891663, 0.061295684427022934, 0.32717007398605347, 0.0, 0.05745701864361763, 0.0, 0.0, 0.0, 1.5941129922866821, 0.04328608140349388, 0.0, 0.42712730169296265, 0.3479098975658417, 0.18630468845367432, 0.0, 0.07073795795440674, 0.10531946271657944, 0.0, 0.1153227761387825, 0.1692453920841217, 0.0012970019597560167, 0.12032224982976913, 1.531389832496643, 0.0, 0.0, 0.027887752279639244, 0.03296874463558197, 0.0560733787715435, 0.0, 0.24195557832717896, 4.7200236320495605, 0.33877816796302795, 0.0, 0.1290205717086792, 0.1735360324382782, 1.0202418565750122, 0.08077311515808105, 0.0, 0.3317681849002838, 0.062272071838378906, 0.1766548603773117, 0.12851983308792114, 0.0, 0.5006616711616516, 0.025241972878575325, 0.6617249250411987, 0.18696798384189606, 0.2620945870876312, 0.6480014324188232, 0.5948886275291443, 0.0, 0.057208236306905746, 0.08783525228500366, 0.0, 0.012158354744315147, 0.0, 0.9719603657722473, 0.0, 0.4180327355861664, 0.0, 0.16534990072250366, 0.17569145560264587, 0.10967445373535156, 0.0, 0.2423059046268463, 0.25322234630584717, 0.6634857654571533, 0.0, 0.0, 0.26739993691444397, 0.05366724357008934, 0.2041284739971161, 0.24345742166042328, 0.0, 0.4128101170063019, 0.021373340860009193, 0.0, 0.026627380400896072, 0.0, 0.13257242739200592, 0.015596341341733932, 0.07265638560056686, 0.03206941857933998, 2.2197208404541016, 0.2958278954029083, 0.0, 0.7824000120162964, 0.2473193258047104, 0.008267763070762157, 0.7168068289756775, 0.07842914760112762, 0.9043182730674744, 0.0407232865691185, 0.03257864713668823, 0.5316824913024902, 0.8068737387657166, 0.053851187229156494, 0.0, 0.05667740851640701, 0.0, 0.0, 0.01571476459503174, 0.23512765765190125, 0.9803505539894104, 0.014312038198113441, 0.0, 0.3488171696662903, 0.0, 1.166874647140503, 0.0, 2.5219342708587646, 0.5990511178970337, 0.0, 0.42771902680397034, 0.22858735918998718, 0.023376477882266045, 0.1465226262807846, 0.14298570156097412, 3.6877188682556152, 0.04240827262401581, 0.392874151468277, 0.0, 0.022132309153676033, 0.6185022592544556, 0.01657376065850258, 0.010478267446160316, 0.00411532586440444, 0.3491869866847992, 0.04809914901852608, 0.0, 0.010974378325045109, 0.2502816617488861, 0.0, 0.4564632177352905, 0.03211106359958649, 2.6684491634368896, 0.2808868885040283, 0.020751632750034332, 0.5753827095031738, 0.359100341796875, 0.0, 0.43218913674354553, 0.9877473711967468, 1.1192673444747925, 0.007940740324556828, 0.10193726420402527, 0.20208530128002167, 0.07405941933393478, 0.11785127967596054, 0.0, 0.05939675495028496, 0.09669560194015503, 0.11188888549804688, 0.0, 0.0, 0.17395634949207306, 1.972426414489746, 0.007305753417313099, 0.16842490434646606, 1.05401611328125, 0.0, 0.45965248346328735, 0.03404613956809044, 1.8168054819107056, 0.011305078864097595, 0.6374520063400269, 0.0512080080807209, 0.0009768252493813634, 0.1552884578704834, 0.0356624498963356, 0.04539872705936432, 0.3778495490550995, 0.7902435660362244, 0.0, 0.13451865315437317, 0.23967255651950836, 0.18876425921916962, 0.7929812669754028, 0.0, 0.0, 0.008780467323958874, 0.09213442355394363, 0.0, 0.01617942564189434, 0.0, 0.0, 0.18174970149993896, 0.12956589460372925, 0.019356289878487587, 1.829123616218567, 1.5161596536636353, 0.09871987253427505, 0.0773213803768158, 0.26525089144706726, 0.3512383997440338, 0.0, 0.0, 1.41402268409729, 0.11610278487205505, 0.9777687191963196, 0.22780804336071014, 0.030636081472039223, 0.18398839235305786, 0.3291158974170685, 0.3555511236190796, 0.0, 0.12053825706243515, 0.20513682067394257, 0.05764184147119522, 0.35499581694602966, 0.0, 0.0006487953360192478, 0.009355452843010426, 0.47464680671691895, 0.07299903780221939, 0.04308647662401199, 0.016449319198727608, 0.2962343394756317, 0.0, 0.22465433180332184, 0.39245590567588806, 0.11579015105962753, 0.28824561834335327, 0.16070765256881714, 0.3682861626148224, 0.08771711587905884, 0.005003578960895538, 0.0008059277897700667, 0.0, 0.26827314496040344, 0.7191334962844849, 0.014433738775551319, 0.10334360599517822, 0.42562371492385864, 1.8934297561645508, 0.0494425967335701, 0.0, 1.0095473527908325, 0.0, 0.0025376714766025543, 0.0, 0.014009466394782066, 0.07089023292064667, 0.0, 0.0, 0.1293763965368271, 0.1694730520248413, 0.06425795704126358, 0.1924600601196289, 0.0, 0.0, 0.006111607421189547, 0.04331040009856224, 0.22146150469779968, 0.0, 0.002258400432765484, 4.494253158569336, 0.00037108149263076484, 0.24121123552322388, 0.02479088306427002, 0.022988509386777878, 1.2768926620483398, 0.009468290023505688, 0.06125808134675026, 0.11250022798776627, 0.040743403136730194, 3.6515684127807617, 0.08741725236177444, 0.012189395725727081, 0.017880473285913467, 0.08445513993501663, 0.034102413803339005, 0.0, 0.1248602643609047, 0.0, 0.02549334429204464, 2.651125907897949, 0.004807275254279375, 0.23051394522190094, 0.02011966146528721, 0.3336254060268402, 0.0246190894395113, 0.0172673799097538, 0.019333068281412125, 0.0, 0.0, 0.0, 0.0, 0.07129142433404922, 0.0, 0.0, 0.3293607532978058, 0.7593083381652832, 0.9614368081092834, 0.019848894327878952, 0.029204607009887695, 2.035431146621704, 0.04830779880285263, 1.1931003332138062, 0.20992223918437958, 0.49800539016723633, 0.016498610377311707, 0.0, 0.05320127680897713, 0.18124130368232727, 0.2899245321750641, 0.04689984396100044, 0.0, 0.33755746483802795, 0.0306953527033329, 0.02401169016957283, 0.6773372292518616, 0.0, 0.19429390132427216, 0.013015016913414001, 0.05952118709683418, 0.22850652039051056, 0.591449499130249, 0.6364541053771973, 0.0, 1.3439056873321533, 0.0, 1.0437345504760742, 0.464946448802948, 0.041216105222702026, 0.034890349954366684, 0.017555873841047287, 0.0, 0.42280617356300354, 0.14135965704917908, 0.464516818523407, 0.032813768833875656, 0.006924101151525974, 0.4191618263721466, 0.20446908473968506, 0.1072649285197258, 0.031100068241357803, 0.0, 0.008978106081485748, 0.3359243869781494, 0.29701927304267883, 0.7645449042320251, 0.06283557415008545, 0.3408472239971161, 0.0788336917757988, 0.0, 0.0, 0.0, 0.0, 0.200871080160141, 0.034631162881851196, 1.0997722148895264, 0.21925416588783264, 0.1977687031030655, 0.0064376299269497395, 0.4881090521812439, 0.0, 0.0, 0.36353737115859985, 0.4168582856655121, 0.5623791217803955, 0.25443509221076965, 0.0834810808300972, 0.02122003771364689, 2.4205474853515625, 0.5507712364196777, 0.098434217274189, 0.1547742635011673, 0.0, 0.11259867250919342, 0.2905351519584656, 0.0, 0.09690646827220917, 0.0, 0.8293964862823486, 0.08395850658416748, 0.1631653606891632, 0.04611493647098541, 0.01028174813836813, 0.0008463056874461472, 0.05684927478432655, 0.019117016345262527, 0.0, 0.2895587086677551, 0.14272582530975342, 0.018631774932146072, 0.1455683559179306, 0.0, 0.0, 0.06161244213581085, 0.51894611120224, 0.0, 1.2100149393081665, 1.4958932399749756, 4.238564968109131, 0.025014545768499374, 1.0159211158752441, 0.21100713312625885, 0.04731323942542076, 0.0, 0.33588048815727234, 0.0041018142364919186, 0.27045831084251404, 0.20908084511756897, 0.006332558114081621, 0.0, 0.040919721126556396, 0.0, 0.0018066532211378217, 0.0, 0.005848320201039314, 0.0015143667114898562, 0.04353691264986992, 0.9185689091682434, 0.0, 0.7220957279205322, 0.5960268974304199, 0.0, 0.0048639508895576, 0.0, 0.06272449344396591, 1.8940529823303223, 0.9150105714797974, 0.7863324284553528, 0.0, 0.0, 0.03388069197535515, 0.2974463105201721, 0.0562380775809288, 0.4401777684688568, 0.08497349172830582, 0.1785147339105606, 0.12558764219284058, 0.7832474708557129, 0.17076146602630615, 0.11383925378322601, 1.471152424812317, 0.0, 2.7160427570343018, 0.0, 0.09833253920078278, 2.1564338207244873, 0.0, 0.12784622609615326, 0.05930676683783531, 0.0, 0.05285995826125145, 0.021441778168082237, 0.008434994146227837, 0.0, 0.0, 0.0, 0.016280069947242737, 0.0, 0.0, 0.0, 0.1468682736158371, 0.03350658714771271, 0.012766234576702118, 0.0, 0.035722073167562485, 0.02858847938477993, 0.0, 1.1508153676986694, 0.19896511733531952, 0.0, 0.20638422667980194, 0.2047681212425232, 0.3161594569683075, 0.5116547346115112, 1.0854997634887695, 0.0, 0.017708629369735718, 0.05757959559559822, 1.0110923051834106, 0.0, 0.017263129353523254, 0.0, 0.09374408423900604, 0.0028374146204441786, 0.31190812587738037, 0.3983493745326996, 0.010565010830760002, 1.7535516023635864, 0.31870904564857483, 1.468880534172058, 0.18459054827690125, 0.04413997381925583, 0.043570633977651596, 0.0, 0.020269760861992836, 0.005051559302955866, 0.2488163411617279, 0.04676897078752518, 0.0, 0.0533694326877594, 0.013437514193356037, 0.024231331422924995, 0.0, 0.34127068519592285, 0.2071085125207901, 0.7402117252349854, 0.0, 0.9528699517250061, 0.8273409605026245, 0.0, 0.2880851626396179, 1.924087405204773, 0.0, 0.20155122876167297, 0.0, 1.3590203523635864, 0.08547206968069077, 0.35528692603111267, 0.0, 0.7756972312927246, 0.14808908104896545, 0.421474814414978, 0.0, 0.05544585734605789, 0.0, 0.0, 0.32970237731933594, 0.11367367953062057, 0.24304918944835663, 1.0571013689041138, 0.006590025965124369, 1.0910446643829346, 0.04246322065591812, 0.07452696561813354, 0.33704298734664917, 0.0, 0.22949522733688354, 0.0, 0.013797054067254066, 0.022190460935235023, 0.13975685834884644, 0.0, 0.0, 0.14039935171604156, 0.41252732276916504, 0.610928475856781, 0.0, 0.0074301911517977715, 0.19241222739219666, 0.7029366493225098, 0.9025735855102539, 0.0530928298830986, 0.048183705657720566, 0.6353659629821777, 0.05893564224243164, 0.0, 0.008662681095302105, 0.10632269084453583, 0.0033656724262982607, 0.13656891882419586, 0.1514638215303421, 0.41054296493530273, 0.07833060622215271, 0.0, 0.0, 0.7477455139160156, 0.03272667154669762, 0.040615905076265335, 0.7682459354400635, 0.0, 0.0, 1.3227128982543945, 0.6601263284683228, 0.7553573846817017, 0.0, 0.525013267993927, 0.18450725078582764, 0.01278982125222683, 0.0, 0.10137799382209778, 0.0, 0.0023270188830792904, 0.0, 0.0, 0.0, 0.04673464596271515, 1.6451431512832642, 0.4616440236568451, 0.08156833052635193, 0.0844561979174614, 2.934842109680176, 1.089100956916809, 0.1281653642654419, 0.2978779971599579, 1.2476658821105957, 0.0, 0.6905655860900879, 0.05027633160352707, 0.1993681788444519, 1.0732524394989014, 0.36007270216941833, 0.41965699195861816, 0.6924318075180054, 0.017464250326156616, 0.12564091384410858, 0.08181288093328476, 0.035628531128168106, 1.5057270526885986, 0.004167634528130293, 0.06535227596759796, 0.6189098358154297, 0.31348109245300293, 0.0, 0.029585832729935646, 0.5206514596939087, 0.06195437163114548, 1.5648458003997803, 0.03676995635032654, 0.0, 0.7602493762969971, 0.14351077377796173, 0.9162563681602478, 0.16094371676445007, 0.14549952745437622, 0.051829222589731216, 0.5263194441795349, 2.5627565264585428e-05, 0.8645192384719849, 1.5634607076644897, 0.03715340048074722, 0.0, 0.002762183779850602, 0.18314026296138763, 0.2712448537349701, 0.5927006602287292, 0.0003660941729322076, 0.0965580865740776, 0.021171733736991882, 0.10732006281614304, 0.08039766550064087, 0.0, 0.03693882375955582, 0.1450210064649582, 1.8131134510040283, 0.0, 0.6276965141296387, 0.7039093971252441, 0.16130267083644867, 0.0, 0.8602339029312134, 0.0, 0.757905900478363, 0.6087328195571899, 0.0380457267165184, 0.0, 1.3407257795333862, 0.3395039439201355, 0.1739831119775772, 0.0, 0.05846564099192619, 0.0, 0.012947323732078075, 0.00911101046949625, 0.783196210861206, 0.0, 0.017263876274228096, 0.026791224256157875, 0.018515504896640778, 0.05188538134098053, 0.0, 0.33900123834609985, 1.0664879083633423, 0.6691441535949707, 1.7656314373016357, 0.04999265447258949, 0.0, 0.2742583751678467, 0.5208836793899536, 0.0, 2.36845326423645, 0.152334526181221, 2.1309304237365723, 1.25931978225708, 0.0, 0.0, 0.01528667937964201, 0.022788135334849358, 0.4319494664669037, 0.002632433082908392, 0.22024987637996674, 1.0359963178634644, 0.0, 0.0, 0.48253756761550903, 3.87318754196167, 0.16172228753566742, 0.0, 0.3974243402481079, 1.9178776741027832, 0.16569040715694427, 2.1910150051116943, 0.0, 0.0, 0.0014757136814296246, 0.11565105617046356, 0.0028587020933628082, 0.0, 0.8241838812828064, 2.08660626411438, 0.439420610666275, 0.06704492121934891, 0.13071969151496887, 0.21087881922721863, 0.6571179628372192, 0.0224162507802248, 0.0, 0.0914696678519249, 0.11913786083459854, 0.007445826660841703, 0.1596222072839737, 0.08075142651796341, 0.24749864637851715, 0.015840156003832817, 0.005386145785450935, 0.6414692401885986, 0.0038443487137556076, 0.044593315571546555, 0.23563969135284424, 0.0, 0.40124472975730896, 0.44330117106437683, 0.0, 0.010430201888084412, 0.002091106027364731, 5.664562225341797, 0.0, 0.014756886288523674, 0.0, 0.06248433142900467, 0.0, 0.15631809830665588, 0.25290676951408386, 0.025194944813847542, 2.7380104064941406, 0.22771644592285156, 0.024331817403435707, 0.0, 0.0, 0.015251276083290577, 0.6519460082054138, 0.00395860243588686, 0.33406856656074524, 0.2760365903377533, 0.0873558297753334, 0.6143801808357239, 0.0, 0.056609347462654114, 0.0, 0.0, 0.003595709800720215, 0.0022134999744594097, 0.0, 0.0, 0.2880384027957916, 0.7030443549156189, 0.0843295007944107, 0.4698491096496582, 0.22652840614318848, 0.0, 4.413061618804932, 0.0, 0.20384755730628967, 1.5550105571746826, 0.1785271316766739, 0.0, 0.4504951238632202, 0.03358115628361702, 0.030202778056263924, 0.18013080954551697, 0.0, 0.4255821704864502, 0.01247208472341299, 0.01909286342561245, 0.031008759513497353, 0.041996944695711136, 0.005856494419276714, 0.011203218251466751, 0.11929994821548462, 0.09783381968736649, 0.016384420916438103, 0.0, 1.0394487380981445, 0.0066596828401088715, 1.7477518320083618, 0.0027350406162440777, 0.0, 0.3068898320198059, 0.05689746513962746, 0.0, 0.0528118759393692, 1.2416609525680542, 0.0, 0.31328898668289185, 0.0, 0.0, 0.15103834867477417, 0.19879698753356934, 0.0, 0.0, 0.0, 0.013400333002209663, 0.0, 0.29283884167671204, 0.11080366373062134, 0.31371361017227173, 0.0, 0.5462986826896667, 0.1531154215335846, 0.05667220428586006, 0.14411889016628265, 0.0029234569519758224, 0.0, 0.49670490622520447, 1.512087106704712, 0.040680527687072754, 0.07375463098287582, 0.0, 0.005638263653963804, 0.09881097078323364, 0.20249949395656586, 0.7383803725242615, 0.2339479625225067, 0.05538073182106018, 0.0016448108945041895, 0.048794884234666824, 0.0, 0.06062181666493416, 0.0021765499841421843, 0.07529062777757645, 0.0, 0.0, 0.022812439128756523, 0.10104621946811676, 0.030175717547535896, 0.004013458266854286, 2.7667672634124756, 1.745521903038025, 0.06591060012578964, 0.0, 1.3243505954742432, 0.0, 0.0, 1.9637906007119454e-05, 0.18757812678813934, 0.0, 0.09765920042991638, 0.03666281700134277, 0.042418576776981354, 0.02623782679438591, 0.03712472319602966, 0.03915907442569733, 0.14010660350322723, 0.0, 0.0, 0.0, 0.0365883968770504, 0.0, 0.0, 0.06091073155403137, 0.12691807746887207, 0.027748074382543564, 0.0, 0.6943790912628174, 0.9896155595779419, 0.003644984681159258, 0.293136864900589, 0.059306543320417404, 0.0, 1.8462835550308228, 0.15347091853618622, 0.0, 0.0, 0.10167617350816727, 0.03373301029205322, 0.26088351011276245, 0.07623085379600525, 0.4367408752441406, 0.0, 0.0, 0.01509870309382677, 0.12014065682888031, 0.11198625713586807, 0.0, 0.003390129655599594, 0.0064282589592039585, 0.0917460024356842, 0.14314445853233337, 0.37858593463897705, 0.22338801622390747, 0.013305362313985825, 0.4772639870643616, 0.17198236286640167, 0.0, 0.004426948726177216, 0.0, 0.1956252008676529, 0.0, 0.2790941596031189, 0.08435340970754623, 0.0, 0.014378718100488186, 0.09305722266435623, 0.23178380727767944, 0.1445937603712082, 0.07299543172121048, 0.24896757304668427, 0.021563412621617317, 0.029153315350413322, 0.0, 0.17669399082660675, 0.0042899311520159245, 0.06480753421783447, 2.9809675216674805, 0.0, 0.7724767327308655, 0.0, 0.18502992391586304, 0.34048816561698914, 0.01563621498644352, 0.0, 0.008376927115023136, 0.4613005220890045, 0.14291192591190338, 0.21334043145179749, 0.07773654162883759, 0.36293432116508484, 1.8264667987823486, 0.06223136931657791, 0.6473225355148315, 0.19593937695026398, 0.49140965938568115, 0.0, 0.0, 0.0, 0.0837918072938919, 2.5601377487182617, 0.07938206940889359, 0.15504047274589539, 2.9286773204803467, 0.021637218073010445, 0.40566277503967285, 0.003166656009852886, 0.5948200821876526, 0.5521600842475891, 0.6600438356399536, 0.06818513572216034, 0.0, 0.03186102956533432, 0.251949667930603, 5.514966011047363, 0.0, 0.0, 0.12614120543003082, 0.0, 0.6457915902137756, 0.0, 0.037751615047454834, 0.009549953043460846, 0.0072455015033483505, 0.06649758666753769, 0.04683729261159897, 0.6369527578353882, 0.7307336926460266, 0.27250561118125916, 0.06086748465895653, 0.031243206933140755, 0.07608306407928467, 0.24639610946178436, 0.14034631848335266, 0.4276556670665741, 0.0, 0.011189035139977932, 0.022592592984437943, 0.08070296049118042, 0.08389610797166824, 0.29209810495376587, 0.25117871165275574, 0.0, 0.28594428300857544, 0.0, 0.0, 0.3558548092842102, 0.10702308267354965, 0.35390064120292664, 0.015629185363650322, 0.008348044008016586, 0.28045836091041565, 0.04262099787592888, 2.315575122833252, 0.0, 0.0, 0.04399610683321953, 0.005251089110970497, 0.07009677588939667, 0.0, 0.02440902218222618, 0.00587505241855979, 1.3272039890289307, 0.0, 0.05446811020374298, 0.0, 0.0, 5.382907693274319e-05, 0.08628235757350922, 0.02424529194831848, 0.43616095185279846, 0.3693711459636688, 0.0, 0.0354146733880043, 1.109138011932373, 0.044383060187101364, 0.12448125332593918, 0.13535679876804352, 0.0, 0.6559205055236816, 0.0, 0.0, 0.053895868360996246, 0.1998797506093979, 0.4039401710033417, 0.14233532547950745, 0.019462011754512787, 0.019673623144626617, 0.0, 0.0, 0.0576142892241478, 0.0, 0.0, 0.1230674684047699, 0.14585940539836884, 0.12440229952335358, 0.0, 0.03491031751036644, 0.0, 2.0503058433532715, 0.00587252713739872, 0.0, 0.0, 0.1795325130224228, 0.008358551189303398, 0.017985990270972252, 0.0, 0.5804553031921387, 0.3288852274417877, 0.6584505438804626, 0.5905472636222839, 0.08050911128520966, 0.08433347940444946, 0.0020649093203246593, 0.0, 0.4249967038631439, 0.4469161927700043, 0.015667857602238655, 0.1181073933839798, 0.0, 0.1771717220544815, 0.1858726441860199, 0.5000846982002258, 0.05458495393395424, 0.007579698693007231, 0.025265105068683624, 0.35613590478897095, 0.05044150725007057, 0.0, 0.6216827034950256, 1.5447337627410889, 0.0, 0.0, 0.2588314116001129, 0.0, 0.0, 0.0, 0.029276281595230103, 0.19866548478603363, 0.8063842058181763, 1.6291744709014893, 0.0, 0.25621888041496277, 0.20244267582893372, 0.0, 0.4007880687713623, 0.01740369014441967, 0.0, 0.11739657819271088, 0.0, 0.03301709517836571, 0.1483178585767746, 0.050172436982393265, 4.389191150665283, 0.0, 0.12158933281898499, 0.11502670496702194, 0.12079047411680222, 0.43860751390457153, 0.09352026134729385, 0.25201255083084106, 0.0, 0.12929891049861908, 0.14239758253097534, 0.0, 0.12320251762866974, 0.031437281519174576, 0.0, 0.13322468101978302, 0.09506597369909286, 0.1393158733844757, 1.6348906755447388, 0.3178848624229431, 0.0, 0.0, 0.03125886246562004, 1.0528497695922852, 0.07664079964160919, 0.0033922086004167795, 0.020658381283283234, 0.0, 0.04002770036458969, 0.6352549195289612, 1.8301020860671997, 0.6476622819900513, 0.03097333200275898, 0.3543897271156311, 0.3218708038330078, 0.30435460805892944, 0.12659065425395966, 0.25226643681526184, 0.014392268843948841, 0.0, 0.0, 0.06505084782838821, 0.09474916756153107, 0.19258958101272583, 0.10290388017892838, 0.0, 0.06367461383342743, 0.0, 0.021744729951024055, 0.1570367068052292, 0.048635393381118774, 0.0005609502550214529, 0.4563741087913513, 0.0, 0.6367424726486206, 0.17957952618598938, 1.072162389755249, 0.03378358855843544, 0.008036168292164803, 0.03983332961797714, 0.0, 0.0, 0.0, 0.1797814667224884, 0.8661254644393921, 0.0, 0.0, 0.7135611772537231, 0.10498504340648651, 0.055369891226291656, 0.853441596031189, 0.0, 0.0018789719324558973, 0.25463756918907166, 0.5486106872558594, 1.0167529582977295, 4.332114219665527, 0.05662771314382553, 1.121719479560852, 0.3838449716567993, 0.0, 0.0, 0.32380932569503784, 0.028847170993685722, 0.007100236602127552, 0.0, 1.7091050148010254, 1.1025264263153076, 0.44677671790122986, 0.2582637369632721, 0.0, 0.2645188570022583, 0.0, 0.11546880006790161, 0.0, 0.5012453198432922, 0.050304852426052094, 0.18097764253616333, 0.4359697699546814, 0.002507608849555254, 0.0, 0.0, 0.0, 0.18858732283115387, 0.0014333798317238688, 0.9813799262046814, 1.754957914352417, 0.0, 0.23117156326770782, 0.12836909294128418, 0.11470966786146164, 0.0, 2.2229297161102295, 0.011033520102500916, 0.08023721724748611, 0.0, 0.3965742290019989, 0.2522260248661041, 0.0, 0.2690528929233551, 0.14195160567760468, 1.3572099208831787, 0.00459282984957099, 0.0284282136708498, 0.2178427278995514, 0.236928790807724, 0.009946047328412533, 0.08086103945970535, 0.698339581489563, 0.08934758603572845, 0.08292341977357864, 0.0, 1.020741581916809, 0.0, 0.6105471849441528, 0.0, 0.013801980763673782, 0.06170767545700073, 0.13830476999282837, 0.20697344839572906, 0.0046233669854700565, 3.7752716541290283, 0.2962295114994049, 0.1363949328660965, 0.19135580956935883, 0.0, 0.0, 0.44448322057724, 0.4243001639842987, 0.10082927346229553, 0.8113947510719299, 0.4979785084724426, 0.0, 0.23571115732192993, 0.6710036396980286, 0.34597131609916687, 0.0, 0.0, 0.0, 0.03474639356136322, 0.015359985642135143, 0.0, 0.03015030361711979, 0.0026134788058698177, 2.2281382083892822, 0.0, 0.0012608158867806196, 0.15619829297065735, 1.4296295642852783, 0.007850782945752144, 1.0766173601150513, 1.1597806215286255, 0.0, 0.20189665257930756, 0.021696003153920174, 0.9921236634254456, 0.011209015734493732, 0.0, 0.012702465057373047, 0.0015076423296704888, 0.6076775193214417, 0.010913707315921783, 0.8388723134994507, 0.0, 0.212981179356575, 0.0, 0.32834163308143616, 0.0, 0.0, 0.0, 0.4333358705043793, 0.08296243846416473, 0.25032925605773926, 0.19997325539588928, 0.0, 0.035964760929346085, 0.9895901083946228, 0.0, 0.0857851654291153, 0.0, 0.02858065254986286, 0.06816665828227997, 0.0, 0.0, 0.0, 0.6957229375839233, 0.010397594422101974, 0.6612639427185059, 0.005320026073604822, 0.43112820386886597, 0.0, 0.09099651873111725, 0.19868019223213196, 0.04950039088726044, 0.0, 0.030845632776618004, 0.0, 0.013308325782418251, 0.05563562735915184, 0.02700655534863472, 0.0, 0.0007026122766546905, 0.0, 0.21476441621780396, 0.0, 0.0, 0.16967564821243286, 1.4210352897644043, 0.0, 0.28796008229255676, 0.10856685787439346, 0.8581225275993347, 2.0525317192077637, 0.085393026471138, 0.14689037203788757, 0.05120835453271866, 0.0, 1.2494393587112427, 0.42054668068885803, 0.3850787281990051, 0.01069734524935484, 1.2898998260498047, 0.05274307355284691, 0.2559282183647156, 0.023691780865192413, 1.5525447130203247, 0.7124350666999817, 0.4771920442581177, 0.24193504452705383, 0.003958913963288069, 0.11342742294073105, 0.28570133447647095, 0.0, 0.0, 0.2493322491645813, 0.0, 0.0001336749701295048, 0.0, 1.848335862159729, 0.018929719924926758, 0.3118650019168854, 0.10355456918478012, 0.060604728758335114, 0.16178421676158905, 0.8222930431365967, 0.0, 0.9281391501426697, 0.3040066659450531, 0.022048553451895714, 0.0, 0.6938974261283875, 0.6564939618110657, 0.3362666666507721, 0.0, 0.0, 0.4571792483329773, 0.054595697671175, 0.0, 0.7825896739959717, 0.16308878362178802, 0.4682498574256897, 0.2099376916885376, 0.0, 0.0, 0.10983730107545853, 0.0, 0.0, 0.0, 0.15610967576503754, 0.028964636847376823, 0.8473078012466431, 0.0, 0.0, 0.08975449204444885, 0.014028417877852917, 0.19063182175159454, 2.1097311973571777, 0.6779934763908386, 0.0, 0.0, 0.04261171445250511, 0.0, 0.0, 0.028245868161320686, 0.04908231645822525, 0.1079469621181488, 0.00888003408908844, 0.28641277551651, 0.0009502415778115392, 0.010974597185850143, 0.10030259191989899, 0.06526222079992294, 0.0, 0.0444309338927269, 0.12286188453435898, 0.2132951021194458, 0.18463097512722015, 0.6075628399848938, 0.9688998460769653, 0.3891596496105194, 0.0, 0.007178778760135174, 1.0888243913650513, 0.046201981604099274, 1.010367512702942, 0.0, 0.10294856876134872, 0.3776983916759491, 0.18324647843837738, 0.3192425072193146, 0.5338590741157532, 0.0, 0.4176444709300995, 0.0, 0.5645503997802734, 0.36039528250694275, 0.0027329239528626204, 0.02371285669505596, 0.03208771347999573, 0.10746154934167862, 0.15347349643707275, 0.0, 0.4750328063964844, 0.11389029771089554, 0.12911345064640045, 0.9229328632354736, 0.0, 0.503129780292511, 0.0, 0.6160147190093994, 0.004814748652279377, 0.0, 0.1563887596130371, 0.0, 0.6185123920440674, 0.2247098833322525, 0.018961463123559952, 0.010125882923603058, 0.0, 0.0, 0.21909299492835999, 0.28316181898117065, 0.2169969528913498, 0.0669795349240303, 0.0, 1.5211466550827026, 0.0, 0.6995840072631836, 0.369048535823822, 0.0, 0.8525347113609314, 0.0, 0.07061097770929337, 0.13439536094665527, 0.21303725242614746, 0.12511706352233887, 0.9415674209594727, 0.0, 0.2549743950366974, 0.15642927587032318, 0.11655408143997192, 0.011190708726644516, 0.5482118725776672, 0.07599926739931107, 0.009239383973181248, 0.037567391991615295, 0.0662803053855896, 0.08839060366153717, 0.14532651007175446, 0.1311425119638443, 0.3577869236469269, 0.1357470601797104, 2.3790433406829834, 0.051078639924526215, 1.237070918083191, 0.03663231059908867, 0.0, 0.0, 1.066663384437561, 0.0314476303756237, 0.2791253626346588, 0.0, 0.7712535262107849, 0.009857065975666046, 0.1708229035139084, 0.0, 0.4085507392883301, 0.5549402832984924, 0.004241768270730972, 0.5492940545082092, 0.11061041057109833, 0.0, 1.7479383945465088, 0.0, 0.0, 1.002882480621338, 0.1643925905227661, 0.058776140213012695, 0.41193222999572754, 1.274410367012024, 0.08997400104999542, 0.0, 0.0015651523135602474, 0.1108904480934143, 0.0, 0.0, 0.07523152977228165, 0.16020262241363525, 0.0, 0.037116121500730515, 0.0, 0.10572114586830139, 1.120133399963379, 1.0311403274536133, 0.41382455825805664, 0.0, 0.0007623774581588805, 0.168304905295372, 0.19593435525894165, 0.0, 0.09566028416156769, 0.029307788237929344, 0.01826539821922779, 0.1849551647901535, 0.04285389930009842, 0.0, 0.008243369869887829, 0.0, 0.20556232333183289, 0.13797049224376678, 0.06531187146902084, 0.0, 1.1836858987808228, 0.0, 0.0, 0.5416684746742249, 0.0023978971876204014, 0.24104367196559906, 0.03632909059524536, 0.009128084406256676, 0.006533870939165354, 0.018909763544797897, 0.02212749421596527, 0.03616410866379738, 0.026893725618720055, 0.07433146983385086, 0.0, 0.01701514609158039, 0.2710467278957367, 1.0087770223617554, 0.0, 0.013271852396428585, 0.041398972272872925, 0.07036745548248291, 0.4921063482761383, 0.004221950192004442, 0.0, 0.0, 0.0, 0.0, 0.0012036926345899701, 0.0, 0.16007031500339508, 1.5814695358276367, 0.0, 0.010160667821764946, 0.0, 1.7584962844848633, 0.04355853050947189, 1.0420194864273071, 0.0, 0.0, 0.06145130842924118, 0.0, 0.17253117263317108, 0.12360598891973495, 0.0, 0.4729297459125519, 0.0, 0.4291377067565918, 0.059788793325424194, 0.3170875906944275, 0.9806610345840454, 0.0574612133204937, 0.20985214412212372, 1.4719972610473633, 1.855465054512024, 0.041718851774930954, 0.0, 0.0, 0.07687215507030487, 0.0, 0.14281347393989563, 0.19667811691761017, 0.0, 0.03459453582763672, 0.5174227952957153, 0.0, 0.0, 0.004799949936568737, 0.30883193016052246, 0.8897274732589722, 0.13005191087722778, 0.011703595519065857, 0.8851945996284485, 0.016380606219172478, 0.1397566944360733, 0.02581326849758625, 0.09493020921945572, 0.0579235702753067, 0.3973429203033447, 0.11888059973716736, 0.01823057420551777, 0.34519460797309875, 0.3144915699958801, 0.04251237213611603, 1.125306487083435, 0.09128498286008835, 0.0, 0.0, 0.025166107341647148, 0.0, 0.02501332014799118, 0.04676209017634392, 0.32465416193008423, 0.14796841144561768, 0.03733810782432556, 0.012149032205343246, 0.0, 0.0006169932312332094, 0.5929857492446899, 0.0, 0.02529095858335495, 0.0, 0.10443446785211563, 0.737683892250061, 0.0044929152354598045, 0.08830928802490234, 0.021486949175596237, 0.37676021456718445, 0.12503044307231903, 0.03414615988731384, 0.04136532545089722, 0.020474687218666077, 0.22309809923171997, 0.0, 0.05634389445185661, 1.6054880619049072, 0.008984008803963661, 0.0073187886737287045, 0.0, 0.0, 0.044084783643484116, 0.30457836389541626, 0.02032543532550335, 0.0, 0.18898949027061462, 0.08346223831176758, 0.15038131177425385, 0.02306242659687996, 0.0, 0.2013280987739563, 0.6138921976089478, 0.002437489340081811, 0.17745745182037354, 0.46892571449279785, 0.08375901728868484, 0.11866072565317154, 0.12320031970739365, 10.381958961486816, 0.2346523106098175, 0.06735697388648987, 0.7695647478103638, 0.26814448833465576, 0.024142177775502205, 0.003794901305809617, 0.9853395819664001, 0.0, 0.2082182615995407, 0.0, 0.8011317849159241, 0.0, 0.0, 0.0, 0.16851966083049774, 0.1464233249425888, 0.0, 0.014687648043036461, 0.0, 0.11366071552038193, 0.02353539504110813, 0.052698347717523575, 0.22741998732089996, 0.0, 0.2224126011133194, 0.0962347462773323, 0.2718892991542816, 0.0262940414249897, 0.09370008111000061, 0.0, 0.047609202563762665, 0.5052168965339661, 0.3099108040332794, 1.0925909280776978, 0.000556279206648469, 0.15408551692962646, 0.19921843707561493, 0.0, 0.448626309633255, 0.0, 0.0810939371585846, 1.7531116008758545, 0.3258889615535736, 0.18404953181743622, 0.36594659090042114, 0.1112084686756134, 0.0, 0.06274695694446564, 0.09791632741689682, 0.53963702917099, 0.0, 0.5180628299713135, 0.1482221484184265, 0.0, 0.0, 0.000618971127551049, 0.47720277309417725, 0.0, 0.18102164566516876, 0.09789295494556427, 0.32791224122047424, 1.1093320846557617, 0.04188212752342224, 0.0, 0.0012142366031184793, 0.027809740975499153, 0.04042981564998627, 0.0, 0.28845199942588806, 3.9624602794647217, 0.27362582087516785, 0.42159906029701233, 0.137787327170372, 0.47055932879447937, 0.3094603419303894, 0.6392382383346558, 0.02529239095747471, 0.1539427638053894, 0.0, 0.13203375041484833, 0.20870189368724823, 0.0, 0.0, 0.10345828533172607, 0.17264004051685333, 0.0, 0.06310345977544785, 0.0, 0.0, 0.05955993011593819, 0.17321395874023438, 0.06151767820119858, 0.22166475653648376, 1.3455750942230225, 0.013799010775983334, 0.0, 0.06465321779251099, 0.2150028645992279, 0.0, 0.010304061695933342, 0.003529903944581747, 0.11843313276767731, 0.331203818321228, 0.30708664655685425, 0.6904892921447754, 0.013690262101590633, 0.008760038763284683, 0.7773937582969666, 0.25779321789741516, 0.15030907094478607, 0.0, 0.0, 0.030571268871426582, 0.3294345736503601, 0.022603198885917664, 0.8427523970603943, 0.0, 0.20097263157367706, 0.0107117285951972, 0.0016542867524549365, 0.0, 1.9460150003433228, 0.008746573701500893, 0.819749653339386, 0.07572859525680542, 0.16805656254291534, 0.017115149646997452, 1.048972249031067, 0.0, 0.35961416363716125, 0.06622642278671265, 0.03488243743777275, 0.08242852240800858, 0.340374231338501, 0.9536629319190979, 0.0, 0.6062955260276794, 0.0, 0.11725430935621262, 0.0046593849547207355, 0.07569187134504318, 0.02712184563279152, 0.2805672883987427, 0.4417620003223419, 0.017433060333132744, 0.04133852198719978, 0.011072450317442417, 0.01046505756676197, 0.6754695177078247, 1.0582337379455566, 0.22144010663032532, 0.15472222864627838, 0.1781054586172104, 0.028463277965784073, 0.0, 0.022039275616407394, 0.1284685730934143, 0.045678604394197464, 0.0, 0.010049153119325638, 0.1424543559551239, 0.0, 0.4835282266139984, 0.08113543689250946, 0.6330862045288086, 0.45314618945121765, 0.0, 0.24381667375564575, 0.05110139772295952, 0.015589390881359577, 0.1672787368297577, 0.0, 0.0, 0.23985055088996887, 0.3313347101211548, 2.273092746734619, 0.31050601601600647, 1.8589309453964233, 0.13347966969013214, 1.1971980333328247, 0.0, 2.1472067832946777, 0.05357827991247177, 3.0311808586120605, 0.0, 0.0, 0.2657034397125244, 0.376677930355072, 2.6309680938720703, 0.36241886019706726, 0.024556711316108704, 0.29711753129959106, 0.036435943096876144, 0.24811846017837524, 1.0733683109283447, 0.6203010678291321, 0.6304416060447693, 0.5646799802780151, 0.01652001030743122, 0.0, 0.04618581384420395, 0.0, 0.10492433607578278, 0.08066929876804352, 0.06747579574584961, 0.0, 0.0, 0.018505090847611427, 0.643846333026886, 0.05264319106936455, 0.1940782517194748, 0.0, 0.17896130681037903, 0.02196878381073475, 0.2184528261423111, 0.0, 0.0, 0.010143638588488102, 0.0, 0.27140071988105774, 0.1383712738752365, 0.14988090097904205, 0.020612385123968124, 1.5982306003570557, 0.8157737255096436]",Testing/glioma_tumor/image(85).jpg
"[0.5026692152023315, 0.14585579931735992, 0.7896588444709778, 0.17129936814308167, 1.883049488067627, 0.0, 0.43291598558425903, 0.4561940133571625, 0.1656120866537094, 0.0, 0.011723688803613186, 0.0, 0.060444582253694534, 0.10994374752044678, 0.15647973120212555, 0.040951214730739594, 0.0, 0.8075955510139465, 0.0038665898609906435, 0.16921187937259674, 0.06668076664209366, 0.6211283802986145, 0.31967824697494507, 0.0, 0.012856483459472656, 0.04791855439543724, 4.982326984405518, 0.0, 0.0, 0.6785838603973389, 0.0, 0.0, 0.010416252538561821, 0.2571956217288971, 0.8155727982521057, 0.7785552740097046, 0.014233039692044258, 0.0558999702334404, 0.0, 0.0, 0.006913155782967806, 0.7340500354766846, 0.08483538031578064, 0.0, 0.4829317331314087, 0.08008916676044464, 0.009276995435357094, 0.0, 0.004971796181052923, 1.5622767210006714, 0.24508772790431976, 0.6247276663780212, 0.4939099848270416, 0.017813172191381454, 0.017931655049324036, 2.388902425765991, 0.044482141733169556, 0.12742765247821808, 0.04605471342802048, 0.606264591217041, 0.608654260635376, 1.1026617288589478, 0.8346633911132812, 3.3790829181671143, 0.0, 0.0, 0.008883403614163399, 0.0, 2.229825019836426, 0.0, 1.1143498420715332, 0.40431687235832214, 0.7218642234802246, 0.43635836243629456, 0.03161010891199112, 0.12025541812181473, 1.7259602546691895, 0.46485772728919983, 0.0, 0.4718167781829834, 0.0, 0.0, 1.0773264169692993, 0.0, 0.5687657594680786, 0.01699867844581604, 2.437541961669922, 0.017776280641555786, 0.16281120479106903, 0.006083931308239698, 0.8346608877182007, 0.1331191509962082, 0.0, 0.027160700410604477, 0.03986290842294693, 0.03986940160393715, 1.0022153854370117, 0.2736782431602478, 0.020607201382517815, 0.07634122669696808, 0.10655966401100159, 0.12157687544822693, 0.006422122940421104, 0.032369110733270645, 0.03229806572198868, 0.042208507657051086, 0.0, 0.4161354899406433, 0.10601267218589783, 1.1026227474212646, 0.059178635478019714, 0.4657496213912964, 0.0, 1.8293299674987793, 0.2293805032968521, 1.4118928909301758, 0.12359835207462311, 0.2566335201263428, 0.0210566446185112, 0.01961028017103672, 0.09296254068613052, 0.11895335465669632, 0.0, 0.04032403230667114, 0.2790347933769226, 0.18171998858451843, 0.1016710177063942, 0.01983555220067501, 0.5550807118415833, 0.0, 0.0, 1.734515905380249, 0.11597619950771332, 0.0, 0.024771088734269142, 1.1073743104934692, 0.4445919990539551, 0.21566924452781677, 0.03597109019756317, 0.0, 0.0, 0.1125853955745697, 0.0, 0.0070057157427072525, 0.01042261440306902, 0.0, 3.1489927768707275, 0.005527987610548735, 0.03271525725722313, 0.0, 0.07739502191543579, 1.4890766143798828, 0.21998271346092224, 0.006996009033173323, 1.4196864366531372, 0.09808123856782913, 0.0010764598846435547, 0.08375947177410126, 4.4899468421936035, 0.0, 0.23207993805408478, 0.0, 0.13484850525856018, 0.09233859926462173, 0.0, 0.07732406258583069, 0.04101560637354851, 0.040830086916685104, 0.1761201173067093, 8.266929626464844, 0.9561566710472107, 0.0, 0.018061550334095955, 0.0, 1.6301772594451904, 0.08747418969869614, 0.3924662172794342, 1.048119306564331, 0.039355743676424026, 0.7125656604766846, 0.0, 0.044048409909009933, 0.07429409772157669, 0.0603930689394474, 0.5359996557235718, 0.8698415756225586, 0.08328079432249069, 1.1884748935699463, 1.1045831441879272, 0.0, 0.2006569504737854, 0.057719338685274124, 0.0327824167907238, 0.06030381843447685, 0.013801634311676025, 0.9362233877182007, 0.0, 1.1575307846069336, 0.0, 0.18899580836296082, 0.13460369408130646, 0.9745975136756897, 0.505510151386261, 0.018461577594280243, 0.15509717166423798, 0.27725571393966675, 0.19921329617500305, 0.0, 0.028218522667884827, 0.8865078687667847, 0.08151137828826904, 0.2836742401123047, 0.0, 1.3886367082595825, 0.2318999469280243, 1.1775397062301636, 0.2970995008945465, 0.0991644561290741, 0.0, 0.013586589135229588, 0.29118719696998596, 0.5488304495811462, 1.3593652248382568, 0.0, 0.09638132154941559, 0.7485385537147522, 0.007689025718718767, 0.16268101334571838, 0.15073755383491516, 0.014094209298491478, 0.6805315017700195, 0.4220786988735199, 0.09286404401063919, 0.8729422688484192, 1.1051430702209473, 2.437554359436035, 0.0, 0.0, 0.08464746922254562, 0.02785969339311123, 0.10210055857896805, 0.056975509971380234, 0.4030379354953766, 0.0053659360855817795, 0.06470666825771332, 0.0404193177819252, 0.16252650320529938, 5.4388532638549805, 0.0, 0.2790270149707794, 0.8930795788764954, 0.06853389739990234, 0.12906722724437714, 0.24131591618061066, 0.30218151211738586, 0.03176679089665413, 0.0, 3.848519802093506, 0.0, 1.7781076431274414, 0.037116095423698425, 0.0, 0.0, 0.7717845439910889, 0.0, 0.00039653145358897746, 0.0, 0.05676593631505966, 0.0, 0.0788402259349823, 0.10365819931030273, 0.6004077196121216, 0.26059019565582275, 0.026785748079419136, 4.657783508300781, 0.21463322639465332, 0.21093501150608063, 0.0015282387612387538, 0.5130112171173096, 0.0, 1.1466184854507446, 0.6547025442123413, 2.279008626937866, 0.0, 0.2074243426322937, 0.21195107698440552, 0.2795567810535431, 0.07226582616567612, 0.0, 0.1828187108039856, 0.01401007454842329, 0.10263092815876007, 1.2296539545059204, 0.0, 0.2830187678337097, 0.15851165354251862, 0.1623876988887787, 1.9257009029388428, 0.029878806322813034, 0.00452423095703125, 0.15322184562683105, 0.13191676139831543, 2.255826473236084, 0.03273772820830345, 0.2527107000350952, 0.10133375227451324, 0.0, 0.020682118833065033, 0.25849753618240356, 0.07027775049209595, 0.0, 0.16974066197872162, 0.26438066363334656, 0.043601639568805695, 0.18380354344844818, 0.027177248150110245, 0.15635931491851807, 0.01767837256193161, 0.0, 0.004742912016808987, 0.004062730353325605, 0.059540923684835434, 0.0, 0.4200785458087921, 0.0, 0.46404606103897095, 0.8339993953704834, 0.1364520788192749, 1.9759246110916138, 2.011476993560791, 0.0, 0.0, 0.3043297827243805, 0.2769552767276764, 0.01797233708202839, 0.0, 0.22473308444023132, 0.16683337092399597, 0.7519881725311279, 0.1400778889656067, 0.15435898303985596, 0.028434811159968376, 0.8961619734764099, 0.23634222149848938, 0.43898504972457886, 0.011694725602865219, 0.0, 0.0, 3.020435333251953, 0.17092178761959076, 0.048276882618665695, 0.0228554829955101, 0.6512094736099243, 0.15637679398059845, 0.012347562238574028, 0.0, 0.48975515365600586, 0.02546289563179016, 0.16692925989627838, 1.1932638883590698, 0.0, 0.44795918464660645, 0.2948330342769623, 0.05697096511721611, 0.026042262092232704, 0.09928255528211594, 0.012713871896266937, 0.0, 0.20127761363983154, 1.487688660621643, 0.0, 0.02822154387831688, 1.2742631435394287, 1.3460450172424316, 0.04250916838645935, 0.15379448235034943, 0.08819323033094406, 0.006047871429473162, 0.005398543551564217, 0.20321393013000488, 0.0, 0.009316678158938885, 0.1819366216659546, 0.0, 0.6036558151245117, 0.06630593538284302, 0.0, 0.0, 0.0, 0.0, 0.0, 0.019906673580408096, 0.007142981514334679, 0.0, 0.03178337588906288, 2.3624942302703857, 0.0, 0.6496917009353638, 0.0, 0.08986025303602219, 0.0, 0.022526828572154045, 0.05087020993232727, 0.1558360755443573, 0.0, 4.320103168487549, 0.01639169082045555, 0.7767413258552551, 0.7168453931808472, 0.5111467242240906, 0.013058268465101719, 0.0, 0.14128118753433228, 0.0, 0.0, 2.8403358459472656, 0.019042063504457474, 0.05259919539093971, 0.05014020577073097, 0.17661577463150024, 0.7717481255531311, 0.03053506463766098, 0.0, 0.047789786010980606, 0.005826886743307114, 0.0, 0.0034898787271231413, 0.0, 0.0, 0.09011811763048172, 0.04164610430598259, 0.3970125615596771, 0.30339494347572327, 0.03408900648355484, 1.2086509466171265, 0.12068329751491547, 0.008041691035032272, 0.29948416352272034, 0.1861008256673813, 0.6565558910369873, 0.224398672580719, 1.4110124111175537, 1.0859086513519287, 0.489228218793869, 0.2055736780166626, 0.0, 0.0, 0.19885018467903137, 0.0, 0.0734487920999527, 0.11522669345140457, 0.19786471128463745, 0.032553430646657944, 0.009430198930203915, 0.0, 0.0, 0.14521731436252594, 0.5635066032409668, 0.0025236266665160656, 0.25186866521835327, 0.10162147134542465, 0.10469022393226624, 0.41468584537506104, 0.18526388704776764, 0.021078644320368767, 0.0, 0.0, 0.09376099705696106, 0.781425952911377, 0.5019490122795105, 0.19655121862888336, 0.19346970319747925, 0.06448787450790405, 0.0, 0.0, 0.06288023293018341, 0.0, 0.0, 0.17366015911102295, 0.4436509907245636, 0.28408536314964294, 0.007548775058239698, 0.058935437351465225, 1.3185324668884277, 0.13151073455810547, 0.5720081925392151, 0.0, 0.0, 1.0922603607177734, 0.15420283377170563, 0.2893295884132385, 2.126986026763916, 0.17860393226146698, 0.0, 1.4439319372177124, 0.0, 0.06257091462612152, 0.06979059427976608, 0.014085217379033566, 0.13804158568382263, 0.21642664074897766, 0.0, 0.0, 2.7587890625, 0.1408751904964447, 0.08361732959747314, 0.0357755608856678, 0.10511945933103561, 0.09944742918014526, 0.0, 0.0, 0.17255523800849915, 0.02363438904285431, 0.6403278112411499, 0.0, 2.258699893951416, 0.6711665391921997, 0.02945728600025177, 0.0, 1.1831134557724, 0.0, 0.40962180495262146, 0.08141247928142548, 0.04907841607928276, 0.32826894521713257, 0.0, 0.0, 0.0, 0.2629283666610718, 0.4538956582546234, 0.0412764847278595, 0.9146395921707153, 0.6824567914009094, 2.250340700149536, 0.5143656730651855, 0.17640471458435059, 0.725740373134613, 0.0, 0.0, 0.060556765645742416, 0.05365001782774925, 0.004438098520040512, 0.0, 0.411304235458374, 1.9293771982192993, 0.0, 0.025450028479099274, 0.05656226724386215, 0.08580996841192245, 0.0003595449379645288, 0.060376912355422974, 2.2724597454071045, 0.037186045199632645, 0.10667985677719116, 2.0568695068359375, 0.20420914888381958, 0.0, 0.0, 0.0, 0.002633410971611738, 2.5697884559631348, 2.0635855197906494, 0.5456690788269043, 0.0, 0.02718145214021206, 0.0, 0.8369483351707458, 0.6589284539222717, 1.8986872434616089, 0.01684710755944252, 0.7447182536125183, 0.019967984408140182, 1.034517765045166, 0.19462858140468597, 0.1230008453130722, 0.02324087731540203, 0.02831817977130413, 0.03208873048424721, 0.47484371066093445, 0.13282281160354614, 2.722571849822998, 0.0, 0.0, 0.03305833414196968, 0.008876294828951359, 0.05491001904010773, 0.001526849577203393, 0.225555881857872, 0.0, 0.02499658800661564, 0.92241370677948, 0.0931231826543808, 0.2403387725353241, 0.0, 0.6521267294883728, 0.0, 0.1704181432723999, 0.1960327923297882, 0.28918227553367615, 0.02112981304526329, 0.1695125699043274, 0.023295007646083832, 1.538082242012024, 0.19847068190574646, 0.0, 0.07435183972120285, 0.5393211841583252, 0.3708289861679077, 0.25256356596946716, 3.7657015323638916, 0.09144008159637451, 0.013444571755826473, 0.23872210085391998, 0.4366171956062317, 0.31498146057128906, 0.0, 0.040682677179574966, 0.0, 0.0, 0.007224442902952433, 0.1933385133743286, 0.018963009119033813, 0.950499951839447, 0.06997092068195343, 0.5218356251716614, 0.11349284648895264, 0.11531668156385422, 0.0, 0.18370439112186432, 0.0024073172826319933, 0.12433414161205292, 0.3049682676792145, 0.05798372998833656, 0.0, 0.1809261441230774, 0.0, 0.29662764072418213, 0.0049695041961967945, 0.3638881742954254, 0.12921008467674255, 0.0, 0.14857405424118042, 4.104307651519775, 0.2937090992927551, 0.11665558069944382, 0.00933436956256628, 3.4955132007598877, 0.002830690238624811, 0.0877470076084137, 0.0757521390914917, 1.4302369356155396, 0.03903123736381531, 0.6083999872207642, 0.0, 0.17384032905101776, 0.1157282292842865, 0.4662204682826996, 0.08153683692216873, 0.061740465462207794, 0.0, 0.19729238748550415, 0.10905972123146057, 0.1890365183353424, 0.006879417225718498, 3.670956611633301, 0.0, 2.4846956729888916, 1.44399094581604, 0.0041817063465714455, 0.06730961054563522, 0.02655022032558918, 0.6225920915603638, 0.24959038197994232, 0.0760890394449234, 0.0, 0.0, 0.07874023914337158, 0.07491611689329147, 0.0, 1.6673462390899658, 0.24608497321605682, 0.0, 0.10170657932758331, 0.15396282076835632, 3.0584096908569336, 1.087816596031189, 0.2384149581193924, 0.0, 1.518648624420166, 0.7647255063056946, 0.0, 0.0, 0.09635162353515625, 0.0, 0.8815839886665344, 1.1502431631088257, 0.18417300283908844, 0.04431161656975746, 0.0, 0.0, 0.06708607077598572, 0.0, 0.0, 0.22568678855895996, 0.0, 0.0, 0.002751039108261466, 2.248152732849121, 0.03584970906376839, 0.0, 0.474932461977005, 1.0348056554794312, 0.08733384311199188, 0.0, 0.03402981534600258, 0.0, 0.1739530712366104, 0.013238834217190742, 0.05279094725847244, 0.0, 0.48628944158554077, 4.028719425201416, 1.4192615747451782, 0.062147803604602814, 0.01141653023660183, 0.9046427011489868, 0.01986619085073471, 0.02090604044497013, 0.0294791366904974, 0.44585415720939636, 0.2515087127685547, 1.3051683902740479, 0.006768818013370037, 0.03555950149893761, 0.18156865239143372, 0.1698780059814453, 0.1170186772942543, 0.14166216552257538, 0.01689465343952179, 0.0001746099878801033, 0.18369679152965546, 0.10850662738084793, 0.6288667917251587, 0.0, 0.03639626130461693, 1.178299903869629, 0.46466773748397827, 0.0, 0.00389962294138968, 0.029154056683182716, 0.07092306017875671, 0.5203201770782471, 0.19656525552272797, 0.22571104764938354, 1.575229287147522, 0.007945489138364792, 0.8330686688423157, 0.8177259564399719, 0.06493847072124481, 0.0, 0.7931159138679504, 0.5404890179634094, 0.12310930341482162, 0.4063487946987152, 0.0, 0.0, 0.7242770791053772, 0.5078334212303162, 0.5329711437225342, 0.27177363634109497, 0.29749614000320435, 0.15700995922088623, 0.4281153082847595, 0.20414696633815765, 0.0057087428867816925, 0.0, 0.07263759523630142, 0.010590882040560246, 2.9472098350524902, 0.09362592548131943, 3.4343342781066895, 0.21025517582893372, 0.389773964881897, 0.0, 0.1799836903810501, 0.0, 0.8758186101913452, 3.8470618724823, 0.3102804720401764, 0.21018104255199432, 3.9387149810791016, 1.6499871015548706, 1.7728841304779053, 0.02379869855940342, 0.5659233927726746, 0.1915595531463623, 0.0, 0.0, 0.3129468560218811, 0.26581764221191406, 0.007047383114695549, 0.0, 0.02984314225614071, 0.025164881721138954, 0.0, 0.3126201629638672, 0.32816773653030396, 0.14004743099212646, 0.3565826714038849, 0.019435863941907883, 0.2204902023077011, 0.11875038594007492, 0.23880606889724731, 0.0, 0.5201656222343445, 0.14913538098335266, 1.4956344366073608, 0.0, 0.03067789599299431, 0.0, 0.0, 0.025940794497728348, 0.34716781973838806, 0.4186023771762848, 0.0, 0.7383511066436768, 0.0, 0.0, 0.7746105790138245, 6.02877950668335, 0.0, 3.9534807205200195, 0.0003137661551591009, 0.0, 0.025506002828478813, 4.070436954498291, 0.057143308222293854, 0.004384162370115519, 0.05473032221198082, 0.3481418490409851, 0.0, 0.004440478049218655, 0.680485188961029, 1.5086020231246948, 0.3312876224517822, 0.18463784456253052, 0.1471320241689682, 0.10994444042444229, 0.3834809958934784, 0.27807119488716125, 0.27176398038864136, 0.0, 3.9710631370544434, 0.031242195516824722, 0.005544268526136875, 0.011331426911056042, 1.2481578588485718, 0.02081882208585739, 3.396248212084174e-05, 1.660884976387024, 0.35913848876953125, 1.2571754455566406, 0.5913799405097961, 0.011929658241569996, 0.009198293089866638, 0.0, 0.016069680452346802, 0.23456242680549622, 0.13005053997039795, 2.236692428588867, 0.0, 0.0984378457069397, 0.0, 0.07547754049301147, 0.0, 0.12861131131649017, 0.03125821426510811, 0.1726028472185135, 0.6534652709960938, 0.07155650109052658, 0.0, 0.057017408311367035, 0.021987032145261765, 0.019887996837496758, 0.817096471786499, 0.11407820880413055, 4.706084251403809, 0.13481299579143524, 0.271454781293869, 0.0, 0.0, 0.23446573317050934, 0.22551462054252625, 0.010551681742072105, 0.05478319898247719, 0.010944935493171215, 0.07331294566392899, 0.0, 0.0, 0.06776010245084763, 0.0, 1.26976478099823, 0.1993546336889267, 0.0, 3.280147075653076, 0.0029645939357578754, 0.27164915204048157, 1.2696328163146973, 0.25134968757629395, 0.13305430114269257, 0.12765942513942719, 0.05394735187292099, 0.48770391941070557, 0.47973430156707764, 0.05832220986485481, 1.7640262842178345, 0.0, 0.0, 0.8481049537658691, 0.03416510671377182, 0.0, 0.06675458699464798, 0.014574999921023846, 0.015215620398521423, 0.5244854092597961, 0.03800434619188309, 0.2895240783691406, 2.178676128387451, 0.9265751838684082, 0.0, 0.04354662448167801, 0.0068705519661307335, 0.21960629522800446, 0.0, 0.0002252909616800025, 0.4955647587776184, 0.0, 1.1551481485366821, 0.0009039421565830708, 0.04679523780941963, 0.0, 0.06834984570741653, 0.6006360650062561, 1.0885004997253418, 0.0, 0.11705999821424484, 0.0, 0.34000104665756226, 0.04587642103433609, 0.0333792082965374, 0.0, 0.37484025955200195, 0.052848875522613525, 0.0, 1.181356430053711, 0.0, 0.0, 2.0297226905822754, 0.27557870745658875, 0.485802561044693, 0.5934522151947021, 0.0, 0.0, 0.02660183236002922, 0.984466552734375, 1.1257107257843018, 0.0004886997048743069, 1.886029601097107, 0.0, 0.6732454299926758, 0.24495558440685272, 0.004864848218858242, 0.03415227308869362, 0.05124681815505028, 0.021231302991509438, 0.0, 0.744328498840332, 0.10099521279335022, 0.0, 0.2120620161294937, 4.3369245529174805, 1.6594399213790894, 0.07818909734487534, 0.0, 0.406162291765213, 0.1789230853319168, 0.0, 0.0, 0.19022299349308014, 0.0, 0.2192852646112442, 0.011231864802539349, 0.0, 0.0, 0.0, 0.02460668608546257, 0.32137632369995117, 0.0, 0.6775670051574707, 0.02449839375913143, 0.0, 0.03614438697695732, 0.15101821720600128, 1.2368654012680054, 1.4910591840744019, 2.483661651611328, 0.021732529625296593, 0.35583341121673584, 0.6934465765953064, 0.14706966280937195, 0.1307981312274933, 0.02672811970114708, 0.19979943335056305, 3.5825846195220947, 0.09362389147281647, 0.04509749263525009, 0.31455305218696594, 0.11319074034690857, 0.010339554399251938, 0.0, 0.6236093640327454, 0.0, 0.0, 0.0, 0.3863059878349304, 0.020214300602674484, 0.0, 0.007433249149471521, 0.0, 0.33321642875671387, 0.045038361102342606, 0.8671134114265442, 0.0378679484128952, 0.03460617735981941, 0.0, 0.5440928339958191, 0.0, 0.0, 0.03140343353152275, 0.03560616075992584, 0.0, 0.03352457657456398, 0.10838812589645386, 0.0011481120018288493, 0.0, 0.08983787149190903, 0.0, 0.13355876505374908, 0.018198158591985703, 0.1080174446105957, 0.28295090794563293, 0.0, 0.0, 0.2872869670391083, 0.0, 0.017930716276168823, 0.14792701601982117, 0.8871844410896301, 0.05920188128948212, 0.0107112443074584, 0.0, 0.028160501271486282, 1.5115761756896973, 0.0, 0.7755424976348877, 0.0, 0.20446954667568207, 0.019271744415163994, 0.2869463860988617, 1.297603726387024, 1.0842636823654175, 0.8965176939964294, 0.0, 0.08865775167942047, 0.14811357855796814, 0.0, 1.1931962966918945, 0.0, 0.0, 0.011350070126354694, 3.3772881031036377, 0.49628525972366333, 0.5155129432678223, 1.245101809501648, 0.0, 0.4984075129032135, 0.15774627029895782, 0.6999662518501282, 0.6596499681472778, 2.476677417755127, 0.0, 0.0, 0.0, 0.5587195158004761, 5.48024320602417, 0.0274556502699852, 0.09061303734779358, 0.004347640555351973, 0.024701151996850967, 0.2858647406101227, 0.013548899441957474, 0.24394361674785614, 0.0, 0.0, 0.0, 0.07492708414793015, 0.0009662569500505924, 0.6881920695304871, 0.19110973179340363, 0.5861109495162964, 0.025150980800390244, 0.0, 0.15785078704357147, 0.0, 0.7218290567398071, 0.0, 0.10328610986471176, 0.01319362223148346, 0.31925326585769653, 0.0003967406810261309, 0.38632580637931824, 0.20837588608264923, 0.21783773601055145, 0.33540308475494385, 0.028668753802776337, 0.0, 0.2564723789691925, 0.0, 0.028808321803808212, 0.0, 0.04002780467271805, 0.011140857823193073, 0.024884214624762535, 5.086074352264404, 0.0, 0.0, 0.07350543886423111, 0.08686907589435577, 0.18070045113563538, 0.0447612963616848, 0.2031315714120865, 0.0011671417159959674, 0.8089288473129272, 0.02005421370267868, 0.10160141438245773, 1.266231656074524, 0.0, 0.0, 0.3875592350959778, 0.08047841489315033, 0.1964149922132492, 0.08530940860509872, 0.0, 0.0, 4.869958400726318, 0.0020876952912658453, 0.008223977871239185, 0.19131216406822205, 0.0, 0.010679809376597404, 0.012862833216786385, 0.005415179301053286, 0.0021749199368059635, 0.19761058688163757, 0.16620805859565735, 0.0, 0.0, 0.0027768102008849382, 0.10041695833206177, 0.0145842544734478, 0.6167412996292114, 0.09384825080633163, 0.06301438063383102, 0.19485948979854584, 0.0, 0.7175996899604797, 0.006189696490764618, 0.025365207344293594, 0.0, 1.400156021118164, 1.0971108675003052, 0.0, 0.35489925742149353, 0.10303417593240738, 0.0, 0.23343981802463531, 0.06700234115123749, 1.0311166048049927, 0.0, 0.0, 0.05600116774439812, 0.20186257362365723, 0.11282087862491608, 0.08107972890138626, 0.016553306952118874, 0.0, 1.1765565872192383, 0.058015771210193634, 0.19841164350509644, 0.0, 0.41199252009391785, 0.01237089280039072, 0.2731947898864746, 1.2901272773742676, 2.6011736392974854, 0.0, 0.41645893454551697, 0.5597788691520691, 0.1744556874036789, 0.00887094996869564, 1.889503002166748, 0.0, 0.0, 0.7423298358917236, 0.0, 0.05629870295524597, 0.0, 0.26565536856651306, 0.10618708282709122, 0.0, 1.2300666570663452, 0.0, 0.0, 3.371757745742798, 0.2537963390350342, 0.3910372853279114, 0.0, 0.18375948071479797, 0.21364527940750122, 0.4912543296813965, 1.1404445171356201, 0.0, 0.0, 1.564133882522583, 0.0, 0.2184750884771347, 0.047295644879341125, 0.0, 1.0512373447418213, 0.12150624394416809, 3.613166093826294, 0.19086384773254395, 1.1287089586257935, 0.013683391734957695, 0.017723074182868004, 2.6657960414886475, 0.0, 0.016581960022449493, 0.20873677730560303, 1.4490779638290405, 0.12147875875234604, 0.6067492365837097, 0.1258658766746521, 0.01772087626159191, 0.001698581501841545, 0.0, 0.16910420358181, 0.0, 0.0, 0.04504192993044853, 0.0, 0.07683740556240082, 0.3580700755119324, 0.4168378412723541, 0.1304113268852234, 0.07837453484535217, 0.13249878585338593, 0.0, 0.5295648574829102, 0.06595154851675034, 0.15751256048679352, 0.0014085234142839909, 0.0, 0.0, 0.0, 0.0, 1.0809037685394287, 0.2796073853969574, 0.025228558108210564, 0.0, 0.05752268433570862, 0.0, 0.38823702931404114, 0.0011488806921988726, 0.0, 3.322140693664551, 0.002930684946477413, 0.46480265259742737, 1.047358751296997, 0.006074810400605202, 0.11532735079526901, 0.0, 0.11880899965763092, 0.4202747046947479, 0.11043696850538254, 0.0, 0.1365031749010086, 0.07990998774766922, 0.0006133171846158803, 0.0, 0.0677558034658432, 1.037810206413269, 0.15013688802719116, 0.027871394529938698, 0.0, 0.06584902852773666, 0.13876651227474213, 0.1599510759115219, 0.014616542495787144, 2.6812479496002197, 0.14251160621643066, 0.044282518327236176, 0.2802785634994507, 0.0, 0.31890448927879333, 0.2578244209289551, 0.11901205778121948, 0.2146432250738144, 0.0, 3.3022937774658203, 0.14900191128253937, 0.4442959725856781, 0.670035719871521, 0.0, 0.0, 0.10933828353881836, 0.08321219682693481, 0.05576936528086662, 1.548419713973999, 0.001811791444197297, 0.05667314678430557, 0.44609999656677246, 0.5717619061470032, 0.06698460131883621, 0.0, 0.0, 0.2854863703250885, 0.8556015491485596, 0.8082629442214966, 0.31181833148002625, 0.0057961405254900455, 0.7002497911453247, 0.0, 0.0, 0.030282681807875633, 2.187729835510254, 0.0, 0.0, 0.05167894437909126, 0.011823201552033424, 0.3779214024543762, 0.0, 0.06812149286270142, 0.059971120208501816, 4.44187068939209, 0.13560444116592407, 0.015433419495821, 0.012666868045926094, 0.0, 0.22233790159225464, 0.03678532689809799, 0.15125814080238342, 0.0, 0.06319238990545273, 0.005910435691475868, 2.272341728210449, 0.023270804435014725, 0.0, 1.4639863967895508, 0.2549195885658264, 0.0, 0.24432097375392914, 0.024698816239833832, 0.0, 0.86187744140625, 0.18083897233009338, 0.70087730884552, 0.19967922568321228, 0.0005355842295102775, 0.0, 0.2763327658176422, 0.25495147705078125, 0.08365888148546219, 2.5088298320770264, 1.0348007678985596, 0.023661740124225616, 0.0, 0.03240419924259186, 0.19056442379951477, 0.07184147089719772, 0.09495899826288223, 0.0, 0.041870925575494766, 0.3898581564426422, 0.0, 0.39369985461235046, 0.16780683398246765, 5.201469421386719, 0.18483290076255798, 1.2597832679748535, 0.3119509518146515, 0.0, 0.006054343190044165, 0.1450911909341812, 0.2357248216867447, 0.0, 0.0032109241001307964, 0.3371705710887909, 4.037456512451172, 0.14899834990501404, 0.005493889097124338, 0.22203445434570312, 0.0, 0.0470128208398819, 0.008063476532697678, 0.4618949592113495, 0.0, 0.7646433115005493, 0.03822791576385498, 0.2842448055744171, 0.27739694714546204, 0.017911721020936966, 0.0, 0.0, 0.1676386296749115, 0.051425524055957794, 0.17517656087875366, 0.1068243682384491, 0.06364667415618896, 0.4366033971309662, 0.0, 0.013639676384627819, 0.0, 0.03459402918815613, 0.013165084645152092, 0.0020177364349365234, 0.0, 0.10300296545028687, 2.2992098331451416, 0.8450843095779419, 0.7403472661972046, 0.0, 1.638606309890747, 0.11857061833143234, 0.0, 0.0, 0.02824711799621582, 0.0, 0.7552044987678528, 0.0, 0.022921547293663025, 0.07220178842544556, 0.0, 0.06256397068500519, 0.022769181057810783, 0.0, 0.03730814531445503, 0.0, 0.5239716172218323, 0.0, 0.01721350848674774, 0.008239546790719032, 0.0018851732602342963, 0.21099765598773956, 0.0892329216003418, 1.0178018808364868, 0.1635877639055252, 0.7517033219337463, 0.009304401464760303, 0.0, 0.4670349955558777, 0.3828097879886627, 0.7510831356048584, 0.1475452184677124, 0.0007411217084154487, 0.020928293466567993, 0.557838499546051, 0.06114460527896881, 0.5197948813438416, 0.1473768651485443, 0.09340163320302963, 0.017920682206749916, 0.017094437032938004, 0.6112963557243347, 0.0, 0.7148739695549011, 0.05609108507633209, 0.006921094376593828, 0.04197096452116966, 0.0, 0.0, 1.1643800735473633, 0.0, 0.0, 0.1455935388803482, 0.062151968479156494, 0.017982570454478264, 0.2947956323623657, 0.014249490574002266, 0.8963945508003235, 0.09368209540843964, 0.9112514853477478, 0.061804432421922684, 0.0032926492858678102, 0.5104706287384033, 0.13931860029697418, 0.011232662945985794, 0.014188243076205254, 1.2133419513702393, 0.22509916126728058, 0.0, 0.4513271749019623, 0.023788338527083397, 2.3417701721191406, 0.0, 0.0, 0.014430005103349686, 0.10821812599897385, 0.09140316396951675, 0.0, 0.0, 0.020311696454882622, 0.0914568230509758, 0.041429586708545685, 0.0, 0.20715180039405823, 0.04013970121741295, 0.3291928470134735, 0.9412373304367065, 3.0769176483154297, 0.6259242296218872, 0.0, 0.0456305630505085, 0.11754629760980606, 0.8286297917366028, 0.0, 0.27712392807006836, 0.022114433348178864, 0.2455914169549942, 0.015279256738722324, 0.20897045731544495, 0.0, 0.059932298958301544, 0.359973669052124, 0.0, 0.186148539185524, 0.0, 0.021603407338261604, 0.0020776232704520226, 0.010027493350207806, 0.42794886231422424, 0.1949099451303482, 0.3559722602367401, 0.2947179973125458, 0.0, 2.400641679763794, 0.2343817502260208, 1.322217345237732, 0.0, 0.0, 0.005911712534725666, 0.0, 1.7896009683609009, 0.4432084858417511, 0.16497991979122162, 0.466159462928772, 0.08528810739517212, 0.7420170307159424, 0.012334811501204967, 0.0003324284916743636, 0.0, 0.0, 1.0711365938186646, 0.4528326690196991, 0.2517178952693939, 1.8844969272613525, 0.42069244384765625, 0.06234780699014664, 0.7696157693862915, 0.0, 0.1564050018787384, 0.0, 0.4548710286617279, 0.0, 0.0, 0.5722253918647766, 0.0023308920208364725, 0.1477360874414444, 0.020025847479701042, 0.0, 0.07045331597328186, 0.0018263155361637473, 0.0, 0.17478378117084503, 0.254950612783432, 0.8043119311332703, 0.046519722789525986, 0.1584843397140503, 1.3427852392196655, 0.0, 0.10511668026447296, 0.09476429969072342, 0.15560957789421082, 0.05899500474333763, 0.4722531735897064, 0.08384202420711517, 0.007182089611887932, 0.0294179730117321, 0.6402300000190735, 2.5275001525878906, 0.0, 0.946904718875885, 0.039242636412382126, 0.05863908678293228, 0.0032589654438197613, 0.0, 0.03414956480264664, 0.1036553680896759, 0.34836092591285706, 0.0, 0.0, 0.5022394061088562, 0.8514753580093384, 1.154393196105957, 0.3858567774295807, 0.1594942808151245, 1.6277344226837158, 3.137397289276123, 0.0016883198404684663, 0.0, 0.0, 0.3521127998828888, 0.007117633707821369, 0.0921129509806633, 0.0, 0.0, 0.08767254650592804, 0.0, 0.032481029629707336, 0.0, 0.5564213395118713, 0.03513990715146065, 0.5341066122055054, 0.03859902545809746, 0.0, 0.7325050830841064, 0.09042555093765259, 0.0, 2.477506160736084, 0.26072371006011963, 0.0, 1.2236382961273193, 2.222511053085327, 0.11031952500343323, 0.0, 0.009299823082983494, 0.0, 0.0, 0.002096253912895918, 0.12734751403331757, 0.19904771447181702, 0.0035395720042288303, 0.047656700015068054, 0.04316771402955055, 0.0, 0.6316435933113098, 0.14237232506275177, 0.5242062211036682, 0.08144908398389816, 1.546073317527771, 0.0, 0.16475285589694977, 0.06288044154644012, 0.03384889289736748, 0.0, 0.0, 0.04705273360013962, 0.022485051304101944, 0.23605166375637054, 1.718686580657959, 0.0, 1.3112753629684448, 0.09850180894136429, 0.44098782539367676, 0.0, 0.2489103525876999, 0.04594307020306587, 0.004786544945091009, 0.2555268704891205, 0.0, 0.6336562633514404, 0.026921190321445465, 0.19926154613494873, 0.0, 0.010811555199325085, 0.0, 0.019911006093025208, 0.018314504995942116, 2.507253646850586, 0.0, 0.12108948826789856, 0.3119267225265503, 1.8674626350402832, 0.7443839907646179, 0.0, 0.06242979317903519, 0.2628902196884155, 0.0, 0.0, 0.0, 0.07394611835479736, 0.006139844190329313, 0.24892845749855042, 0.06862884014844894, 0.0, 0.08280497789382935, 1.413242220878601, 0.8475807905197144, 0.007796022575348616, 0.5455651879310608, 1.0283193588256836, 0.003573728958144784, 0.743645966053009, 0.0, 0.08388947695493698, 0.1319652497768402, 0.023824917152523994, 0.12838701903820038, 0.9509722590446472, 0.009236951358616352, 0.0039999778382480145, 0.0018904403550550342, 3.603900194168091, 0.21435420215129852, 0.040319398045539856, 4.000476837158203, 0.5067716836929321, 1.3136500120162964, 1.5979024171829224, 0.5216106176376343, 0.0, 0.0, 0.004326613619923592, 2.168259859085083, 0.0, 0.9095456600189209, 0.20909570157527924, 0.34826353192329407, 0.0014734609285369515, 0.34919652342796326, 0.0, 0.010727770626544952, 0.006898787338286638, 0.039110470563173294, 0.005437405779957771, 0.0, 0.05660981684923172, 0.6321444511413574, 0.011409287340939045, 0.0, 0.0, 0.4329688847064972, 0.0, 0.2630927562713623, 0.14597223699092865, 0.36650949716567993, 1.220134973526001, 1.0645731687545776, 0.0, 0.31197023391723633, 0.0, 0.052690763026475906, 0.009881511330604553, 0.01831626333296299, 0.0, 0.0036442133132368326, 0.0802445113658905, 1.6524244546890259, 0.13666772842407227, 0.1274026334285736, 0.36024707555770874, 1.6271331310272217, 0.04247425124049187, 0.09425611048936844, 0.8016613721847534, 0.9420253038406372, 0.0, 0.013619817793369293, 0.10907089710235596, 0.0, 0.10953961312770844, 0.0, 0.5440043807029724, 0.0, 0.0464385561645031, 0.00798227358609438, 0.17107567191123962, 0.4840843379497528, 0.0, 0.0, 0.3681010901927948, 0.00438590906560421, 0.0, 0.22946026921272278, 0.09228735417127609, 0.3094841241836548, 0.1595262736082077, 0.3466183841228485, 0.0, 0.013546476140618324, 0.04710175469517708, 0.10681029409170151, 0.07732445001602173, 0.058979734778404236, 1.4663660526275635, 0.01690732128918171, 0.0385400764644146, 0.26624369621276855, 0.3388451635837555, 0.13496223092079163, 0.028274845331907272, 0.0, 5.177825450897217, 0.0, 0.020476900041103363, 0.8323096632957458, 0.4300228953361511, 0.2718949615955353, 0.0, 3.4147512912750244, 0.0, 1.2561947107315063, 0.04743858426809311, 1.29548180103302, 0.0151815265417099, 0.6867802143096924, 0.0, 0.0, 0.6684391498565674, 0.11530095338821411, 0.004379783291369677, 0.019645068794488907, 0.0030539424624294043, 0.0, 0.0, 0.0683528259396553, 0.046242617070674896, 0.21290946006774902, 0.0, 0.2891918420791626, 0.07255727052688599, 0.015336350537836552, 0.005353822838515043, 0.2580777704715729, 0.23888124525547028, 0.5128244757652283, 3.318161725997925, 0.0, 0.032411880791187286, 0.19326727092266083, 0.3926634192466736, 0.592769205570221, 0.0, 0.26155632734298706, 4.510097503662109, 0.0, 0.02992415241897106, 0.050803761929273605, 0.07083571702241898, 0.016102630645036697, 0.15330754220485687, 0.4531586170196533, 1.273409366607666, 0.024141939356923103, 2.5216825008392334, 0.06231533735990524, 0.0, 0.0, 0.17022249102592468, 0.6098138689994812, 0.0, 0.16842655837535858, 0.24630050361156464, 0.1382797360420227, 0.17739513516426086, 0.10427280515432358, 0.0, 0.005510588176548481, 0.005972079001367092, 0.006241778843104839, 0.0, 0.04231344908475876, 3.4749581813812256, 0.0, 0.08244911581277847, 0.0, 0.45198729634284973, 0.41828653216362, 0.4281224310398102, 0.6303054690361023, 1.1332645416259766, 0.0748937651515007, 0.041364893317222595, 0.0, 0.13150998950004578, 0.09031858295202255, 0.5405510067939758, 0.35492247343063354, 0.0, 0.0, 0.22468556463718414, 0.0, 0.4045552611351013, 0.005511595401912928, 0.16373023390769958, 0.0, 1.404695749282837, 1.5333399772644043, 0.0, 0.005065156612545252, 0.12027788907289505, 0.0, 0.022428864613175392, 0.0, 0.02473445050418377, 0.20697112381458282, 0.1757994294166565, 0.0, 0.08247543126344681, 0.01148327998816967, 0.21844671666622162, 0.22236213088035583, 0.0, 0.24354121088981628, 0.7957817912101746, 0.0, 0.0, 0.003504806663841009, 1.3015252351760864, 0.021338559687137604, 0.03561463579535484, 0.29827219247817993, 0.07118098437786102, 0.07106872648000717, 0.44046783447265625, 0.5391075611114502, 0.8262935280799866, 0.025258643552660942, 0.2626369595527649, 0.0, 0.24036459624767303, 0.0, 0.0, 0.0, 0.0, 0.8292861580848694, 0.0, 2.9620563983917236, 0.0, 0.015308026224374771, 0.0, 0.026269806548953056, 0.0, 0.0, 0.005288591142743826, 1.2714003324508667, 0.08313669264316559, 0.04418044537305832, 1.4126008749008179, 0.0018187299137935042, 0.0, 0.4209597110748291, 1.1442070007324219, 0.6968261003494263, 1.0158528089523315, 0.025704344734549522, 0.00613004807382822, 0.0, 1.1469250917434692, 0.0, 0.0818704217672348, 0.0, 0.20287111401557922, 0.9140418171882629, 0.19560621678829193, 2.3440465927124023, 0.0, 0.0, 0.12831737101078033, 0.008657640777528286, 0.0, 0.16129069030284882, 0.014231582172214985, 0.013650640845298767, 0.0, 0.0, 0.21729221940040588, 1.0790421962738037, 2.3873584270477295, 0.0, 0.8062868714332581, 0.027456799522042274, 0.09594002366065979, 0.16985689103603363, 3.439054489135742, 0.0, 1.6070103645324707, 0.00892234779894352, 0.6033700704574585, 0.08654683828353882, 1.4337345361709595, 2.5333738327026367, 0.017443493008613586, 0.007585827261209488, 0.053020257502794266, 0.0, 0.014891522005200386, 2.1814160346984863, 0.7494877576828003, 0.04366936907172203, 0.0, 0.015230451710522175, 0.21537534892559052, 0.000738343398552388, 0.0, 0.0, 0.49343210458755493, 0.9021303057670593, 0.0, 0.21387255191802979, 0.3085346817970276, 1.8779881000518799, 0.17393264174461365, 0.0023803783114999533, 0.0030593823175877333, 0.17659197747707367, 0.0, 0.15995115041732788, 0.3784503936767578, 0.027705056592822075, 0.11049900949001312, 0.32312294840812683, 0.06243413686752319, 0.14125552773475647, 0.026063943281769753, 0.17906220257282257, 0.6513770818710327, 0.32074907422065735]",Testing/glioma_tumor/image(100).jpg
"[0.6671900153160095, 1.1042600870132446, 0.0, 0.28893184661865234, 2.5462141036987305, 0.22282077372074127, 2.1054627895355225, 0.25610560178756714, 0.20941434800624847, 0.0, 0.0, 0.1341191530227661, 0.036087073385715485, 0.6307873129844666, 0.21681958436965942, 0.21844513714313507, 1.619631052017212, 0.8748223185539246, 0.420647531747818, 0.008303598500788212, 0.21966812014579773, 1.2084366083145142, 0.48396986722946167, 0.04906186833977699, 0.2956088185310364, 0.3714289665222168, 2.0434417724609375, 0.5671567916870117, 0.11366409808397293, 0.0, 0.26704859733581543, 0.7461940050125122, 0.0015779612585902214, 0.24826954305171967, 1.3150269985198975, 1.1512913703918457, 0.0, 0.5245781540870667, 0.1278761625289917, 0.7577404379844666, 0.730689287185669, 1.0040981769561768, 0.11210120469331741, 0.6611342430114746, 0.0013153845211490989, 0.01852313056588173, 0.0, 0.0, 0.019593317061662674, 0.28665944933891296, 1.5687413215637207, 0.047421522438526154, 1.7216815948486328, 0.014126709662377834, 0.35326695442199707, 0.4724869132041931, 0.5123108625411987, 0.6484248638153076, 1.0377681255340576, 0.044698573648929596, 0.9658089280128479, 0.8806156516075134, 0.2096235156059265, 0.19447651505470276, 0.06006816774606705, 0.36081430315971375, 1.9273347854614258, 0.45809414982795715, 3.409193992614746, 0.028690669685602188, 0.26738443970680237, 0.6910263299942017, 0.12437314540147781, 0.35748130083084106, 0.08794596791267395, 0.0, 0.5481197834014893, 0.5196772813796997, 0.0, 1.4833523035049438, 0.4307231903076172, 2.027804374694824, 0.341795951128006, 0.4906299412250519, 1.6643352508544922, 0.0, 1.0626461505889893, 0.24425405263900757, 0.0898851677775383, 0.24084490537643433, 0.9433509707450867, 0.6829014420509338, 0.7816134095191956, 1.774430274963379, 1.4180119037628174, 0.3013745844364166, 1.1673245429992676, 0.21439889073371887, 0.30423519015312195, 0.19677014648914337, 0.9322748780250549, 0.29506704211235046, 0.06039653345942497, 0.1229805052280426, 1.0884885787963867, 1.159932255744934, 1.7947946786880493, 1.3453007936477661, 0.39764276146888733, 2.7939822673797607, 0.21164195239543915, 0.06982634216547012, 0.09869079291820526, 0.27194976806640625, 0.07152953743934631, 0.09964674711227417, 0.02179728075861931, 0.17850549519062042, 0.03292670100927353, 1.003814697265625, 0.3709356486797333, 0.025789571925997734, 0.16215942800045013, 0.017063559964299202, 0.07571475952863693, 0.11107556521892548, 0.23124639689922333, 1.5305490493774414, 2.149723529815674, 0.0, 0.049421899020671844, 2.2716305255889893, 0.05382496863603592, 0.13871021568775177, 0.3290511965751648, 0.16891805827617645, 0.8823145031929016, 0.843265950679779, 0.0, 0.071762315928936, 0.0, 2.361741542816162, 0.0, 0.25115737318992615, 0.1596984714269638, 0.4213606119155884, 0.29601186513900757, 2.6159169673919678, 0.7840250134468079, 0.0, 4.059700012207031, 0.11465781182050705, 0.4168781340122223, 0.0, 0.4929370880126953, 0.35820847749710083, 0.04158959910273552, 0.6545420289039612, 2.6245596408843994, 0.04102601855993271, 1.9084665775299072, 1.0025209188461304, 0.017105180770158768, 0.7451521158218384, 0.0070620751939713955, 0.8321362733840942, 0.5125802755355835, 0.2908199429512024, 0.0, 9.854572296142578, 0.1496821641921997, 0.03758993372321129, 1.6814109086990356, 0.0, 2.094083309173584, 0.2878949046134949, 0.08008353412151337, 0.6381595730781555, 1.0409499406814575, 0.17270463705062866, 0.024695370346307755, 0.5299080014228821, 1.0846366882324219, 0.13993912935256958, 0.2752571105957031, 0.4761081635951996, 1.1911773681640625, 1.7505156993865967, 0.15289095044136047, 0.06902377307415009, 0.0, 0.27042073011398315, 0.02588674984872341, 0.042572006583213806, 0.7184455394744873, 0.32817012071609497, 0.0, 0.06890488415956497, 0.5666049718856812, 0.24558450281620026, 0.06909185647964478, 1.130062460899353, 2.0485150814056396, 0.00384037964977324, 2.9070780277252197, 0.5526163578033447, 0.7981175184249878, 0.028326163068413734, 0.020383702591061592, 0.2695092260837555, 0.43700119853019714, 0.1797623485326767, 0.5970495343208313, 0.8408038020133972, 0.6790112853050232, 0.0, 0.028380388393998146, 0.958281397819519, 0.7456865906715393, 0.0, 0.5804888010025024, 0.0, 2.7886462211608887, 0.12432442605495453, 0.008140544407069683, 1.125832200050354, 0.023732071742415428, 0.0985487625002861, 1.2991843223571777, 0.5555611848831177, 0.4101676046848297, 1.057946801185608, 0.89495849609375, 0.18107955157756805, 0.537646472454071, 1.304396629333496, 0.1331731677055359, 0.6619237065315247, 0.0, 0.15352699160575867, 0.12937630712985992, 0.5443138480186462, 0.4663199186325073, 0.09085024893283844, 0.5665513873100281, 0.7873921394348145, 0.7212040424346924, 1.0408819913864136, 1.5549798011779785, 0.23007595539093018, 1.508394718170166, 0.7512710094451904, 0.7347142696380615, 1.2147787809371948, 0.20328405499458313, 1.3422387838363647, 0.4536081552505493, 1.2682733535766602, 0.032380662858486176, 0.3225463330745697, 1.0050384998321533, 0.01103564165532589, 1.0081998109817505, 1.2867852449417114, 0.0, 0.051919907331466675, 0.07389485836029053, 0.19146578013896942, 0.05347045138478279, 0.09840624034404755, 0.14485357701778412, 0.3120380640029907, 1.2795135974884033, 0.5169017314910889, 1.933420181274414, 0.3567233979701996, 1.4175266027450562, 1.5786185264587402, 2.4110870361328125, 0.0740729570388794, 0.2758629322052002, 0.3105506896972656, 3.080547332763672, 0.8197702169418335, 1.0364933013916016, 3.549525260925293, 1.1563081741333008, 0.4111563563346863, 0.3715705871582031, 0.6415812969207764, 1.6822657585144043, 0.14594951272010803, 0.08319053053855896, 1.9434711933135986, 0.5535163283348083, 1.0416737794876099, 0.05263643339276314, 0.1613120436668396, 0.0, 0.08813893049955368, 0.2794618010520935, 0.380446195602417, 2.367691993713379, 0.39277106523513794, 0.5085048079490662, 1.4222944974899292, 0.6253376603126526, 1.060371994972229, 0.2759001851081848, 0.249323770403862, 0.010445120744407177, 0.6585968732833862, 0.14431853592395782, 1.0988739728927612, 0.1750195026397705, 0.16069701313972473, 1.2925482988357544, 0.04676397144794464, 0.0043253218755126, 0.1531929224729538, 0.128462016582489, 3.006366014480591, 0.406528502702713, 0.18601587414741516, 0.09833627939224243, 0.008825034834444523, 0.0007367961225099862, 0.016889754682779312, 2.7464332580566406, 0.46223941445350647, 1.2601292133331299, 0.43924957513809204, 1.94368577003479, 0.2022409290075302, 0.003215135307982564, 0.003288210602477193, 0.43027207255363464, 0.8921654224395752, 0.22460077702999115, 0.5559466481208801, 1.2898513078689575, 0.05796463042497635, 0.0847974494099617, 0.42902567982673645, 0.02221447043120861, 0.44634681940078735, 0.009241276420652866, 0.0358203686773777, 0.0, 0.24093963205814362, 0.03588413819670677, 0.0, 0.43374431133270264, 0.0, 0.3141200840473175, 0.03574787452816963, 0.8170891404151917, 0.06128858029842377, 0.8372886776924133, 0.882158100605011, 0.008564973250031471, 0.25002357363700867, 0.023811794817447662, 0.5467029213905334, 0.6919392347335815, 0.5305042266845703, 0.1589284986257553, 0.2045014500617981, 0.8897881507873535, 0.5921511650085449, 0.023881306871771812, 0.10493705421686172, 0.41991540789604187, 2.495368480682373, 0.24992993474006653, 0.7983159422874451, 1.6559866666793823, 3.6938822269439697, 0.664710283279419, 0.0752195492386818, 0.14618270099163055, 0.2150321900844574, 0.8320527076721191, 0.17012475430965424, 0.13939794898033142, 0.06787597388029099, 0.5038467049598694, 0.33431482315063477, 1.0114023685455322, 0.13563109934329987, 0.09768535941839218, 0.1315009593963623, 3.2779879570007324, 0.47099143266677856, 0.03592929244041443, 3.1887829303741455, 0.5339856147766113, 0.4707111716270447, 0.18661849200725555, 1.0529122352600098, 0.07491441071033478, 0.0, 0.2959301471710205, 0.8184776902198792, 0.003928814548999071, 2.992516279220581, 0.38084208965301514, 0.16116541624069214, 0.5328627228736877, 0.5124359726905823, 0.2772486209869385, 0.1090770810842514, 0.8381019234657288, 0.15303899347782135, 0.016328508034348488, 0.1994251012802124, 0.0, 0.34635886549949646, 0.22222714126110077, 0.014900981448590755, 2.4933247566223145, 0.0942428857088089, 0.22308768332004547, 0.9960939288139343, 0.0, 0.6586064100265503, 0.10496009141206741, 2.283442497253418, 2.7753944396972656, 0.07717270404100418, 0.8071518540382385, 0.6969980001449585, 1.8400624990463257, 1.1410249471664429, 0.7646188735961914, 0.30011123418807983, 0.020084137097001076, 1.7776752710342407, 0.7160696983337402, 0.12001772224903107, 0.5727848410606384, 0.037409454584121704, 0.4697941243648529, 0.1676933318376541, 2.0491671562194824, 1.1061348915100098, 0.048588525503873825, 2.278320789337158, 0.06338583678007126, 0.08271753787994385, 0.03701802343130112, 0.028653202578425407, 1.1079131364822388, 0.0, 0.035047419369220734, 0.1509815752506256, 2.1675403118133545, 0.25732722878456116, 0.7405240535736084, 2.850917339324951, 0.4683835208415985, 1.3448131084442139, 0.4581287205219269, 0.23987889289855957, 0.05035475268959999, 0.8432105183601379, 0.008907230570912361, 0.857610285282135, 0.6838610768318176, 1.0984171628952026, 2.117095708847046, 0.0, 0.34257975220680237, 0.5935847163200378, 0.14416849613189697, 0.46784472465515137, 1.0908576250076294, 0.24591770768165588, 0.0077387141063809395, 2.716667890548706, 2.710465431213379, 0.07313843816518784, 0.29290369153022766, 0.05903184786438942, 0.3549790382385254, 0.0, 0.07976225018501282, 0.0, 0.15723274648189545, 0.04616454243659973, 0.23016782104969025, 0.4123430848121643, 0.13825353980064392, 0.31413277983665466, 0.10254619270563126, 0.7861987352371216, 0.4109428822994232, 0.7729891538619995, 0.9117699265480042, 0.4450610280036926, 0.02944556623697281, 1.0250334739685059, 0.04288334399461746, 1.9845167398452759, 1.1963236331939697, 1.0482128858566284, 0.0, 0.059838734567165375, 0.13142991065979004, 0.4139372408390045, 0.18245914578437805, 0.3160600960254669, 0.10357259213924408, 0.7134732007980347, 0.16782991588115692, 1.9356328248977661, 1.8013520240783691, 0.015877731144428253, 0.09203916788101196, 0.4830440580844879, 0.06637360155582428, 1.1653965711593628, 0.11246557533740997, 0.22268255054950714, 0.03231523558497429, 0.26908692717552185, 0.04967162013053894, 0.0, 1.0969665050506592, 0.781440794467926, 0.5274851322174072, 1.406349539756775, 1.0410925149917603, 2.9475932121276855, 0.05987778306007385, 0.0, 8.323391914367676, 0.488296240568161, 0.42989209294319153, 0.08999292552471161, 0.0, 0.13676291704177856, 0.2599615454673767, 0.2769329845905304, 0.45602548122406006, 0.05831361189484596, 0.032622840255498886, 0.0, 1.8787580728530884, 0.06589391082525253, 0.0, 0.0311706755310297, 0.0941949412226677, 0.017729323357343674, 0.1384962797164917, 1.9207971096038818, 0.1476685255765915, 0.0, 0.0999455526471138, 0.13638430833816528, 0.9614661335945129, 0.14206090569496155, 0.9626195430755615, 0.3342256247997284, 0.017162060365080833, 0.0006957309669815004, 0.010305890813469887, 0.00028564006788656116, 1.9606833457946777, 0.19903725385665894, 0.0, 0.16114036738872528, 0.15130630135536194, 0.2719991207122803, 0.23241426050662994, 0.6643691062927246, 0.01089986227452755, 1.0221091508865356, 0.3016375005245209, 0.01845315843820572, 1.6983957290649414, 0.0, 0.0, 0.36979585886001587, 0.9003901481628418, 0.32040470838546753, 1.2662384510040283, 0.0, 0.04144228622317314, 0.22796547412872314, 0.12845741212368011, 0.14569224417209625, 0.8531323075294495, 0.0, 0.4300783574581146, 0.20568186044692993, 1.0720487833023071, 0.6059805154800415, 0.0, 1.832321047782898, 1.1129374504089355, 0.029362596571445465, 2.2743215560913086, 0.3409169316291809, 0.3139583468437195, 0.9099580645561218, 0.37144434452056885, 0.7605081796646118, 1.2024658918380737, 3.8983137607574463, 0.07315285503864288, 0.8832520246505737, 2.045956611633301, 0.005457605700939894, 0.05978130176663399, 1.4295927286148071, 0.20322658121585846, 0.27328842878341675, 0.09570764750242233, 1.1338412761688232, 1.5561493635177612, 0.7834595441818237, 1.6679309606552124, 0.2462628185749054, 0.381244033575058, 0.18567365407943726, 0.16294318437576294, 0.3892413079738617, 0.0, 0.05986747890710831, 0.01865038089454174, 0.3975279629230499, 0.08444128930568695, 0.8960112929344177, 0.055141713470220566, 0.012766779400408268, 0.7855585217475891, 0.2723511755466461, 1.7190837860107422, 1.6533403396606445, 0.12458240985870361, 0.5333347320556641, 0.02007056586444378, 0.08292918652296066, 0.03876011073589325, 0.5393170714378357, 0.4530165195465088, 3.1690573692321777, 0.1161203384399414, 0.0, 0.2732410132884979, 0.24748043715953827, 0.28662124276161194, 0.046808961778879166, 0.6583765149116516, 0.016144193708896637, 1.3922003507614136, 1.5935118198394775, 0.04577784612774849, 0.008972221054136753, 1.6446982622146606, 0.0011805903632193804, 0.022849049419164658, 0.03557749465107918, 5.189177989959717, 0.8408063650131226, 1.471891164779663, 0.018445279449224472, 0.06654344499111176, 0.6969449520111084, 0.2136513888835907, 0.02273792214691639, 0.3771075904369354, 0.3221292197704315, 0.6328223347663879, 0.6563365459442139, 0.06396421045064926, 0.4896126985549927, 0.25339651107788086, 1.1476088762283325, 0.9654430747032166, 0.21215802431106567, 0.37753814458847046, 0.0, 2.657489061355591, 0.024530109018087387, 0.4144379496574402, 0.828429639339447, 0.5372123718261719, 0.461539089679718, 0.5930367708206177, 0.2006654143333435, 0.21691972017288208, 0.12212200462818146, 0.04744980111718178, 0.07836414873600006, 2.3741602897644043, 1.229247808456421, 0.011864961124956608, 0.19566009938716888, 0.9363236427307129, 0.10435164719820023, 0.5108233094215393, 0.36878764629364014, 0.7997035384178162, 0.3249175548553467, 1.0548332929611206, 0.2672906219959259, 0.6364558339118958, 0.046447452157735825, 3.2916221618652344, 0.0, 0.07795663177967072, 0.03245294466614723, 0.16153128445148468, 0.4195683002471924, 0.21187236905097961, 0.04793519526720047, 0.4874993562698364, 0.0, 0.2123156189918518, 2.80356764793396, 1.6743468046188354, 0.697083592414856, 0.5265582203865051, 2.658665895462036, 0.6422482132911682, 0.06390269845724106, 0.47394242882728577, 0.4092163145542145, 0.150758758187294, 0.09858029335737228, 0.08923789113759995, 0.24558228254318237, 0.1273042857646942, 0.4609934389591217, 0.7951140999794006, 1.0206506252288818, 0.047931037843227386, 0.08685825020074844, 0.07643076032400131, 0.0950712114572525, 0.3469218909740448, 0.41027718782424927, 0.5230119824409485, 2.485618829727173, 0.25273221731185913, 0.010657482780516148, 2.0206499099731445, 0.23856784403324127, 0.6046561002731323, 0.5347201824188232, 0.4662424623966217, 0.2288435399532318, 0.6172103881835938, 0.776630163192749, 0.40568429231643677, 0.475018709897995, 0.1739015430212021, 0.0, 0.007393987849354744, 0.06709703803062439, 0.5158994197845459, 2.0109381675720215, 0.1436002254486084, 0.0, 0.36174654960632324, 0.0, 1.9030942916870117, 1.0417181253433228, 0.03706560656428337, 0.014814411289989948, 0.14969812333583832, 0.0546419657766819, 0.23041647672653198, 0.08010463416576385, 1.7994716167449951, 0.3079218566417694, 0.1972731351852417, 0.2604973316192627, 0.38641953468322754, 2.8190083503723145, 0.5360881090164185, 0.3018130958080292, 1.0567567348480225, 0.067155621945858, 5.756321430206299, 0.3303243815898895, 0.7420068979263306, 0.14021682739257812, 2.128999710083008, 0.32621076703071594, 0.7175781726837158, 0.371257483959198, 3.5455596446990967, 0.2701267600059509, 0.8125615119934082, 0.015357771888375282, 0.23274683952331543, 0.33686769008636475, 0.3288620412349701, 0.0, 0.46741119027137756, 2.6105241775512695, 0.13423001766204834, 3.680567502975464, 4.468554973602295, 0.7440946698188782, 1.2358098030090332, 0.6496806740760803, 1.124897837638855, 0.691542387008667, 0.19832304120063782, 0.7279269099235535, 1.8154420852661133, 0.1524956226348877, 2.5060818195343018, 3.9823477268218994, 0.2037511169910431, 0.04813222587108612, 0.08141237497329712, 0.1793745756149292, 1.492972493171692, 0.0, 0.745882511138916, 0.5902265906333923, 0.08061835914850235, 0.3683452308177948, 0.892841637134552, 1.3697017431259155, 0.09939602762460709, 0.02318083494901657, 0.14372576773166656, 0.060795120894908905, 0.08348521590232849, 3.1097564697265625, 0.008915157988667488, 0.08747117221355438, 0.5075087547302246, 0.7541346549987793, 0.024448808282613754, 0.8426413536071777, 2.1865808963775635, 0.18623411655426025, 0.2353588342666626, 0.04498666524887085, 1.8750003576278687, 0.0631045550107956, 0.9491365551948547, 0.5564755201339722, 0.0, 0.3483997583389282, 1.8840453624725342, 0.2610178291797638, 0.563042402267456, 0.8712750673294067, 0.015082637779414654, 0.0, 0.8094810843467712, 3.0494425296783447, 0.47341954708099365, 0.5477314591407776, 0.48424214124679565, 0.11721805483102798, 0.9443133473396301, 0.009987154975533485, 0.0712246224284172, 2.7823734283447266, 1.6658254861831665, 3.169957160949707, 0.2903321385383606, 0.08999164402484894, 0.024140117689967155, 1.426266074180603, 0.2568244934082031, 0.33315470814704895, 0.3299720287322998, 0.979108989238739, 0.10355683416128159, 2.3901021480560303, 0.872477650642395, 0.007556752301752567, 0.7824351787567139, 0.0, 0.04240195453166962, 0.20102660357952118, 3.4097537994384766, 0.10807837545871735, 0.15200334787368774, 0.200222909450531, 0.0, 0.8016008734703064, 0.12124790251255035, 0.062345247715711594, 1.7320555448532104, 0.049145035445690155, 2.10335373878479, 0.091851606965065, 0.015394787304103374, 2.123215913772583, 2.2981815338134766, 0.39770063757896423, 0.1981503814458847, 0.23880285024642944, 1.7629146575927734, 0.0, 0.025556281208992004, 0.5670657157897949, 0.14559051394462585, 1.237835168838501, 0.22946612536907196, 0.7508201599121094, 0.6002169847488403, 0.739466667175293, 0.0021091140806674957, 1.179919719696045, 0.25853362679481506, 0.0, 0.08051605522632599, 0.07920708507299423, 0.07363899052143097, 1.077483057975769, 0.36560145020484924, 0.0401441715657711, 1.5865436792373657, 2.1260485649108887, 2.1379334926605225, 1.062257170677185, 1.7426215410232544, 0.07973553985357285, 0.8035520315170288, 1.5413002967834473, 1.1716630458831787, 0.0, 2.227911949157715, 0.12143146991729736, 1.2730101346969604, 0.02984064258635044, 0.0, 0.08758606016635895, 0.030615272000432014, 0.6318460702896118, 0.238564595580101, 0.18467871844768524, 0.43509674072265625, 0.0, 0.20359864830970764, 0.37894970178604126, 0.1285233348608017, 0.5862699151039124, 0.03286534547805786, 0.4632740914821625, 1.0394924879074097, 0.4650486409664154, 0.05243341624736786, 0.02557583712041378, 0.4483758509159088, 0.29482802748680115, 1.025842308998108, 0.2663436532020569, 0.2256830781698227, 0.6693209409713745, 0.006250615231692791, 0.8928837776184082, 0.545151948928833, 0.7030482888221741, 0.898899495601654, 0.09776222705841064, 0.12451407313346863, 0.2795219421386719, 0.39318349957466125, 0.2915852665901184, 0.07891703397035599, 0.5767676830291748, 0.28264689445495605, 0.3302058279514313, 1.467411994934082, 0.0, 2.4529948234558105, 1.2242720127105713, 0.6229035258293152, 0.07100725919008255, 0.04905454441905022, 0.01812419667840004, 0.8590481877326965, 0.11600576341152191, 0.2232254594564438, 0.10881112515926361, 0.09697188436985016, 0.0025634351186454296, 0.6387593150138855, 0.012540225870907307, 0.19946150481700897, 0.8076410293579102, 0.9375335574150085, 0.1572255641222, 0.11765429377555847, 0.07511463761329651, 0.02306881733238697, 0.43952688574790955, 1.7661607265472412, 0.9574689269065857, 0.0, 0.4563083350658417, 1.0044877529144287, 3.359675407409668, 0.24571749567985535, 0.5636715888977051, 4.156151294708252, 0.2221430540084839, 0.12484896928071976, 0.4248380959033966, 0.0, 0.6897058486938477, 0.6140563488006592, 0.5202174782752991, 0.769322395324707, 0.7267046570777893, 1.4719772338867188, 3.7456960678100586, 0.2122909426689148, 0.24039524793624878, 0.03205156698822975, 0.21719597280025482, 0.5892757773399353, 0.11765044927597046, 0.6050460338592529, 0.05425452068448067, 0.004173714201897383, 0.3335368037223816, 0.5851278305053711, 0.3991956114768982, 0.12927623093128204, 1.3016481399536133, 0.09009505063295364, 0.9867209792137146, 0.18592146039009094, 0.1901238113641739, 0.039172857999801636, 0.19856955111026764, 0.9539957642555237, 0.06517336517572403, 0.46173176169395447, 0.026088040322065353, 1.1287872791290283, 0.30230048298835754, 0.018821293488144875, 0.28491589426994324, 0.21900136768817902, 0.3096366226673126, 0.08378463238477707, 0.12010663747787476, 0.07288916409015656, 0.2507823705673218, 0.0396370030939579, 0.04878172278404236, 0.2712372839450836, 0.3894648253917694, 0.4148697257041931, 0.3028292655944824, 0.04619843512773514, 0.3290519714355469, 0.0, 0.09203949570655823, 0.09324232488870621, 0.06602076441049576, 0.19197067618370056, 0.01098460890352726, 0.024395743384957314, 0.0, 0.5041100382804871, 3.3955628871917725, 0.013902445323765278, 0.016677500680088997, 1.4281833171844482, 0.5568051934242249, 0.0, 0.22202767431735992, 0.3880750238895416, 0.0, 1.5994378328323364, 1.3228962421417236, 0.5169797539710999, 4.91658878326416, 0.3336254060268402, 0.5806183218955994, 0.008414268493652344, 0.5941509008407593, 1.0367975234985352, 0.3467545807361603, 0.08959350734949112, 0.018647179007530212, 0.07380544394254684, 0.5431727170944214, 2.9190940856933594, 0.02136039175093174, 1.0114243030548096, 0.006512023974210024, 0.3927154541015625, 0.2968021631240845, 0.3363693058490753, 1.0781219005584717, 0.8239262700080872, 0.13480235636234283, 0.18469376862049103, 0.5139729380607605, 3.312986373901367, 0.09157375246286392, 0.03481972962617874, 0.2238478809595108, 0.11943477392196655, 0.761942982673645, 1.267586350440979, 0.20935165882110596, 2.3009984493255615, 0.15782280266284943, 0.10084838420152664, 0.0006673189927823842, 0.0691118985414505, 0.33784353733062744, 2.385606288909912, 1.1761174201965332, 0.16924501955509186, 0.48404842615127563, 0.24988676607608795, 0.5846792459487915, 0.10515177249908447, 0.2834031879901886, 0.2720690667629242, 1.988936185836792, 0.0, 0.07636954635381699, 0.29521602392196655, 0.1414196938276291, 0.1433785855770111, 0.04786456376314163, 0.01399235799908638, 0.1965617686510086, 0.804773211479187, 0.008448445238173008, 0.05504433065652847, 0.9701095819473267, 0.4022082984447479, 0.0, 0.0, 0.0, 0.019980549812316895, 0.05656564608216286, 0.5055021047592163, 0.307546466588974, 0.17161871492862701, 0.431749552488327, 0.617664098739624, 0.5706743597984314, 1.1959288120269775, 0.014667924493551254, 0.21346497535705566, 0.9096766710281372, 0.0314352884888649, 0.0, 0.7257608771324158, 0.21695581078529358, 0.463381290435791, 0.32018840312957764, 0.1869918704032898, 0.7345660328865051, 1.2567737102508545, 0.26580291986465454, 0.0, 0.514421284198761, 0.0, 0.05190051347017288, 0.006751773413270712, 0.014089549891650677, 0.4512900412082672, 0.12181797623634338, 0.589050829410553, 0.020856112241744995, 0.06311625987291336, 3.366323709487915, 0.3283193111419678, 0.07800957560539246, 0.8134398460388184, 0.0, 0.05965898558497429, 0.825634241104126, 0.1274358481168747, 0.3329576849937439, 0.19516009092330933, 0.4121750295162201, 0.03158511966466904, 0.011291280388832092, 1.0776549577713013, 0.01884504221379757, 0.13624078035354614, 0.3059599995613098, 0.1310761570930481, 0.9224528074264526, 0.3415524959564209, 0.32519903779029846, 0.37607312202453613, 1.3127180337905884, 0.19553469121456146, 0.0391339510679245, 2.6871895790100098, 0.08645341545343399, 0.898017406463623, 0.4054638743400574, 0.41271138191223145, 0.015521134249866009, 2.9892566204071045, 0.290605753660202, 0.6481060981750488, 0.5218239426612854, 0.610049843788147, 0.050843968987464905, 0.03155159577727318, 0.40925049781799316, 0.0, 0.3981226980686188, 0.1435718834400177, 0.0, 0.07356768846511841, 1.6579372882843018, 0.5664510726928711, 0.12329047173261642, 2.4396297931671143, 0.01786315254867077, 0.23366987705230713, 0.488055020570755, 0.07778315991163254, 0.4422371983528137, 0.0045364657416939735, 0.7732725143432617, 0.037607986479997635, 0.43452826142311096, 1.25662362575531, 0.028695812448859215, 0.9603458046913147, 0.010339233092963696, 0.42739078402519226, 0.9462577104568481, 1.3634486198425293, 1.1014699935913086, 1.5389207601547241, 0.8922091126441956, 0.0, 0.03295455500483513, 0.0801808163523674, 0.9146497845649719, 0.29042521119117737, 0.4571335017681122, 0.16919510066509247, 0.09709875285625458, 0.3826424777507782, 0.8143774271011353, 1.4134455919265747, 0.3118428587913513, 0.0, 0.2420639544725418, 0.5692973732948303, 0.0195606779307127, 0.5093697309494019, 2.3617470264434814, 2.0296719074249268, 0.11125461757183075, 1.6738735437393188, 3.2949411869049072, 2.3050053119659424, 2.1143476963043213, 0.23040267825126648, 0.0039793276228010654, 0.775110125541687, 0.39336779713630676, 0.09222406148910522, 0.07631850987672806, 1.2973661422729492, 0.36849820613861084, 0.13231705129146576, 0.4304964542388916, 1.1127322912216187, 0.44098904728889465, 1.0324854850769043, 0.3531692326068878, 0.13706731796264648, 1.2550266981124878, 0.2885778844356537, 1.4303343296051025, 1.3681377172470093, 0.5902243256568909, 0.2502990961074829, 1.0712074041366577, 0.36984241008758545, 0.17423103749752045, 1.8151609897613525, 0.6147310137748718, 0.10442961752414703, 0.8755553960800171, 0.013872813433408737, 0.4169052243232727, 2.4185855388641357, 0.0, 0.7114176750183105, 1.6049623489379883, 0.0, 0.0, 0.01649433746933937, 0.17414069175720215, 0.34275880455970764, 3.362489938735962, 0.01720990240573883, 0.2378969043493271, 0.12998506426811218, 0.5572693347930908, 1.2061147689819336, 1.024572730064392, 0.46746698021888733, 0.3165365159511566, 0.3413277566432953, 2.279541254043579, 0.053992319852113724, 0.18664613366127014, 0.007465865928679705, 0.43989601731300354, 0.44202616810798645, 0.02376939170062542, 2.6253104209899902, 0.16407719254493713, 1.231126308441162, 0.6868442893028259, 0.2539096772670746, 0.1707022786140442, 3.47920560836792, 0.5659055113792419, 0.013801847584545612, 0.9985241889953613, 0.021390564739704132, 0.8017866015434265, 0.22436879575252533, 0.013696074485778809, 0.0, 1.448210597038269, 0.05411747470498085, 0.07275302708148956, 1.05656099319458, 2.5683560371398926, 0.0, 0.019272493198513985, 0.3904743194580078, 2.1084485054016113, 0.03994036093354225, 0.026162896305322647, 0.06696304678916931, 1.0807071924209595, 1.5576969385147095, 0.3256162703037262, 0.4854629635810852, 0.5735293626785278, 0.3367951512336731, 0.2522997260093689, 0.16075235605239868, 0.5688161849975586, 0.0, 0.0, 0.0056109256111085415, 0.7791690230369568, 0.8375426530838013, 0.7307671308517456, 0.8931312561035156, 0.2943812310695648, 0.22566689550876617, 0.29571160674095154, 0.0530775710940361, 0.0, 1.5137425661087036, 0.29184889793395996, 1.4747198820114136, 0.3529260456562042, 0.4353909492492676, 0.0, 0.3240918219089508, 1.8446024656295776, 0.49026086926460266, 1.3606547117233276, 0.38365438580513, 0.0, 0.789176344871521, 0.018684158101677895, 0.7529411911964417, 0.0, 0.4107794761657715, 0.041567739099264145, 0.010701636783778667, 0.0017772888531908393, 0.6929636001586914, 0.020273469388484955, 0.019624413922429085, 1.4728779792785645, 0.3926485776901245, 0.15948407351970673, 0.009432247839868069, 1.0173964500427246, 0.4099578857421875, 1.6872835159301758, 0.6995216012001038, 0.24148349463939667, 0.14095310866832733, 0.3404240012168884, 0.9420843124389648, 0.37982091307640076, 0.8929155468940735, 0.6440940499305725, 0.01994309201836586, 0.21965928375720978, 0.26438161730766296, 0.5934416055679321, 0.04066220670938492, 0.97812420129776, 0.6815005540847778, 0.5432114601135254, 0.3821561336517334, 0.6548629999160767, 0.01192924939095974, 0.675728440284729, 0.3233175575733185, 0.012448389083147049, 1.1977370977401733, 0.00627341540530324, 0.2511427402496338, 0.7988643050193787, 0.19744423031806946, 0.03079059161245823, 0.6521321535110474, 1.3535925149917603, 0.11153224855661392, 0.3838830292224884, 0.0, 0.22230394184589386, 0.003008407074958086, 0.7824002504348755, 0.0119883231818676, 0.4376332759857178, 0.4624080955982208, 0.0, 0.021388664841651917, 0.16879719495773315, 0.40463438630104065, 0.0, 0.08025749027729034, 0.004618114326149225, 0.10452908277511597, 0.6161782145500183, 0.0, 0.6508505940437317, 0.0057035512290894985, 0.01648658700287342, 0.03572038188576698, 0.3623964488506317, 0.0024457245599478483, 1.346867561340332, 0.0003841847646981478, 0.8415751457214355, 0.6690342426300049, 0.10140888392925262, 2.038327217102051, 1.7092437744140625, 1.4774658679962158, 0.01659858040511608, 0.6928020119667053, 0.2677076756954193, 1.2484580278396606, 0.32910406589508057, 1.1538643836975098, 0.5647574067115784, 1.3224574327468872, 1.3742202520370483, 1.0114505290985107, 0.6594669818878174, 1.717182993888855, 0.30289965867996216, 0.011959883384406567, 0.25024741888046265, 0.0, 1.0084222555160522, 1.009029507637024, 0.12461534142494202, 0.005757288075983524, 0.19368496537208557, 0.14450225234031677, 0.0, 0.0, 2.1304843425750732, 0.25157174468040466, 0.12413327395915985, 1.8547407388687134, 0.0018065560143440962, 0.2851390838623047, 0.09632804244756699, 0.08865928649902344, 0.09652823209762573, 1.4199230670928955, 0.1357351839542389, 0.015834594145417213, 0.45826610922813416, 1.2727550268173218, 0.08499854058027267, 0.10482459515333176, 0.24993456900119781, 0.18905670940876007, 0.37479671835899353, 0.0, 0.5106774568557739, 0.04704556241631508, 0.2888473570346832, 0.9680265188217163, 0.13357678055763245, 0.0552658848464489, 0.07976262271404266, 0.57774817943573, 0.0, 0.24664421379566193, 0.29764094948768616, 0.1449524462223053, 0.0621187798678875, 0.0044408864341676235, 0.06584710627794266, 0.11838969588279724, 0.04253480210900307, 0.05132878199219704, 1.0647894144058228, 1.312179684638977, 0.09902452677488327, 0.05642657354474068, 0.19680581986904144, 0.031098460778594017, 0.0, 0.6770113110542297, 0.3184090852737427, 0.9485946893692017, 0.285209059715271, 0.2758995294570923, 0.00020582092110998929, 0.31663385033607483, 0.27893903851509094, 0.6328238844871521, 0.49342596530914307, 0.12734544277191162, 0.06552556902170181, 2.50066876411438, 0.3034767806529999, 0.811949610710144, 0.4554990530014038, 0.0, 0.09153735637664795, 0.8361235857009888, 0.44390931725502014, 0.14609500765800476, 1.0091725587844849, 0.3199027478694916, 0.06583347916603088, 0.8161133527755737, 0.01613699086010456, 1.591214895248413, 0.8982505798339844, 0.3684237599372864, 0.04192623496055603, 0.17628563940525055, 0.6320124268531799, 1.683701992034912, 0.23683394491672516, 0.6417044997215271, 0.17267431318759918, 0.09095215052366257, 0.15945909917354584, 0.0, 2.223888397216797, 1.12782883644104, 0.48843446373939514, 0.6754242777824402, 0.3352064788341522, 0.0375930592417717, 0.10234139114618301, 1.2512149810791016, 2.046475410461426, 0.10792222619056702, 0.5390706062316895, 2.360813617706299, 0.12855909764766693, 1.2334609031677246, 1.8173840045928955, 0.042734891176223755, 0.09492584317922592, 0.37449100613594055, 0.7108123898506165, 0.05643460527062416, 3.505972146987915, 0.11797971278429031, 0.3868400454521179, 1.3115570545196533, 0.0, 0.9279723167419434, 0.6330844163894653, 0.0, 0.8392878174781799, 0.02427421696484089, 0.1188575029373169, 0.0, 0.11944891512393951, 0.7729374766349792, 3.1274192333221436, 0.14448681473731995, 0.14607097208499908, 0.3731573522090912, 0.31133005023002625, 0.0, 0.8891116380691528, 0.233482226729393, 0.040390320122241974, 0.13619175553321838, 0.0, 0.023613760247826576, 0.8613914847373962, 2.338973045349121, 0.30456361174583435, 0.37414461374282837, 1.2347846031188965, 0.2713173031806946, 2.761822462081909, 0.0, 0.013512703590095043, 0.44745609164237976, 0.5717506408691406, 0.542834460735321, 0.21613214910030365, 0.026437221094965935, 0.9906601309776306, 0.24361039698123932, 0.6066432595252991, 0.2143907994031906, 0.039896562695503235, 1.0516453981399536, 0.2586347460746765, 0.6624124646186829, 0.6936271786689758, 0.40573999285697937, 0.2735907733440399, 1.3545171022415161, 0.1481793224811554, 0.2242293506860733, 2.000579833984375, 0.0, 1.4244935512542725, 4.935428619384766, 0.06911159306764603, 0.19473274052143097, 0.0040838574059307575, 0.05323243513703346, 0.3213615417480469, 0.024671005085110664, 0.096217580139637, 0.0, 0.005804173648357391, 0.8705458641052246, 0.08977146446704865, 0.2548944652080536, 0.009539696387946606, 0.3374665379524231, 0.3911409080028534, 0.2702350914478302, 1.0069029331207275, 0.15294812619686127, 1.8138331174850464, 0.5129831433296204, 0.0, 0.12144345790147781, 1.1161881685256958, 0.501456618309021, 0.24708031117916107, 0.14046774804592133, 0.2117510288953781, 0.008128892630338669, 0.06725718080997467, 0.1024162620306015, 0.33664628863334656, 0.03450338542461395, 1.604538917541504, 0.0, 0.2642739713191986, 0.4587113559246063, 0.5753424167633057, 0.23742511868476868, 0.3142031729221344, 1.8210265636444092, 0.4557623267173767, 0.08824761211872101, 0.0868682861328125, 0.7173311710357666, 0.30663102865219116, 2.416994094848633, 0.05974286422133446, 0.17046214640140533, 0.0, 0.7517852783203125, 0.20650844275951385, 0.06452038139104843, 1.7209289073944092, 0.09670206159353256, 0.011750888079404831, 0.0, 0.030350862070918083, 0.20034177601337433, 0.01076657883822918, 0.025998670607805252, 0.13279393315315247, 1.3498600721359253, 0.2727951407432556, 0.6717193126678467, 0.027894292026758194, 0.3111759126186371, 0.5219353437423706, 1.2982650995254517, 0.018342437222599983, 0.06517952680587769, 0.3783665895462036, 0.4833281338214874, 1.4235508441925049, 0.0025415492709726095, 0.4718969166278839, 0.5066245198249817, 1.1508381366729736, 0.6966314315795898, 0.4784942865371704, 1.566412329673767, 0.33371925354003906, 0.049986518919467926, 0.8372161388397217, 1.6015958786010742, 2.30153489112854, 0.47355756163597107, 1.6342198848724365, 0.05695578455924988, 0.008193607442080975, 0.9048244953155518, 0.15075214207172394, 0.14275963604450226, 0.11749124526977539, 0.13436058163642883, 0.6325344443321228, 0.05167830362915993, 1.3750494718551636, 0.009602108970284462, 0.09123770892620087, 4.284722308511846e-05, 0.3512447476387024, 0.0, 0.0, 0.3046407699584961, 0.7748659253120422, 0.317487508058548, 3.181644916534424, 0.023652127012610435, 0.3852463960647583, 0.2710559666156769, 0.7829592823982239, 0.7999199032783508, 0.3424088656902313, 0.927295446395874, 4.03997278213501, 0.0, 0.5275799632072449, 0.05916076898574829, 0.10219554603099823, 0.33940058946609497, 0.2540009021759033, 0.00648597814142704, 0.08592501282691956, 0.8292966485023499, 2.2297751903533936, 0.7463955283164978, 0.02849762700498104, 0.4037809669971466, 0.21989820897579193, 0.303905725479126, 1.0880612134933472, 1.4065591096878052, 0.09598159790039062, 0.4315478205680847, 0.30359333753585815, 1.6527347564697266, 0.39818403124809265, 1.2395020723342896, 0.14882095158100128, 0.9840285778045654, 1.5512925386428833, 0.14452055096626282, 0.6099156737327576, 0.00161005521658808, 0.01943364366889, 0.32689642906188965, 0.357990026473999, 1.1096488237380981, 0.1806415468454361, 0.18742506206035614, 0.19713611900806427, 0.20540817081928253, 0.001201597973704338, 1.8148627281188965, 0.0, 0.0046790544874966145, 0.6554746627807617, 0.9066078662872314, 0.23122648894786835, 0.16749627888202667, 0.24900005757808685, 0.4882916808128357, 0.4019790291786194, 0.4380766451358795, 0.005087064113467932, 0.4277341663837433, 0.5161343216896057, 1.2874541282653809, 0.661525309085846, 4.440574645996094, 0.3642093539237976, 0.6685758233070374, 0.016833612695336342, 0.35218900442123413, 0.0036039110273122787, 0.2392306625843048, 0.23743146657943726, 0.21677760779857635, 1.5893830060958862, 0.09951931983232498, 1.4111292362213135, 1.2521188259124756, 0.365607351064682, 0.36341744661331177, 0.25139784812927246, 0.774907648563385, 0.29493647813796997, 0.0010388968512415886, 0.009824217297136784, 0.25563865900039673, 3.1853115558624268, 0.0, 0.0, 0.3882454037666321, 0.0, 0.0, 1.5445291996002197, 0.3735063970088959, 0.0781574472784996, 0.011090882122516632, 0.3065289556980133, 0.11536775529384613, 0.25277179479599, 1.9251478910446167, 0.10516583174467087, 0.2671522796154022, 0.4373982548713684, 0.47055959701538086, 1.1496689319610596, 0.4129917025566101, 2.428701400756836, 1.2561932802200317, 0.867256224155426, 1.0832570791244507, 0.27176353335380554, 0.13975799083709717, 0.0, 0.02269747480750084, 0.0154429841786623, 1.975144386291504, 0.19716796278953552, 2.592475652694702, 0.06976260244846344, 0.5344375371932983, 0.24414896965026855, 0.7308118939399719, 1.090349793434143, 0.06399037688970566, 0.0, 0.24513733386993408, 3.1006479263305664, 1.1200377941131592, 0.4976942539215088, 0.0, 0.31933915615081787, 0.3573499023914337, 0.312988817691803, 0.07342682778835297, 0.27430418133735657, 0.22858747839927673, 0.24430938065052032, 0.003922571893781424, 0.027817146852612495, 2.454157590866089, 0.46346166729927063, 2.1615774631500244, 1.3371317386627197, 0.35497745871543884, 0.0, 0.15067629516124725, 0.30207380652427673, 0.2549588084220886, 0.0248388834297657, 0.12607745826244354, 0.8365727663040161, 0.4383357763290405, 0.21020780503749847, 0.029791876673698425, 0.8145188093185425, 0.11502951383590698, 0.5492313504219055, 0.267632395029068, 0.0890997052192688, 2.6992621421813965, 0.2987350821495056, 0.05918928608298302, 0.3804483115673065, 1.1451904773712158, 0.0, 0.03376198932528496, 0.1765311360359192, 0.4868400990962982, 0.6677085757255554, 0.43725457787513733, 2.135875701904297, 0.17632566392421722, 0.18550452589988708, 1.5523298978805542, 1.614088773727417, 0.14569160342216492, 0.16595791280269623, 0.4924367070198059, 0.024655325338244438, 0.2727225422859192, 0.1584712117910385, 0.16109798848628998, 0.6403746604919434, 0.7473983764648438, 1.137771487236023, 0.6429903507232666, 0.100055031478405, 2.1760947704315186, 1.0875691175460815, 1.423447847366333, 1.1007888317108154, 0.3524366021156311, 0.054439038038253784, 0.7636547684669495, 0.5975393056869507, 0.1284576952457428, 0.1363726705312729, 0.1071021631360054, 0.30129969120025635, 0.6996035575866699, 0.21947264671325684, 0.05521664023399353, 0.5642756819725037, 0.1882452815771103, 0.20229493081569672, 0.009458283893764019, 0.2018592804670334, 1.3540923595428467, 0.0624191090464592, 0.5938353538513184, 0.5186514854431152, 0.5702974796295166, 1.0590168237686157, 0.03846844285726547, 2.048226833343506, 1.2828673124313354, 0.2455511838197708, 0.3282599449157715, 0.706967830657959, 0.01629994623363018, 0.01643596589565277, 0.9992063641548157, 0.03458051383495331, 2.2055413722991943, 0.21023450791835785, 0.03172078728675842, 0.07003956288099289, 0.3470410704612732, 1.4183018207550049, 0.008685549721121788, 1.5373698472976685, 0.38007277250289917, 0.20831331610679626, 0.07146741449832916, 1.8882604837417603, 0.42647308111190796, 0.17696334421634674, 0.08650235831737518, 0.9142728447914124, 0.7149447202682495, 0.03454974666237831, 3.3065991401672363, 0.5663227438926697, 2.300581455230713, 1.4201445579528809, 0.04237616807222366, 0.9522470235824585, 2.279433488845825, 0.5254417061805725, 4.063879013061523, 0.6607032418251038, 0.1736147701740265, 0.3178514242172241, 0.7912230491638184, 1.3216221332550049, 0.10898107290267944, 0.15656396746635437, 1.1068814992904663, 0.19828256964683533, 0.03923451527953148, 0.0006390737253241241, 0.042176753282547, 0.16826999187469482, 0.14826573431491852, 1.6257902383804321, 0.03406648337841034, 0.2965908944606781, 0.0, 1.1832278966903687, 1.2422852516174316, 1.1509586572647095, 0.036802008748054504, 0.02022094838321209, 0.03938877582550049, 0.5402323007583618, 1.3713021278381348, 0.6206533312797546, 0.17536661028862, 0.6526291370391846, 0.5393428206443787, 2.1822001934051514, 0.011847269721329212, 1.5772569179534912, 0.9089826345443726, 0.0, 0.0, 1.020951509475708, 0.6336911916732788, 0.0, 2.5444722175598145, 0.24796439707279205]",Testing/glioma_tumor/image(64).jpg
"[1.8619459867477417, 1.7780828475952148, 0.5236853957176208, 0.44789084792137146, 0.0, 0.24848459661006927, 4.1664958000183105, 0.33911922574043274, 0.05686104670166969, 0.0, 0.13514037430286407, 0.14247937500476837, 0.0, 0.6676051020622253, 0.4752265512943268, 0.40802061557769775, 0.39601969718933105, 0.6387485861778259, 1.6772547960281372, 0.07032795250415802, 0.5319281816482544, 0.7496444582939148, 1.6502867937088013, 0.06460197269916534, 0.3553302586078644, 0.0, 1.9542675018310547, 0.6676537394523621, 1.8259140253067017, 0.0, 0.26121267676353455, 1.1630100011825562, 0.3237954378128052, 0.44794806838035583, 0.40219852328300476, 0.7993593811988831, 0.23226261138916016, 1.396670937538147, 0.007738806772977114, 0.9352216720581055, 1.199143886566162, 0.8370330333709717, 0.835070788860321, 0.0018447698093950748, 0.0818256139755249, 0.053067538887262344, 0.38542693853378296, 0.1545403152704239, 0.18564338982105255, 0.0, 0.9397404193878174, 0.12786342203617096, 1.4432159662246704, 0.03659847751259804, 1.5288493633270264, 0.14423257112503052, 0.7423797845840454, 0.6342211365699768, 0.8989243507385254, 0.0173486340790987, 0.33989208936691284, 1.3189945220947266, 0.06973475217819214, 0.05994401499629021, 2.3024561405181885, 0.026935558766126633, 0.7139144539833069, 0.30423927307128906, 0.0, 0.0, 0.12255960702896118, 0.0, 0.0007424792274832726, 0.8143350481987, 0.0, 0.08347729593515396, 1.2514588832855225, 1.8525023460388184, 0.12205460667610168, 4.678817272186279, 0.2894938588142395, 1.0164096355438232, 0.814637303352356, 0.17638084292411804, 0.9851679801940918, 0.1519777774810791, 0.9002349972724915, 0.5911836624145508, 0.07805195450782776, 0.05920301750302315, 0.32525211572647095, 0.13309700787067413, 0.16591185331344604, 1.0747740268707275, 1.819662094116211, 0.18409335613250732, 0.08967536687850952, 1.0410816669464111, 0.27643245458602905, 0.5168251395225525, 0.799006998538971, 0.8655778765678406, 0.3914174735546112, 0.16427849233150482, 1.1124200820922852, 0.1414736956357956, 0.29841348528862, 1.3976649045944214, 0.029107404872775078, 1.8907551765441895, 0.019068226218223572, 1.193236231803894, 0.0, 0.6848708987236023, 0.23637694120407104, 0.00842985324561596, 0.0, 0.18056458234786987, 0.0, 0.06902717053890228, 0.0, 0.20050328969955444, 0.05343243479728699, 0.08741521090269089, 0.026746056973934174, 0.5890577435493469, 0.2793257236480713, 1.0843156576156616, 3.270754337310791, 0.5505897402763367, 0.41238200664520264, 2.490776538848877, 0.005407722666859627, 0.0, 1.8029977083206177, 0.03778975456953049, 0.12262455374002457, 0.13242830336093903, 0.0, 0.8417729139328003, 0.28277814388275146, 1.3832775354385376, 0.0, 0.25024187564849854, 0.09634020924568176, 0.2127392441034317, 0.10694386065006256, 1.6532700061798096, 0.06853564083576202, 0.37576425075531006, 1.6156952381134033, 0.6464016437530518, 2.067854642868042, 0.4970327615737915, 0.5867995619773865, 2.7037158012390137, 0.028317879885435104, 0.11411267518997192, 1.7082747220993042, 0.015084302984178066, 0.18225423991680145, 0.2216692566871643, 0.2376866638660431, 0.24566471576690674, 0.05898825079202652, 0.025275683030486107, 2.9293103218078613, 0.030799131840467453, 0.5723603367805481, 7.534783840179443, 0.1448211967945099, 0.4902336597442627, 0.21380139887332916, 0.6024153828620911, 2.2416598796844482, 0.2561192512512207, 0.24360376596450806, 1.8682891130447388, 0.0077974991872906685, 1.025131106376648, 0.9822131395339966, 0.1031537801027298, 3.0276122093200684, 0.020164981484413147, 0.11222907155752182, 2.2534337043762207, 0.9911239147186279, 2.960973024368286, 0.08630027621984482, 0.11822137981653214, 0.026296839118003845, 0.06766463071107864, 0.3903977870941162, 0.24373213946819305, 2.159792184829712, 1.0428998470306396, 0.0, 0.40723901987075806, 0.03559800982475281, 0.2889554798603058, 4.415844440460205, 0.9611631035804749, 0.23759280145168304, 0.17342731356620789, 1.8426296710968018, 0.5597792267799377, 1.923802137374878, 0.0, 1.0054134130477905, 0.0704922080039978, 0.018174178898334503, 1.6217759847640991, 0.08156726509332657, 0.043607197701931, 0.05762909725308418, 0.43218767642974854, 0.5251297950744629, 0.666271448135376, 0.14915072917938232, 0.0, 0.12796461582183838, 0.0, 1.496498942375183, 0.09298180788755417, 0.3004929721355438, 3.107360601425171, 0.2575419247150421, 0.13797101378440857, 1.3096154928207397, 0.12374573945999146, 0.4873180687427521, 1.4804246425628662, 0.8063133955001831, 0.2133353352546692, 0.750868558883667, 0.5566632747650146, 0.2722717523574829, 1.011220932006836, 0.17167708277702332, 1.0681960582733154, 0.09226412326097488, 0.07646889984607697, 0.39255857467651367, 1.0445809364318848, 0.17503038048744202, 1.1821471452713013, 2.6288228034973145, 0.48214617371559143, 0.0, 2.789053201675415, 2.065727472305298, 0.012068315409123898, 1.1337393522262573, 0.38067567348480225, 0.36818695068359375, 0.04415648430585861, 0.3482353687286377, 0.3134308457374573, 0.0, 0.15651527047157288, 0.2632349729537964, 0.26378482580184937, 2.1983370780944824, 0.0, 0.1953587681055069, 1.1619634628295898, 0.14442133903503418, 0.3286479115486145, 0.06515386700630188, 0.0049307565204799175, 0.3047451972961426, 0.1920595020055771, 0.5051389932632446, 0.11667252331972122, 1.0101263523101807, 0.9020875692367554, 1.636758804321289, 0.0, 0.47104084491729736, 0.5361453294754028, 0.4264577031135559, 0.18220330774784088, 2.5174031257629395, 1.5549424886703491, 0.18786320090293884, 3.4235379695892334, 0.9562926292419434, 0.2944381535053253, 0.2862469255924225, 0.24514946341514587, 0.34266790747642517, 0.5742687582969666, 0.17630499601364136, 0.10217608511447906, 0.2222992181777954, 5.290379047393799, 0.4553886353969574, 0.04477416351437569, 0.0, 1.0352758169174194, 0.28939977288246155, 0.04887223616242409, 2.155860662460327, 0.059784840792417526, 0.10774440318346024, 0.2861795723438263, 0.8507314324378967, 0.21595467627048492, 0.6916338801383972, 1.182145357131958, 0.631638765335083, 0.44542181491851807, 0.019327884539961815, 0.43970346450805664, 0.6858917474746704, 0.3688994348049164, 0.6486920118331909, 1.470333456993103, 0.0, 0.0, 0.20744705200195312, 4.7130446434021, 0.13667413592338562, 0.04013247787952423, 0.5077276825904846, 0.5517765879631042, 0.03005180135369301, 0.17222535610198975, 9.342503547668457, 2.7964203357696533, 0.7192029356956482, 0.05022820085287094, 0.5840049386024475, 0.46313828229904175, 0.07110510021448135, 0.0014762586215510964, 1.8099325895309448, 0.1009797677397728, 0.06434442847967148, 0.7248168587684631, 0.8940805196762085, 0.6976607441902161, 0.970338761806488, 0.7467226386070251, 0.45260390639305115, 0.33233168721199036, 0.4015612006187439, 0.11460462212562561, 0.2782368063926697, 0.25479644536972046, 0.3684168756008148, 0.04165618121623993, 0.7760857343673706, 0.43252718448638916, 2.6667420864105225, 0.2730309069156647, 0.04115389660000801, 0.0, 0.20859363675117493, 0.1672125905752182, 0.17983384430408478, 0.5944172739982605, 0.12030934542417526, 0.5994178652763367, 0.0, 0.0, 0.236149400472641, 0.0007644551224075258, 5.396866798400879, 0.16578833758831024, 0.025982791557908058, 0.5347084403038025, 1.1125034093856812, 2.189871072769165, 0.01886964775621891, 1.1303389072418213, 0.5717852711677551, 1.1729326248168945, 0.029341435059905052, 0.017648959532380104, 0.051449522376060486, 0.003920435905456543, 0.09514480084180832, 0.05631011724472046, 0.11360941082239151, 0.0, 0.3165075182914734, 0.7743092179298401, 0.040035080164670944, 0.01867491938173771, 0.06738872826099396, 0.10560133308172226, 0.18465641140937805, 0.14635151624679565, 0.17862966656684875, 5.117190837860107, 0.3379075229167938, 0.7737080454826355, 0.7480384707450867, 0.5300783514976501, 0.6213549375534058, 0.035272929817438126, 0.3456771969795227, 0.0, 0.03789380192756653, 1.8638585805892944, 1.0259445905685425, 0.17568634450435638, 1.8108514547348022, 1.8710728883743286, 0.08896521478891373, 0.042401205748319626, 0.1408080905675888, 0.24400894343852997, 0.012670665048062801, 5.270351886749268, 0.0444779135286808, 0.05831782519817352, 0.43625500798225403, 1.865769863128662, 2.7175168991088867, 0.0, 0.39975467324256897, 0.00926971435546875, 1.746099829673767, 0.00038249880890361965, 0.0, 0.006922171916812658, 0.1377606987953186, 0.0749947726726532, 1.8143222332000732, 0.32366105914115906, 1.5613042116165161, 0.0, 2.0197389125823975, 0.3568107485771179, 0.02129371091723442, 1.1833223104476929, 1.0790472030639648, 0.07186365872621536, 0.1332111954689026, 0.08093509078025818, 0.2694395184516907, 0.06875793635845184, 0.3300822377204895, 0.9162617325782776, 0.0, 1.718293309211731, 0.16106772422790527, 0.20314738154411316, 0.2769731283187866, 0.12087278068065643, 0.2929280996322632, 0.03589854761958122, 0.03257922828197479, 0.10728643089532852, 0.08580144494771957, 0.0771956518292427, 0.6656621098518372, 0.30507493019104004, 0.19664600491523743, 0.24299204349517822, 0.9228441119194031, 0.12900350987911224, 0.1153920590877533, 0.7117990255355835, 0.5416665077209473, 1.1070815324783325, 1.5836007595062256, 1.0797151327133179, 0.5669454336166382, 0.42954981327056885, 0.006856188643723726, 0.2210230678319931, 0.07488362491130829, 0.037629347294569016, 0.42005282640457153, 0.26591628789901733, 0.15602688491344452, 0.1632501184940338, 2.1236772537231445, 0.10556977987289429, 2.5849897861480713, 0.11983966082334518, 0.0, 0.0, 0.6521468162536621, 0.2237800806760788, 0.26001083850860596, 0.16861574351787567, 0.3777122497558594, 1.0638298988342285, 0.009624962694942951, 0.3695468604564667, 3.4510011672973633, 0.31308144330978394, 0.0, 1.1664531230926514, 3.352036476135254, 0.15050429105758667, 0.1794145703315735, 0.5949975252151489, 0.0, 2.532925605773926, 0.34904348850250244, 1.5032103061676025, 0.23923560976982117, 0.32458826899528503, 1.1942778825759888, 0.31754255294799805, 0.3372769355773926, 0.05624635890126228, 0.0, 0.5992406010627747, 0.15062594413757324, 1.2239385843276978, 0.28817689418792725, 0.2521398067474365, 0.027175623923540115, 0.1422852873802185, 0.02504448965191841, 1.360055923461914, 0.0911390632390976, 0.21015536785125732, 0.09038130193948746, 1.1108399629592896, 0.0, 0.07913926243782043, 0.3861291706562042, 0.0, 0.9122088551521301, 0.4721974730491638, 0.8475001454353333, 1.6987407207489014, 0.738685131072998, 2.7478644847869873, 1.1910227537155151, 0.33292117714881897, 0.07357874512672424, 0.07095378637313843, 0.15941528975963593, 0.047063250094652176, 1.6772923469543457, 0.0, 0.23025396466255188, 0.5414021611213684, 0.5771448016166687, 0.061958134174346924, 0.989226222038269, 0.06961439549922943, 0.37281593680381775, 0.03306873142719269, 0.11739826947450638, 0.014398952014744282, 0.2787739038467407, 1.4274320602416992, 0.22812025249004364, 0.02778339385986328, 0.3307175934314728, 0.0361982136964798, 0.5701000094413757, 0.3231794834136963, 1.4384937286376953, 0.0955919548869133, 0.0, 0.40047937631607056, 1.2567332983016968, 0.0008161189616657794, 0.0, 0.01025135163217783, 0.12536507844924927, 0.0, 0.08941727876663208, 0.7575088143348694, 0.11760598421096802, 0.030294524505734444, 0.0, 0.7301368713378906, 1.532309651374817, 0.1019681990146637, 3.427966356277466, 0.008231163024902344, 0.0833849236369133, 0.48751211166381836, 0.20020656287670135, 0.005607700906693935, 0.0, 0.04698595777153969, 0.0, 0.0, 0.0017848160350695252, 0.11672243475914001, 0.0, 0.0010019370820373297, 0.06003597751259804, 0.0040449900552630424, 0.09158305823802948, 0.5131661295890808, 0.0, 0.3199117183685303, 0.16729407012462616, 0.5003147125244141, 0.7869924306869507, 0.0747436061501503, 0.2609548270702362, 0.589957594871521, 0.2517046332359314, 0.1346869319677353, 1.6551035642623901, 6.602152347564697, 2.3335037231445312, 0.28903502225875854, 2.163708209991455, 0.0, 0.0, 0.17404529452323914, 0.0, 0.014271777123212814, 0.3657570779323578, 0.038033515214920044, 0.0, 0.41864943504333496, 1.0771015882492065, 1.1287671327590942, 1.691902756690979, 0.4739031195640564, 0.0, 0.0, 0.0, 0.9680191278457642, 0.01675456389784813, 0.01847561076283455, 0.17123116552829742, 0.016893917694687843, 0.31308862566947937, 0.07719719409942627, 0.12872377038002014, 0.08168894052505493, 0.01280626468360424, 0.0011140545830130577, 1.0642192363739014, 0.0, 1.2154732942581177, 0.3158235251903534, 0.0, 1.1355016231536865, 1.1740463972091675, 0.752589762210846, 0.05695943906903267, 0.0, 0.24715910851955414, 3.7210676670074463, 0.0, 0.040228575468063354, 0.3236072361469269, 0.32476305961608887, 0.7180941700935364, 0.40467187762260437, 0.049882665276527405, 0.09661366790533066, 0.2726864814758301, 0.6614074110984802, 0.6368308067321777, 0.0, 1.2067276239395142, 0.31459420919418335, 1.73390793800354, 0.3044423460960388, 0.0016658257227391005, 0.7336247563362122, 0.44155579805374146, 0.02887059934437275, 0.6506989002227783, 0.09459754079580307, 3.8301124572753906, 0.6480183601379395, 0.18136084079742432, 0.42958274483680725, 2.8705379962921143, 1.03665292263031, 0.8874204754829407, 1.041658878326416, 0.4476030766963959, 0.35074135661125183, 5.473438262939453, 1.9637755155563354, 0.04056559130549431, 0.4542114734649658, 0.6159507632255554, 0.705804705619812, 0.1153261810541153, 0.003596909111365676, 0.0841326043009758, 0.11489250510931015, 0.29627659916877747, 0.4149346351623535, 2.1655397415161133, 0.6757773756980896, 0.5059787034988403, 0.26784881949424744, 0.4798613488674164, 0.06434279680252075, 0.33866384625434875, 1.5898618698120117, 0.013870136812329292, 0.015486069954931736, 2.1621992588043213, 0.6145398020744324, 1.6064057350158691, 0.03886120766401291, 4.853222370147705, 0.0, 0.03535386919975281, 0.07775083929300308, 0.681699812412262, 0.037129584699869156, 0.09427420794963837, 0.23256249725818634, 0.007737823761999607, 0.024528859183192253, 1.5477741956710815, 4.259974956512451, 0.3178325295448303, 0.03772836923599243, 0.22704532742500305, 2.006253480911255, 1.4038136005401611, 0.10747131705284119, 0.5439561009407043, 0.7373395562171936, 0.1155819371342659, 0.47967520356178284, 0.04583689570426941, 0.396936297416687, 0.13191281259059906, 0.16968543827533722, 0.06947165727615356, 0.5400209426879883, 1.4026936292648315, 0.7008922100067139, 0.053953785449266434, 0.8159601092338562, 0.8510777354240417, 0.02776818908751011, 0.042926374822854996, 6.549676895141602, 0.2661992609500885, 0.0, 3.0399558544158936, 0.1365521103143692, 0.6195430159568787, 0.539413571357727, 0.7861877083778381, 0.28640037775039673, 0.4283066689968109, 0.4602733552455902, 1.7786897420883179, 2.641274929046631, 0.09233871847391129, 0.06372252851724625, 1.3846639394760132, 0.13343651592731476, 0.2458961457014084, 2.287013053894043, 0.7304100394248962, 0.1447218805551529, 0.2675996422767639, 0.2355034500360489, 2.898245334625244, 2.1481940746307373, 0.49988582730293274, 0.012875196523964405, 0.15565645694732666, 0.7158058285713196, 0.174010768532753, 0.26101255416870117, 0.4045746922492981, 0.8082952499389648, 1.0463297367095947, 0.6332091093063354, 0.13965098559856415, 0.1863315999507904, 0.9831672310829163, 0.08489182591438293, 0.22069136798381805, 0.6420684456825256, 0.30610910058021545, 0.025221848860383034, 0.04817325249314308, 0.004387006629258394, 0.0857425406575203, 0.13091573119163513, 0.1551191806793213, 0.0, 2.1397337913513184, 0.07027497887611389, 0.05587533861398697, 0.0, 0.04791666194796562, 0.0, 0.0021406703162938356, 0.275411993265152, 0.11799410730600357, 0.37018492817878723, 0.0, 0.8809249997138977, 1.9736822843551636, 0.6156902313232422, 1.553389072418213, 1.0867351293563843, 0.5240776538848877, 0.3715837299823761, 1.905957579612732, 0.0, 0.8838915228843689, 0.0, 5.5723676681518555, 1.5241804122924805, 0.0, 0.0, 0.4852602481842041, 0.24574458599090576, 1.4458439350128174, 0.6190918684005737, 0.7460858225822449, 0.9845093488693237, 0.20730315148830414, 0.0, 0.6532264947891235, 2.5039758682250977, 0.011471262201666832, 0.29825422167778015, 0.5742372274398804, 0.7130928039550781, 0.0, 1.7916834354400635, 0.024797819554805756, 0.4942379295825958, 0.0, 0.0, 0.04348016902804375, 0.0, 1.2194886207580566, 2.2220394611358643, 0.7009023427963257, 0.3662990629673004, 0.4904220700263977, 0.0, 0.07485204935073853, 0.04624314606189728, 0.0031666902359575033, 0.21553045511245728, 3.027486801147461, 0.0019691719207912683, 0.18415048718452454, 4.3024702072143555, 0.6037205457687378, 0.18929345905780792, 0.5785129070281982, 1.1752138137817383, 0.735359251499176, 1.7217708826065063, 0.3394576907157898, 0.004649772774428129, 1.8118194341659546, 0.2129773050546646, 1.398377537727356, 1.0700815916061401, 0.10187263786792755, 8.507148742675781, 0.39053964614868164, 1.4447687864303589, 0.0, 0.415243536233902, 0.6565129160881042, 0.8166359066963196, 1.5140626430511475, 0.16066229343414307, 1.186849594116211, 0.2758646607398987, 0.17122595012187958, 0.20267561078071594, 0.7863443493843079, 0.00010762409510789439, 0.0035248971544206142, 0.19305694103240967, 1.9377529621124268, 0.376764178276062, 0.3035491406917572, 0.9885068535804749, 0.0, 0.14525936543941498, 0.2676820755004883, 0.8367738723754883, 0.045298848301172256, 0.014340930618345737, 0.23405912518501282, 0.07452588528394699, 0.14440001547336578, 2.8440656661987305, 0.4446578919887543, 0.5157453417778015, 0.0, 0.15182837843894958, 2.836671829223633, 0.18279032409191132, 0.7527300119400024, 0.9049201607704163, 0.14351153373718262, 0.41887375712394714, 0.4726385772228241, 0.1876658946275711, 0.3760332763195038, 0.06570439785718918, 0.0, 0.317111611366272, 0.0754106268286705, 0.11754156649112701, 0.6122279763221741, 0.12457036972045898, 0.7039408087730408, 0.887144923210144, 1.2009999752044678, 0.002528611570596695, 1.2368108034133911, 0.7167974710464478, 0.3837588429450989, 0.9292681813240051, 2.363656997680664, 0.016009178012609482, 0.7683242559432983, 0.6537907123565674, 2.352365016937256, 0.10755395144224167, 0.39100173115730286, 1.3312666416168213, 0.1897779405117035, 0.04932462424039841, 0.14638537168502808, 0.027758890762925148, 0.7259622812271118, 0.3700083792209625, 0.46324804425239563, 0.5214101672172546, 0.5674833059310913, 0.2797432839870453, 0.0, 0.0, 0.2677591145038605, 0.0058089010417461395, 0.011096905916929245, 0.014109117910265923, 0.7393373847007751, 0.4545991122722626, 0.0, 0.20193631947040558, 1.2262704372406006, 0.5370766520500183, 0.09839492291212082, 0.5569775104522705, 0.03470555692911148, 0.11515048146247864, 0.5448915958404541, 0.5281519293785095, 0.6333894729614258, 1.0872193574905396, 0.0, 0.0, 0.15456882119178772, 0.31802234053611755, 0.004395533353090286, 0.18979249894618988, 0.009774767793715, 0.1649690419435501, 0.07159899920225143, 1.1306140422821045, 0.5579947233200073, 0.00957742240279913, 2.3443603515625, 0.18896523118019104, 1.654807209968567, 2.005138874053955, 0.6993805170059204, 0.015461619943380356, 0.7548344731330872, 0.0, 0.00292612100020051, 0.1414804309606552, 0.011606041342020035, 0.14495915174484253, 0.17613135278224945, 0.4236956238746643, 0.4074772298336029, 1.165969729423523, 0.25346142053604126, 0.8340098857879639, 0.9928698539733887, 0.06259934604167938, 2.1607604026794434, 0.15962402522563934, 0.2478233128786087, 0.908058762550354, 0.19740526378154755, 0.34265249967575073, 0.3072826564311981, 0.6031272411346436, 0.019934995099902153, 0.3575224280357361, 4.909134387969971, 0.046041473746299744, 0.04267031326889992, 0.686890721321106, 0.012818370945751667, 1.2350537776947021, 0.0060144467279314995, 0.3708256185054779, 1.1733850240707397, 0.30430158972740173, 0.18636983633041382, 0.8300840258598328, 1.1420255899429321, 0.030264822766184807, 0.17959441244602203, 0.0, 0.030679192394018173, 0.0, 0.3712439239025116, 0.05245247483253479, 0.0, 0.0036238674074411392, 0.5906229615211487, 1.3106794357299805, 0.2132921814918518, 0.22372417151927948, 0.5034723877906799, 0.2767851948738098, 0.5165219902992249, 0.40620142221450806, 0.07291237264871597, 0.055014874786138535, 0.06807585060596466, 0.43310409784317017, 0.05818899720907211, 0.20137907564640045, 0.0, 0.0, 0.07528701424598694, 1.014358401298523, 0.07014283537864685, 0.962027907371521, 0.0533795990049839, 0.8394775986671448, 0.008267403580248356, 0.5684562921524048, 0.015793168917298317, 0.0, 0.060579728335142136, 2.423711061477661, 0.06886710226535797, 1.3242889642715454, 0.8412070274353027, 0.01929301768541336, 0.1377427875995636, 0.08193138986825943, 0.031117219477891922, 0.0, 0.5893222093582153, 0.0, 0.2886885404586792, 0.6573774218559265, 0.9948690533638, 4.552761554718018, 0.1367756575345993, 0.14871759712696075, 0.5438464283943176, 1.4931944608688354, 0.276157945394516, 0.03210686519742012, 0.11336521059274673, 0.4317037761211395, 0.4922776520252228, 0.4934997260570526, 0.00934283621609211, 1.426525354385376, 0.16546905040740967, 0.05874035879969597, 0.0, 0.6928293704986572, 2.7846567630767822, 0.04847009479999542, 0.0, 0.0, 0.03063783422112465, 0.2134230136871338, 1.9927834272384644, 1.055692434310913, 0.0, 0.0, 0.33001115918159485, 0.550585925579071, 0.0001320303708780557, 0.2720901668071747, 0.0, 0.1440678834915161, 0.06742233037948608, 0.0, 0.9458587169647217, 0.0639592707157135, 0.375466525554657, 0.1870749592781067, 0.02880856953561306, 0.6315839886665344, 0.0, 0.3375025689601898, 0.8195895552635193, 0.3265796899795532, 2.01538348197937, 0.3024941682815552, 0.40412449836730957, 0.6206573843955994, 1.1869994401931763, 1.96009361743927, 0.23230236768722534, 1.346053957939148, 0.02039967104792595, 0.0007396109285764396, 0.7011136412620544, 0.1891179233789444, 0.03674850985407829, 0.033449430018663406, 0.1290055513381958, 0.07605911791324615, 0.5041945576667786, 1.8337513208389282, 0.0, 0.0984668955206871, 0.9697075486183167, 0.0798020288348198, 0.07564806193113327, 0.05680841952562332, 0.2532796561717987, 0.5465476512908936, 2.83331298828125, 0.4161020517349243, 0.06260328739881516, 0.07490453869104385, 0.17694605886936188, 0.02421434037387371, 0.020473649725317955, 0.038517072796821594, 0.21596360206604004, 0.7629938125610352, 0.0, 1.1672812700271606, 0.5496023893356323, 0.8963419198989868, 0.1438525915145874, 3.824101448059082, 0.08512481302022934, 0.5949106216430664, 0.9576094746589661, 0.08855623006820679, 0.2487485408782959, 0.4982025623321533, 0.04503209888935089, 1.7706084251403809, 0.6884891986846924, 0.0, 0.05910459905862808, 1.1476494073867798, 0.7516379356384277, 0.0, 1.2285351753234863, 0.005174491088837385, 0.25140663981437683, 0.06840091943740845, 0.011744718067348003, 0.3644125759601593, 0.9720185995101929, 3.6963541507720947, 0.06153213605284691, 0.31446054577827454, 0.07058718800544739, 0.28319138288497925, 0.12531577050685883, 0.03649360314011574, 0.10452242940664291, 0.588215708732605, 0.0, 0.0014999399427324533, 0.19261373579502106, 0.4157169461250305, 0.11840815097093582, 0.033682506531476974, 0.0, 2.150810480117798, 0.0012802736600860953, 0.033783599734306335, 0.5963261127471924, 0.0, 1.2059919834136963, 1.8147718906402588, 0.31290844082832336, 0.13960421085357666, 0.08848164975643158, 0.031216105446219444, 0.017620721831917763, 0.3849591612815857, 1.0505051612854004, 0.0, 1.1323390007019043, 0.0, 0.76226806640625, 1.9170582294464111, 0.15322141349315643, 0.5366361141204834, 0.0, 1.9969689846038818, 0.015635782852768898, 0.17672374844551086, 0.6242890954017639, 2.2110934257507324, 0.5005574822425842, 0.44377556443214417, 0.4501626193523407, 0.17322777211666107, 0.3218572437763214, 0.7186850905418396, 0.9187942147254944, 0.45952463150024414, 0.05303627997636795, 0.5993084907531738, 0.06022803485393524, 3.5970258712768555, 0.011350251734256744, 0.012158929370343685, 0.2818114161491394, 0.3254375755786896, 0.06041458621621132, 0.16260020434856415, 1.1160858869552612, 3.8116343021392822, 0.13882790505886078, 2.2065956592559814, 0.5180519223213196, 2.494173049926758, 0.11186391115188599, 0.05762505158782005, 0.46299806237220764, 0.2276175171136856, 0.5944860577583313, 1.4993520975112915, 0.075679250061512, 0.07700081169605255, 0.0689016580581665, 0.08502436429262161, 2.5517570972442627, 0.03302161023020744, 0.9420614242553711, 0.4338833689689636, 0.49446815252304077, 0.06987739354372025, 0.04421968758106232, 0.4701942205429077, 0.5309035778045654, 0.7553678750991821, 1.6853971481323242, 0.028809472918510437, 0.026414992287755013, 3.5715465545654297, 0.696800172328949, 0.36882567405700684, 0.0, 0.7676535844802856, 0.2300606369972229, 0.11053025722503662, 0.5334851741790771, 0.5783452987670898, 0.03551681339740753, 2.428955078125, 0.04199419543147087, 1.0298975706100464, 1.8473771810531616, 0.25267550349235535, 0.10287975519895554, 1.6845941543579102, 0.04281099513173103, 0.9417724609375, 0.2653323709964752, 5.293117046356201, 0.4787108898162842, 2.0068085193634033, 0.4892067313194275, 1.8872145414352417, 0.0007086286786943674, 1.57015061378479, 0.20474356412887573, 1.4350306987762451, 0.34101516008377075, 0.11869435757398605, 0.2561427056789398, 0.0, 0.1572827249765396, 1.2241326570510864, 0.6081891655921936, 0.007131632417440414, 0.9294710755348206, 0.6322662830352783, 2.2139124870300293, 2.8251895904541016, 0.024023260921239853, 0.32613226771354675, 0.022752219811081886, 0.12900516390800476, 0.0061228470876812935, 0.4273689091205597, 0.14432555437088013, 0.054197221994400024, 1.6560739278793335, 2.0005042552948, 0.0, 1.0650644302368164, 0.05406150966882706, 0.3409454822540283, 0.2324114888906479, 0.0, 0.2055300921201706, 0.013883196748793125, 3.374814748764038, 0.06660467386245728, 0.14834849536418915, 1.381537914276123, 2.893509864807129, 0.0, 0.10875699669122696, 0.017171412706375122, 0.06829844415187836, 0.4182529151439667, 0.27648189663887024, 0.8285970687866211, 0.0, 0.6130110621452332, 0.01534061785787344, 0.1943550556898117, 0.01665731891989708, 3.496314287185669, 0.09239926934242249, 0.13052186369895935, 0.13246417045593262, 0.06926470994949341, 0.12878312170505524, 0.642002522945404, 0.0, 0.02803046815097332, 7.6544694900512695, 0.3137989044189453, 0.09898312389850616, 0.400720477104187, 0.057205915451049805, 0.9016994833946228, 0.0, 0.005094182677567005, 0.11784689873456955, 0.22681602835655212, 0.003335776273161173, 0.09830930083990097, 0.222451314330101, 1.5290628671646118, 0.0903552770614624, 0.023775281384587288, 0.0, 0.24042358994483948, 0.33863604068756104, 0.0037470520474016666, 0.4806537926197052, 0.6931407451629639, 0.4314517080783844, 0.26172029972076416, 0.48321545124053955, 0.0, 0.24688199162483215, 0.24957804381847382, 0.32682058215141296, 0.37233927845954895, 0.0073550245724618435, 0.14325270056724548, 0.7809910774230957, 0.09946652501821518, 0.07329655438661575, 0.02173403836786747, 0.7562927007675171, 0.21525493264198303, 0.36719968914985657, 0.15923108160495758, 0.0, 0.2759438455104828, 0.13826969265937805, 0.5847675800323486, 0.08922839909791946, 0.644364595413208, 0.0, 1.0320525169372559, 0.0581369586288929, 1.320486068725586, 0.3141648769378662, 0.0034939537290483713, 0.726387083530426, 0.21836984157562256, 0.849220871925354, 0.09954648464918137, 0.026694169268012047, 1.264356255531311, 0.33939963579177856, 0.007045322563499212, 0.006457474548369646, 1.2012096643447876, 0.0, 3.243966579437256, 0.020893046632409096, 0.21970969438552856, 0.06223699077963829, 0.26834574341773987, 0.0, 0.7636253237724304, 0.43642017245292664, 0.14364592730998993, 0.19258879125118256, 0.16052304208278656, 0.06325143575668335, 4.483164310455322, 0.4742618501186371, 0.9703612327575684, 0.19407221674919128, 0.0809638500213623, 1.0761878490447998, 0.002699893433600664, 0.2784821391105652, 0.8155282735824585, 1.2123277187347412, 0.0, 0.1991753876209259, 0.8177386522293091, 0.6391794085502625, 0.10140717029571533, 0.2092907577753067, 0.06054028868675232, 0.005632244981825352, 0.12425050139427185, 0.009602057747542858, 0.34042856097221375, 0.18188321590423584, 1.137069582939148, 0.4727430045604706, 0.729676365852356, 0.011926261708140373, 0.10713246464729309, 0.06608779728412628, 0.17845575511455536, 0.047923214733600616, 3.399498701095581, 0.3381929099559784, 0.0054349168203771114, 0.49710574746131897, 0.0204914640635252, 2.748518228530884, 1.9870169162750244, 0.15662133693695068, 0.3241082727909088, 1.7212090492248535, 0.0, 0.6007579565048218, 0.004250694066286087, 0.4863201081752777, 0.07288038730621338, 0.8313707709312439, 0.05494045838713646, 1.2274572849273682, 1.1402877569198608, 2.0016958713531494, 0.03040260262787342, 2.3618669509887695, 0.286283403635025, 0.020530106499791145, 0.7252896428108215, 0.1461181789636612, 0.027202200144529343, 0.0, 1.1884251832962036, 0.09209438413381577, 0.49020639061927795, 0.19542962312698364, 1.503841757774353, 1.6648551225662231, 0.025283215567469597, 0.6535099744796753, 0.027329152449965477, 1.232698678970337, 0.002473721746355295, 0.26157835125923157, 0.3035573959350586, 0.12796518206596375, 0.12142384052276611, 0.07946745306253433, 1.8790802955627441, 1.3890025615692139, 0.13375556468963623, 0.0976046547293663, 0.0, 0.170284703373909, 0.018598277121782303, 0.0, 3.262152910232544, 0.12450198829174042, 0.8383087515830994, 0.006886696442961693, 0.1972089558839798, 0.018691232427954674, 0.2983522117137909, 0.2849332392215729, 0.0, 0.0, 0.04425135254859924, 0.41123324632644653, 0.41371843218803406, 0.39441627264022827, 0.126872256398201, 0.19172632694244385, 0.040410663932561874, 0.0, 0.7169560790061951, 2.0701301097869873, 0.2793959379196167, 0.03698107972741127, 0.23752255737781525, 0.6120210886001587, 0.0, 0.5964345932006836, 0.0005633514956571162, 1.622837781906128, 0.0778004378080368, 1.2646267414093018, 0.06320280581712723, 0.22841225564479828, 0.5759648680686951, 0.22174134850502014, 0.0, 0.0, 0.842595636844635, 0.32467886805534363, 1.6539902687072754, 0.6371215581893921, 0.6916993856430054, 0.9802914261817932, 0.6081305742263794, 0.19391250610351562, 1.1778432130813599, 1.0017517805099487, 2.172795295715332, 0.705314576625824, 0.4355597198009491, 1.856248140335083, 0.02606283314526081, 0.4239436089992523, 1.9391915798187256, 0.39460816979408264, 0.0409223735332489, 0.1366506665945053, 0.4738956391811371, 2.4000601768493652, 0.03182242438197136, 0.0, 0.4525335133075714, 0.01440837699919939, 0.7358500361442566, 0.012823542580008507, 0.009182990528643131, 0.02115025371313095, 0.4484860599040985, 1.7779037952423096, 0.17627088725566864, 0.026116522029042244, 0.0, 2.9943675994873047, 0.5804961323738098, 0.05645865201950073, 0.0, 0.0, 0.08174246549606323, 0.039735764265060425, 0.021837664768099785, 0.11146257072687149, 0.09531262516975403, 0.44685301184654236, 0.0, 0.016606926918029785, 3.698061227798462, 0.21785488724708557, 0.017279328778386116, 1.0248218774795532, 0.0, 0.15359236299991608, 0.680142879486084, 0.29731523990631104, 1.3189382553100586, 0.03349388390779495, 0.09203744679689407, 2.1129279136657715, 0.20808686316013336, 0.9430867433547974, 3.0563395023345947, 0.30684468150138855, 0.14924100041389465, 3.946963310241699, 0.3564227223396301, 1.3143212795257568, 0.30647122859954834, 0.013195901177823544, 0.03275875374674797, 1.1358232498168945, 0.06988086551427841, 0.24266281723976135, 1.9980851411819458, 0.08937679976224899, 0.2663058042526245, 0.6284456253051758, 2.788947343826294, 0.005149276927113533, 1.0649570226669312, 0.6318002939224243, 0.5944439768791199, 0.48306912183761597, 0.8884832262992859, 1.1306105852127075, 0.0, 0.0, 5.316931247711182, 0.0, 0.011460145935416222, 0.005598102230578661, 0.25599589943885803, 1.0369672775268555, 0.1349896937608719, 2.2158520221710205, 0.07231269776821136, 0.2823379933834076, 0.5049496293067932, 0.0, 0.10459473729133606, 0.2975943386554718, 0.9005666971206665, 0.3116363286972046, 1.7533074617385864, 2.4062442779541016, 0.9327110648155212, 0.01612759567797184, 0.0, 0.015178429894149303, 0.2722344994544983, 0.3511769771575928, 0.3078869879245758, 0.004689951427280903, 0.15144029259681702, 1.242255449295044, 0.0, 1.1008766889572144, 1.8699384927749634, 0.6904555559158325, 0.0343276709318161, 0.002098450902849436, 0.33779382705688477, 0.044076502323150635, 1.6812433004379272, 0.0, 0.1062755212187767, 0.0, 0.008316827937960625, 0.0, 0.18881258368492126, 0.6570335030555725, 0.20997865498065948, 0.15968546271324158, 0.00013813437544740736, 0.2333957850933075, 0.928887665271759, 0.27119460701942444, 0.4784281849861145, 0.09931603074073792, 0.1967216283082962, 0.3125820457935333, 1.1468098163604736, 0.0, 0.2494761049747467, 0.8202036023139954, 0.32074305415153503, 0.24680398404598236, 0.07057899981737137, 0.033639222383499146, 0.0, 0.27620089054107666, 0.056180018931627274, 0.538922905921936, 0.1918351948261261, 0.514153242111206, 0.529148280620575, 0.11386597156524658, 1.3571758270263672, 0.11317773908376694, 0.6115742325782776, 0.19807320833206177, 0.0237873662263155, 0.09067262709140778, 0.05222039669752121, 0.21494756639003754, 0.03438683599233627, 0.41842198371887207, 0.0, 0.09258606284856796, 0.22039005160331726, 0.1660379320383072, 0.004988446366041899, 1.1860923767089844, 0.021589435636997223, 0.15070010721683502, 0.06841037422418594, 0.054268818348646164, 0.6761789917945862, 1.241421103477478, 1.2017931938171387, 0.7808730602264404, 1.5682357549667358, 1.706610083580017, 0.3962806463241577, 1.29053795337677, 0.6342418193817139, 0.0375155508518219, 1.7936848402023315, 1.2485774755477905, 0.3992631435394287, 0.383664071559906, 0.3272099494934082, 0.13960175216197968, 0.00891843345016241, 0.10659894347190857, 0.43016406893730164, 0.13636063039302826, 0.37276116013526917, 0.011306884698569775, 0.6921095848083496, 0.057782888412475586, 0.20601463317871094, 0.22192426025867462, 0.0, 0.31605640053749084, 0.33789607882499695, 1.3824167251586914, 2.220073699951172, 0.049272723495960236, 0.8646520376205444, 0.004837571177631617, 0.5883020162582397, 0.28376659750938416, 0.2216292768716812, 0.047919340431690216, 1.6152387857437134, 0.2247636616230011, 0.4017600119113922, 0.00923987291753292, 5.67728853225708, 7.51480765757151e-05, 0.4108245372772217, 0.007682569324970245, 0.6890103220939636, 0.06563959270715714, 0.12403056025505066, 0.0, 0.30011942982673645, 0.018842142075300217, 0.2586134374141693, 0.05838834494352341, 0.016932399943470955, 0.0, 0.12398362904787064, 0.0, 5.355842590332031, 0.6295225024223328, 0.8085245490074158, 0.0, 0.0, 2.355992317199707, 0.002283568261191249, 1.7385884523391724, 0.041947830468416214, 0.3579294681549072, 0.4998381733894348, 0.07373596727848053, 4.453494548797607, 0.11720464378595352, 0.10900043696165085, 0.17835044860839844, 0.1453947126865387, 1.135542869567871, 0.12435010820627213, 0.29549989104270935, 0.1057843491435051, 0.10492277890443802, 0.0, 0.5842925906181335, 0.0, 0.04164613038301468, 0.43967366218566895, 0.2093910276889801, 5.155625820159912, 0.2332790493965149, 0.0, 0.04922524094581604, 0.844847559928894, 0.4358311891555786, 0.0, 1.506810188293457, 0.19259388744831085, 0.0, 2.172492265701294, 10.01519775390625, 0.2640340030193329, 0.19201263785362244, 0.7674466371536255, 0.180913046002388, 0.12277526408433914, 0.8574464917182922, 0.9495248794555664, 0.1369742453098297, 0.2740738093852997, 0.4435572326183319, 0.97350013256073, 0.6358215808868408, 0.015765350311994553, 0.35285046696662903, 0.21331143379211426, 0.46226346492767334, 0.0, 0.05763944238424301, 0.3252406120300293, 0.2936766743659973, 1.0053391456604004, 0.040423642843961716, 0.061898376792669296, 0.005039879120886326, 0.568115770816803, 0.0, 2.470508575439453, 0.0, 0.13196499645709991, 0.03898722678422928, 0.1858411580324173, 0.333818644285202, 0.0, 2.56101393699646, 0.0, 0.7765898704528809, 0.23138438165187836, 0.09410345554351807, 1.1054790019989014, 0.1810191422700882, 0.6234403252601624, 1.9342366456985474, 0.33926087617874146, 0.04440900683403015, 1.5312128067016602, 0.15255407989025116, 0.0, 0.5290955305099487, 0.4395868480205536, 2.580420970916748, 0.702171802520752, 3.6176841259002686, 0.05144873261451721, 0.0, 0.46321025490760803, 0.33176857233047485, 2.1072323322296143, 0.6689043045043945, 0.1339975893497467, 0.0007449023541994393, 1.9546449184417725, 0.7896872758865356, 1.1661728620529175, 0.0, 0.5274708271026611, 0.17010566592216492, 0.014625106938183308, 0.0, 0.22500298917293549, 0.5190459489822388, 0.33739206194877625, 0.8503566384315491, 0.2580142915248871, 3.458169937133789, 1.0764029026031494, 0.0, 0.8981882929801941, 1.1065958738327026, 0.052702464163303375, 0.4304332435131073, 1.0789119005203247, 0.7945039868354797, 0.21457773447036743, 0.8108522891998291, 0.15542492270469666, 0.1932581067085266, 0.001984095200896263, 0.26804178953170776, 0.0, 0.0, 0.2888975739479065, 0.3776496648788452, 0.15482904016971588, 1.0850093364715576, 0.5639124512672424, 0.0, 0.14410622417926788, 1.4966135025024414, 0.031730856746435165, 0.11947011202573776, 0.02328992821276188, 0.5420635342597961, 0.7081747055053711, 0.6130661964416504, 0.8499031066894531, 0.0, 0.3959539830684662, 1.65669846534729, 5.6444268226623535, 0.12445459514856339, 0.38504406809806824, 0.2993398904800415, 0.07482901215553284, 0.5444567799568176, 0.0018295268528163433, 1.3889468908309937, 0.4726407825946808, 0.07028332352638245, 0.7027842998504639, 0.581235408782959, 0.15930664539337158, 0.12314984947443008, 0.20186558365821838, 1.1776190996170044, 0.36781612038612366, 0.5536367297172546, 0.015042893588542938, 0.32210612297058105, 0.8950995802879333, 1.588637113571167, 0.15863214433193207, 0.07333245873451233, 0.05493384972214699, 0.021552013233304024, 0.513264536857605, 0.03425128757953644, 1.0807409286499023, 0.1316220760345459, 0.9034180641174316, 0.11657673120498657, 1.3988388776779175, 0.5054835677146912, 0.07670539617538452, 1.3165078163146973, 0.44891613721847534, 0.0, 0.009802412241697311, 0.20450425148010254, 0.5227680802345276, 0.3689836263656616, 1.5346711874008179, 0.07060511410236359, 0.3370669186115265, 0.07400950789451599, 0.0, 2.1262967586517334, 0.6457459330558777, 0.6231106519699097, 0.0, 0.2636740207672119, 0.10837799310684204, 1.575425148010254, 0.8557129502296448, 0.0, 0.5020444393157959, 0.0, 0.09626296907663345, 0.014445251785218716, 1.375946044921875, 0.09209748357534409, 0.07111580669879913, 0.20411576330661774, 0.08111175894737244, 0.2843274176120758, 1.7432372570037842, 0.225065216422081, 0.095594123005867, 0.9556574821472168, 0.07409827411174774, 0.015318687073886395, 0.07478906959295273, 0.3010706901550293, 0.43452462553977966, 3.3981547355651855, 0.29006898403167725, 0.3604539632797241, 0.5528950095176697, 1.07558012008667, 1.5211552381515503, 0.24553650617599487, 0.0325683057308197, 0.9157366752624512, 0.42190173268318176, 0.21324829757213593, 0.17426662147045135, 0.44914108514785767, 0.7568544745445251, 0.6963567733764648, 0.30423504114151, 0.0, 0.7076827883720398, 0.05798112973570824, 0.6865900754928589, 0.05408567190170288, 0.29906708002090454, 0.0, 0.13077512383460999, 0.0, 2.4085168838500977, 0.02173501066863537, 1.1294071674346924, 0.034434664994478226, 0.42359134554862976, 0.08706139773130417, 0.2071894109249115, 0.0, 0.18839621543884277, 0.0654810220003128, 1.2515321969985962, 0.42649412155151367, 1.0406588315963745, 0.1824682354927063, 0.0, 0.9422670602798462, 0.5968793034553528]",Testing/glioma_tumor/image(31).jpg
"[0.013880060985684395, 0.8401211500167847, 0.0, 0.5256392359733582, 0.42858070135116577, 0.16333578526973724, 2.6245930194854736, 0.002355471020564437, 0.019948188215494156, 0.0, 0.0358273908495903, 0.0540822297334671, 0.0, 0.481559157371521, 0.0022089360281825066, 0.0, 0.06655936688184738, 0.6970125436782837, 0.12325935810804367, 0.017541376873850822, 0.32888734340667725, 0.656038761138916, 0.16762085258960724, 0.011478409171104431, 0.7647907733917236, 0.1034487709403038, 3.082960367202759, 0.11745625734329224, 0.0, 0.001435912330634892, 0.03021189570426941, 0.14209122955799103, 0.5689253807067871, 1.0254713296890259, 0.07010816037654877, 0.18016211688518524, 0.004660844802856445, 0.748985767364502, 0.1214304268360138, 0.12995263934135437, 2.485077142715454, 1.0719407796859741, 0.0, 0.08264913409948349, 0.0, 0.0, 0.06796517968177795, 0.0, 0.0, 0.06604456156492233, 0.35887640714645386, 0.6008065342903137, 1.3678081035614014, 0.10666289925575256, 1.7060456275939941, 1.805637001991272, 0.019520992413163185, 0.057757262140512466, 0.044579554349184036, 0.03628607839345932, 0.532568633556366, 1.8805094957351685, 0.34254440665245056, 1.7356150150299072, 0.36890560388565063, 0.0, 0.18526875972747803, 0.1383301019668579, 1.2480132579803467, 0.0, 0.18653912842273712, 0.059731319546699524, 0.0, 0.9425302743911743, 0.4639502465724945, 0.11299251765012741, 0.8633880019187927, 0.12276190519332886, 0.0, 0.5928402543067932, 0.0, 0.0, 1.5497634410858154, 0.0, 1.291106104850769, 0.029076876118779182, 1.5222415924072266, 0.348965048789978, 0.05710020661354065, 0.0008867711294442415, 0.19503460824489594, 0.4398697018623352, 0.0, 0.7355280518531799, 0.008487518876791, 0.05296175926923752, 0.26737895607948303, 0.05454206466674805, 0.299392431974411, 0.5116512775421143, 0.024051250889897346, 0.7982475161552429, 0.0, 0.008065145462751389, 0.9281642436981201, 0.22033444046974182, 0.8101962208747864, 0.281060129404068, 0.0751524344086647, 1.3579163551330566, 0.0, 0.11647453904151917, 0.07620410621166229, 0.03716867044568062, 0.6834505796432495, 0.01402638852596283, 0.0, 0.6881677508354187, 0.0, 0.04663083329796791, 0.07161187380552292, 0.0, 0.0, 0.24774526059627533, 0.16630204021930695, 0.6003661751747131, 0.09755321592092514, 0.1433846354484558, 1.1473019123077393, 0.0, 0.0, 1.6138978004455566, 0.06554444134235382, 0.15585044026374817, 0.0, 0.0, 0.686656653881073, 0.039118196815252304, 0.0, 0.44982609152793884, 0.6114576458930969, 0.012087862938642502, 0.010036672465503216, 0.029311776161193848, 0.12985152006149292, 0.0, 0.09120967239141464, 2.106438159942627, 0.01229297835379839, 0.24552695453166962, 0.6230620741844177, 1.5135442018508911, 0.3105967044830322, 0.0702710673213005, 0.0, 0.7291593551635742, 0.0, 0.0, 2.730452537536621, 0.0, 0.4815003573894501, 0.011084026657044888, 0.0, 0.01983392797410488, 0.026964394375681877, 0.0, 1.2082810401916504, 0.11878292262554169, 0.06643979251384735, 5.593319416046143, 1.3070168495178223, 0.010799276642501354, 0.0, 0.33473920822143555, 1.3993521928787231, 0.21013009548187256, 0.003347895573824644, 0.18986931443214417, 0.0, 0.8105217218399048, 0.0, 0.01088714599609375, 0.38096189498901367, 0.03782959654927254, 0.4075296223163605, 1.0013601779937744, 0.34798815846443176, 0.08779489994049072, 0.11184797435998917, 0.0, 0.007791689597070217, 0.09209375828504562, 0.0070236967876553535, 0.03586754575371742, 0.0, 0.48338714241981506, 0.05961276963353157, 0.3373621702194214, 0.15033242106437683, 0.05141255259513855, 1.703542709350586, 0.13522247970104218, 0.0, 0.0, 1.3999660015106201, 1.4919939041137695, 0.0, 0.0, 0.7961267232894897, 0.023750538006424904, 0.2225928008556366, 0.8297788500785828, 0.013005359098315239, 0.5492096543312073, 0.03196113929152489, 1.6760207414627075, 0.09321123361587524, 0.055835284292697906, 0.026204241439700127, 0.0, 0.04790350794792175, 0.3215029835700989, 3.4902894496917725, 0.0794166624546051, 0.0, 1.1825854778289795, 0.42919230461120605, 0.04832034558057785, 1.4818522930145264, 0.1660720705986023, 0.5366838574409485, 0.2742079496383667, 0.12070111185312271, 1.3106516599655151, 0.16488102078437805, 0.4135127663612366, 0.0, 0.24366594851016998, 0.01472441479563713, 1.0620232820510864, 0.06821729987859726, 0.7488016486167908, 1.772031307220459, 0.019820434972643852, 0.022610140964388847, 0.03995899856090546, 0.2959980368614197, 0.5735770463943481, 0.05144839361310005, 0.46462303400039673, 0.44569388031959534, 0.043315060436725616, 0.28988003730773926, 0.03658903390169144, 0.10640329867601395, 0.14917482435703278, 0.014568053185939789, 1.5427227020263672, 0.02605341374874115, 0.06002938002347946, 0.0, 0.015981823205947876, 0.4395539462566376, 0.04976477846503258, 0.04608885198831558, 0.0, 0.049752362072467804, 0.003275778843089938, 0.0, 0.0, 0.8206562995910645, 0.18933141231536865, 1.5056875944137573, 0.03372037038207054, 2.3431713581085205, 0.13296237587928772, 0.11550867557525635, 0.31510451436042786, 1.1070572137832642, 0.0, 1.0949273109436035, 0.0, 0.8302691578865051, 0.08022704720497131, 0.281976580619812, 1.0912199020385742, 0.9581757187843323, 0.03492114320397377, 0.016624052077531815, 0.03336646780371666, 0.3184942603111267, 0.32983967661857605, 0.00429077073931694, 0.0, 0.04172341525554657, 2.7435414791107178, 0.062273211777210236, 0.02719031274318695, 0.6130310893058777, 0.0, 0.5818667411804199, 0.0, 2.9146006107330322, 0.6634759902954102, 0.7406517267227173, 0.20822924375534058, 0.0, 0.6031080484390259, 0.0, 0.7898648381233215, 0.17714835703372955, 1.7252702713012695, 0.17756201326847076, 0.4133571982383728, 0.32254788279533386, 0.31648191809654236, 1.1061840057373047, 0.046805012971162796, 0.0, 0.1548265665769577, 0.12153921276330948, 0.09450563043355942, 0.0, 0.051015835255384445, 0.0, 0.0, 0.5608125925064087, 0.5060124397277832, 2.3808794021606445, 0.43273916840553284, 0.0, 0.027438554912805557, 0.5551109910011292, 1.0232793092727661, 0.0, 0.0, 1.7771703004837036, 0.2013215869665146, 1.2624284029006958, 0.25350022315979004, 0.11535479128360748, 0.29678335785865784, 0.9222287535667419, 0.0, 0.0, 0.1056591272354126, 0.2555631995201111, 0.028326962143182755, 0.04814577102661133, 0.3378413915634155, 0.01538736280053854, 0.44972848892211914, 0.4861995577812195, 0.2252298891544342, 0.17322786152362823, 0.01976197026669979, 0.06324726343154907, 0.019347716122865677, 0.20170168578624725, 0.1706177294254303, 0.15801696479320526, 1.2127318382263184, 0.15298831462860107, 0.9775715470314026, 0.9932644963264465, 0.3308156728744507, 0.18375906348228455, 0.03012767806649208, 0.9114184975624084, 0.2701181173324585, 0.0, 0.020823296159505844, 2.174909830093384, 2.5688862800598145, 0.09858465939760208, 0.0, 2.105595827102661, 0.0172494575381279, 0.10010115057229996, 0.0, 0.7867347598075867, 0.3674154579639435, 0.0, 0.0, 0.5678439140319824, 0.025661468505859375, 1.6869077682495117, 0.5989869832992554, 0.0, 0.07774852961301804, 0.0, 0.0043599167838692665, 0.27216172218322754, 0.1471233367919922, 0.15383458137512207, 3.999298095703125, 0.0, 0.08423127979040146, 0.011220289394259453, 0.22941873967647552, 0.7394920587539673, 0.0, 0.016652816906571388, 0.1789708435535431, 0.04678214341402054, 2.779402494430542, 0.18340033292770386, 0.022305011749267578, 0.7625666856765747, 0.6843976378440857, 0.0, 0.0, 0.15631811320781708, 0.0, 0.057516444474458694, 1.2759238481521606, 0.004263663664460182, 0.23301124572753906, 0.025611406192183495, 0.2697526514530182, 0.5689218640327454, 0.007854760624468327, 0.0144083546474576, 0.4262727200984955, 0.3681594729423523, 0.029311299324035645, 0.027695447206497192, 0.36284559965133667, 0.00023161634453572333, 0.0, 0.25633540749549866, 0.03657206520438194, 2.004760265350342, 0.0997493714094162, 0.3997657299041748, 2.824211359024048, 0.036130454391241074, 4.359158039093018, 0.29802194237709045, 0.0, 0.4646649956703186, 0.0, 0.25315147638320923, 0.03512800857424736, 0.433197557926178, 0.0, 0.0, 0.42276856303215027, 0.2941816449165344, 0.19180363416671753, 0.23435840010643005, 0.01844394952058792, 0.06910650432109833, 0.0, 0.0, 0.14836621284484863, 0.18008264899253845, 0.24336253106594086, 0.07505625486373901, 1.5203100442886353, 0.05383775010704994, 0.349163681268692, 0.9193361401557922, 0.21917939186096191, 0.004614321514964104, 0.0, 0.0, 0.018152255564928055, 0.0558629147708416, 0.4698088467121124, 0.0, 0.22675840556621552, 0.17441724240779877, 0.624843180179596, 0.07543820142745972, 0.040536392480134964, 0.0, 0.0, 0.0004585081187542528, 0.5658340454101562, 0.946158766746521, 0.042979881167411804, 0.6530172824859619, 0.44824281334877014, 0.0, 0.3508751094341278, 0.0, 0.0, 0.5333672761917114, 0.0, 0.10026981681585312, 2.377079486846924, 0.15891186892986298, 0.17596688866615295, 3.1585774421691895, 0.04505649954080582, 0.0, 0.6143167614936829, 1.6779229640960693, 0.1990230679512024, 0.0037241687532514334, 0.001635388471186161, 0.0, 5.787578582763672, 0.329629510641098, 0.2650819420814514, 0.058882907032966614, 0.14330166578292847, 0.06824124604463577, 0.020406773313879967, 0.0, 0.19252260029315948, 0.04799633100628853, 0.5474883913993835, 0.1924949586391449, 0.07681704312562943, 0.03631952404975891, 0.11333069205284119, 0.0, 0.06478027999401093, 0.06720089167356491, 0.0, 0.06239166483283043, 0.055186036974191666, 0.0, 0.5809199810028076, 0.0, 0.0, 0.704307496547699, 1.7491205930709839, 0.2720244228839874, 1.1270111799240112, 0.618661642074585, 4.497204303741455, 0.11980412155389786, 0.2340819239616394, 1.7855764627456665, 0.23276375234127045, 0.0, 0.14342890679836273, 0.07053011655807495, 0.0, 0.1857306957244873, 0.3019328713417053, 0.4098101258277893, 1.2829151153564453, 0.0, 0.026634035632014275, 0.5969967842102051, 0.08077065646648407, 0.13154730200767517, 0.0, 0.24442361295223236, 0.0, 0.21328167617321014, 1.511117696762085, 0.3638254702091217, 0.0, 0.0, 0.03376626968383789, 1.9006917476654053, 0.30285030603408813, 0.6099224090576172, 0.010850059799849987, 0.0, 0.0903463363647461, 0.5371777415275574, 0.2956332266330719, 1.5002405643463135, 0.24611462652683258, 0.7557013630867004, 0.36007410287857056, 0.4345625340938568, 0.07967725396156311, 0.09447761625051498, 0.9839035272598267, 0.0, 0.8413800597190857, 0.005350674968212843, 0.03165498003363609, 0.8814399838447571, 0.0, 0.0021038250997662544, 0.03484645113348961, 0.0, 0.0, 0.16250944137573242, 0.014265771023929119, 0.0, 0.014984150417149067, 0.014567366801202297, 0.06633590161800385, 0.04367199167609215, 0.0, 0.0, 0.20533771812915802, 0.0, 0.0, 0.0122757563367486, 0.3537377715110779, 0.7759782671928406, 0.0, 4.152340412139893, 0.4500616490840912, 0.0042615835554897785, 0.23042133450508118, 0.3390347361564636, 0.06159844249486923, 0.039291705936193466, 1.5475397109985352, 0.09280993044376373, 0.0020795792806893587, 0.0321829617023468, 0.22335423529148102, 0.0, 0.059426676481962204, 0.0, 0.0, 0.0, 0.4035240411758423, 0.2990899682044983, 0.0, 3.222731351852417, 0.11133542656898499, 1.042463779449463, 0.16950350999832153, 0.01854299008846283, 0.16962513327598572, 0.3358485996723175, 0.006016473285853863, 0.06513163447380066, 0.08498872071504593, 0.2985610365867615, 0.0, 0.0, 0.0, 0.0, 0.0, 0.03189871832728386, 0.15230979025363922, 2.316883087158203, 0.0, 1.3260717391967773, 0.27738136053085327, 0.0, 0.10284601151943207, 2.4416236877441406, 0.085790254175663, 0.14808999001979828, 0.0, 1.0930423736572266, 0.2769397497177124, 0.013930583372712135, 0.0, 2.6578004360198975, 0.05347801744937897, 0.5740004181861877, 0.48812684416770935, 0.20598691701889038, 0.0, 0.5336085557937622, 0.27371665835380554, 0.09756394475698471, 0.013459322042763233, 1.0148258209228516, 0.0, 0.41305938363075256, 0.06296469271183014, 0.2713558077812195, 0.8199208378791809, 0.0, 0.03266948461532593, 0.07609658688306808, 0.0, 0.0, 0.3146474361419678, 0.0, 0.0, 0.1901555210351944, 1.6154810190200806, 1.5137624740600586, 0.0, 0.015980543568730354, 0.23995734751224518, 1.365322232246399, 0.31951990723609924, 0.008593790233135223, 0.17704154551029205, 0.1263834685087204, 0.15446138381958008, 0.0, 0.0013257921673357487, 0.011522472836077213, 0.02173582836985588, 0.1525384783744812, 0.16686084866523743, 0.4731357991695404, 0.07574941962957382, 0.025814158841967583, 0.0, 0.3774265646934509, 0.28204038739204407, 0.510808527469635, 0.0, 0.09769760817289352, 0.018844546750187874, 2.4012162685394287, 0.6202405095100403, 1.4530318975448608, 0.0, 3.1951448917388916, 0.022987212985754013, 0.11803524941205978, 0.0, 0.2504597008228302, 0.0, 0.0540112629532814, 0.0, 0.019622717052698135, 0.0, 0.09968150407075882, 2.8735272884368896, 0.0, 0.08480792492628098, 0.02858653850853443, 1.8322279453277588, 1.7187855243682861, 0.9957202076911926, 0.5575035810470581, 0.6886064410209656, 0.1340874433517456, 1.0519001483917236, 0.05664971470832825, 0.5610114932060242, 1.400363564491272, 0.32068708539009094, 0.12997034192085266, 0.41101789474487305, 0.30722734332084656, 0.44195443391799927, 0.24008363485336304, 0.005032853223383427, 2.668764352798462, 0.0, 0.04317222908139229, 1.4368888139724731, 0.15587292611598969, 0.0, 0.5095031261444092, 0.010301725938916206, 1.3905482292175293, 0.5270493030548096, 0.0, 0.0, 0.5069811940193176, 0.0, 1.1049370765686035, 0.0032216699328273535, 0.14991694688796997, 0.02739695832133293, 1.2040293216705322, 0.17525239288806915, 1.0093257427215576, 1.0385812520980835, 0.06840967386960983, 0.028404580429196358, 0.0, 0.37500888109207153, 0.32220810651779175, 2.1802403926849365, 0.015164000913500786, 0.06385427713394165, 0.08284548670053482, 0.19979457557201385, 0.2600836455821991, 0.01292334496974945, 0.1705583781003952, 0.08522535860538483, 1.5909066200256348, 0.1327420026063919, 0.17942480742931366, 1.177291750907898, 0.24512609839439392, 0.0, 1.1528935432434082, 0.0, 0.7200666069984436, 0.5030940771102905, 0.004214841406792402, 0.0056459419429302216, 0.020822232589125633, 0.8304547667503357, 0.11651081591844559, 0.0, 1.2610158920288086, 0.020064592361450195, 0.0, 0.0011846849229186773, 0.6858363747596741, 0.0247956495732069, 0.0, 0.0, 0.45564788579940796, 0.1777217984199524, 0.0, 0.9897503852844238, 2.0485012531280518, 0.8934938311576843, 2.880931854248047, 0.0, 0.014051738195121288, 0.15552479028701782, 0.23598229885101318, 0.048405278474092484, 2.356802225112915, 0.02154572680592537, 3.667046308517456, 2.3935065269470215, 0.016845298931002617, 0.0, 0.0, 0.1064164862036705, 0.7849134206771851, 0.023723408579826355, 0.008902219124138355, 1.0067682266235352, 0.0, 0.0, 0.01636771857738495, 4.086289882659912, 0.0, 1.1949585676193237, 0.24519644677639008, 0.191664457321167, 0.0359901487827301, 0.69647616147995, 0.0, 0.0, 0.0, 0.01706756092607975, 0.0, 0.0, 0.3436223268508911, 1.8763805627822876, 1.0736099481582642, 0.01715857721865177, 0.33635058999061584, 0.0005690321559086442, 0.2076326310634613, 0.5882309675216675, 0.09472889453172684, 0.04853789135813713, 0.919471263885498, 0.0, 0.18014995753765106, 0.16462820768356323, 0.5251045823097229, 0.029891816899180412, 0.03936077654361725, 0.5839096903800964, 0.1460641324520111, 0.22411230206489563, 0.03775348141789436, 0.0, 0.14990165829658508, 0.0717645213007927, 0.20655891299247742, 0.35260719060897827, 0.24695439636707306, 5.666717529296875, 0.5359282493591309, 0.0035884527023881674, 0.0, 0.5285744071006775, 0.04721428453922272, 0.5679641962051392, 0.3861210346221924, 0.08599649369716644, 1.1145503520965576, 0.1651025116443634, 0.023533830419182777, 1.8007055521011353, 0.5988419651985168, 0.0, 1.7412405014038086, 0.0, 1.408699631690979, 0.2859460413455963, 0.8754214644432068, 0.09131684899330139, 0.003855732036754489, 0.32316336035728455, 0.031294722110033035, 0.0, 0.0, 0.0, 0.0, 0.002818985842168331, 0.3255854547023773, 1.2761757373809814, 0.0171183031052351, 1.0500061511993408, 0.3520015776157379, 0.05321960151195526, 3.6959786415100098, 0.006078148260712624, 0.32152071595191956, 2.4306087493896484, 0.206660196185112, 0.05706152319908142, 0.8259243965148926, 0.045194804668426514, 0.567365825176239, 0.04305140674114227, 0.0, 0.4805000424385071, 0.002868734998628497, 0.012896097265183926, 0.5872317552566528, 0.038970597088336945, 0.020287640392780304, 0.15615935623645782, 0.08749336749315262, 0.2575833201408386, 0.022307371720671654, 0.01894991658627987, 0.7432162165641785, 1.344070553779602, 3.391810894012451, 0.0, 0.3786000609397888, 0.07406022399663925, 0.2811576724052429, 0.0, 0.3131597936153412, 1.0875657796859741, 0.01282963901758194, 0.15504136681556702, 0.0, 0.0, 0.43721145391464233, 0.6809847950935364, 0.0, 0.0, 0.09145648032426834, 0.0, 0.00625511584803462, 0.1843758225440979, 0.29731470346450806, 0.26083338260650635, 0.0, 0.16878610849380493, 0.09166309982538223, 0.4365982115268707, 0.11801766604185104, 0.0, 0.013539338484406471, 1.2051401138305664, 0.2234089970588684, 0.26618584990501404, 0.0, 0.0, 0.0, 0.29629039764404297, 0.11237628012895584, 0.8579738140106201, 0.1563737392425537, 1.0901743173599243, 0.2427937239408493, 0.0, 0.029769526794552803, 0.09432103484869003, 0.002453624038025737, 0.2863195836544037, 0.0, 0.025227459147572517, 0.02155689336359501, 0.03981632739305496, 1.2620259523391724, 0.6962276101112366, 2.665780544281006, 2.0376944541931152, 0.15453746914863586, 0.0, 0.8295075297355652, 0.0, 0.0270518958568573, 0.002515637082979083, 0.0, 0.01812991313636303, 0.10638615489006042, 0.0, 0.07576552033424377, 0.17048446834087372, 0.05061699450016022, 0.04187275469303131, 0.40946418046951294, 0.0, 0.05853518098592758, 0.015264082700014114, 1.2495930194854736, 0.006624990608543158, 0.14737874269485474, 0.3639730215072632, 1.0403966903686523, 0.03903302550315857, 0.07809334248304367, 0.4275057911872864, 1.5187888145446777, 0.0, 0.11005555093288422, 0.21378232538700104, 0.15190231800079346, 2.5770976543426514, 0.07164264470338821, 0.043946489691734314, 0.4397159218788147, 0.0, 0.07503656297922134, 0.21241512894630432, 0.4195525050163269, 0.4335501492023468, 0.03817738965153694, 0.2545143961906433, 0.020897898823022842, 0.0, 0.5982733964920044, 0.07337421923875809, 0.0016716669779270887, 0.3187980353832245, 0.37217068672180176, 1.1093907356262207, 0.09079134464263916, 0.6895520091056824, 0.0016060969792306423, 0.15657854080200195, 0.03201179951429367, 0.0, 0.051218751817941666, 0.022889431565999985, 0.07816263288259506, 0.0, 1.2752491235733032, 0.015853896737098694, 0.0, 0.2402353435754776, 0.11494655907154083, 0.08208568394184113, 0.027560774236917496, 0.20623347163200378, 0.04576156660914421, 0.0024674716405570507, 0.008684000000357628, 0.0, 0.07565037161111832, 0.004816955421119928, 0.5248517990112305, 1.5194340944290161, 0.0689215436577797, 0.6433609127998352, 0.28119906783103943, 0.017358312383294106, 0.010913873091340065, 0.037049997597932816, 0.0, 0.0, 1.5528807640075684, 0.49547886848449707, 0.11079064011573792, 1.401279091835022, 0.4393579661846161, 3.524430513381958, 0.19208475947380066, 0.47429603338241577, 0.15416383743286133, 0.08482528477907181, 0.003255936549976468, 0.0, 0.22552384436130524, 0.12589284777641296, 0.8450472354888916, 0.05983719602227211, 0.5930677652359009, 0.8390354514122009, 0.01277559157460928, 0.1164189875125885, 0.11808370053768158, 3.0449318885803223, 1.9297215938568115, 0.029160641133785248, 0.0, 0.0, 0.23633316159248352, 0.15684670209884644, 6.694565296173096, 0.02797860838472843, 0.10756019502878189, 0.05551734194159508, 0.053402990102767944, 0.045921336859464645, 0.0, 0.0, 0.02166786976158619, 0.0395246297121048, 0.07783707976341248, 0.02148689143359661, 0.2650582194328308, 0.5308234691619873, 0.1637040376663208, 0.48532506823539734, 0.0, 0.14154380559921265, 0.034094542264938354, 0.0, 0.47906002402305603, 0.5676649808883667, 0.19539828598499298, 0.0, 0.028592173010110855, 0.20917637646198273, 1.4425362348556519, 0.5614945292472839, 0.03999819979071617, 0.11321811378002167, 0.0, 0.3273598849773407, 1.167763590812683, 0.48762476444244385, 0.11550813168287277, 0.0, 0.0, 0.2165742963552475, 0.0011862418614327908, 0.965434193611145, 0.0, 0.0014707166701555252, 0.14608460664749146, 0.003032925073057413, 0.0, 0.053226567804813385, 0.0, 0.033943310379981995, 1.5638742446899414, 0.0, 0.33818337321281433, 0.016341106966137886, 0.0, 0.0008833311148919165, 0.0, 0.014973088167607784, 0.0, 0.0022029730025678873, 0.002483727876096964, 0.1816614866256714, 1.8391486406326294, 0.07173939794301987, 0.00628051208332181, 0.2260354459285736, 0.0, 0.011805891990661621, 0.0, 0.12231509387493134, 0.0, 1.1733108758926392, 0.47697705030441284, 0.09787960350513458, 0.2733543813228607, 0.0, 0.0, 0.06743810325860977, 0.0, 0.053986698389053345, 0.07183259725570679, 0.0, 0.0, 0.2098240703344345, 0.027215128764510155, 0.18884781002998352, 0.01558377593755722, 1.7469120025634766, 0.14630863070487976, 0.009367130696773529, 0.2602729797363281, 0.04616077244281769, 0.003968294709920883, 0.0, 0.0, 0.6828070878982544, 0.053878989070653915, 0.862591564655304, 0.2959776520729065, 0.0017811327707022429, 0.6875299215316772, 0.0, 0.057122766971588135, 0.5887944102287292, 0.4194330871105194, 0.04978619143366814, 0.4068951904773712, 0.1872984617948532, 0.14632458984851837, 0.006868428084999323, 0.007779425475746393, 0.02343122847378254, 0.07087042182683945, 0.0, 0.1361805945634842, 0.07506358623504639, 0.041106827557086945, 0.6657280921936035, 2.3755850791931152, 0.0, 0.17505383491516113, 1.478737711906433, 0.0, 0.0, 0.0, 0.5792221426963806, 0.6052755117416382, 0.18575580418109894, 1.191718339920044, 0.35133007168769836, 0.00456231227144599, 1.5983340740203857, 0.0, 0.2711765766143799, 0.14484892785549164, 0.10288603603839874, 0.12375109642744064, 0.008680635131895542, 0.068785659968853, 0.3080389201641083, 0.040025677531957626, 4.51292085647583, 0.1324976533651352, 0.039921507239341736, 0.09612394869327545, 0.0, 0.18096406757831573, 0.0381900817155838, 0.13807612657546997, 0.04281033203005791, 0.27839580178260803, 1.3099908828735352, 0.13935185968875885, 0.0015483389142900705, 0.2495862990617752, 0.045236457139253616, 0.12157366424798965, 0.0, 0.13225707411766052, 1.514050841331482, 0.4737774133682251, 0.005948458332568407, 0.032255008816719055, 0.010159842669963837, 1.3615790605545044, 0.0, 0.0, 0.08950000256299973, 0.0025207728613168, 0.03779103234410286, 0.29925960302352905, 1.4806097745895386, 0.29714757204055786, 0.8589603900909424, 0.47058284282684326, 3.0671863555908203, 0.20841844379901886, 0.06210549175739288, 0.0727522224187851, 0.1659785807132721, 0.8266454935073853, 0.0, 0.08822444081306458, 0.1058441773056984, 0.0, 0.30444854497909546, 0.0, 0.263092577457428, 0.0, 0.059843510389328, 0.20003736019134521, 0.6725376844406128, 0.0, 0.44600069522857666, 0.040924470871686935, 0.5678261518478394, 0.7215802073478699, 1.103330135345459, 0.3438204824924469, 0.16212117671966553, 0.2312311828136444, 0.04220820963382721, 0.11077868938446045, 0.02533901482820511, 0.44608014822006226, 1.9690312147140503, 0.0, 0.014654363505542278, 0.7772020697593689, 0.31403404474258423, 0.774658203125, 1.2907785177230835, 0.0040732258930802345, 0.0, 0.4296278655529022, 0.09587119519710541, 0.28425195813179016, 3.888331890106201, 0.9570692181587219, 0.015726961195468903, 0.020365096628665924, 0.0037692226469516754, 0.020692620426416397, 0.42866387963294983, 0.39322131872177124, 0.0, 0.0, 0.3131709694862366, 2.3288702964782715, 0.5635853409767151, 0.011641312390565872, 0.10280586034059525, 0.0, 4.7167952288873494e-05, 0.011119061149656773, 0.0, 0.8419108390808105, 0.05973370373249054, 0.37168174982070923, 0.1005726084113121, 0.3230403959751129, 0.0031665710266679525, 0.0, 0.26140299439430237, 0.12679587304592133, 0.15313121676445007, 0.633033812046051, 1.708040475845337, 0.011975916102528572, 0.28025996685028076, 0.09503596276044846, 0.035185135900974274, 0.04470960050821304, 5.2421875, 0.0, 0.015479260124266148, 0.20739781856536865, 1.7948521375656128, 0.9429343342781067, 0.06102622300386429, 0.5977681875228882, 0.0, 3.838020086288452, 0.0, 0.0, 0.2010118067264557, 0.16334089636802673, 0.06142269819974899, 0.4166966676712036, 0.0938168615102768, 0.0, 0.0, 0.0, 1.2651176452636719, 0.029384208843111992, 0.7908844947814941, 0.10772835463285446, 0.04044584929943085, 0.3928755223751068, 0.355895459651947, 0.6934148669242859, 0.002992084948346019, 2.2478039264678955, 0.1802789717912674, 0.30393245816230774, 0.14152637124061584, 0.18968306481838226, 0.13358129560947418, 0.45919981598854065, 0.3173263370990753, 0.030493536964058876, 0.1120683029294014, 0.27843141555786133, 0.0, 1.342520833015442, 0.02195909060537815, 0.6397201418876648, 0.0, 0.0, 0.0, 0.005168783478438854, 0.0, 0.006299036089330912, 0.018252070993185043, 0.01687193103134632, 4.3339128494262695, 0.0, 0.9485678672790527, 0.26645126938819885, 0.7588925957679749, 0.0, 1.4852920770645142, 0.4173436164855957, 0.0, 0.023648446425795555, 0.7140220999717712, 0.40519383549690247, 0.0, 0.5479155778884888, 0.008822616189718246, 0.0, 0.205880269408226, 0.03130778670310974, 0.9085749387741089, 0.021342825144529343, 0.5092593431472778, 0.12928178906440735, 0.0, 0.0, 0.008699954487383366, 0.0, 1.4695225954055786, 0.1794762909412384, 0.013190147466957569, 0.046816136687994, 0.0, 0.22868411242961884, 1.5361119508743286, 0.0, 0.0, 0.03668542578816414, 0.0007458560285158455, 0.21038924157619476, 0.008535783737897873, 0.0, 0.13294994831085205, 0.5917664766311646, 0.29286399483680725, 0.08507035672664642, 0.0854891762137413, 1.5547609329223633, 0.0, 0.011200753971934319, 0.37282830476760864, 0.0244087353348732, 0.04757510498166084, 0.21909457445144653, 0.0, 0.0003551609697751701, 0.04576612636446953, 0.00973053090274334, 0.0, 0.0, 0.05303061753511429, 0.01012098416686058, 0.0, 0.0, 0.14920611679553986, 0.38788580894470215, 0.11177843809127808, 0.40979623794555664, 0.5326477885246277, 2.622673749923706, 2.387470006942749, 0.03384454920887947, 1.390836238861084, 0.6785479784011841, 0.0, 1.7842057943344116, 0.0019529048586264253, 2.2447798252105713, 0.6666931509971619, 1.5371222496032715, 0.0, 1.4384337663650513, 0.1703590303659439, 0.5969223380088806, 0.007742112968116999, 0.6459333300590515, 0.08885670453310013, 0.0019460454350337386, 0.08482901751995087, 0.04500966519117355, 0.10064908117055893, 0.0, 0.33492764830589294, 0.08494631201028824, 0.0, 0.0, 1.9720264673233032, 0.01233074814081192, 0.047965314239263535, 0.7769393920898438, 0.22121363878250122, 1.6872918605804443, 0.04567605257034302, 0.0, 2.260035514831543, 0.5719640851020813, 0.9161293506622314, 0.004149637650698423, 2.1207165718078613, 0.923683762550354, 0.7266963124275208, 0.05891027674078941, 0.0, 0.49685871601104736, 0.0, 0.007263670209795237, 0.648253321647644, 0.0008814650936983526, 1.9158940315246582, 0.242213174700737, 0.014804908074438572, 0.03991290181875229, 0.0, 0.0, 0.09841150045394897, 0.04898986965417862, 0.0, 0.013366765342652798, 0.21570643782615662, 0.04639243707060814, 0.0, 0.030089490115642548, 0.0, 0.08717833459377289, 1.8116638660430908, 0.9448346495628357, 0.024488728493452072, 0.0, 0.11679983139038086, 0.001278310432098806, 0.0, 0.06704045087099075, 0.005448475014418364, 0.00899364985525608, 0.01113334484398365, 0.816016674041748, 0.0, 0.03659425303339958, 0.01729833520948887, 0.43119674921035767, 0.016399230808019638, 0.023747706785798073, 0.32437336444854736, 0.19161218404769897, 0.2990660071372986, 2.627066135406494, 0.2080211639404297, 0.0, 0.006533503532409668, 0.12359880656003952, 2.176602602005005, 1.2483534812927246, 2.8011531829833984, 0.012482511810958385, 0.380774587392807, 0.8917520642280579, 0.013820735737681389, 0.3619545102119446, 0.22047455608844757, 0.049883175641298294, 0.22059650719165802, 0.0, 0.9339225888252258, 0.0, 0.0, 0.04242001846432686, 0.0, 0.6987614035606384, 0.3111864924430847, 0.09231601655483246, 0.0631541758775711, 0.244658961892128, 0.10945253819227219, 1.4244757890701294, 0.0, 0.030901512131094933, 0.0, 2.158080816268921, 0.0949523001909256, 0.0, 0.008676640689373016, 0.24712707102298737, 0.029168080538511276, 0.865287184715271, 0.2392268031835556, 0.05512881278991699, 0.10284441709518433, 0.0, 0.035322174429893494, 0.1556626260280609, 0.8014277815818787, 0.09788575768470764, 0.0, 1.541150450706482, 0.0, 0.7835705876350403, 0.6807616949081421, 0.13934549689292908, 0.10937591642141342, 0.0, 0.044802226126194, 0.4723588228225708, 0.022111160680651665, 0.1371278315782547, 3.111421823501587, 0.0, 0.809180498123169, 0.3461973965167999, 0.06810563802719116, 0.01798403263092041, 0.011479400098323822, 0.0, 0.00026306326617486775, 0.2962261140346527, 0.39791715145111084, 0.0, 1.0513149499893188, 0.44917383790016174, 0.38904836773872375, 1.17694091796875, 2.931471109390259, 1.8792515993118286, 3.61185622215271, 0.0, 0.02001096121966839, 0.0, 0.8229634761810303, 0.22940993309020996, 0.0, 0.0, 0.10791708528995514, 0.03455078974366188, 0.1711307018995285, 0.3436354398727417, 0.1428658366203308, 0.715665340423584, 0.11969438195228577, 0.9043362736701965, 0.0, 0.0, 1.3604665994644165, 0.013078665360808372, 0.013285661116242409, 0.3187901973724365, 0.4396345913410187, 0.4119427800178528, 1.791305661201477, 1.7594376802444458, 0.2000879943370819, 0.0, 0.0, 0.0, 0.0, 0.0, 0.016151171177625656, 0.029437189921736717, 0.23917867243289948, 0.003830792848020792, 0.0, 0.16543659567832947, 0.31382647156715393, 1.0627461671829224, 0.055779438465833664, 0.019185829907655716, 0.21568694710731506, 0.057085465639829636, 0.08487176150083542, 0.0004562236717902124, 0.009104217402637005, 0.29679423570632935, 0.0, 0.06378214806318283, 0.5904642343521118, 0.0, 0.017731299623847008, 0.001858862116932869, 0.022054122760891914, 0.09267685562372208, 0.32755887508392334, 0.0, 0.959962010383606, 0.003829389112070203, 0.042334821075201035, 0.3087821304798126, 0.07080675661563873, 0.08171657472848892, 0.10325230658054352, 0.07623453438282013, 0.0, 0.025148846209049225, 0.17822051048278809, 0.07138954102993011, 0.0, 0.5215375423431396, 0.0, 0.0, 0.17751426994800568, 0.7777445316314697, 0.18046632409095764, 0.08043497055768967, 2.203885793685913, 0.0, 0.05537699535489082, 0.002240635920315981, 0.07599131762981415, 0.0, 0.0, 0.1802913248538971, 0.09993981570005417, 0.003565905150026083, 0.0, 1.255262851715088, 0.16401296854019165, 0.0, 0.0, 0.9528170824050903, 0.36547237634658813, 0.6813245415687561, 0.0021141208708286285, 0.08840785920619965, 0.028546294197440147, 0.1703367829322815, 0.18343912065029144, 0.16206318140029907, 0.17955297231674194, 0.597260594367981, 0.16154547035694122, 1.6457738876342773, 0.04570886865258217, 0.20296338200569153, 1.0952423810958862, 0.34503087401390076, 0.5153651833534241, 0.659587562084198, 3.4169344902038574, 0.0, 0.0, 0.0, 0.8781659007072449, 0.0, 0.026983849704265594, 0.02633007988333702, 0.17340324819087982, 0.0, 0.5775996446609497, 0.11439279466867447, 0.0, 0.0, 0.0947316586971283, 0.11525086313486099, 0.7284040451049805, 0.17569135129451752, 0.7749850749969482, 0.0, 0.02399546466767788, 0.0, 0.19704216718673706, 0.06970757246017456, 0.6975430846214294, 0.276053786277771, 0.27196574211120605, 0.6879569888114929, 2.899852752685547, 0.044925350695848465, 0.8646029233932495, 0.05138440057635307, 0.0, 0.0, 0.0, 0.05128864943981171, 0.2008085399866104, 0.18350601196289062, 0.004483736120164394, 0.815919816493988, 0.006072598975151777, 0.039552658796310425, 0.02512635476887226, 0.0, 1.625773549079895, 0.2358458936214447, 0.749603807926178, 0.0, 0.07408859580755234, 0.8479815125465393, 0.0, 0.5145047903060913, 0.0037970785051584244, 0.009348377585411072, 0.0, 0.10080429911613464, 0.7087386846542358, 0.0, 0.08723163604736328, 0.27496036887168884, 0.03281981498003006, 2.7075772285461426, 0.02015473134815693, 0.0, 0.21502183377742767, 0.0, 0.17750237882137299, 0.7759890556335449, 0.01345523539930582, 0.0, 0.5947429537773132, 0.13468794524669647, 2.896824836730957, 0.0, 0.7136568427085876, 0.11153481900691986, 0.8145779371261597, 0.0, 0.03754786401987076, 0.17650355398654938, 0.6756466627120972, 1.3983983993530273, 0.0, 8.507233619689941, 0.03784272447228432, 0.34367984533309937, 0.6055197715759277, 0.18413293361663818, 0.1720828413963318, 0.079911969602108, 3.2642579078674316, 0.0, 0.0, 0.03377167880535126, 0.6890361309051514, 0.36975857615470886, 0.10040498524904251, 0.03800705820322037, 0.03144541382789612, 0.6715495586395264, 0.09058551490306854, 0.0, 0.0, 0.18455161154270172, 0.20923100411891937, 0.0, 0.004748176783323288, 0.0, 0.19825589656829834, 0.005012969486415386, 0.289166122674942, 0.056083936244249344, 0.12155500054359436, 0.0, 0.043152205646038055, 0.1207997277379036, 0.009550260379910469, 1.4352930784225464, 0.014995910227298737, 0.14528684318065643, 0.09313061833381653, 0.04337865859270096, 0.8039937615394592, 0.0, 0.13855217397212982, 1.3718786239624023, 0.06391012668609619, 0.22332222759723663, 0.036356501281261444, 0.017036831006407738, 0.0034890929237008095, 0.16000989079475403, 0.913364827632904, 0.8576362729072571, 0.0037691642064601183, 3.1114706993103027, 0.3654978275299072, 0.1522233784198761, 0.07587496936321259, 0.8619269728660583, 0.3111458718776703, 0.0, 0.07014984637498856, 0.25468751788139343, 0.616813600063324, 3.2939014434814453, 0.09843572229146957, 0.0, 0.0, 0.0075386399403214455, 0.17366985976696014, 0.01744583621621132, 0.15874111652374268, 0.429694265127182, 0.2854156196117401, 0.10353082418441772, 0.6460120677947998, 1.864717960357666, 0.7658660411834717, 0.06266658753156662, 0.3136303424835205, 0.535944938659668, 0.32143211364746094, 0.16567853093147278, 2.07735276222229, 0.0, 0.027842583134770393, 0.04368921369314194, 0.00823577307164669, 0.22614212334156036, 0.21261432766914368, 0.015228524804115295, 0.0, 0.0, 0.2632540166378021, 0.3459573984146118, 0.008272606879472733, 1.9702622890472412, 0.9731495976448059, 0.0, 0.05483332276344299, 0.0062356870621442795, 0.0, 0.0736645981669426, 0.0, 0.3879663944244385, 0.032426949590444565, 1.8328810930252075, 1.9946329593658447, 0.12302925437688828, 0.520753800868988, 1.4121252298355103, 0.9165658950805664, 0.03539218381047249, 0.0, 0.006335428915917873, 0.054784536361694336, 0.1632968783378601, 0.0, 0.4749697148799896, 0.020711757242679596, 0.13075941801071167, 0.1131998673081398, 0.27675485610961914, 0.0, 2.8904786109924316, 0.0752858966588974, 0.37340009212493896, 0.11209118366241455, 0.17862409353256226, 0.04672772064805031, 0.0525444857776165, 0.023721009492874146, 0.22555772960186005, 0.0, 0.0, 0.018452579155564308, 0.9103071093559265, 0.04832273721694946, 0.15542961657047272, 1.5412698984146118, 0.0, 0.18598634004592896, 0.0, 0.23342207074165344, 0.10769934207201004, 0.03376556560397148, 0.800642192363739, 0.027058115229010582, 0.7906451225280762, 0.17661087214946747, 0.004936120938509703, 0.5607894659042358, 1.197580099105835, 0.6423325538635254, 0.3424310088157654, 0.8740783929824829, 0.0426584891974926, 0.0, 0.748494029045105, 0.0, 0.008792679756879807, 0.05987377092242241, 0.17664483189582825, 0.3515596091747284, 0.8964525461196899, 0.7302195429801941, 0.0022829649969935417, 1.4423004388809204, 0.8246147036552429, 0.04868251457810402, 0.0033900372218340635, 0.4246811270713806, 0.12886346876621246, 0.05917080119252205, 0.0, 0.00585885439068079, 0.20585186779499054, 1.2111068964004517, 0.5790180563926697, 0.0, 1.1748852729797363, 0.1993255615234375, 0.5763357877731323, 0.013254455290734768, 1.4538451433181763, 0.012581586837768555, 3.560413360595703, 0.0, 0.0986589640378952, 0.10829038172960281, 0.07439013570547104, 1.5981749296188354, 0.018286418169736862, 0.06931299716234207, 1.9852781295776367, 0.16337908804416656, 0.05556684732437134, 0.0, 1.5763977766036987, 0.36062973737716675, 0.0, 0.6359467506408691, 0.0, 0.03029690496623516, 0.005353355780243874, 0.895165205001831, 0.5090287923812866, 0.9714779853820801, 0.016972612589597702, 0.031848568469285965, 0.060576245188713074, 0.05355890467762947, 0.06353597342967987, 0.06148427724838257, 0.0, 0.10659722983837128, 0.020272932946681976, 0.3126399517059326, 0.14695188403129578, 0.0, 0.13252615928649902, 0.0, 0.6470442414283752, 0.12337838113307953, 0.028994081541895866, 0.004211185034364462, 4.216483116149902, 0.5439570546150208]",Testing/glioma_tumor/image(76).jpg
"[1.052597165107727, 0.16320624947547913, 0.0, 0.8951451182365417, 2.6276447772979736, 0.27538782358169556, 1.1367615461349487, 0.3355100154876709, 0.24477709829807281, 0.019518043845891953, 0.0, 0.2099393755197525, 0.9582753777503967, 0.3296631872653961, 0.25624337792396545, 0.023048853501677513, 0.6678233742713928, 2.2062265872955322, 0.4814598262310028, 0.5927457809448242, 1.2157567739486694, 0.32483187317848206, 0.054447200149297714, 0.102695994079113, 0.0, 0.9563137888908386, 1.174728512763977, 0.17968100309371948, 0.24369686841964722, 0.33531317114830017, 0.04245128110051155, 0.14031614363193512, 0.1698422133922577, 0.46958744525909424, 0.3655714690685272, 0.8012849688529968, 0.20353379845619202, 0.0, 0.08373774588108063, 0.20031031966209412, 1.6633118391036987, 1.7721576690673828, 0.12357699871063232, 0.58881676197052, 0.0003757209051400423, 0.3456498086452484, 0.0, 0.5888078212738037, 0.0, 0.0859469622373581, 1.7081022262573242, 0.0, 0.9868720173835754, 0.2185310274362564, 0.6132175922393799, 0.17521873116493225, 0.18835633993148804, 0.17976874113082886, 1.0264488458633423, 0.04304369166493416, 0.30831435322761536, 0.40877026319503784, 0.4439433813095093, 0.858611524105072, 0.025588370859622955, 0.1494305580854416, 1.7192133665084839, 0.0, 0.10658740252256393, 0.003666303586214781, 0.535794198513031, 0.059062808752059937, 0.9980242252349854, 0.7665895223617554, 0.11801589280366898, 0.0, 1.2653858661651611, 0.3747975826263428, 0.14261494576931, 0.1455906331539154, 0.18405112624168396, 0.07834886014461517, 0.450176864862442, 0.033746056258678436, 0.5656238198280334, 0.1593363732099533, 0.3582407832145691, 0.17409680783748627, 0.0, 0.5855920314788818, 0.09978436678647995, 0.5789577960968018, 0.9672417044639587, 1.611000895500183, 0.0, 0.7209956645965576, 0.0536966472864151, 0.030379582196474075, 0.8348585367202759, 0.030843084678053856, 0.630133867263794, 0.4668118357658386, 0.0, 0.24619774520397186, 2.65433931350708, 1.447148323059082, 0.23771420121192932, 0.9336491227149963, 0.1034914031624794, 2.0988352298736572, 0.45986345410346985, 1.3361235857009888, 0.0, 0.23209547996520996, 0.7152915000915527, 0.023477258160710335, 0.03216785937547684, 0.41447287797927856, 0.2703409492969513, 0.004298003390431404, 0.11810143291950226, 0.39533764123916626, 0.03650027513504028, 0.16324926912784576, 0.9106763601303101, 0.14399179816246033, 0.6315941214561462, 0.3044895529747009, 0.33573609590530396, 0.0, 0.03330521658062935, 0.6016985774040222, 0.9151517152786255, 0.022497858852148056, 0.34793993830680847, 0.0, 0.43075740337371826, 0.3437442481517792, 0.1237080842256546, 0.4002741873264313, 0.1297120749950409, 0.055320821702480316, 0.09792757034301758, 0.05526461452245712, 0.7329056262969971, 0.4788774847984314, 0.696649968624115, 1.6346840858459473, 0.09128467738628387, 0.3230832517147064, 1.716202974319458, 0.6481584310531616, 0.08132947236299515, 0.19959436357021332, 0.0947076678276062, 0.5405818223953247, 0.0, 0.108474962413311, 2.3052966594696045, 0.09506436437368393, 0.5082250833511353, 0.3120558559894562, 0.3096937835216522, 2.6939191818237305, 0.001978699117898941, 0.7200767397880554, 0.13562901318073273, 0.21597492694854736, 0.22037345170974731, 9.753337860107422, 2.832341432571411, 0.45746830105781555, 0.0, 0.48462146520614624, 0.4568280577659607, 1.2690553665161133, 0.03570862486958504, 0.04122631996870041, 0.5686465501785278, 0.015130308456718922, 0.18680350482463837, 0.052710019052028656, 1.0766098499298096, 0.11589217931032181, 0.2690446078777313, 0.29846522212028503, 0.26936808228492737, 1.0182521343231201, 0.8104007244110107, 0.15069565176963806, 0.0, 0.07110597938299179, 0.0, 0.0, 1.5216645002365112, 0.014045297168195248, 0.46044492721557617, 0.14869694411754608, 0.0, 0.5166816711425781, 0.14626085758209229, 1.1750843524932861, 3.0247819423675537, 1.1007399559020996, 1.5520094633102417, 0.09024166315793991, 0.2737470865249634, 0.0, 0.3931903541088104, 0.11491185426712036, 0.21543584764003754, 0.9689794182777405, 0.0, 0.8943685293197632, 0.5960865616798401, 0.08806885778903961, 0.14152413606643677, 0.7107791304588318, 0.27821844816207886, 0.0630025863647461, 0.4982026517391205, 0.019089827314019203, 0.8837300539016724, 0.19911374151706696, 0.03749920427799225, 3.314824342727661, 0.08349829167127609, 0.2809086740016937, 0.7602508068084717, 0.037459854036569595, 0.6417177319526672, 0.6006084680557251, 0.4568459391593933, 0.7377346754074097, 0.16400574147701263, 1.2297694683074951, 0.0798160508275032, 0.39071545004844666, 0.01320739183574915, 0.0, 0.07307283580303192, 0.16057369112968445, 1.4275259971618652, 0.10420185327529907, 0.5773637890815735, 0.763761043548584, 1.6743254661560059, 0.548722505569458, 0.46937310695648193, 0.3789304494857788, 0.7316620349884033, 0.06467325985431671, 0.5202279090881348, 1.309305191040039, 0.1677798479795456, 0.01524965651333332, 0.2910691797733307, 3.4546995162963867, 0.0, 0.4371374547481537, 0.4312388300895691, 0.5738398432731628, 0.9352800250053406, 0.10206196457147598, 0.0, 0.030560046434402466, 0.00942540168762207, 0.020615655928850174, 0.04948193579912186, 0.13313695788383484, 0.3120945394039154, 0.21192710101604462, 0.8001959919929504, 0.47687920928001404, 2.995266914367676, 0.28215861320495605, 0.0387154221534729, 0.2551659941673279, 0.14140473306179047, 0.13896609842777252, 0.660108208656311, 0.5779708027839661, 1.8065907955169678, 0.4049842357635498, 1.940326452255249, 1.632387399673462, 0.6584989428520203, 2.5856873989105225, 0.15263746678829193, 0.6856038570404053, 0.48059746623039246, 0.7945650815963745, 0.0, 0.08472465723752975, 0.0, 2.724297285079956, 0.014713462442159653, 0.0, 0.08000455051660538, 1.5890328884124756, 0.3446294367313385, 1.362947702407837, 4.89225435256958, 0.7958940267562866, 0.20537804067134857, 0.041402727365493774, 0.11471264809370041, 0.007483360823243856, 1.1400564908981323, 0.036071669310331345, 0.10668853670358658, 0.1736893206834793, 0.43896397948265076, 0.021202700212597847, 1.6465466022491455, 1.8336292505264282, 0.7171177268028259, 0.3040738105773926, 0.07489780336618423, 0.0, 0.05494343116879463, 2.9427998065948486, 0.2752009928226471, 0.013865485787391663, 0.49939653277397156, 0.3411479890346527, 0.7815655469894409, 0.1258569061756134, 3.2628488540649414, 1.6520121097564697, 0.8409316539764404, 0.027271917089819908, 1.2272768020629883, 2.8603756427764893, 0.06753196567296982, 0.0, 1.0246320962905884, 0.4912848174571991, 0.5690333843231201, 0.3302326500415802, 2.7851667404174805, 0.0521300733089447, 0.0, 0.18839804828166962, 0.01783117465674877, 0.22971515357494354, 0.05852534994482994, 0.061631396412849426, 0.06706145405769348, 0.4038676917552948, 0.041218794882297516, 0.8326082825660706, 1.0972137451171875, 0.0, 1.249961495399475, 0.06908684968948364, 0.07879475504159927, 0.0, 0.14894594252109528, 2.9023475646972656, 0.07350292801856995, 0.8092406988143921, 0.342043936252594, 0.19089145958423615, 0.10910553485155106, 0.0, 0.12113167345523834, 0.12457127124071121, 1.7537754774093628, 0.057232607156038284, 0.1541467010974884, 1.7382664680480957, 0.3933444619178772, 3.1694393157958984, 0.6437563896179199, 0.053406983613967896, 2.2869296073913574, 3.1592423915863037, 0.39197346568107605, 0.09782741218805313, 1.020216464996338, 0.3243226706981659, 0.08821804821491241, 0.36517977714538574, 0.018097274005413055, 0.29177147150039673, 2.1462795734405518, 2.6881136894226074, 0.01043654978275299, 0.02988371253013611, 0.012226697988808155, 0.001311798463575542, 0.1201687604188919, 0.12364965677261353, 0.1675553172826767, 2.30124831199646, 0.008754965849220753, 0.599350094795227, 0.21476362645626068, 0.8605265617370605, 0.0, 0.03237069770693779, 0.03651911020278931, 0.0962178185582161, 0.12313199788331985, 0.4577326476573944, 0.36640727519989014, 1.1208312511444092, 0.8764663934707642, 0.6260442137718201, 0.0, 0.008558901026844978, 0.011582644656300545, 0.023011159151792526, 0.14618168771266937, 1.5928137302398682, 0.0, 0.6025761365890503, 0.22549329698085785, 0.14039084315299988, 0.7562863826751709, 0.33482998609542847, 1.2520198822021484, 0.7631714344024658, 0.02572914958000183, 0.7362083792686462, 0.2082376480102539, 1.4486373662948608, 0.33622241020202637, 0.03125247359275818, 1.1330807209014893, 0.680909276008606, 1.1917330026626587, 0.0, 1.6845483779907227, 0.3238654136657715, 0.022923583164811134, 1.2613011598587036, 0.1026424840092659, 0.20213255286216736, 0.005170352756977081, 0.319217324256897, 0.5747175216674805, 0.49734240770339966, 0.3982650339603424, 0.001917116460390389, 0.02597929909825325, 0.30390703678131104, 0.32852816581726074, 0.13052640855312347, 0.48873159289360046, 0.2052636444568634, 0.03752924129366875, 0.10133149474859238, 0.0, 0.009275835007429123, 0.13187170028686523, 0.3140201270580292, 0.0, 2.529275417327881, 0.0737668052315712, 0.3289974331855774, 0.22641217708587646, 0.22075214982032776, 0.11940788477659225, 0.4315965473651886, 0.0, 2.0562899112701416, 1.2820298671722412, 0.05350256338715553, 0.192874476313591, 0.0, 0.33712631464004517, 0.6213912963867188, 0.019558079540729523, 0.4427332282066345, 1.8938968181610107, 0.029803719371557236, 0.14914293587207794, 0.5322845578193665, 0.5055353045463562, 0.05436129495501518, 0.231106698513031, 0.08815015852451324, 0.19943486154079437, 0.9757651686668396, 0.08639664202928543, 0.0, 0.3541746735572815, 0.0, 0.06681341677904129, 1.2120429277420044, 0.17589008808135986, 0.03864150494337082, 1.2593863010406494, 0.015316284261643887, 0.0, 0.19082805514335632, 0.10093821585178375, 0.15913355350494385, 0.0, 0.6221771836280823, 0.08546749502420425, 0.396316260099411, 0.04990539699792862, 0.38967156410217285, 0.07082916051149368, 0.15759685635566711, 0.008409572765231133, 1.1587032079696655, 0.039770498871803284, 1.426129698753357, 0.1797606348991394, 0.5069725513458252, 0.2389708161354065, 0.6193686723709106, 0.2788950502872467, 0.0, 0.14796045422554016, 1.2616938352584839, 0.004931680858135223, 0.2392403781414032, 0.08285665512084961, 0.14204223453998566, 0.0, 0.3897547125816345, 0.17306584119796753, 0.0, 0.2771419584751129, 0.06280159950256348, 0.0, 2.304769515991211, 0.8470502495765686, 2.183048725128174, 0.3663889169692993, 0.3774290978908539, 4.973888874053955, 0.26394587755203247, 0.6274006366729736, 0.26268288493156433, 0.005215571727603674, 0.17525596916675568, 0.5751854181289673, 0.2749316394329071, 1.7355350255966187, 0.033845651894807816, 0.10297742486000061, 0.0, 0.3343728184700012, 0.1343487650156021, 0.3786301612854004, 0.08418936282396317, 0.011552341282367706, 0.010104506276547909, 0.18057627975940704, 0.5059794783592224, 0.8981263041496277, 0.009539837948977947, 0.6507545113563538, 0.00224405899643898, 1.5518646240234375, 0.1217363029718399, 0.23541957139968872, 0.0026417532935738564, 0.08981926739215851, 0.4504892826080322, 0.8546216487884521, 0.18096506595611572, 0.666869044303894, 0.9147880673408508, 0.15620386600494385, 0.0, 0.022405043244361877, 0.0, 0.0, 0.09092578291893005, 0.2795625627040863, 0.256702721118927, 0.058727774769067764, 0.0018393165664747357, 0.6704183220863342, 0.0, 0.2070554941892624, 0.27158623933792114, 0.18829192221164703, 0.15019138157367706, 1.3186181783676147, 0.14844049513339996, 0.11151356250047684, 0.1955525279045105, 0.09059121459722519, 0.02563336491584778, 0.9991252422332764, 0.0, 0.5182083249092102, 0.3457113802433014, 0.1670118272304535, 0.026869311928749084, 0.0, 0.4461672306060791, 1.9406830072402954, 0.28734081983566284, 1.9808175563812256, 0.4989174008369446, 0.0548834502696991, 0.24072934687137604, 0.0727597028017044, 0.2442408800125122, 0.14318062365055084, 1.6000349521636963, 0.0553651824593544, 1.1105973720550537, 0.6641819477081299, 0.26275452971458435, 0.04523191973567009, 1.2710837125778198, 0.02973160520195961, 0.7081871032714844, 0.004607254173606634, 0.3652288615703583, 2.161571502685547, 0.2168477326631546, 1.003781795501709, 0.5730259418487549, 1.010312557220459, 0.021015863865613937, 0.1453622579574585, 0.08088425546884537, 0.03032851777970791, 0.06096617132425308, 0.0491766557097435, 0.04272938147187233, 0.015057994052767754, 0.21045945584774017, 0.17859390377998352, 0.04969827085733414, 0.5324511528015137, 0.0, 0.11474510282278061, 1.2899343967437744, 0.9389702677726746, 0.2324526011943817, 0.029854822903871536, 0.23245033621788025, 0.0, 1.1258594989776611, 3.248763084411621, 1.6603800058364868, 0.052195314317941666, 0.006471020635217428, 0.03193705528974533, 0.012106545269489288, 0.5802075266838074, 0.0, 1.0382282733917236, 0.14833635091781616, 1.3168761730194092, 1.0435640811920166, 0.39013445377349854, 0.17818357050418854, 0.7238002419471741, 1.1412558555603027, 0.082209512591362, 0.24808818101882935, 0.42022186517715454, 0.02457406558096409, 4.957611560821533, 0.045570600777864456, 0.31772246956825256, 0.08293864130973816, 1.014224648475647, 0.024011502042412758, 0.3812328279018402, 0.6980545520782471, 0.6902648210525513, 0.04465586692094803, 0.41410332918167114, 0.0, 0.765834391117096, 0.8121857643127441, 0.4611872434616089, 0.0, 0.08546429127454758, 0.0, 1.4705901145935059, 0.446302205324173, 0.0, 0.39369580149650574, 1.5295709371566772, 0.0342404730618, 0.9638696908950806, 0.018143516033887863, 0.0, 0.08902721852064133, 0.02802000194787979, 2.7035484313964844, 0.7689540386199951, 1.1335164308547974, 0.04270234331488609, 0.02110883593559265, 0.719569981098175, 0.013777474872767925, 0.3490782082080841, 0.5095614790916443, 0.6739242076873779, 0.09481117874383926, 0.883182942867279, 0.5218477249145508, 4.369325160980225, 0.3136413097381592, 1.1872378587722778, 0.0, 1.1822552680969238, 0.0, 0.916755199432373, 0.36809900403022766, 0.0, 0.1552969515323639, 0.3096393942832947, 0.01764153130352497, 0.0900314673781395, 2.820138692855835, 0.010197763331234455, 0.0020339025650173426, 0.1428009569644928, 2.5540432929992676, 0.1519501507282257, 2.240919828414917, 0.4215562045574188, 2.786093235015869, 0.0005204920889809728, 0.0990946814417839, 0.04734295234084129, 0.4043111205101013, 0.22862473130226135, 0.3934144675731659, 0.002851230790838599, 1.2075908184051514, 1.011175513267517, 0.008134067989885807, 0.0, 0.09659497439861298, 0.4398013651371002, 0.21828593313694, 0.07728548347949982, 0.5595307350158691, 0.7595514059066772, 0.0, 0.3260159492492676, 0.42251724004745483, 0.14469905197620392, 1.385560154914856, 0.024442220106720924, 0.7899508476257324, 0.23137645423412323, 0.005898154340684414, 0.824587345123291, 0.15046867728233337, 0.15820473432540894, 0.0, 0.33577242493629456, 0.07696990668773651, 0.7399948835372925, 3.2854490280151367, 0.38427966833114624, 0.07823929935693741, 0.7663972973823547, 0.03388969600200653, 2.6308183670043945, 0.2946496605873108, 0.05624820291996002, 0.0, 0.5979152321815491, 0.007494065444916487, 0.16646608710289001, 0.0, 0.45691919326782227, 0.9960803389549255, 0.6429616212844849, 0.5495150089263916, 0.4176826477050781, 0.22660847008228302, 0.3255939483642578, 0.00943963136523962, 2.2496204376220703, 0.03366522863507271, 0.8265852928161621, 0.37985581159591675, 0.2602887451648712, 0.4695858955383301, 1.289994716644287, 0.3987812101840973, 0.5246281623840332, 0.05215383693575859, 1.973575234413147, 0.4129028618335724, 0.01593719609081745, 0.005318624433130026, 0.14459873735904694, 1.2711020708084106, 0.18391741812229156, 0.0, 0.3488740622997284, 1.53472900390625, 0.005126065108925104, 0.021072808653116226, 3.3585848808288574, 0.2761852443218231, 0.8016341328620911, 1.0409806966781616, 0.12554165720939636, 0.08753271400928497, 1.7284290790557861, 0.2635088860988617, 0.6526656150817871, 0.39740923047065735, 1.7675424814224243, 0.17124538123607635, 0.32781749963760376, 0.0, 0.0, 0.16121116280555725, 1.2859621047973633, 0.04882427677512169, 0.26465046405792236, 1.2308354377746582, 0.0832744613289833, 0.04060721769928932, 0.3889041543006897, 4.467166423797607, 0.0, 0.3272433280944824, 0.01029455941170454, 0.10999657213687897, 0.47186923027038574, 5.2541399002075195, 0.0, 0.3250260353088379, 0.038874559104442596, 0.3686411678791046, 0.0, 0.2772620916366577, 0.3767707347869873, 0.8487327694892883, 0.37269556522369385, 0.024445995688438416, 0.0, 0.13534609973430634, 0.20828162133693695, 1.4611576795578003, 0.25847360491752625, 0.19725337624549866, 1.1161035299301147, 1.8105480670928955, 0.0, 0.4146121144294739, 0.31132179498672485, 0.3516872823238373, 0.591844916343689, 0.6202296614646912, 1.667494535446167, 1.6639866828918457, 0.3896259367465973, 0.0032088293228298426, 0.5582473874092102, 0.22986958920955658, 0.908543050289154, 0.0640653669834137, 0.2916484475135803, 3.9988272190093994, 0.7521042823791504, 0.19247442483901978, 0.003675927873700857, 0.1936897188425064, 0.7522810101509094, 2.3007681369781494, 0.5926710367202759, 0.2858068645000458, 0.48140397667884827, 0.712354838848114, 0.13565638661384583, 0.10169241577386856, 0.2816094160079956, 0.020350757986307144, 0.18803755939006805, 0.0714879110455513, 1.183427095413208, 0.7781694531440735, 0.31137025356292725, 0.3358066976070404, 0.2897878885269165, 0.28955984115600586, 0.026641417294740677, 0.0029647836927324533, 0.22324872016906738, 0.15266038477420807, 0.11594728380441666, 0.1026342511177063, 0.08767923712730408, 1.2952512502670288, 0.423535019159317, 1.607082486152649, 0.04531312361359596, 0.10702978074550629, 1.1645318269729614, 0.0009873886592686176, 0.013692155480384827, 1.5594971179962158, 0.02159956470131874, 0.3696463704109192, 0.005212015006691217, 0.0, 0.3135717809200287, 0.825107753276825, 0.05106905847787857, 0.4883235991001129, 0.0870840921998024, 0.04212275147438049, 0.5273895859718323, 0.4487326145172119, 0.02316628210246563, 0.3093414008617401, 0.09929058700799942, 0.3249707818031311, 0.0, 2.2766318321228027, 0.6394590139389038, 0.8409863114356995, 0.038747046142816544, 0.0832647979259491, 0.08755704015493393, 0.9086205363273621, 0.023090030997991562, 0.0, 0.437904953956604, 1.1901860237121582, 0.0, 0.5720759034156799, 0.11928297579288483, 0.0, 0.055664923042058945, 0.024970239028334618, 0.15917447209358215, 0.7335900068283081, 0.2129175066947937, 0.37908679246902466, 0.0, 0.7630195617675781, 0.11641102284193039, 0.6149291396141052, 0.0, 0.24578779935836792, 0.20048177242279053, 0.058808743953704834, 0.19965973496437073, 0.001089181168936193, 0.6776944398880005, 3.470320701599121, 0.010346471332013607, 0.1499093472957611, 0.36768603324890137, 0.12326176464557648, 0.008639880456030369, 0.5529963374137878, 0.4745509922504425, 0.3552381098270416, 0.14567793905735016, 0.08221974968910217, 0.013204557821154594, 0.060307472944259644, 0.3185875713825226, 1.4132184982299805, 0.08833608776330948, 0.0126617681235075, 0.04567207768559456, 0.022171201184391975, 0.17053958773612976, 0.0005038173985667527, 0.33994072675704956, 0.04937360808253288, 1.1236398220062256, 0.2191106379032135, 0.6701492071151733, 0.46170294284820557, 0.47434934973716736, 0.05047331005334854, 0.06636930257081985, 0.06474056839942932, 0.0017007176065817475, 0.3893571197986603, 0.11122570931911469, 0.41312944889068604, 0.04185706749558449, 0.4376782774925232, 0.2319357693195343, 0.2563742995262146, 0.20694251358509064, 0.0, 0.5884451866149902, 0.11853081732988358, 3.091193437576294, 1.7924989461898804, 1.523272156715393, 1.3159617185592651, 1.0849579572677612, 1.560067892074585, 0.6930608153343201, 0.18099011480808258, 2.5486271381378174, 0.0831938162446022, 0.4225599765777588, 0.10536884516477585, 0.2816755175590515, 1.2921453714370728, 0.1122376024723053, 0.1835142970085144, 0.41448983550071716, 0.264263778924942, 0.40495818853378296, 2.2141778469085693, 0.7253281474113464, 0.4113769233226776, 0.0, 0.1653013676404953, 0.2804654538631439, 0.3305693566799164, 0.029428768903017044, 0.014557483606040478, 0.7283828258514404, 0.6012993454933167, 0.5949350595474243, 0.17674994468688965, 0.1791851818561554, 0.34367966651916504, 0.14930911362171173, 0.61380535364151, 0.5241731405258179, 0.005223916377872229, 0.1518891453742981, 0.0, 0.21446117758750916, 0.500516414642334, 0.3727514445781708, 0.032192129641771317, 0.18969044089317322, 0.012564235366880894, 0.09365545213222504, 0.0, 0.1676744669675827, 0.009471017867326736, 0.060365691781044006, 0.3571052551269531, 0.046210289001464844, 0.08980033546686172, 0.05086508020758629, 0.0, 0.17271879315376282, 2.8009250164031982, 1.2022792100906372, 0.0, 0.061373092234134674, 0.19554153084754944, 0.3101170063018799, 0.35458916425704956, 0.07464947551488876, 0.141100212931633, 1.9336118698120117, 0.014851993881165981, 0.049058228731155396, 0.28795483708381653, 1.1433011293411255, 3.4865641593933105, 1.1695079803466797, 0.010406425222754478, 0.15558122098445892, 0.35831716656684875, 0.005771892610937357, 2.668691635131836, 0.8261475563049316, 0.3328181803226471, 0.21656779944896698, 0.4147205054759979, 0.3538576364517212, 0.3662889003753662, 0.13610753417015076, 0.22754333913326263, 0.9999783635139465, 1.4725737571716309, 1.0121017694473267, 0.12008164823055267, 0.19009575247764587, 0.03633610159158707, 0.0, 0.0243014395236969, 3.7094767093658447, 0.20162132382392883, 0.0, 0.0, 0.006915044039487839, 0.19635196030139923, 0.6959969401359558, 0.016870703548192978, 0.7145192623138428, 0.7798083424568176, 1.4507166147232056, 0.07065409421920776, 2.076604127883911, 0.0, 0.4123782217502594, 1.2707864046096802, 0.1224006712436676, 0.5359433889389038, 0.2571437656879425, 0.0, 0.26489728689193726, 0.4906994700431824, 0.11357132345438004, 0.0, 0.2116018831729889, 0.024819884449243546, 0.38654738664627075, 0.6950609683990479, 0.20410507917404175, 0.5723190307617188, 0.10792680829763412, 0.4691430330276489, 0.4478034973144531, 0.4037376642227173, 0.7994129657745361, 0.5803438425064087, 0.5947176218032837, 0.27506327629089355, 0.0, 0.0, 0.12916801869869232, 0.5112054944038391, 0.0, 0.014847692102193832, 0.5851263999938965, 0.08620888739824295, 0.01894414983689785, 0.99830162525177, 0.6026461720466614, 0.11581411957740784, 0.1487293392419815, 0.2631383240222931, 0.01899891532957554, 0.0, 0.0, 0.0186604131013155, 0.1782810091972351, 0.016766196116805077, 0.48531657457351685, 0.03709275275468826, 1.2240608930587769, 0.0, 0.006081848870962858, 0.0, 0.0, 0.42493048310279846, 0.0, 0.09046197682619095, 0.1811048537492752, 0.09539946913719177, 0.0, 0.23241174221038818, 0.19189639389514923, 0.37856486439704895, 0.5757331848144531, 0.015882298350334167, 0.08921802043914795, 0.7332218885421753, 0.02593463845551014, 0.2934788167476654, 0.08356551826000214, 0.7804298400878906, 0.0, 0.1574166715145111, 0.0, 0.38789811730384827, 0.02396620810031891, 0.005047788377851248, 0.18747550249099731, 0.0029326798394322395, 0.0, 0.4519183933734894, 0.0, 0.0817454606294632, 0.4856243133544922, 0.5800474286079407, 0.2483179271221161, 0.08417221903800964, 0.00986543484032154, 0.03600592166185379, 0.055958330631256104, 0.07259462028741837, 0.0, 0.21337875723838806, 1.5741517543792725, 0.14482225477695465, 0.10129662603139877, 0.5841845273971558, 0.16312752664089203, 0.017939135432243347, 4.042791366577148, 0.4133762717247009, 0.10724741965532303, 0.08398225158452988, 0.3644390106201172, 0.2872051000595093, 3.5173511505126953, 0.5884063243865967, 2.6053366661071777, 1.3070733547210693, 0.008471973240375519, 0.07185418903827667, 0.0738678053021431, 0.10794999450445175, 0.15998947620391846, 0.6147361397743225, 0.3311885893344879, 0.28116241097450256, 0.43220213055610657, 0.32176128029823303, 0.19699053466320038, 0.04705244302749634, 0.32794898748397827, 0.1809852421283722, 0.1528090089559555, 0.13877369463443756, 0.1422400176525116, 0.9966807961463928, 0.049601368606090546, 1.2121877670288086, 0.10400114953517914, 2.2178146839141846, 0.06077808886766434, 0.018548648804426193, 0.27340763807296753, 0.3004661202430725, 0.4412139058113098, 2.836031436920166, 1.5723313093185425, 3.3399264812469482, 0.020514799281954765, 0.5108506083488464, 0.2665259838104248, 0.038547977805137634, 0.02749243751168251, 0.7325692176818848, 0.27041634917259216, 0.2166685163974762, 1.2801936864852905, 0.06745836138725281, 0.7679281234741211, 0.0, 0.6299454569816589, 0.47420307993888855, 0.43185120820999146, 0.049700818955898285, 1.15813410282135, 0.0, 0.6607905030250549, 0.0498955100774765, 0.2640671133995056, 0.2535516023635864, 1.896527647972107, 2.7622270584106445, 1.1961100101470947, 0.11454086005687714, 0.08711116015911102, 2.1416711807250977, 0.08772731572389603, 0.14399434626102448, 0.5041699409484863, 0.0, 0.06362438946962357, 0.0037417702842503786, 0.24763016402721405, 0.4885481297969818, 0.24141110479831696, 0.12970788776874542, 1.0597026348114014, 0.06548640877008438, 0.006829473655670881, 0.6320700645446777, 0.012831452302634716, 0.4522886574268341, 0.36389774084091187, 0.5409135818481445, 0.6050928235054016, 0.22936584055423737, 0.7312831282615662, 0.41595977544784546, 0.47127610445022583, 0.2631426155567169, 0.3699161112308502, 1.1537525653839111, 0.38805317878723145, 0.00356091046705842, 0.007788954768329859, 1.8145838975906372, 0.35124337673187256, 0.27738580107688904, 0.013247013092041016, 0.0, 0.0, 0.5256068110466003, 0.1340726613998413, 2.9520111083984375, 0.03869333490729332, 0.6647132039070129, 0.21146118640899658, 0.15115363895893097, 0.3275114595890045, 0.25785231590270996, 1.4796764850616455, 0.14616000652313232, 0.39812523126602173, 3.487480401992798, 0.0786399319767952, 0.1701279729604721, 0.09165815263986588, 0.08577794581651688, 0.3541473150253296, 0.004825699143111706, 0.1638164073228836, 0.0182806346565485, 0.21989834308624268, 0.1262168139219284, 0.3030747175216675, 0.10182206332683563, 1.6824942827224731, 4.684962272644043, 0.11904191225767136, 0.4696585536003113, 0.006240730173885822, 1.247431993484497, 0.07072089612483978, 0.022125206887722015, 0.0077642761170864105, 0.23220089077949524, 0.01989612728357315, 0.0, 0.3022371530532837, 2.620342969894409, 0.0, 0.05035103112459183, 1.500624656677246, 0.37946200370788574, 1.2915024757385254, 0.06318197399377823, 0.7449164986610413, 0.06596260517835617, 2.1882436275482178, 0.038519445806741714, 0.34630000591278076, 0.31973981857299805, 1.0242236852645874, 0.10267861932516098, 0.8439577221870422, 0.6601198315620422, 0.07954994589090347, 0.00014150385686662048, 0.0, 0.12307587265968323, 0.1005614846944809, 0.5929361581802368, 0.379671573638916, 0.10220479965209961, 0.0, 0.732108473777771, 0.012354549020528793, 0.0, 2.959271192550659, 0.12061334401369095, 0.8336060047149658, 0.7105169296264648, 0.035390064120292664, 0.0, 1.356411337852478, 0.998687207698822, 0.06499642133712769, 1.4143859148025513, 0.1880870908498764, 0.23659081757068634, 0.20107930898666382, 0.45988160371780396, 0.09415016323328018, 0.0, 0.3258320689201355, 0.0, 0.0, 0.0, 0.46019142866134644, 0.12118244171142578, 0.00455736368894577, 2.3108432292938232, 1.3362209796905518, 0.4244577884674072, 0.21148517727851868, 0.44730761647224426, 0.8246578574180603, 1.4895182847976685, 1.0186865329742432, 0.4417724907398224, 0.011369909159839153, 0.10973966121673584, 2.6037955284118652, 0.0, 0.5114946365356445, 0.11058318614959717, 0.02365953102707863, 0.052036821842193604, 0.0807228833436966, 1.008158802986145, 0.1424012929201126, 2.54301381111145, 0.6493527293205261, 0.030026135966181755, 0.6012542247772217, 1.1392778158187866, 0.008422751910984516, 2.0311644077301025, 0.15085263550281525, 0.2154460847377777, 0.4694553315639496, 0.020831149071455002, 2.2639663219451904, 1.2584736347198486, 0.0, 0.057552650570869446, 0.005167881026864052, 0.31490442156791687, 2.860079288482666, 0.14292779564857483, 0.0017070185858756304, 0.047103822231292725, 0.10904998332262039, 0.31614676117897034, 0.6411824226379395, 0.0, 1.5343310832977295, 0.0, 0.019860856235027313, 0.8134474754333496, 0.25986021757125854, 0.0, 1.5804107189178467, 0.0, 0.11704651266336441, 0.4617634117603302, 0.11296599358320236, 0.8784562945365906, 0.008496394380927086, 0.25294050574302673, 0.23630191385746002, 0.0074385954067111015, 0.11688058078289032, 1.347757339477539, 0.0, 0.008041523396968842, 0.7618746757507324, 0.578335165977478, 1.5102070569992065, 1.9294627904891968, 0.8742673397064209, 0.3128499686717987, 0.3120110034942627, 0.28029707074165344, 0.0, 0.0, 0.3115231692790985, 0.0, 1.1475512981414795, 0.036662135273218155, 1.7564231157302856, 0.1317446082830429, 0.7704782485961914, 0.027028681710362434, 0.1147850975394249, 0.11070786416530609, 0.0, 1.619901180267334, 0.973760187625885, 0.020520519465208054, 0.0, 0.07012322545051575, 0.35829415917396545, 0.017755478620529175, 0.244772270321846, 0.9054440259933472, 0.09148311614990234, 1.1829575300216675, 1.1999479532241821, 0.09098094701766968, 0.06687136739492416, 0.05977177992463112, 0.04745684936642647, 0.4914558529853821, 1.7976349592208862, 0.06370580196380615, 0.09523831307888031, 0.4315851926803589, 0.015768811106681824, 0.6985204815864563, 0.10396634042263031, 0.0, 4.164247035980225, 0.08131158351898193, 0.06595181673765182, 0.4563555121421814, 0.8944999575614929, 0.8255144357681274, 0.22894644737243652, 0.22130292654037476, 0.0, 0.5351826548576355, 0.05528971180319786, 0.0, 0.06092165783047676, 0.7255982160568237, 0.036547720432281494, 0.40020641684532166, 0.3054947257041931, 0.5236613750457764, 0.06657669693231583, 0.2078985720872879, 0.11802511662244797, 0.49017611145973206, 1.2661985158920288, 0.32158151268959045, 0.0, 0.0, 0.1456696093082428, 0.0, 0.0803305134177208, 0.028814520686864853, 0.02212546393275261, 0.06853585690259933, 1.1484445333480835, 0.026617009192705154, 0.021103158593177795, 0.2113586664199829, 1.6632940769195557, 0.14214250445365906, 0.5516087412834167, 0.06803084164857864, 0.5522397756576538, 0.028245503082871437, 0.10992990434169769, 0.7420299053192139, 0.24460646510124207, 0.0, 0.1306631714105606, 0.24580006301403046, 1.3289999961853027, 0.8930343389511108, 0.024630380794405937, 0.29011496901512146, 0.6927518248558044, 0.0012880101567134261, 0.11859326809644699, 0.18680711090564728, 0.39020001888275146, 0.027919458225369453, 0.0, 0.3252407908439636, 0.626695454120636, 0.0, 0.029835233464837074, 0.23685792088508606, 0.009206390008330345, 1.3960448503494263, 0.7780621647834778, 1.446119785308838, 0.0, 0.5713068246841431, 0.1606636792421341, 0.2778622508049011, 0.0, 0.0, 0.07621238380670547, 1.0549728870391846, 0.28997933864593506, 0.0, 3.3392343521118164, 0.0, 0.34050625562667847, 0.19159507751464844, 0.18973632156848907, 0.0, 0.08429954200983047, 1.7053378820419312, 0.0633419081568718, 1.5025758743286133, 0.4696265161037445, 0.6872985363006592, 1.1048630475997925, 0.0, 0.07737978547811508, 1.590566873550415, 0.0, 0.0, 0.006639645900577307, 0.0, 0.7434518933296204, 0.015662137418985367, 0.15742112696170807, 2.048112630844116, 0.0, 0.16651375591754913, 1.149894118309021, 0.11591116338968277, 0.0923985093832016, 0.47689566016197205, 0.7041525840759277, 0.004112771712243557, 1.1356035470962524, 0.3949850797653198, 0.0, 0.6118568778038025, 0.6899836659431458, 0.9438832402229309, 0.337388277053833, 0.39332443475723267, 0.39212578535079956, 2.233441114425659, 0.04010918736457825, 0.0, 0.43934762477874756, 1.6745667457580566, 0.06316038221120834, 0.0, 0.0, 1.129602074623108, 0.24051426351070404, 0.6295198202133179, 0.9848193526268005, 0.009424000047147274, 1.956755518913269, 0.05830773711204529, 1.6793097257614136, 0.16090495884418488, 0.10756654292345047, 0.2521578073501587, 0.6718365550041199, 0.057773735374212265, 0.3804730772972107, 0.8687306642532349, 0.011441552080214024, 0.9269847273826599, 1.8519953489303589, 1.554909586906433, 0.965728759765625, 0.05590762570500374, 0.0, 0.33780336380004883, 0.10394269227981567, 0.2065112441778183, 0.22846125066280365, 0.5974729657173157, 0.28308480978012085, 0.13331055641174316, 0.4163754880428314, 0.3307195007801056, 0.037915028631687164, 0.2671958804130554, 0.1343788355588913, 0.5161030888557434, 0.18891607224941254, 0.37844595313072205, 1.7538117170333862, 0.0002770131977740675, 0.004993365611881018, 1.5563678741455078, 0.19586622714996338, 0.012004287913441658, 0.060469917953014374, 0.0, 0.3662868142127991, 1.350241780281067, 0.0, 0.07089655846357346, 0.0, 0.7300469279289246, 0.020555052906274796, 0.3435262441635132, 0.3561607599258423, 0.11134688556194305, 0.0, 0.2845759987831116, 0.18764464557170868, 0.0075716436840593815, 1.0707900524139404, 0.07452079653739929, 0.24020366370677948, 0.1463661938905716, 5.056249618530273, 0.0, 0.04852595925331116, 0.6731477975845337, 0.46776413917541504, 0.5011006593704224, 0.0, 1.4117181301116943, 0.08707673102617264, 0.03388189896941185, 0.04385194554924965, 0.31116488575935364, 0.23157797753810883, 0.04836453124880791, 0.0, 0.10718339681625366, 0.5123327374458313, 0.09739965200424194, 0.4555864632129669, 0.08107546716928482, 0.04077828302979469, 0.09994309395551682, 0.4625987708568573, 0.2568686008453369, 0.004326888360083103, 0.08543562144041061, 0.0, 1.968970775604248, 0.41327691078186035, 0.18476904928684235, 0.41302335262298584, 1.6449987888336182, 0.6166097521781921, 0.060013674199581146, 0.8917069435119629, 0.07472339272499084, 0.02999505028128624, 2.2748613357543945, 3.961630344390869, 1.7306755781173706, 1.675750732421875, 3.8149425983428955, 0.0, 0.05445060878992081, 0.31766027212142944, 0.041845738887786865, 0.03094174899160862, 0.06264054030179977, 0.12509064376354218, 1.26880943775177, 0.04624065011739731, 0.42844903469085693, 0.12700155377388, 0.0, 0.01462259329855442, 0.261379599571228, 0.6196092367172241, 0.0059912498109042645, 0.13223515450954437, 5.31748104095459, 0.0006375312805175781, 0.04429972916841507, 0.0330624133348465, 2.8287293910980225, 0.12006085366010666, 0.7440363168716431, 0.20704270899295807, 0.32262662053108215, 0.015341435559093952, 2.284956455230713, 0.20123310387134552, 0.7508970499038696, 0.33614009618759155, 1.137139081954956, 0.278942734003067, 0.2039160430431366, 0.0590771846473217, 0.025972049683332443, 2.2928903102874756, 0.9525004625320435, 0.30845117568969727, 0.0650276243686676, 0.037246476858854294, 0.08163522183895111, 0.01165112666785717, 1.8793624639511108, 0.6253782510757446, 0.3505156338214874, 0.0077305450104177, 0.0, 1.2254024744033813, 0.0, 1.0920861959457397, 0.031944163143634796, 0.5761026740074158, 0.04458877816796303, 0.08525151759386063, 2.2824172973632812, 0.0002711694978643209, 0.2729741632938385, 0.08389704674482346, 0.1531808078289032, 0.5155407786369324, 0.09579359740018845, 0.016331341117620468, 0.057615015655756, 0.3067866861820221, 0.38120049238204956, 0.13595280051231384, 0.05129021406173706, 0.0, 0.16905511915683746, 0.09372665733098984, 1.9865930080413818, 0.19370752573013306, 0.003539352910593152, 1.5978626012802124, 0.30541130900382996, 0.025823291391134262, 0.6068012714385986, 0.8248435854911804, 0.6253382563591003, 0.40074247121810913, 0.1284516602754593, 5.784958839416504, 0.024936985224485397, 0.48337095975875854, 0.0, 0.010308689437806606, 0.026575693860650063, 0.026532109826803207, 1.0338051319122314, 0.005208545830100775, 0.746985673904419, 0.0, 1.4188451766967773, 0.10335269570350647, 0.035943977534770966, 0.021730922162532806, 0.34127894043922424, 0.41193974018096924, 0.1844380646944046, 0.041830066591501236, 0.1822022795677185, 0.2771606743335724, 1.801214575767517, 0.21017909049987793, 0.007921990007162094, 0.0, 0.22959208488464355, 0.2836865484714508, 0.7975942492485046, 2.2206828594207764, 0.0, 0.0030326114501804113, 0.13646146655082703, 0.12774650752544403, 0.08065904676914215, 4.113380432128906, 0.314450204372406, 0.1471116989850998, 0.07596484571695328, 0.06932925432920456, 0.20733624696731567, 0.1267365962266922, 0.3187665641307831, 1.6284303665161133, 0.16968485713005066, 0.06301726400852203, 0.4955330789089203, 0.13059107959270477, 0.05468960106372833, 0.049916479736566544, 0.10781931132078171, 3.172039031982422, 0.3647390902042389, 1.6771106719970703, 0.4578232169151306, 0.05784130096435547, 0.03822134807705879, 0.19428953528404236, 0.7918421626091003, 0.17323139309883118, 0.04692734032869339, 0.0, 1.3455781936645508, 0.6815182566642761, 0.07519499957561493, 0.0, 0.9043517708778381, 0.012349732220172882, 0.06317703425884247, 0.3196026086807251, 0.06553539633750916, 0.9280456304550171, 0.03428603708744049, 0.05830841138958931, 0.09337909519672394, 2.45933198928833, 0.8130719065666199, 0.019931809976696968, 0.34479689598083496, 0.10699550807476044, 0.003043043427169323, 0.007489948999136686, 0.41645777225494385, 0.0, 0.0, 1.2878364324569702, 0.5655102729797363, 0.21851347386837006, 0.21023419499397278, 0.07786968350410461, 0.4199802577495575, 0.0, 0.9600677490234375, 2.552623748779297, 0.6701200604438782, 1.4210562705993652, 2.002107620239258, 0.029583288356661797, 0.03260639309883118, 0.3095758557319641, 0.021814271807670593, 0.021614018827676773, 0.009508502669632435, 0.09081839770078659, 0.055930234491825104, 1.6887398958206177, 0.6800824999809265, 0.010708955116569996, 0.31886351108551025, 2.227649211883545, 1.253734827041626, 0.034956689924001694, 0.037475597113370895, 0.1710103452205658, 0.07700853794813156, 0.322393000125885, 0.4126732349395752, 0.8300175666809082, 0.603420078754425, 0.0022823032923042774, 0.6120828986167908, 0.05796953663229942, 0.6602053046226501, 1.4227964878082275, 1.2779748439788818, 0.0018759430386126041, 0.13996554911136627, 0.12985053658485413, 0.25226059556007385, 0.6570773124694824, 0.3648376166820526, 0.6761406064033508, 0.0011311890557408333, 0.11141157895326614, 0.32441890239715576, 0.06293483078479767, 0.8779301643371582, 0.011864082887768745, 0.1725337952375412, 0.0, 0.1390175074338913, 0.3722550570964813, 0.7908182740211487, 0.30043432116508484, 0.015633808448910713, 0.29338687658309937, 0.12935732305049896, 0.5008962750434875, 0.07202425599098206, 0.0033844977151602507, 1.4680205583572388, 0.44489389657974243, 0.385320782661438, 0.08087511360645294, 0.8245821595191956, 0.0, 0.04059974476695061, 1.2340786457061768, 0.4394608438014984, 3.3679521083831787, 0.7057383060455322, 0.06457866728305817, 0.011150508187711239, 0.5013371109962463, 0.4437389671802521, 0.0921572670340538, 1.528521180152893, 0.03083370439708233, 0.4976385831832886, 0.12017055600881577, 0.9774330258369446, 0.20686128735542297, 0.08630114048719406, 0.0379512757062912, 1.4020731449127197, 1.2916432619094849, 0.6246955394744873, 2.159768581390381, 0.15252140164375305, 0.8966033458709717, 0.5505399107933044, 0.07189314812421799, 0.6564301252365112, 1.3169169425964355, 0.19807250797748566, 1.362851619720459, 0.009720145724713802, 1.3777581453323364, 0.02170488052070141, 0.2424425333738327, 2.0740060806274414, 0.6016902327537537, 0.02585974521934986, 1.7442753314971924, 0.0, 0.0, 1.0755382776260376, 0.22644102573394775, 0.41347482800483704, 0.25957930088043213, 2.622452735900879, 0.09920549392700195, 0.3076867163181305, 0.0, 0.033281225711107254, 0.9991748332977295, 1.5631511211395264, 0.31131836771965027, 1.157212495803833, 0.1460016369819641, 1.1430718898773193, 0.8839118480682373, 0.9798206686973572, 0.0, 0.0003012978413607925, 0.004584256559610367, 0.4903663694858551, 0.0029889685101807117, 0.0, 1.32911217212677, 0.002996999304741621, 0.0, 0.7705371379852295, 0.10116635262966156, 0.12724697589874268, 0.9332993030548096, 0.13604359328746796]",Testing/glioma_tumor/image.jpg
"[0.08740819990634918, 0.33068227767944336, 0.0, 0.48770779371261597, 1.2594430446624756, 0.07251818478107452, 3.835671901702881, 0.08807254582643509, 0.0, 0.0, 0.0, 0.0, 0.3339390158653259, 1.6360799074172974, 0.31526118516921997, 0.0602605864405632, 0.7014994025230408, 1.5739978551864624, 0.0317104235291481, 0.15232370793819427, 1.2039055824279785, 0.8200421333312988, 0.6252187490463257, 0.04071740061044693, 0.05802135542035103, 0.6871963143348694, 1.131730079650879, 0.01283787190914154, 0.06122357398271561, 0.21528640389442444, 0.08836144953966141, 0.5968737602233887, 0.7006270885467529, 0.4037395417690277, 1.39715576171875, 1.1214511394500732, 0.06286697089672089, 0.06988424807786942, 0.09015798568725586, 0.1113642081618309, 1.2365249395370483, 1.1646740436553955, 0.0014257138827815652, 0.3400695323944092, 0.02384052239358425, 0.10002155601978302, 0.0, 0.08413493633270264, 0.0, 0.392505407333374, 0.3095369040966034, 0.17179615795612335, 1.3214081525802612, 0.25371381640434265, 2.2611310482025146, 0.25384074449539185, 0.9155448079109192, 0.0995977371931076, 0.7248405814170837, 0.052374303340911865, 1.1720385551452637, 1.8288593292236328, 2.249385356903076, 0.29546937346458435, 0.2014683336019516, 0.3534775972366333, 1.0098505020141602, 0.1364053636789322, 0.09647838771343231, 0.013228265568614006, 0.4361361265182495, 0.014793814159929752, 0.3888697624206543, 3.2156145572662354, 0.06867372244596481, 0.09779703617095947, 0.7076112627983093, 0.10837965458631516, 0.0, 0.7349940538406372, 0.0, 0.009481040760874748, 0.39148402214050293, 0.0012559234164655209, 0.6408374309539795, 0.4108206033706665, 1.1627687215805054, 0.26726800203323364, 0.055314190685749054, 0.12305718660354614, 1.7665106058120728, 0.6693892478942871, 0.6747363209724426, 0.9680264592170715, 0.02794143371284008, 0.0, 0.9391407370567322, 0.08587192744016647, 0.06233010068535805, 0.1864672154188156, 0.14255724847316742, 0.17508266866207123, 1.0728998184204102, 0.0, 0.9388766288757324, 0.10110915452241898, 0.07854647189378738, 0.3774368464946747, 0.03463931754231453, 1.8815068006515503, 0.1308683604001999, 0.6188413500785828, 0.0015808027237653732, 0.13685975968837738, 1.682389497756958, 0.30633842945098877, 0.0, 0.16854515671730042, 0.4742720425128937, 0.4554930627346039, 0.033335331827402115, 0.4126891791820526, 0.0, 0.17042511701583862, 0.121108777821064, 0.038628581911325455, 0.0, 0.39246866106987, 2.4282779693603516, 0.033967275172472, 0.01913595199584961, 0.6845077276229858, 0.46162867546081543, 0.050791267305612564, 0.15010406076908112, 0.10171400755643845, 0.7838936448097229, 0.2799625098705292, 0.173523411154747, 0.08610651642084122, 0.4499608278274536, 0.04015196114778519, 0.10710566490888596, 0.0, 0.16025564074516296, 0.3420296907424927, 0.2937484085559845, 1.4043396711349487, 0.3983643651008606, 0.21181926131248474, 1.2780534029006958, 0.645272970199585, 0.06871656328439713, 0.00022204554989002645, 0.5720192193984985, 0.36925172805786133, 0.0, 0.4830138683319092, 2.4084856510162354, 0.10869855433702469, 0.7338781356811523, 0.3123042583465576, 0.09453843533992767, 0.5091753602027893, 0.036715369671583176, 0.24107155203819275, 0.15379568934440613, 0.5652682781219482, 0.24859519302845, 7.930468559265137, 0.08961998671293259, 0.03215249255299568, 0.007130044046789408, 1.2108839750289917, 0.7049586176872253, 2.1115024089813232, 0.057724907994270325, 0.059102993458509445, 0.1142663061618805, 0.3057301342487335, 0.03628770262002945, 0.0, 0.16636642813682556, 0.17302189767360687, 0.3168714940547943, 0.22459715604782104, 0.018140437081456184, 1.4336539506912231, 0.36921581625938416, 0.0, 0.05593356490135193, 0.09217984229326248, 0.03376511484384537, 0.0034902729094028473, 1.1871135234832764, 1.5883976221084595, 0.48629090189933777, 0.007959946990013123, 0.0, 0.15417088568210602, 0.14123226702213287, 1.3266420364379883, 0.8543972969055176, 0.35239869356155396, 2.092759132385254, 0.20822784304618835, 0.043380893766880035, 0.06227855384349823, 0.46933552622795105, 0.4754388630390167, 0.21145333349704742, 2.755284309387207, 0.0, 1.4808810949325562, 0.13036352396011353, 0.1665784865617752, 0.8027480244636536, 0.21513040363788605, 0.09498286992311478, 0.08347779512405396, 0.7891126275062561, 0.048726413398981094, 1.9575836658477783, 0.025184204801917076, 0.0, 0.4581107199192047, 0.3030359745025635, 0.2559276819229126, 0.459900438785553, 0.10774771869182587, 0.38021722435951233, 0.5977020263671875, 0.2043367475271225, 1.3497079610824585, 1.3295376300811768, 0.575850248336792, 0.015233156271278858, 0.15362422168254852, 0.0, 0.06679216027259827, 0.41439729928970337, 0.16212624311447144, 0.3291914165019989, 0.039687447249889374, 0.01301056519150734, 0.0, 0.4672393798828125, 1.0448706150054932, 0.07835565507411957, 1.1058882474899292, 1.536781668663025, 0.1770632266998291, 0.515815794467926, 1.054840087890625, 0.49277403950691223, 0.4534440040588379, 0.1307622790336609, 4.130765438079834, 0.058446768671274185, 0.38991865515708923, 0.009501325897872448, 0.05238558351993561, 1.4152811765670776, 0.11357853561639786, 0.0, 0.02283187210559845, 0.0, 0.14757192134857178, 0.016729706898331642, 0.1261759251356125, 0.5074329972267151, 0.06009065732359886, 0.30070915818214417, 0.4475226104259491, 5.007674217224121, 0.6308964490890503, 0.13608704507350922, 0.6476702690124512, 0.5254351496696472, 0.02544168010354042, 1.161227822303772, 2.2340846061706543, 2.9228944778442383, 0.007119589950889349, 0.9856405258178711, 0.19062507152557373, 0.9611569046974182, 0.0, 0.018455268815159798, 0.08466201275587082, 0.48864784836769104, 0.7926318049430847, 0.0, 0.11489099264144897, 0.05103330686688423, 3.1578824520111084, 0.0017205209005624056, 0.023113355040550232, 0.6553677320480347, 0.3220720589160919, 0.4679793417453766, 0.08495257049798965, 4.019819736480713, 2.7319538593292236, 2.245436191558838, 0.3302233815193176, 0.21380190551280975, 0.0, 1.5979872941970825, 0.07957318425178528, 0.5248143076896667, 0.6419865489006042, 0.9067904353141785, 0.45293110609054565, 0.0, 0.3785625100135803, 1.2005064487457275, 0.36159926652908325, 0.0, 0.41274723410606384, 0.2903822064399719, 2.4500460624694824, 1.0955466032028198, 0.01317596435546875, 0.36911797523498535, 0.1267682909965515, 0.2782965302467346, 0.22404634952545166, 4.714483261108398, 0.7317801713943481, 0.5087230801582336, 0.14422956109046936, 0.8433505296707153, 0.2725684642791748, 0.0027087221387773752, 0.002923999447375536, 2.524580717086792, 0.20037579536437988, 1.140701413154602, 0.3150348365306854, 1.2464542388916016, 0.08049173653125763, 0.0, 0.49548107385635376, 0.0, 0.33946824073791504, 0.012778948992490768, 0.0, 0.2510075867176056, 1.5867044925689697, 0.1521722376346588, 0.11450079828500748, 0.2287161648273468, 0.04440544918179512, 0.18435902893543243, 0.12660236656665802, 0.1173187792301178, 0.0, 0.7242088317871094, 2.0109922885894775, 0.0, 0.7101061344146729, 0.07497327029705048, 0.08463501185178757, 0.06648877263069153, 0.3012227714061737, 0.10445055365562439, 0.027019068598747253, 0.5772298574447632, 0.4655250608921051, 0.2804390788078308, 0.42392340302467346, 0.10967139899730682, 1.3127541542053223, 0.5087039470672607, 0.11466490477323532, 0.5215525031089783, 0.8368514776229858, 0.07642380893230438, 0.008194135501980782, 0.12974417209625244, 0.10883932560682297, 0.12037535756826401, 0.037642642855644226, 0.11677685379981995, 0.020652955397963524, 1.8181413412094116, 0.7429026365280151, 0.05284654721617699, 0.007907656021416187, 0.0, 0.01613045297563076, 0.26113608479499817, 0.8440389037132263, 0.7351539134979248, 3.0652544498443604, 0.060211844742298126, 1.4706287384033203, 0.03126071020960808, 0.7748502492904663, 0.044918425381183624, 0.0, 0.10157086700201035, 0.2501058280467987, 0.034053754061460495, 2.546873092651367, 0.09929559379816055, 0.3230147957801819, 0.6022836565971375, 1.1273013353347778, 0.0, 0.054132793098688126, 0.04233434796333313, 0.06517155468463898, 0.016404446214437485, 2.0737602710723877, 0.0014658509753644466, 0.23426315188407898, 0.03149092569947243, 0.6254677176475525, 0.520499587059021, 0.14971105754375458, 0.3084719777107239, 0.033430974930524826, 0.04483471438288689, 0.43156877160072327, 0.21013814210891724, 0.21352748572826385, 0.11560593545436859, 0.44694045186042786, 0.2263045758008957, 0.34272536635398865, 2.273805856704712, 0.05440279468894005, 4.994114875793457, 0.052958156913518906, 0.0, 1.7215633392333984, 0.2918670177459717, 0.2631951570510864, 0.004818338435143232, 0.010104500688612461, 3.246154546737671, 0.3537009060382843, 0.4648990333080292, 0.07161836326122284, 0.002200788352638483, 0.7880662679672241, 0.20131142437458038, 0.7070984840393066, 0.2663886547088623, 0.0, 0.28439784049987793, 0.002353218151256442, 0.03973282501101494, 0.3776201903820038, 0.14936037361621857, 0.4412480592727661, 0.0, 1.7886230945587158, 0.4498967230319977, 0.5728331208229065, 0.4680522084236145, 0.25432053208351135, 0.30858099460601807, 0.31116408109664917, 0.0, 1.069810390472412, 0.3106170892715454, 0.29431217908859253, 0.2663246989250183, 0.0007373556727543473, 0.021337134763598442, 0.8339511156082153, 0.1335928738117218, 0.04848990961909294, 0.17992901802062988, 0.0, 0.0012362295528873801, 0.9647143483161926, 1.1847337484359741, 0.23405468463897705, 0.002272226382046938, 0.6147016286849976, 0.029190022498369217, 1.0206340551376343, 0.004560653120279312, 0.027892082929611206, 0.5101937651634216, 0.0, 0.0, 0.47140613198280334, 0.0, 0.0, 0.729016900062561, 0.07658812403678894, 0.033985309302806854, 0.12090077996253967, 0.20518213510513306, 0.05639752745628357, 0.24092920124530792, 0.7183262705802917, 0.0, 2.631471633911133, 0.08798009157180786, 0.1090383529663086, 0.02623496763408184, 0.19600796699523926, 0.08785920590162277, 0.6021358966827393, 0.07321213185787201, 0.08495145291090012, 0.09472408890724182, 0.45762142539024353, 0.40080398321151733, 0.8591359257698059, 1.670465111732483, 0.010163010098040104, 0.2631067633628845, 0.3748447000980377, 0.04320402443408966, 0.6936665177345276, 0.006397651042789221, 0.2852696478366852, 0.0, 0.625652551651001, 0.10432496666908264, 0.0, 0.005734835285693407, 0.4301251769065857, 0.09265552461147308, 0.4436158835887909, 1.8348103761672974, 1.872971534729004, 0.05642330273985863, 0.0803191065788269, 5.451877593994141, 0.13616296648979187, 0.7832192182540894, 0.1848798543214798, 0.0, 0.1046789288520813, 0.13199171423912048, 0.7940055131912231, 5.546132564544678, 0.9904794692993164, 0.051309335976839066, 0.0531284362077713, 0.7712013125419617, 0.0, 0.19375824928283691, 0.21452265977859497, 0.4295940399169922, 0.00011019803787348792, 0.026936441659927368, 1.9383645057678223, 0.21280911564826965, 0.06929373741149902, 0.38022369146347046, 0.01188096683472395, 3.6312313079833984, 0.3096907138824463, 0.8218916058540344, 0.0, 0.08492838591337204, 0.23451226949691772, 0.12091157585382462, 0.6179340481758118, 1.4553923606872559, 0.2491259127855301, 0.12853191792964935, 0.05606941133737564, 0.5935441851615906, 0.028040725737810135, 0.06034618616104126, 0.008681793697178364, 0.0, 0.29780879616737366, 0.06972239166498184, 0.08028185367584229, 2.978933572769165, 0.0, 0.07631053030490875, 0.012819202616810799, 0.0, 0.055582527071237564, 0.4005143344402313, 0.351347953081131, 0.044073380529880524, 0.0009383522556163371, 0.10235613584518433, 0.020724033936858177, 2.451475143432617, 0.0, 0.5758708715438843, 0.07867859303951263, 0.1613479107618332, 0.0, 0.039883196353912354, 0.39819687604904175, 0.16008633375167847, 0.022427238523960114, 4.407255172729492, 0.5648611187934875, 0.08619280159473419, 0.01698407344520092, 0.6292102932929993, 0.044743333011865616, 0.5417672991752625, 2.6977968215942383, 0.0659739151597023, 0.8774590492248535, 0.8242044448852539, 0.19561873376369476, 0.0, 0.6162467002868652, 0.00028724331059493124, 0.020275903865695, 0.014117017388343811, 0.5903567671775818, 1.028520107269287, 0.2814701795578003, 3.2525553703308105, 0.5262131690979004, 0.9741401076316833, 0.2625175416469574, 0.06184787303209305, 0.21208719909191132, 0.0, 0.0, 0.08119075745344162, 0.1838662326335907, 0.1915997415781021, 0.00589189724996686, 0.0932522714138031, 0.0, 0.17928668856620789, 0.024234578013420105, 0.0, 0.5913378596305847, 1.4397996664047241, 0.060486529022455215, 0.048710376024246216, 0.39715638756752014, 0.061174578964710236, 0.12412407994270325, 2.8736772537231445, 1.051989197731018, 0.2220132201910019, 0.06971178948879242, 0.9480172991752625, 0.34803369641304016, 0.11038035154342651, 0.0, 0.696942150592804, 0.08677982538938522, 0.46511608362197876, 0.029399696737527847, 0.30825555324554443, 0.02096700109541416, 0.4909338653087616, 0.7309468984603882, 0.301239937543869, 0.15709204971790314, 1.1163634061813354, 0.01735023409128189, 5.089447021484375, 0.06084124743938446, 0.16984756290912628, 0.0028227251023054123, 0.4041121304035187, 0.5708725452423096, 0.5199488997459412, 0.4027236998081207, 0.4311525821685791, 0.1434064656496048, 7.793854456394911e-05, 0.3510098457336426, 0.09358639270067215, 1.3284540176391602, 1.394107460975647, 0.14704549312591553, 0.008208639919757843, 0.0168209969997406, 1.1373872756958008, 0.6848833560943604, 0.2552468478679657, 0.3064960241317749, 1.7854253053665161, 0.1759699285030365, 0.3651711642742157, 0.18940679728984833, 0.014379885978996754, 0.4558926820755005, 0.13735279440879822, 1.4466248750686646, 0.6227490305900574, 0.37456294894218445, 0.24157103896141052, 0.3686610162258148, 0.38281771540641785, 0.10652860999107361, 0.03491766005754471, 0.2678433358669281, 0.019243301823735237, 0.0007499431958422065, 0.9349396228790283, 1.616848349571228, 2.803103446960449, 0.0, 1.6643681526184082, 0.033027611672878265, 0.1819176971912384, 0.0, 0.0012676229234784842, 0.0, 0.0, 0.00644382881000638, 0.043406642973423004, 0.0, 1.8185477256774902, 1.9518934488296509, 0.38107481598854065, 0.11313503980636597, 0.45486509799957275, 2.3103179931640625, 0.26985782384872437, 0.604356586933136, 0.5155013203620911, 1.1032564640045166, 0.010139874182641506, 0.08163424581289291, 0.007906245067715645, 0.08211231231689453, 0.3553581237792969, 0.3261170983314514, 0.7220838665962219, 0.9623631834983826, 1.4942004680633545, 0.02957693487405777, 0.00217746221460402, 0.36455225944519043, 2.576814651489258, 0.008026658557355404, 0.047963947057724, 0.267766535282135, 0.8422074317932129, 0.0, 0.34462329745292664, 0.3386177122592926, 0.1353398859500885, 1.2584021091461182, 0.10061460733413696, 0.013609187677502632, 1.1453315019607544, 0.48801612854003906, 0.9590778946876526, 0.5351462364196777, 0.04255835711956024, 0.042848605662584305, 0.7657129168510437, 0.2345392256975174, 0.4827033579349518, 3.1354246139526367, 0.02318403497338295, 0.013988003134727478, 0.6858994364738464, 0.4104320704936981, 0.6863865852355957, 1.2742112874984741, 0.07855039834976196, 0.0, 0.3851306438446045, 0.04341994598507881, 0.5839552879333496, 0.026064595207571983, 0.0172653216868639, 0.4458731710910797, 3.379244327545166, 0.5674008131027222, 0.36990678310394287, 0.4158533811569214, 1.7811527252197266, 0.08727137744426727, 0.9165370464324951, 0.003712697885930538, 2.200713634490967, 0.6172909736633301, 1.0968399047851562, 0.01594819873571396, 0.6923225522041321, 0.5833408832550049, 0.0, 0.2951919734477997, 2.0912020206451416, 0.8331677317619324, 0.19344134628772736, 0.0, 0.3472852408885956, 0.6226179003715515, 0.10226288437843323, 0.0, 0.33933210372924805, 0.16328416764736176, 0.0049874684773385525, 0.09320971369743347, 1.1168237924575806, 1.4792568683624268, 0.45428723096847534, 0.27530550956726074, 0.15119005739688873, 0.16238491237163544, 1.8164952993392944, 0.02077757567167282, 1.1698683500289917, 0.4244595766067505, 1.521689534187317, 0.8380135297775269, 0.24405263364315033, 0.0, 0.0, 0.12468672543764114, 1.1331666707992554, 0.001317861140705645, 0.0, 1.237284779548645, 0.0, 0.0, 0.5094794631004333, 4.322940826416016, 0.006664421875029802, 0.12350251525640488, 0.16697782278060913, 0.0, 0.07211035490036011, 4.888433456420898, 0.13349708914756775, 0.006808587349951267, 0.007124453317373991, 0.6837018132209778, 0.03422629088163376, 0.019769897684454918, 0.08400711417198181, 2.028352737426758, 0.5256457924842834, 0.4000905454158783, 0.07510930299758911, 0.26385611295700073, 0.060395497828722, 1.547240138053894, 0.11155427992343903, 0.0, 1.434096336364746, 0.2642644941806793, 0.0057925935834646225, 0.24194194376468658, 0.03697636350989342, 0.0751335620880127, 1.0680269002914429, 0.48556506633758545, 0.6970881223678589, 0.25996696949005127, 0.5528356432914734, 0.0, 0.8544041514396667, 0.2914643883705139, 0.07967032492160797, 0.6133272051811218, 0.8361612558364868, 7.068824768066406, 0.25390931963920593, 0.05380997806787491, 0.14123108983039856, 0.1799730360507965, 0.49869051575660706, 0.5582330822944641, 0.046744707971811295, 0.034177809953689575, 0.6540493369102478, 0.5301912426948547, 0.011857200413942337, 0.47930315136909485, 0.13738501071929932, 0.0, 0.4866204559803009, 0.28269267082214355, 2.3284220695495605, 1.3840335607528687, 0.3917381763458252, 0.051406048238277435, 0.20410864055156708, 0.21721535921096802, 0.036687709391117096, 0.0, 0.23374086618423462, 0.031733330339193344, 0.055019866675138474, 0.28570854663848877, 0.06127554178237915, 1.1902484893798828, 0.18949197232723236, 1.2454427480697632, 0.06265398114919662, 0.0, 4.141413688659668, 0.006433477159589529, 0.14960093796253204, 1.745509147644043, 0.16804982721805573, 0.06533470749855042, 0.0, 0.0, 0.18469926714897156, 0.3149348199367523, 0.17625878751277924, 1.7328813076019287, 0.11585865169763565, 0.0, 0.045878373086452484, 0.04697515442967415, 0.02109258435666561, 0.26927757263183594, 0.5474682450294495, 0.4115722179412842, 0.050942230969667435, 0.3189726173877716, 0.7009422779083252, 0.9804577827453613, 0.7210322022438049, 0.027361446991562843, 0.010784504003822803, 0.5190449953079224, 1.1263941526412964, 0.0, 0.3546658754348755, 0.6997799873352051, 0.047506820410490036, 0.9749026894569397, 0.0, 0.0, 0.2896919548511505, 0.31083405017852783, 0.0, 0.0, 0.08068881928920746, 0.0, 0.027187181636691093, 0.9000689387321472, 0.02481294982135296, 0.2724184989929199, 0.0, 0.2374241054058075, 0.09638357907533646, 0.1444554477930069, 0.39448052644729614, 0.03674590215086937, 0.31936872005462646, 1.5127493143081665, 0.11666092276573181, 0.1300019472837448, 0.09788300842046738, 0.058597225695848465, 0.0, 0.13225583732128143, 0.40021997690200806, 2.410048723220825, 0.34830498695373535, 0.5200015306472778, 0.2831645607948303, 0.24157848954200745, 0.019078558310866356, 0.4334266781806946, 0.0023262063041329384, 0.23102612793445587, 0.10304339230060577, 0.01651833765208721, 0.09004627168178558, 0.027116702869534492, 1.0681657791137695, 0.0, 0.5625764727592468, 0.7815435528755188, 1.366719126701355, 0.13723362982273102, 0.7423005104064941, 0.24175019562244415, 0.008948576636612415, 0.0, 0.09438155591487885, 0.15342287719249725, 0.3179875612258911, 0.06178702041506767, 0.0, 0.11515430361032486, 0.41797053813934326, 0.012335173785686493, 0.026032941415905952, 0.0007679121918044984, 0.1303374171257019, 0.05013129115104675, 3.037809371948242, 0.8085355162620544, 0.9778373837471008, 1.2025996446609497, 0.280088871717453, 3.8381481170654297, 0.05301583185791969, 0.15602262318134308, 2.8351402282714844, 0.07013261318206787, 0.10610508173704147, 0.5555715560913086, 1.015682339668274, 2.009938955307007, 0.7191230654716492, 0.06814567744731903, 0.09161747992038727, 0.005480053368955851, 0.947526752948761, 2.4127824306488037, 0.043858371675014496, 0.1390809565782547, 0.0, 0.19077849388122559, 0.42704394459724426, 0.22527658939361572, 0.000883080530911684, 0.05574510991573334, 0.21327945590019226, 0.8363372087478638, 0.035907793790102005, 0.26080548763275146, 0.06947940587997437, 0.04263785481452942, 0.00910116732120514, 1.470613956451416, 0.20401771366596222, 0.003149942494928837, 0.6535385251045227, 0.2975473403930664, 0.021206218749284744, 0.0, 1.0607267618179321, 0.1593124270439148, 0.053202323615550995, 0.053142085671424866, 0.07233232259750366, 0.13943077623844147, 0.24196460843086243, 0.008967253379523754, 0.4518919587135315, 0.11262788623571396, 0.0, 0.0, 0.07500308007001877, 0.25253430008888245, 0.34950095415115356, 1.9950072765350342, 0.8678420186042786, 0.6452383995056152, 0.02084331214427948, 0.4832850992679596, 0.15353283286094666, 0.07370685786008835, 0.13066259026527405, 0.0018970358651131392, 0.1575542688369751, 0.28510549664497375, 0.0, 0.23021800816059113, 1.2181837558746338, 3.386491060256958, 0.1627015471458435, 0.29215019941329956, 0.3341994881629944, 0.24156983196735382, 0.000396280869608745, 0.0030802024994045496, 0.04922391101717949, 0.007288341410458088, 1.542678952217102, 0.2307797521352768, 0.7580423355102539, 1.7823612689971924, 0.037097521126270294, 1.217962384223938, 0.571416974067688, 1.1158329248428345, 2.244889497756958, 0.05722590908408165, 0.3479318916797638, 0.46631839871406555, 0.0, 0.09960860013961792, 2.8619771003723145, 0.03587532415986061, 0.0010770364897325635, 0.0, 0.01074982900172472, 0.060757752507925034, 0.27046823501586914, 0.0, 0.06167203560471535, 0.312008261680603, 0.16004911065101624, 0.11771034449338913, 0.8615832924842834, 0.06860005855560303, 0.03778933361172676, 0.37170058488845825, 0.19172663986682892, 0.341778963804245, 0.05846241116523743, 0.03292245417833328, 0.2836036682128906, 0.1315247118473053, 0.0, 0.0, 0.8189748525619507, 0.052616797387599945, 0.6106216311454773, 0.26567357778549194, 0.14196088910102844, 0.24400942027568817, 0.1857956498861313, 0.09475608915090561, 0.06689656525850296, 0.6559252142906189, 0.3117658197879791, 1.3363386392593384, 0.04585415869951248, 0.0, 0.25786590576171875, 1.6876057386398315, 0.10856430232524872, 0.052348677068948746, 0.03895718231797218, 0.0, 0.09150437265634537, 0.0, 0.0352310985326767, 0.2457701414823532, 0.03341234475374222, 0.3406441807746887, 0.006814805790781975, 0.1106947660446167, 0.0, 0.00038678792770951986, 0.0371355265378952, 0.025620128959417343, 0.08547220379114151, 0.25836312770843506, 0.5127204656600952, 0.0, 1.2526466846466064, 0.028263714164495468, 0.17797571420669556, 0.27001529932022095, 0.0, 0.6146929264068604, 0.11491703242063522, 0.0, 0.31253287196159363, 0.19935423135757446, 0.013326827436685562, 0.193544402718544, 0.0899725928902626, 0.11409473419189453, 0.008495457470417023, 0.3132114112377167, 0.09827645123004913, 0.0, 0.003425904782488942, 0.05557722970843315, 0.016335224732756615, 0.3892727196216583, 0.061515770852565765, 0.10664384067058563, 0.056357625871896744, 0.8772987723350525, 0.0061386385932564735, 0.0, 0.2224421352148056, 0.11353784799575806, 0.025495165959000587, 0.0, 0.030680634081363678, 0.5977491140365601, 0.5315274000167847, 0.06506738811731339, 0.014104400761425495, 0.014585436321794987, 0.0, 0.19754658639431, 0.04094449803233147, 0.1415659785270691, 0.4971525967121124, 0.15090464055538177, 0.2904052138328552, 0.0039326804690063, 0.7903902530670166, 0.23813456296920776, 0.0010047275573015213, 0.4334907829761505, 3.893937110900879, 0.25331443548202515, 0.41643857955932617, 0.3179134726524353, 1.074825406074524, 0.30170589685440063, 3.3100345134735107, 0.5203176736831665, 1.2462217807769775, 1.8452084064483643, 0.0, 0.06453574448823929, 0.09550905972719193, 0.38878196477890015, 0.28758883476257324, 0.8177337050437927, 0.2008592188358307, 0.05064725875854492, 0.14508973062038422, 1.5029505491256714, 0.2670532166957855, 0.023638738319277763, 0.15024301409721375, 0.04936891794204712, 0.4271557331085205, 0.18743786215782166, 0.2714400291442871, 0.3449629843235016, 0.0022024817299097776, 2.6990692615509033, 0.04446455091238022, 0.1238689050078392, 1.0589268207550049, 0.012133987620472908, 0.5790392160415649, 0.2651859521865845, 0.8849850296974182, 0.7525935173034668, 0.31526699662208557, 2.276721477508545, 1.7655969858169556, 0.32116982340812683, 0.04086153954267502, 0.21730837225914001, 0.06872314214706421, 0.02756350301206112, 0.4952581822872162, 1.7517004013061523, 0.3316889703273773, 0.023269757628440857, 0.3828357458114624, 0.06842078268527985, 1.9519591331481934, 0.16276416182518005, 0.0, 0.12835820019245148, 0.042111560702323914, 0.0, 0.5487164258956909, 0.4893987476825714, 0.8725732564926147, 0.3852006494998932, 3.0995991230010986, 1.3350707292556763, 0.7742536067962646, 0.19705212116241455, 0.04658861458301544, 2.194707155227661, 0.12579044699668884, 0.6792473196983337, 0.022569837048649788, 0.11534252762794495, 0.06508972495794296, 1.8416193723678589, 0.31505876779556274, 0.2895696759223938, 0.058390453457832336, 0.5774760842323303, 0.9996819496154785, 0.0, 0.003082825103774667, 1.2431364059448242, 0.07621101289987564, 0.5282347798347473, 0.7635568380355835, 1.1344668865203857, 0.10936259478330612, 0.0, 1.1678632497787476, 0.18487712740898132, 0.373734712600708, 0.0, 0.06026306003332138, 2.139343023300171, 0.04988979920744896, 0.0, 0.14363491535186768, 0.39261817932128906, 0.06849046051502228, 1.0695972442626953, 0.04834495112299919, 0.0033931464422494173, 0.007370902691036463, 0.6514253616333008, 0.04168850556015968, 1.2033590078353882, 0.1340203732252121, 0.3585764169692993, 0.17174720764160156, 0.0516897477209568, 1.041869878768921, 0.12327641993761063, 0.28362253308296204, 0.06355009227991104, 0.177885040640831, 1.0722063779830933, 0.830379068851471, 0.2637800872325897, 0.05630628392100334, 0.0, 0.7490898370742798, 0.009124941192567348, 0.44952669739723206, 0.0, 1.0811984539031982, 0.8323435187339783, 0.19214238226413727, 0.09647627919912338, 0.8294380307197571, 0.5884422659873962, 0.0, 0.592675507068634, 0.1961607038974762, 0.09257857501506805, 0.0, 0.13039489090442657, 0.0, 0.3097951412200928, 0.03609002009034157, 0.0, 0.0, 1.8274664878845215, 0.0, 0.16518771648406982, 1.094178318977356, 1.0217359066009521, 0.3093452453613281, 0.0, 1.353739857673645, 0.20968596637248993, 2.910266399383545, 0.06569019705057144, 0.6614568829536438, 0.6030436754226685, 0.011352981440722942, 0.210144504904747, 0.049530282616615295, 1.1829347610473633, 0.018005402758717537, 0.08508957922458649, 0.03440922498703003, 0.9047164916992188, 0.04541533440351486, 0.36769628524780273, 0.08716704696416855, 0.15376785397529602, 0.1418832391500473, 0.28727439045906067, 0.6175846457481384, 0.0, 2.5191783905029297, 0.8544566631317139, 0.2681766152381897, 0.020658474415540695, 0.3087833523750305, 0.032886654138565063, 0.8529569506645203, 0.9778697490692139, 0.1369483768939972, 1.8488560914993286, 0.08134236931800842, 0.0005217887810431421, 0.2174501270055771, 0.4545498788356781, 0.2727048397064209, 0.15483194589614868, 0.03212213143706322, 0.00334218074567616, 0.0, 0.15273135900497437, 0.3811165690422058, 0.06954080611467361, 0.05818962678313255, 2.4258320331573486, 1.8776495456695557, 0.3405068516731262, 0.0074879489839077, 0.732939600944519, 0.7491400837898254, 0.7314501404762268, 0.3114062547683716, 0.3482719659805298, 0.0, 0.3936448097229004, 0.3124956488609314, 0.0, 0.01852775178849697, 0.16328971087932587, 0.20868560671806335, 0.04454851523041725, 0.39062827825546265, 0.6209247708320618, 0.11367998272180557, 5.714134216308594, 0.5058521628379822, 0.05002383887767792, 0.23798514902591705, 0.11704744398593903, 0.0, 0.2906396985054016, 0.17082494497299194, 0.28892379999160767, 0.07958810031414032, 0.0, 1.9771586656570435, 1.7953510284423828, 1.0431394577026367, 0.0121495695784688, 0.08451191335916519, 1.106809377670288, 0.15663671493530273, 0.0523860938847065, 0.0, 0.008331612683832645, 0.8695561289787292, 0.7973791360855103, 0.18558236956596375, 0.0, 0.23949527740478516, 0.0, 0.3808607757091522, 0.05537175014615059, 0.371148943901062, 0.0, 0.8385332226753235, 0.012859534472227097, 0.15708665549755096, 0.1569327563047409, 0.05128304287791252, 0.2386641651391983, 0.0, 0.18881452083587646, 0.16004793345928192, 0.21305692195892334, 0.0, 0.30219703912734985, 0.007551854941993952, 0.10019582509994507, 0.23103192448616028, 1.182103157043457, 2.6157124042510986, 3.534090042114258, 0.14966407418251038, 0.3761098384857178, 0.06948201358318329, 0.07421379536390305, 0.31285473704338074, 0.13944564759731293, 0.6638438701629639, 0.2952091693878174, 0.6409621834754944, 0.03044653683900833, 1.7124069929122925, 0.016010547056794167, 0.7465872764587402, 0.1615017056465149, 0.4713958501815796, 0.123702272772789, 0.03455199673771858, 0.44838830828666687, 0.0004988227738067508, 0.16233867406845093, 0.0, 0.2865893840789795, 0.5249079465866089, 0.048912983387708664, 0.09184643626213074, 0.5090243816375732, 0.010188370011746883, 0.0029112757183611393, 2.5007598400115967, 0.062424737960100174, 0.1926371157169342, 0.22600975632667542, 0.014290844090282917, 1.77299964427948, 0.6283349394798279, 0.0019663062412291765, 0.1450909823179245, 1.4738645553588867, 0.8398241400718689, 0.42540857195854187, 0.4121069610118866, 0.012427748180925846, 3.224320411682129, 0.027778400108218193, 0.030779078602790833, 1.4558167457580566, 0.1460271030664444, 0.9297740459442139, 0.49497875571250916, 0.0, 0.023194780573248863, 0.08753788471221924, 0.03410699963569641, 0.0, 0.255367636680603, 0.18559934198856354, 0.021926671266555786, 0.8866927623748779, 0.5510236620903015, 0.059937767684459686, 0.24199973046779633, 0.017799021676182747, 0.042186010628938675, 1.6838009357452393, 0.5443410873413086, 0.012190135195851326, 0.0043631670996546745, 0.657031238079071, 0.0, 0.0, 0.3392699956893921, 0.0, 0.0573301687836647, 0.00037524165236391127, 2.187039852142334, 0.1270366758108139, 0.07486690580844879, 0.2927870452404022, 0.14049242436885834, 0.7438057065010071, 0.05157121270895004, 0.7103838324546814, 2.1579086780548096, 0.03296632319688797, 0.8999025225639343, 0.7430504560470581, 1.2898304462432861, 0.0, 0.038920849561691284, 1.260209321975708, 1.5232707262039185, 2.3248982429504395, 0.000709407206159085, 0.02533065341413021, 0.5125641822814941, 0.02789890579879284, 0.00831361673772335, 0.2701345682144165, 0.5658500790596008, 0.11296536028385162, 0.0, 0.6647350788116455, 0.10971231758594513, 0.011313993483781815, 0.375856876373291, 0.0279377568513155, 1.0571818351745605, 1.1268476247787476, 0.0615522563457489, 1.6512420177459717, 0.0, 0.5462817549705505, 0.21261760592460632, 0.09644833207130432, 0.1717911809682846, 0.07346878200769424, 0.8252210021018982, 0.380022257566452, 0.034892309457063675, 0.0019232204649597406, 0.8379049301147461, 0.2807590365409851, 1.1119935512542725, 0.25317320227622986, 0.01056213304400444, 0.015367123298346996, 0.03937235474586487, 0.5920204520225525, 0.3703385293483734, 1.3574997186660767, 0.1348855048418045, 0.07588314265012741, 1.6971404552459717, 0.3157244920730591, 0.8387148380279541, 0.296459436416626, 0.053146518766880035, 0.13635770976543427, 0.13607542216777802, 0.0038921248633414507, 0.3713919520378113, 0.16136127710342407, 0.02868354506790638, 1.4496779441833496, 0.0, 0.31274697184562683, 1.7464971542358398, 0.21585971117019653, 0.2546091079711914, 0.15744423866271973, 1.0131959915161133, 0.07292964309453964, 0.11475928872823715, 0.09308191388845444, 0.012013153173029423, 0.3275206387042999, 0.35425540804862976, 2.622068166732788, 1.215444564819336, 1.173646092414856, 0.9503411054611206, 4.25721549987793, 0.0, 0.0, 0.0, 1.3982889652252197, 0.6768732070922852, 0.0, 0.0, 0.5446816086769104, 0.15145635604858398, 0.0914139375090599, 0.6813846230506897, 0.014084825292229652, 1.4603514671325684, 0.5129547119140625, 0.5125800371170044, 0.2743973731994629, 0.0056471144780516624, 0.4769964814186096, 0.1287592500448227, 0.0, 1.0662771463394165, 0.44842883944511414, 0.0, 0.1123962327837944, 2.9463582038879395, 1.3861067295074463, 0.032715193927288055, 0.24816779792308807, 0.0, 0.36999082565307617, 0.0, 0.029120491817593575, 0.33379927277565, 0.47846415638923645, 0.1634472757577896, 0.2369239777326584, 0.4365293085575104, 0.7898120284080505, 0.24207107722759247, 0.8348903059959412, 0.0, 0.3904932737350464, 0.0, 0.3824555575847626, 0.6110244989395142, 0.2589940130710602, 0.0035811590496450663, 1.0250017642974854, 0.454034686088562, 0.0061048343777656555, 0.06253325939178467, 0.016772491857409477, 0.13176646828651428, 0.1507512629032135, 0.11661233752965927, 0.001660809270106256, 0.0, 1.1447186470031738, 0.005163854453712702, 0.1967332810163498, 0.20179247856140137, 0.007109666243195534, 0.09822987765073776, 0.019792035222053528, 0.4130730926990509, 0.0, 0.20959289371967316, 1.4858025312423706, 0.36647769808769226, 0.026006586849689484, 2.6733131408691406, 0.004625578410923481, 0.009630477987229824, 0.05075783282518387, 0.5674025416374207, 1.3472565412521362, 0.0005446356371976435, 1.590262770652771, 0.5565303564071655, 1.8008077144622803, 0.032502226531505585, 0.02318190038204193, 0.012444360181689262, 0.0, 0.05400736629962921, 0.48833566904067993, 0.018361862748861313, 0.00662684440612793, 0.6322444081306458, 0.24892207980155945, 0.09813868999481201, 0.031129097566008568, 0.8542379140853882, 0.42619994282722473, 0.6137568354606628, 0.5432831048965454, 0.4710034430027008, 0.7368319630622864, 0.17542539536952972, 0.35729488730430603, 0.31266629695892334, 0.17608106136322021, 0.2989547848701477, 0.006384825333952904, 4.0312933921813965, 0.0, 0.0047078244388103485, 2.905524492263794, 0.7915966510772705, 1.6505500078201294, 1.8662211894989014, 4.142459392547607, 0.0, 0.0, 0.04047941043972969, 0.019586285576224327, 0.0, 0.05718584358692169, 0.044905323535203934, 1.273026704788208, 0.044679440557956696, 2.2796239852905273, 0.19248804450035095, 0.06499405205249786, 0.13019053637981415, 0.5320554971694946, 0.28161928057670593, 0.023458188399672508, 0.36401331424713135, 1.36037278175354, 0.08654201030731201, 0.273944228887558, 0.07378682494163513, 0.1974046230316162, 0.09820251166820526, 2.7667367458343506, 0.7733274102210999, 0.10171222686767578, 0.5589063763618469, 1.537387728691101, 0.09477527439594269, 0.7957841753959656, 0.14187388122081757, 0.17610234022140503, 0.019954340532422066, 0.04970704764127731, 0.010770948603749275, 0.014241253025829792, 3.66666579246521, 1.070526361465454, 0.31359732151031494, 0.0, 0.003410105826333165, 0.246326744556427, 0.0, 1.756441354751587, 0.564225435256958, 0.11416199803352356, 0.0, 0.17368066310882568, 1.5060250759124756, 0.12374648451805115, 0.3716902434825897, 0.030714506283402443, 0.8256441950798035, 0.10071363300085068, 0.1639859974384308, 0.13143779337406158, 0.07707906514406204, 0.2997947335243225, 0.016330059617757797, 0.18293705582618713, 2.176128625869751, 0.2321011871099472, 0.06994925439357758, 0.054289449006319046, 0.05879361182451248, 0.1649675816297531, 0.721601665019989, 0.021990489214658737, 0.0, 0.13185365498065948, 0.0, 1.4551646709442139, 0.13443152606487274, 0.17199237644672394, 1.7188003063201904, 1.068575382232666, 0.04997623711824417, 0.051671016961336136, 2.8132784366607666, 0.03749176487326622, 0.5308489799499512, 0.0, 4.9342169761657715, 0.0, 0.4348107874393463, 0.46050792932510376, 0.1383412778377533, 0.03460251912474632, 0.030434036627411842, 2.397026777267456, 0.20050162076950073, 1.2663400173187256, 0.04115170240402222, 1.5363774299621582, 0.02669893018901348, 0.16224002838134766, 0.020179271697998047, 0.03455822169780731, 0.3442121148109436, 0.0849851667881012, 0.0, 0.13214221596717834, 0.5133035778999329, 0.723481297492981, 0.0, 0.07722724229097366, 0.07839883863925934, 0.27310410141944885, 0.026079503819346428, 1.6938837766647339, 0.0, 0.1276281774044037, 0.0, 0.39175501465797424, 0.05877666175365448, 0.018590381368994713, 2.378847360610962, 0.17013996839523315, 0.6848617792129517, 0.6348558068275452, 0.0, 0.3978864848613739, 0.03511371836066246, 0.039072852581739426, 2.4931211471557617, 0.468671053647995, 0.1806240677833557, 0.31720414757728577, 0.10944239795207977, 0.0, 0.1379074901342392, 0.028549909591674805, 2.5624895095825195, 0.02300686202943325, 1.0156093835830688, 0.3669374883174896, 0.05483365058898926, 0.04270464554429054, 0.5256859660148621, 1.2811670303344727, 0.0, 0.059327203780412674, 0.9108883738517761, 2.0342109203338623, 0.8411628007888794, 0.6028686165809631, 0.01814069040119648, 0.0, 0.022336751222610474, 0.22617532312870026, 0.1533535271883011, 0.02119501493871212, 1.822962999343872, 0.4088655114173889, 0.09099047631025314, 0.9968191385269165, 2.8035335540771484, 0.5612337589263916, 0.33229851722717285, 0.23918475210666656, 0.3411562442779541, 0.026668725535273552, 0.4185144901275635, 0.5205870866775513, 0.0, 0.012230980210006237, 0.6158812642097473, 0.8882983326911926, 0.3723006248474121, 0.054744865745306015, 0.07408512383699417, 0.40824422240257263, 0.0, 0.3544177711009979, 0.0, 0.062292274087667465, 1.517595887184143, 1.2219258546829224, 0.0, 0.0, 0.13116425275802612, 0.0, 0.22299198806285858, 0.005510398186743259, 0.18167909979820251, 0.6094087958335876, 1.2464793920516968, 0.35063615441322327, 0.004592737182974815, 0.14851200580596924, 1.3791173696517944, 0.939483106136322, 0.0249346811324358, 0.024687932804226875, 0.13076503574848175, 0.05654032900929451, 0.5351260304450989, 0.25995829701423645, 0.7918850779533386, 0.0, 0.07488272339105606, 0.08953581005334854, 0.1006547063589096, 0.018624689429998398, 1.101967453956604, 0.40190431475639343, 0.34185484051704407, 0.25601696968078613, 0.5938173532485962, 0.074260413646698, 0.23764485120773315, 0.450373113155365, 0.10321681201457977, 0.01206919364631176, 0.023637840524315834, 0.1357075721025467, 0.3878687918186188, 0.6771647334098816, 0.0, 0.09300623089075089, 0.0, 0.1520664244890213, 0.029565900564193726, 0.022695669904351234, 0.12444019317626953, 0.46062326431274414, 0.3003861606121063, 0.11902902275323868, 0.5078721642494202, 0.38782715797424316, 0.050112850964069366, 1.260854721069336, 0.5410721302032471, 0.34605342149734497, 0.28238600492477417, 1.0558558702468872, 0.00330757861956954, 0.0, 2.3348991870880127, 0.03954145312309265, 1.2900956869125366, 0.06143687665462494, 0.02827583998441696, 0.7552600502967834, 0.0, 1.0361970663070679, 0.0, 0.6821739673614502, 0.46598052978515625, 0.9277865886688232, 0.027697164565324783, 0.033651627600193024, 0.2716597616672516, 0.0, 0.0, 0.7323738932609558, 0.04526770859956741, 2.1140575408935547, 2.098902463912964, 0.3771817088127136, 2.01161527633667, 0.06345976889133453, 0.021766100078821182, 0.03619559481739998, 2.9518258571624756, 0.9710728526115417, 1.2517104148864746, 0.06004207581281662, 0.0, 0.04580318555235863, 1.1352784633636475, 3.3931143283843994, 0.312884122133255, 0.1122145727276802, 1.0892457962036133, 0.0, 0.34282776713371277, 0.1219722181558609, 0.09401257336139679, 1.039424180984497, 0.40677163004875183, 0.24001160264015198, 0.053066033869981766, 0.021131621673703194, 0.0, 0.3652287721633911, 0.14203546941280365, 2.0298683643341064, 0.010794580914080143, 0.14342206716537476, 0.3081982731819153, 0.22417457401752472, 0.3666350841522217, 0.9368193745613098, 0.0, 0.07797202467918396, 0.0, 0.1742195188999176, 0.0, 0.0, 1.1086006164550781, 0.06335406005382538, 0.4868786931037903, 0.5959770083427429, 0.022988654673099518, 0.07995428144931793, 0.7357679009437561, 1.0460937023162842]",Testing/glioma_tumor/image(22).jpg
"[0.5898313522338867, 0.8273282647132874, 0.5393767952919006, 0.00801079347729683, 0.399152010679245, 0.3748638331890106, 4.452816486358643, 0.0428043007850647, 0.01720578968524933, 0.0, 0.0, 0.0, 0.0008906977600418031, 0.5349512100219727, 0.06524328887462616, 0.0, 0.008903337642550468, 1.008582353591919, 0.28475528955459595, 0.0, 0.18254932761192322, 0.6077093482017517, 0.0040165698155760765, 0.02096564881503582, 0.6068419814109802, 0.07717449963092804, 1.849949598312378, 0.10252408683300018, 0.042640604078769684, 0.08552023023366928, 0.0013700578128919005, 0.3933272361755371, 0.6994940042495728, 0.6719810366630554, 0.9528508186340332, 0.21934375166893005, 0.06058473140001297, 0.04179181903600693, 0.16881293058395386, 0.16714687645435333, 2.956430435180664, 0.2851290702819824, 0.0, 0.0577324740588665, 0.0596243254840374, 0.0, 0.0531955286860466, 0.0, 0.0, 0.0, 0.11261612176895142, 0.2869807183742523, 1.0957249402999878, 0.24686254560947418, 1.472833275794983, 0.0011733162682503462, 0.5781314373016357, 0.01544843427836895, 0.7136826515197754, 0.038289736956357956, 0.6689732074737549, 2.546478033065796, 0.9715662598609924, 2.395881175994873, 0.2910723090171814, 0.06032146140933037, 0.06270276755094528, 0.006599540822207928, 0.42885178327560425, 0.11206389218568802, 0.623805582523346, 0.11302333325147629, 0.6090805530548096, 1.0274966955184937, 0.12154818326234818, 0.07690493762493134, 1.3790384531021118, 0.43353307247161865, 0.0, 0.08405458927154541, 0.1565100997686386, 0.09505967050790787, 0.5479601621627808, 0.06165194511413574, 0.3226913511753082, 0.046314138919115067, 1.3009687662124634, 0.03541810065507889, 0.14122216403484344, 0.0349167063832283, 0.6901189088821411, 0.8553865551948547, 0.0, 0.8812911510467529, 0.0029244155157357454, 0.0, 0.46854519844055176, 0.09409111738204956, 0.41976138949394226, 0.4012792110443115, 0.30648574233055115, 0.6723021864891052, 0.1475466787815094, 0.0, 0.2616879642009735, 0.010021312162280083, 1.0016893148422241, 1.5233969688415527, 0.18746088445186615, 1.4065754413604736, 0.16382312774658203, 0.04847205430269241, 0.05187487602233887, 0.6303354501724243, 0.1303616762161255, 0.10665339231491089, 0.0, 0.11212049424648285, 0.0462433286011219, 0.11542462557554245, 0.0804782509803772, 0.07194364070892334, 0.0133275231346488, 0.1086304560303688, 0.6804267764091492, 1.3290722370147705, 0.25505027174949646, 0.09557268768548965, 1.643760323524475, 0.0, 0.0, 0.6915895342826843, 0.0025974512100219727, 0.11263983696699142, 0.01164111029356718, 0.21390196681022644, 0.22298209369182587, 0.02943991869688034, 0.1798381209373474, 0.25030994415283203, 0.17609870433807373, 0.023540178313851357, 0.0, 0.06928887963294983, 0.0744030699133873, 0.0, 0.0976795107126236, 1.547821044921875, 0.06499055027961731, 0.008955714292824268, 0.39365777373313904, 0.5370712876319885, 0.04534577205777168, 0.0, 0.09999799728393555, 0.2674231231212616, 0.0, 0.04759618267416954, 0.3128610849380493, 0.011336545459926128, 1.391618251800537, 0.5230715870857239, 0.01094459556043148, 0.03957987204194069, 0.12260309606790543, 0.0, 0.32152992486953735, 0.15375642478466034, 0.4291331171989441, 6.191219329833984, 1.054866075515747, 0.07781647890806198, 0.0, 0.0, 0.6153039932250977, 0.30360156297683716, 0.0035611269995570183, 0.12259230017662048, 0.0, 0.8939005136489868, 0.0, 0.0, 0.23300416767597198, 0.030026059597730637, 0.7635329961776733, 0.8170284628868103, 0.24987256526947021, 1.3256617784500122, 0.2794555425643921, 0.003869684413075447, 0.2195979654788971, 0.2250930219888687, 0.046595778316259384, 0.00723677733913064, 0.0, 0.1878819763660431, 0.0, 2.1748037338256836, 0.010706421919167042, 0.23337198793888092, 0.1790897250175476, 0.6317676305770874, 0.039962079375982285, 0.12661679089069366, 0.39557114243507385, 0.2411169856786728, 0.017040276899933815, 0.055703096091747284, 0.5501821637153625, 0.0, 0.30384790897369385, 0.7196168899536133, 0.0, 0.6376288533210754, 0.005453391931951046, 0.24556434154510498, 0.32962509989738464, 0.04271061718463898, 0.1689983457326889, 0.061025768518447876, 0.9893134236335754, 0.2590590715408325, 1.5939804315567017, 0.17203909158706665, 0.0059580146335065365, 1.7822809219360352, 0.5590903162956238, 0.10262898355722427, 1.632367491722107, 0.011131457053124905, 0.6177448630332947, 0.8792508840560913, 0.39283356070518494, 1.7717649936676025, 0.022469865158200264, 0.5497654676437378, 0.0, 0.10959824919700623, 0.0, 0.02964896149933338, 0.451648473739624, 0.046594589948654175, 0.11078339070081711, 0.061189085245132446, 0.0263226218521595, 0.029730090871453285, 0.23622123897075653, 0.9711446166038513, 0.061340343207120895, 2.021423578262329, 0.4867262542247772, 0.017687510699033737, 2.0299553871154785, 0.4778168201446533, 0.026098182424902916, 0.5370599627494812, 0.3180946409702301, 2.880915641784668, 0.0, 2.0251145362854004, 0.045548051595687866, 0.00010225237929262221, 0.8019280433654785, 0.12059071660041809, 0.0, 0.0, 0.0, 0.019000539556145668, 0.0, 0.0, 0.4749085605144501, 0.06237587705254555, 0.6861923336982727, 0.0, 4.336654186248779, 0.4640751779079437, 0.004061798565089703, 0.0, 0.5088022351264954, 0.0, 0.9399785399436951, 0.340351402759552, 2.2617220878601074, 0.11706668138504028, 1.1456929445266724, 0.10936283320188522, 0.42511123418807983, 0.0, 0.0, 0.024606427177786827, 0.034659478813409805, 0.4265463650226593, 0.0, 0.0, 0.1270190328359604, 3.0156636238098145, 0.7407505512237549, 0.019543321803212166, 1.7705849409103394, 0.13253626227378845, 0.36036550998687744, 0.0024836063385009766, 6.066938877105713, 0.2311651110649109, 0.5279052257537842, 0.6818492412567139, 0.011362294666469097, 0.01295775268226862, 0.2740356922149658, 0.3117741644382477, 0.13843753933906555, 1.153347134590149, 0.35624489188194275, 0.012167930603027344, 0.0, 0.06506410986185074, 0.7460724711418152, 0.09430551528930664, 0.0, 0.07025650143623352, 0.005927360616624355, 0.0034595581237226725, 0.00637258542701602, 0.3711445927619934, 0.0, 0.031417690217494965, 0.2857699990272522, 0.09216680377721786, 4.803535461425781, 1.9864940643310547, 0.08142109960317612, 0.12788599729537964, 1.5765084028244019, 0.2098778337240219, 0.0, 0.0, 2.044074296951294, 0.24616354703903198, 0.8299534320831299, 0.30462348461151123, 0.28415659070014954, 0.0, 0.01658843271434307, 0.14792387187480927, 0.0, 0.0, 0.3277020752429962, 0.15356816351413727, 0.626639723777771, 1.0599533319473267, 0.09234117716550827, 0.22275052964687347, 0.1438167244195938, 0.10405877232551575, 0.0, 0.0, 0.3758954703807831, 0.0014094942016527057, 0.42230165004730225, 0.292214572429657, 0.15802305936813354, 0.6562179923057556, 0.4616822898387909, 0.17539635300636292, 0.41049084067344666, 0.10509821772575378, 0.09527730196714401, 0.0, 0.7289495468139648, 0.4907771646976471, 0.047222234308719635, 0.2327193021774292, 1.2065720558166504, 2.903881788253784, 0.03760895878076553, 0.05724574998021126, 0.9529993534088135, 0.004322012886404991, 0.0614650584757328, 0.06520494818687439, 0.3354952037334442, 0.16831348836421967, 0.0, 0.18625162541866302, 0.2172769457101822, 0.11218588054180145, 0.5404372215270996, 0.0, 0.0, 0.17167025804519653, 0.0, 0.0, 0.3361171782016754, 0.07595983892679214, 0.1092468798160553, 4.928849220275879, 0.0, 0.9000019431114197, 0.0, 0.0, 0.4177244007587433, 0.0, 0.2613695561885834, 0.07801669836044312, 0.0, 3.185516119003296, 0.0, 0.047207072377204895, 0.16392172873020172, 0.524327278137207, 0.005973387509584427, 0.10476627200841904, 0.3815266489982605, 0.026624983176589012, 0.026734327897429466, 3.835202932357788, 0.0, 0.1714038848876953, 0.0, 0.8004283308982849, 0.37310776114463806, 0.0, 0.02063501626253128, 0.8413963317871094, 1.2096904516220093, 0.012462472543120384, 0.024055399000644684, 0.14406698942184448, 0.0044340454041957855, 0.16613207757472992, 0.0, 0.16909216344356537, 1.3968017101287842, 0.6362787485122681, 1.3042006492614746, 0.5332186222076416, 0.006667961832135916, 2.429379940032959, 0.08453553169965744, 0.23806865513324738, 0.0, 0.06669548153877258, 0.3384675681591034, 0.05130551755428314, 0.38854309916496277, 0.01789201982319355, 0.0, 1.4535114765167236, 0.12118799984455109, 0.37438955903053284, 0.3405766785144806, 0.009314917027950287, 0.0, 0.0034516272135078907, 0.0, 0.0, 0.022111153230071068, 0.5542603135108948, 0.009718636982142925, 0.9366806149482727, 0.3119139075279236, 0.34241458773612976, 0.7040919661521912, 0.14578191936016083, 0.21338190138339996, 0.006633938755840063, 0.027088262140750885, 0.14938700199127197, 0.2706759572029114, 0.032585520297288895, 0.3898734748363495, 0.0021034989040344954, 0.606986403465271, 0.0028460316825658083, 0.005793396383523941, 0.01300400123000145, 0.0, 0.0, 0.0, 0.584147036075592, 0.40492284297943115, 0.0, 0.6868678331375122, 0.2791157066822052, 0.0, 0.5156397223472595, 0.01703156717121601, 0.0, 0.17230108380317688, 0.12700699269771576, 0.20252464711666107, 0.5407917499542236, 0.07925087213516235, 0.0, 1.3948423862457275, 0.0, 0.027923252433538437, 0.7946478128433228, 0.3025692403316498, 0.29220110177993774, 0.9204255938529968, 0.02136170119047165, 0.22973720729351044, 3.2006633281707764, 0.10982058197259903, 0.18614408373832703, 0.12110379338264465, 0.08451740443706512, 0.0899638906121254, 2.09377121925354, 0.10321220010519028, 0.0, 0.0, 0.4064568877220154, 0.3821825385093689, 1.0196107625961304, 0.4437532126903534, 0.07978654652833939, 1.5501911640167236, 0.0, 0.0, 1.773612141609192, 0.0838213860988617, 0.24157579243183136, 0.0, 0.41278696060180664, 0.0, 0.0, 0.4634453058242798, 0.11471489816904068, 0.01678607240319252, 1.7551082372665405, 2.9464988708496094, 4.533344268798828, 0.0, 0.8943564891815186, 1.769376516342163, 0.0, 0.015974147245287895, 0.06050699204206467, 0.0, 0.6493733525276184, 0.06003519147634506, 0.06533441692590714, 0.13935312628746033, 0.08052164316177368, 0.03416166082024574, 0.19511815905570984, 0.595353901386261, 0.005246225744485855, 0.0, 0.41067615151405334, 0.518774151802063, 0.002532286336645484, 0.7663941383361816, 1.9885140657424927, 0.2783373296260834, 0.0017630007350817323, 0.0, 0.13593335449695587, 4.129262924194336, 0.6743959784507751, 1.2883813381195068, 0.06795397400856018, 0.0, 0.031101221218705177, 0.29345741868019104, 0.007279682904481888, 1.4151794910430908, 0.0, 0.05571955069899559, 0.04392774775624275, 1.2572087049484253, 0.01064147800207138, 0.018472954630851746, 0.41223254799842834, 0.006930475123226643, 1.4809350967407227, 0.2034076452255249, 0.1689068078994751, 1.9031662940979004, 0.08716373145580292, 0.29231297969818115, 0.05156949907541275, 0.0, 0.0, 0.17276044189929962, 0.02662024274468422, 0.04702402651309967, 0.0, 0.08875390142202377, 0.0010002072667703032, 0.28612038493156433, 0.0, 0.5441550612449646, 0.0255852323025465, 0.2185012251138687, 0.0, 0.14817176759243011, 0.15703003108501434, 0.0, 0.0, 1.53498375415802, 0.5580599904060364, 0.0013485222589224577, 0.09644763171672821, 0.019906433299183846, 0.1105675995349884, 0.09611158818006516, 1.533136010169983, 0.15108716487884521, 0.2319251447916031, 0.12641610205173492, 0.2128179967403412, 0.0, 0.014801016077399254, 0.0, 0.0, 0.0, 0.8430856466293335, 0.34889721870422363, 0.9081969261169434, 3.857759952545166, 0.27308619022369385, 1.9735770225524902, 0.1783255785703659, 0.069266676902771, 0.04071612283587456, 0.0, 0.0540839321911335, 0.0877799242734909, 0.17406490445137024, 0.11345647275447845, 0.08494281768798828, 0.005223313346505165, 0.0, 0.0535251647233963, 0.0, 0.21450190246105194, 0.9121066331863403, 0.25522032380104065, 0.12198982387781143, 0.24172961711883545, 0.7559124827384949, 0.0, 0.44801855087280273, 2.3717312812805176, 0.010277998633682728, 0.47834280133247375, 0.0, 2.1239850521087646, 1.0816795825958252, 0.778648316860199, 0.0, 0.5993306040763855, 0.0, 0.4769393801689148, 0.01167807262390852, 0.5288768410682678, 0.0, 0.02215828001499176, 1.0869618654251099, 0.19935646653175354, 0.3825525939464569, 0.32375678420066833, 0.004955272190272808, 1.8568235635757446, 0.8611640334129333, 0.06020480394363403, 0.6816658973693848, 0.0, 0.03600374609231949, 0.20735688507556915, 0.08690840750932693, 0.046752482652664185, 0.1619226634502411, 0.0, 0.0, 1.6385893821716309, 1.944182276725769, 0.9476974010467529, 0.10446879267692566, 0.02283608727157116, 0.0, 1.968990445137024, 2.2642982006073, 0.025276169180870056, 0.0, 1.041517734527588, 0.09286664426326752, 0.0, 0.06724672019481659, 0.6601384878158569, 0.06850374490022659, 0.25799405574798584, 0.3017711937427521, 0.13993580639362335, 0.4272204339504242, 0.13893386721611023, 0.0, 0.30242133140563965, 0.0031851797830313444, 0.15926691889762878, 0.4740430414676666, 0.0, 0.0028848161455243826, 1.7074579000473022, 1.530167818069458, 1.1370656490325928, 0.0, 1.8116960525512695, 0.0738857090473175, 0.18909065425395966, 0.0, 0.18636155128479004, 0.0, 0.0410940982401371, 0.0, 7.795070996508002e-05, 0.026771705597639084, 1.097900629043579, 2.5459229946136475, 0.8187426924705505, 0.02290976047515869, 0.09984956681728363, 3.036465644836426, 0.8775677680969238, 0.2869916558265686, 0.042100392282009125, 1.3164989948272705, 0.4718402922153473, 0.7447011470794678, 0.0, 0.10280729085206985, 0.12987752258777618, 0.02981436438858509, 0.8313022255897522, 0.08022419363260269, 0.018838372081518173, 0.18748977780342102, 0.0, 0.1360875517129898, 1.2293044328689575, 0.008919370360672474, 0.01737084984779358, 0.7965456247329712, 0.7144091725349426, 0.0, 0.09836113452911377, 0.3728921115398407, 0.14501379430294037, 2.7728688716888428, 0.3699449300765991, 0.2102818787097931, 0.21709996461868286, 0.27851706743240356, 0.9217508435249329, 0.6783851981163025, 0.016761088743805885, 0.03279504179954529, 0.5509423017501831, 0.07418479770421982, 0.39800477027893066, 2.239074468612671, 0.0, 0.05095712095499039, 0.35337960720062256, 0.13505782186985016, 1.1891027688980103, 0.7164031267166138, 0.11912937462329865, 0.020297152921557426, 0.12699709832668304, 0.0, 0.603287935256958, 0.07664027810096741, 0.22549934685230255, 0.03586864471435547, 3.205430269241333, 0.0, 2.3507769107818604, 0.39238256216049194, 1.6324876546859741, 0.0, 2.3835012912750244, 0.0652468279004097, 3.5586190223693848, 0.34166640043258667, 0.04526887461543083, 0.0, 0.8918013572692871, 0.6160405874252319, 0.19196556508541107, 0.0, 0.8212893605232239, 0.11712046712636948, 0.15921026468276978, 0.0, 0.5940112471580505, 0.002283568261191249, 0.044634390622377396, 0.0, 0.13350600004196167, 0.19941869378089905, 0.0, 0.2731022238731384, 1.8767696619033813, 2.3275511264801025, 1.2759466171264648, 0.30999556183815, 0.022008849307894707, 0.024172211065888405, 2.1019933223724365, 0.0007876473828218877, 1.4373618364334106, 0.02241811528801918, 3.5068531036376953, 2.2119290828704834, 0.0, 0.032461270689964294, 0.01440417766571045, 0.05454964190721512, 0.6581449508666992, 0.1370021104812622, 0.21873034536838531, 1.0362379550933838, 0.05676531419157982, 0.0, 0.12945446372032166, 3.3147096633911133, 0.14690296351909637, 0.8577613234519958, 0.6753080487251282, 2.321044445037842, 0.11962483823299408, 3.102918863296509, 0.014766644686460495, 0.0, 0.22148077189922333, 0.03812115639448166, 0.07673711329698563, 0.02664039097726345, 0.0, 2.834794282913208, 0.3548242151737213, 0.10574842989444733, 0.04980126768350601, 0.5169067978858948, 0.23048120737075806, 0.26355573534965515, 0.14445741474628448, 0.003962762653827667, 0.6136191487312317, 0.007241439074277878, 0.0, 0.021625962108373642, 0.37353426218032837, 0.08677739650011063, 0.027652082964777946, 2.4065041542053223, 0.31637290120124817, 0.4770904779434204, 1.4112212657928467, 0.0, 0.1964488923549652, 0.8994041681289673, 0.03531152382493019, 0.3756772577762604, 0.059584490954875946, 7.442412853240967, 0.03322645276784897, 0.8885315656661987, 0.0008693325216881931, 0.010672333650290966, 0.0, 0.36195802688598633, 0.5864746570587158, 0.17878024280071259, 1.0170856714248657, 1.388016700744629, 0.44354620575904846, 0.011988569051027298, 0.11082249134778976, 0.02306252159178257, 0.41054970026016235, 0.023050036281347275, 1.7483333349227905, 1.7165290117263794, 0.07217713445425034, 0.5879406332969666, 0.00809419434517622, 0.5160360336303711, 0.05054299533367157, 0.0, 0.03800717741250992, 0.47481170296669006, 0.3716583251953125, 0.06698645651340485, 0.12058238685131073, 0.4241381287574768, 0.003743716748431325, 1.1959635019302368, 0.424256294965744, 0.0, 3.4442191123962402, 0.0, 0.16519209742546082, 1.676737904548645, 0.2934947609901428, 0.04395192861557007, 0.027666505426168442, 0.4882728159427643, 0.04423883184790611, 0.8168784379959106, 0.0, 0.6997116208076477, 0.008800375275313854, 0.05969254672527313, 0.0, 0.011544366367161274, 0.0, 0.16685345768928528, 0.11782367527484894, 0.16402551531791687, 0.33373627066612244, 0.13653768599033356, 0.6953096985816956, 1.542832612991333, 3.523683547973633, 0.0, 0.0, 0.10508038848638535, 0.4108002781867981, 0.0, 0.43439123034477234, 0.7566177248954773, 0.0, 0.05414320528507233, 0.017672626301646233, 0.10360486805438995, 0.06944048404693604, 0.015367369167506695, 0.2497955560684204, 0.0, 0.49919748306274414, 0.1147758737206459, 0.13989615440368652, 0.25439780950546265, 0.023205844685435295, 0.1728334277868271, 0.0, 0.13163430988788605, 0.015054508112370968, 0.0, 0.331908255815506, 0.0, 0.4055637717247009, 1.5963380336761475, 0.5410317182540894, 0.06159243360161781, 0.0736168622970581, 0.0, 0.10622004419565201, 0.119217149913311, 0.6506615281105042, 2.1620144844055176, 0.003931935876607895, 0.552063524723053, 0.008134253323078156, 0.03815845027565956, 0.0, 0.32387492060661316, 0.07445520162582397, 0.3818351626396179, 0.0, 0.15406425297260284, 0.22209644317626953, 0.16526027023792267, 0.30555447936058044, 0.0893387496471405, 3.4306864738464355, 1.2919057607650757, 0.0, 0.0, 1.705420970916748, 0.0, 0.20474833250045776, 0.0, 0.0842384397983551, 0.02140730246901512, 0.21066558361053467, 0.0023564514704048634, 0.14982791244983673, 0.0, 0.10451335459947586, 0.0, 0.2803638279438019, 0.0, 0.09979891031980515, 0.03260016813874245, 0.5651280283927917, 0.0, 0.0, 0.3567090332508087, 0.7192631959915161, 0.9243439435958862, 0.020580418407917023, 0.5095872282981873, 1.1223913431167603, 0.0616571381688118, 0.07954194396734238, 0.027699178084731102, 0.021398374810814857, 4.106101036071777, 0.002002900931984186, 0.04938569292426109, 0.0, 0.015057838521897793, 0.0, 0.14285553991794586, 0.10551102459430695, 0.13950397074222565, 0.006048467475920916, 0.16485443711280823, 0.022095171734690666, 0.0, 0.2421106994152069, 0.022915372624993324, 0.04744483157992363, 0.056443169713020325, 0.11294343322515488, 0.11563917249441147, 0.10218528658151627, 0.12461528182029724, 0.1221083402633667, 0.3519171178340912, 0.21048003435134888, 0.0, 0.14274010062217712, 0.0, 0.016501475125551224, 0.0, 0.5331776142120361, 0.16917717456817627, 0.0, 0.02407144010066986, 0.0, 0.41527673602104187, 0.08491000533103943, 0.1518091857433319, 0.20418629050254822, 0.007569590583443642, 0.0, 0.5445464253425598, 0.04481217637658119, 0.07119215279817581, 0.10020162910223007, 3.7235586643218994, 0.7761694192886353, 0.17170856893062592, 0.039567507803440094, 0.02466421388089657, 0.21799524128437042, 0.051414161920547485, 0.23573283851146698, 0.09955283254384995, 0.6351115703582764, 0.3397355377674103, 0.5481316447257996, 0.6089380979537964, 0.630429744720459, 1.8749650716781616, 0.5331034660339355, 0.4964902698993683, 0.7257320880889893, 0.025946106761693954, 0.2991061210632324, 0.02648012526333332, 0.1889832317829132, 0.0, 1.279708743095398, 0.014459305442869663, 0.37473270297050476, 2.637869358062744, 0.1346631497144699, 0.35394296050071716, 0.061550237238407135, 1.8173840045928955, 0.6345979571342468, 0.004406315740197897, 0.020100023597478867, 0.16237591207027435, 0.0, 0.0060577392578125, 5.575270175933838, 0.0, 0.0, 0.009618503972887993, 0.0064593772403895855, 0.2974550426006317, 0.0, 0.0, 0.08750944584608078, 0.07530371844768524, 0.002647560555487871, 0.0, 0.2159811109304428, 0.6171268820762634, 0.06232647970318794, 0.24622191488742828, 0.013745780102908611, 0.07229254394769669, 0.10975777357816696, 0.0, 0.1631646603345871, 0.09030716121196747, 0.09908733516931534, 0.013671256601810455, 0.5477860569953918, 0.2634437084197998, 0.30673062801361084, 1.0112794637680054, 0.16683858633041382, 0.37593328952789307, 0.02813534624874592, 0.017250942066311836, 0.2923315465450287, 0.13968876004219055, 0.1251375675201416, 0.5270509719848633, 0.08475401997566223, 0.0615096278488636, 0.2282874435186386, 1.8634291887283325, 0.0, 0.0, 0.17734834551811218, 0.0, 0.09663260728120804, 0.025241320952773094, 0.036737218499183655, 0.0, 1.3665907382965088, 0.0, 0.017725730314850807, 0.03839486837387085, 0.0, 0.0, 0.07924811542034149, 0.0, 0.35378891229629517, 0.31020984053611755, 0.0, 0.0, 1.1235781908035278, 0.04012441262602806, 0.07178622484207153, 0.010881929658353329, 0.0, 1.6263716220855713, 0.0, 0.0, 0.05892474204301834, 0.21289925277233124, 0.3800652027130127, 0.14778704941272736, 0.23742084205150604, 0.031217794865369797, 0.016644209623336792, 0.0, 0.590290367603302, 0.08956366777420044, 0.010460191406309605, 0.00808012206107378, 0.011209804564714432, 0.1564297378063202, 0.0, 0.2635299861431122, 0.06360529363155365, 0.8247423768043518, 0.07666431367397308, 0.04130304604768753, 0.13314305245876312, 0.015163305215537548, 0.0, 0.25462502241134644, 0.669273853302002, 0.43361958861351013, 0.633549690246582, 0.07883084565401077, 0.12576434016227722, 0.13120891153812408, 0.027937553822994232, 0.2101883441209793, 0.0007668100879527628, 0.7950342893600464, 1.5651977062225342, 0.16967788338661194, 0.0, 0.04610665515065193, 0.6731905937194824, 0.004768410697579384, 0.61711186170578, 1.0090672969818115, 0.439161092042923, 0.0019041761988773942, 0.16708679497241974, 0.0, 0.14413514733314514, 0.0653582513332367, 1.243547797203064, 0.0, 0.7856943011283875, 1.0690135955810547, 0.0, 0.0, 0.0, 0.0, 0.5940759778022766, 1.1393465995788574, 0.5644135475158691, 0.0, 0.08983318507671356, 0.11806579679250717, 0.24345876276493073, 0.0, 0.04789116606116295, 0.0239389818161726, 1.1759364604949951, 0.09641028195619583, 0.05947921797633171, 0.0, 0.04656660184264183, 5.230302333831787, 0.02825447916984558, 0.23902390897274017, 0.0, 0.0, 0.16425175964832306, 0.3039799928665161, 0.24482318758964539, 0.258902370929718, 0.6810007691383362, 0.6088612079620361, 0.7942801713943481, 0.23869292438030243, 0.16587252914905548, 0.0, 0.5042038559913635, 0.14838141202926636, 0.1384097784757614, 1.6667041778564453, 0.4515942633152008, 0.0, 0.14719869196414948, 0.0, 1.307302713394165, 0.029648644849658012, 0.029789716005325317, 0.0, 0.016721541061997414, 0.3032780885696411, 0.5219791531562805, 0.7284205555915833, 0.2316141277551651, 0.05396875739097595, 0.23138052225112915, 0.8224912285804749, 0.10052786767482758, 0.27021753787994385, 0.4639571011066437, 0.0, 0.019012879580259323, 0.14876630902290344, 0.09291884303092957, 0.054447274655103683, 0.10355326533317566, 0.10538952052593231, 0.0, 0.12852425873279572, 0.12053050100803375, 0.07159402221441269, 1.1143876314163208, 0.5576367378234863, 0.11058235913515091, 0.5759076476097107, 0.0, 0.5528047680854797, 0.14833274483680725, 2.019131660461426, 0.0, 0.03401893377304077, 0.6733035445213318, 0.11352258920669556, 0.07759357988834381, 0.0, 0.32762524485588074, 2.7383410930633545, 0.0075155519880354404, 0.13803133368492126, 0.04325883090496063, 0.05622826889157295, 0.0, 1.062258005142212, 0.02010495401918888, 0.0, 0.2073722779750824, 0.46875014901161194, 1.5568177700042725, 3.5030829906463623, 0.2995421290397644, 0.01900048553943634, 0.18196702003479004, 0.0, 0.26725295186042786, 0.41208720207214355, 0.114543616771698, 0.08547928929328918, 0.0, 2.146799087524414, 0.8319574594497681, 0.17275744676589966, 0.3571402132511139, 0.028307048603892326, 0.03030703030526638, 0.1285247653722763, 0.19808882474899292, 0.0, 1.4395112991333008, 0.1681162714958191, 0.015389802865684032, 0.18124432861804962, 0.07353834807872772, 0.013163892552256584, 0.07060356438159943, 0.1444714069366455, 0.6110411286354065, 0.014418354257941246, 1.95975661277771, 0.9346086978912354, 0.010455219075083733, 0.04104360193014145, 0.14384256303310394, 0.07357785105705261, 0.01494373194873333, 1.9440007209777832, 0.21537183225154877, 0.036667369306087494, 0.05216724053025246, 0.6941546201705933, 0.08063248544931412, 0.03400954604148865, 0.24212151765823364, 0.021822020411491394, 3.8579556941986084, 0.008647950366139412, 0.011403691954910755, 0.16923579573631287, 0.018376540392637253, 0.24272173643112183, 0.013459064066410065, 0.32291921973228455, 0.011821819469332695, 0.6986544728279114, 0.0, 0.24710901081562042, 0.039424121379852295, 1.5133947134017944, 0.0, 0.09069494158029556, 0.050197094678878784, 0.3236534297466278, 0.18330903351306915, 0.0, 2.9653842449188232, 0.27137288451194763, 0.03950606659054756, 0.28140631318092346, 0.20903190970420837, 0.0, 0.49647244811058044, 1.0562455654144287, 0.01106936950236559, 0.8096472024917603, 0.6666770577430725, 0.0, 0.07076786458492279, 0.46125340461730957, 0.32085874676704407, 0.0, 0.0, 0.0, 0.0, 0.0, 0.0, 0.0, 0.006406029686331749, 2.9043490886688232, 0.05275353789329529, 0.0, 0.2844976782798767, 0.5790836811065674, 0.24250353872776031, 0.7753792405128479, 1.3244889974594116, 0.002141709206625819, 0.08044207096099854, 0.1657952070236206, 1.8327029943466187, 0.0333879254758358, 0.35698220133781433, 0.45476266741752625, 0.001120041823014617, 0.0, 0.0, 1.636325716972351, 0.0, 1.3747977018356323, 0.10734367370605469, 0.38342198729515076, 0.08169524371623993, 0.052386824041604996, 0.0, 0.6585081219673157, 0.12874354422092438, 0.014290668070316315, 0.5130870938301086, 0.0013787040952593088, 0.1444396823644638, 1.6127773523330688, 0.0, 0.01744135096669197, 0.0, 0.26739853620529175, 1.477821946144104, 0.05127696692943573, 0.0, 0.0, 1.5492675304412842, 0.7002969980239868, 0.47382447123527527, 0.05457589030265808, 0.5178049802780151, 0.0025283852592110634, 0.14573585987091064, 0.05902702361345291, 0.041977379471063614, 0.003139598062261939, 0.3708763122558594, 0.0, 0.10538949072360992, 0.5542363524436951, 0.23590187728405, 0.16749265789985657, 0.0, 0.0, 0.002152574248611927, 0.004932403564453125, 0.0, 0.3821093440055847, 0.7905866503715515, 0.03158894181251526, 0.18650856614112854, 1.253767728805542, 2.947066068649292, 1.7934850454330444, 0.0, 0.2724074423313141, 0.2129477858543396, 0.0, 2.936497211456299, 0.039150651544332504, 0.4119671881198883, 0.5790955424308777, 1.3152369260787964, 0.0069518918171525, 1.0997302532196045, 0.04734940081834793, 1.0146923065185547, 0.1317998468875885, 0.2265004962682724, 0.332022488117218, 0.1404862254858017, 0.1938527226448059, 0.2241835743188858, 0.028721364215016365, 0.0, 0.09577984362840652, 0.009547117166221142, 0.02296748384833336, 0.0, 1.138310432434082, 0.16368138790130615, 0.37471044063568115, 1.8029537200927734, 0.029172779992222786, 0.04918539151549339, 0.15224766731262207, 0.0, 2.333920478820801, 1.2772834300994873, 0.4740356504917145, 0.0, 1.4358346462249756, 1.616252064704895, 0.28066834807395935, 0.0, 0.0038915604818612337, 0.4671744406223297, 0.08837466686964035, 0.1003391370177269, 0.5628969669342041, 0.14012038707733154, 1.8771642446517944, 0.035842206329107285, 0.0, 0.0, 0.0, 0.0, 0.04233654588460922, 0.004456748720258474, 0.6258862018585205, 0.024821987375617027, 0.005648564547300339, 3.832700167549774e-05, 0.2732026278972626, 0.31332919001579285, 0.0, 0.3976220488548279, 1.3768280744552612, 0.3257118761539459, 0.00106962607242167, 0.0, 0.027288315817713737, 0.04200238734483719, 0.0, 0.0, 0.019222887232899666, 0.023381544277071953, 0.0, 0.8653916120529175, 0.0, 0.044962164014577866, 0.01638812944293022, 0.0, 0.2131725251674652, 0.014597839675843716, 0.08354081958532333, 0.011166675016283989, 0.08090592175722122, 1.1736327409744263, 0.3135984241962433, 0.514543354511261, 0.02431127242743969, 0.08480168133974075, 2.1766726970672607, 0.16120053827762604, 0.7307026982307434, 0.0, 0.25806671380996704, 0.837253987789154, 0.008970372378826141, 0.1589360535144806, 0.5849819779396057, 0.02802998386323452, 0.6017280220985413, 0.0, 0.8027843832969666, 0.08943194895982742, 0.0, 0.026043659076094627, 0.008277746848762035, 0.4889305531978607, 0.05310330167412758, 0.09308340400457382, 0.7103977799415588, 0.7480750679969788, 0.46657702326774597, 0.043766167014837265, 0.0, 0.08623158186674118, 0.0, 0.3244205117225647, 0.2995287775993347, 0.3069590628147125, 1.3788857460021973, 0.014314615167677402, 0.0875263512134552, 0.038965195417404175, 0.4609396457672119, 0.00959115568548441, 0.0, 0.0, 0.7445035576820374, 0.09441125392913818, 0.6660768389701843, 1.0721405744552612, 0.0, 3.274366617202759, 0.023544058203697205, 0.6907031536102295, 0.42749789357185364, 0.5232290029525757, 1.4995468854904175, 0.0, 0.09296385943889618, 0.42273691296577454, 0.0, 0.32913148403167725, 1.0837301015853882, 0.0, 0.510444164276123, 0.23183028399944305, 0.02051013894379139, 0.17511096596717834, 0.10315295308828354, 0.23251579701900482, 0.004154548514634371, 0.11600630730390549, 0.04516306519508362, 0.002356903860345483, 0.3175604045391083, 0.724287748336792, 1.1390318870544434, 1.9730377197265625, 1.9138126373291016, 0.5152339339256287, 3.423686981201172, 0.0, 0.0, 0.0, 1.2919062376022339, 0.08025351166725159, 0.13958463072776794, 0.0, 2.323493719100952, 0.0, 0.012285120785236359, 0.0, 0.17680715024471283, 1.9937351942062378, 0.0, 1.4662083387374878, 0.0, 0.018188469111919403, 0.6233828067779541, 0.04548024758696556, 0.013159798458218575, 2.567213296890259, 0.05240881070494652, 0.08144432306289673, 0.03145317733287811, 1.896928071975708, 1.6869630813598633, 0.0, 0.0, 0.0, 0.4174516201019287, 0.0, 0.15278589725494385, 0.008675351738929749, 0.0, 0.12346480041742325, 0.0, 0.2856725752353668, 1.3913440704345703, 0.7738063335418701, 0.2721509039402008, 0.0, 0.4496781527996063, 0.03023320809006691, 0.055978208780288696, 0.0, 0.0, 0.0, 0.45392897725105286, 0.5250492691993713, 0.6461566090583801, 0.869870662689209, 0.009191752411425114, 0.0402025543153286, 0.44670766592025757, 0.03163522109389305, 0.17551682889461517, 0.0, 0.5757558941841125, 0.10247895866632462, 0.023105032742023468, 1.135495662689209, 0.0, 0.05725594982504845, 0.036362554877996445, 0.0012943112524226308, 0.0, 0.05284379422664642, 0.0, 0.06676404923200607, 0.043578896671533585, 2.1688451766967773, 0.0, 0.10365250706672668, 0.23042042553424835, 0.3299678564071655, 0.7703448534011841, 0.0, 0.42782655358314514, 0.2313442826271057, 0.08625424653291702, 0.09882383793592453, 0.01563035510480404, 0.0014495751820504665, 0.23111408948898315, 0.005178130231797695, 0.2747018039226532, 0.003314100904390216, 0.3116573393344879, 1.1799900531768799, 0.15494003891944885, 0.02747892402112484, 0.013128046877682209, 2.603602886199951, 0.041860420256853104, 0.011599414050579071, 0.0, 0.24552789330482483, 0.17020587623119354, 0.017342660576105118, 0.17402374744415283, 0.6506651043891907, 0.18942055106163025, 0.3820207118988037, 0.0, 1.7578492164611816, 0.02155313640832901, 0.22864145040512085, 2.340416669845581, 0.14250396192073822, 2.0143043994903564, 1.8976106643676758, 4.097198009490967, 0.0, 0.0, 0.05405738577246666, 0.2908341884613037, 0.023482108488678932, 0.04202723875641823, 0.05229194462299347, 0.25442928075790405, 0.0, 1.108414888381958, 0.1463335156440735, 0.010300028137862682, 0.007572334725409746, 0.85460364818573, 0.6932250261306763, 0.2301737517118454, 0.3570800721645355, 1.3283286094665527, 0.0, 0.07907719165086746, 0.12343399226665497, 0.0, 0.19282475113868713, 0.13852687180042267, 0.12767495214939117, 0.18701541423797607, 0.09354311227798462, 0.3531115651130676, 0.13306082785129547, 1.030102252960205, 0.03230525925755501, 0.19748929142951965, 0.053847040981054306, 0.011986708268523216, 0.031844645738601685, 0.0, 2.2556962966918945, 1.133409857749939, 0.14684101939201355, 0.0536690428853035, 0.0, 0.02036362513899803, 0.0, 1.0224332809448242, 0.8702977895736694, 0.18493041396141052, 0.0, 0.28224918246269226, 1.2703368663787842, 0.1752205342054367, 0.09870262444019318, 0.18324606120586395, 0.8399650454521179, 0.09832599014043808, 0.0, 0.18687279522418976, 0.2789496183395386, 0.10021509230136871, 0.0, 0.012787408195436, 1.3885622024536133, 0.4438354969024658, 0.00545046292245388, 0.1613425612449646, 0.00123495957814157, 0.012757135555148125, 1.1924571990966797, 0.0765598863363266, 0.054227299988269806, 0.15869484841823578, 0.0, 0.5821846723556519, 0.300271213054657, 0.1758357137441635, 0.8352750539779663, 1.1822324991226196, 0.43519896268844604, 0.9914504885673523, 0.7655874490737915, 0.0, 0.5346819758415222, 0.09501933306455612, 7.201123237609863, 0.09737049043178558, 0.21346645057201385, 0.6849071979522705, 0.022663602605462074, 0.1496100127696991, 0.01043558120727539, 3.187607765197754, 0.0, 0.6238754391670227, 0.0, 1.1634719371795654, 0.0, 0.06376348435878754, 0.47398120164871216, 0.04379818215966225, 0.2574222981929779, 0.019003674387931824, 0.0, 0.05566844716668129, 0.33614397048950195, 0.06584027409553528, 0.21296170353889465, 0.10921264439821243, 0.07462377101182938, 0.5776604413986206, 0.1388504058122635, 0.47734326124191284, 0.0009386345045641065, 0.027348540723323822, 0.0012762182159349322, 0.045276086777448654, 0.12318336963653564, 0.0, 2.3596785068511963, 0.31690695881843567, 0.05663232505321503, 0.20999157428741455, 0.0, 0.1458674967288971, 0.22676615417003632, 0.25274744629859924, 2.832266330718994, 0.15259601175785065, 0.016518281772732735, 0.2141408771276474, 0.04439113661646843, 0.0, 0.09632840752601624, 0.7051419019699097, 2.062662124633789, 0.009246083907783031, 3.139724016189575, 0.095384880900383, 0.13257022202014923, 0.04093952104449272, 0.15062586963176727, 0.6904348134994507, 0.0, 0.14968852698802948, 0.10535838454961777, 1.3247218132019043, 1.6324756145477295, 0.07539724558591843, 0.0, 0.0, 0.00411377614364028, 0.04117278754711151, 0.04647144675254822, 0.0229064729064703, 2.1991961002349854, 0.024192674085497856, 0.045853205025196075, 0.08809646964073181, 0.7254059314727783, 0.9425974488258362, 0.3192509114742279, 0.10690430551767349, 0.988098680973053, 0.19984790682792664, 0.12561173737049103, 0.14830785989761353, 0.0, 0.08154752105474472, 0.0534333698451519, 0.12714838981628418, 0.03678799793124199, 0.06096711382269859, 0.0391341894865036, 0.008915925398468971, 0.07075652480125427, 0.5369998216629028, 0.559913694858551, 0.0, 0.7415950298309326, 1.2952580451965332, 0.0, 0.10460911691188812, 0.1297362744808197, 0.01734481379389763, 0.24257099628448486, 0.016386479139328003, 0.7548700571060181, 0.1516156941652298, 0.5828545689582825, 0.5618909001350403, 0.06944134831428528, 0.048462435603141785, 1.4042744636535645, 0.7122098803520203, 0.16345861554145813, 0.22359396517276764, 0.0, 0.4445376396179199, 0.25295358896255493, 0.03890290856361389, 0.3444921672344208, 0.0, 0.010098802857100964, 0.017933223396539688, 0.07744117081165314, 0.0, 0.7373896837234497, 0.3736228942871094, 0.8385787010192871, 0.03796558454632759, 0.5754216313362122, 0.023717107251286507, 1.2197502851486206, 0.07366874068975449, 0.7121884226799011, 0.0, 0.0, 0.004189306404441595, 1.3223932981491089, 0.9294589161872864, 0.017351046204566956, 0.3152170479297638, 0.0433429516851902, 0.07378263026475906, 0.6898173093795776, 0.10297982394695282, 0.17384056746959686, 0.25818246603012085, 0.895216166973114, 0.5499112010002136, 0.27541667222976685, 0.07531667500734329, 0.018761703744530678, 0.8045181035995483, 0.29570111632347107, 0.5251837372779846, 0.020756332203745842, 1.059187650680542, 0.009875237941741943, 0.0, 0.8270590901374817, 0.027820883318781853, 0.010051087476313114, 0.0, 0.08187491446733475, 0.2633785009384155, 0.03949371725320816, 1.370262622833252, 0.0, 0.2739750146865845, 0.10016810894012451, 0.2512505054473877, 0.01145024225115776, 0.0, 0.2756781578063965, 0.2273242324590683, 0.0, 0.2861980199813843, 0.3239049017429352, 0.6489885449409485, 2.767591714859009, 0.034839093685150146, 1.5740303993225098, 0.0073934136889874935, 0.6095911860466003, 0.0, 3.2741150856018066, 0.06592293083667755, 2.0965356826782227, 0.16796228289604187, 1.3968149423599243, 0.09124813973903656, 0.22696258127689362, 3.233612060546875, 0.016323765739798546, 0.011277135461568832, 0.06916099786758423, 0.0, 0.40153512358665466, 1.8010977506637573, 0.5125887989997864, 0.9260574579238892, 0.30936339497566223, 0.029328808188438416, 0.0007203695713542402, 0.0, 0.0706455409526825, 0.4931776821613312, 0.004232645034790039, 0.16918990015983582, 0.0, 0.0, 0.0027256207540631294, 0.8485181331634521, 0.29714179039001465, 0.0804126039147377, 0.07377501577138901, 0.17647166550159454, 0.02927314303815365, 0.15123455226421356, 0.055789150297641754, 0.029039567336440086, 0.08353526145219803, 0.05480795353651047, 0.323224276304245, 0.7529316544532776, 0.05815507844090462, 0.3146733045578003, 1.3379499912261963, 0.7085575461387634]",Testing/glioma_tumor/image(40).jpg
"[0.34126102924346924, 0.9599785208702087, 0.060561805963516235, 0.9374306201934814, 0.9259721636772156, 0.7223365902900696, 1.526283860206604, 0.0013407274382188916, 0.32094845175743103, 0.024495625868439674, 0.03006238304078579, 0.3506791889667511, 1.0147998332977295, 1.2394866943359375, 0.10238878428936005, 0.0, 0.34864550828933716, 0.1648823469877243, 0.7319994568824768, 0.11571751534938812, 1.8019789457321167, 0.16550840437412262, 0.22855231165885925, 0.010975628159940243, 0.0581069253385067, 0.7201568484306335, 0.8495481610298157, 0.16116200387477875, 0.03238046541810036, 0.12563632428646088, 0.4473544657230377, 0.040145792067050934, 0.33840420842170715, 0.1934150904417038, 0.12533865869045258, 0.051227059215307236, 0.0, 0.14711089432239532, 0.054503265768289566, 0.0, 1.450567603111267, 1.7798517942428589, 0.17073267698287964, 0.04793423041701317, 0.09975115954875946, 0.0, 0.012709451839327812, 0.0, 0.0, 0.10395141690969467, 0.4183022975921631, 0.37904927134513855, 2.367521286010742, 0.17401090264320374, 0.9832931160926819, 1.814359188079834, 0.0041168611496686935, 1.362831711769104, 1.4068431854248047, 0.0, 0.31891539692878723, 0.3943846821784973, 0.6311260461807251, 1.3078866004943848, 0.0, 0.0, 1.1382617950439453, 0.05594997480511665, 0.19299772381782532, 0.003027872182428837, 0.07716522365808487, 0.015531782992184162, 0.0038716597482562065, 1.4147995710372925, 0.28228917717933655, 0.02319602109491825, 2.7593839168548584, 0.06065382435917854, 0.0, 0.9605252146720886, 0.4646699130535126, 0.09692277759313583, 0.13154682517051697, 0.5302363038063049, 0.7857341170310974, 0.08629715442657471, 1.122747778892517, 0.08374685049057007, 0.004679728299379349, 0.17633195221424103, 0.07158570736646652, 0.08489001542329788, 0.6364255547523499, 0.09900979697704315, 0.15247458219528198, 0.0, 0.0, 0.02750042825937271, 0.3492683172225952, 0.025564387440681458, 0.11333035677671432, 0.7021889686584473, 0.004399718251079321, 0.5561086535453796, 2.4803805351257324, 0.925846517086029, 0.0, 0.2860688269138336, 0.4733137786388397, 1.5315226316452026, 0.11535511165857315, 0.21741147339344025, 0.026546556502580643, 0.1817397028207779, 0.306512713432312, 0.008934950456023216, 0.04286488890647888, 0.2227468341588974, 0.3753770589828491, 0.22419869899749756, 0.4390394389629364, 0.033240027725696564, 0.0, 0.01882932148873806, 0.17098568379878998, 1.7677335739135742, 0.02562623843550682, 0.04915641248226166, 0.7085146307945251, 0.0, 0.0, 2.941866397857666, 0.007995299063622952, 0.4009110927581787, 0.009095486253499985, 0.015290907584130764, 0.6993778944015503, 0.2804277837276459, 0.045654769986867905, 1.107653021812439, 0.10993814468383789, 0.16413205862045288, 0.0, 0.0, 0.3608595132827759, 0.0, 0.3202883303165436, 1.2003580331802368, 0.17411275207996368, 0.06284699589014053, 1.9951339960098267, 0.818822979927063, 0.4058134853839874, 0.0, 0.010560269467532635, 0.6108269691467285, 0.02693716436624527, 0.0, 0.9369885921478271, 0.038585253059864044, 0.1620507836341858, 0.39089351892471313, 0.017380891367793083, 2.486104726791382, 0.0, 0.16951057314872742, 0.19201861321926117, 0.8158960342407227, 0.0, 5.839383602142334, 1.3715994358062744, 0.005320447031408548, 0.00965979415923357, 0.4297044277191162, 0.24859878420829773, 1.2599843740463257, 0.00515847047790885, 0.0, 0.27566012740135193, 0.0, 0.15142960846424103, 0.010885819792747498, 0.07171806693077087, 0.1597949117422104, 0.0036117348354309797, 0.41365161538124084, 0.5222610831260681, 0.5464389324188232, 0.34719642996788025, 0.0, 0.13916221261024475, 0.361388236284256, 0.0, 0.04406769573688507, 0.14264461398124695, 0.0038310580421239138, 0.014466567896306515, 0.6416887044906616, 0.0, 0.3422912359237671, 0.17200462520122528, 0.10358606278896332, 0.1336076855659485, 0.06437543779611588, 1.4417881965637207, 1.1512653827667236, 0.28374332189559937, 0.11000940948724747, 0.481389582157135, 0.09472262859344482, 0.1930217295885086, 0.21151846647262573, 0.0, 0.44107741117477417, 0.0792124792933464, 1.2256314754486084, 0.06675726920366287, 0.19378693401813507, 0.035968173295259476, 0.04929633066058159, 1.3500670194625854, 0.06045108288526535, 2.85848069190979, 0.6036343574523926, 0.019960610195994377, 1.7261894941329956, 0.05107251927256584, 0.2849375009536743, 0.6936124563217163, 0.0, 1.8909145593643188, 0.014213910326361656, 0.7019490003585815, 0.5457322001457214, 0.2330671101808548, 0.7859746217727661, 0.07565333694219589, 0.3125111758708954, 0.0, 0.0, 0.0, 0.1828327178955078, 0.5027981400489807, 0.18347156047821045, 0.23305320739746094, 0.07630573958158493, 1.1014174222946167, 0.07581494003534317, 0.0, 0.3098508417606354, 0.5327143669128418, 0.0, 0.6550753116607666, 0.5032132863998413, 0.0, 0.009390500374138355, 0.1800614595413208, 0.19126267731189728, 0.16807375848293304, 0.9731214642524719, 0.3758421540260315, 0.04240908846259117, 0.4706868529319763, 0.004155735485255718, 0.02494983747601509, 0.11558328568935394, 0.0, 0.2157859355211258, 0.0, 0.0, 0.18219859898090363, 0.00864932220429182, 0.4875979423522949, 0.1743873804807663, 3.844921827316284, 0.08293218910694122, 0.11510445922613144, 0.41239824891090393, 1.366563081741333, 0.06942452490329742, 0.3242010772228241, 2.2143020629882812, 1.6744529008865356, 0.1608409434556961, 1.385522484779358, 2.5577497482299805, 0.8629636168479919, 0.27666884660720825, 0.027147483080625534, 0.008951143361628056, 0.22864006459712982, 0.0, 0.0005275278817862272, 0.1277775913476944, 0.21491512656211853, 1.405477523803711, 0.04638567194342613, 0.000678889628034085, 0.4593408405780792, 0.014382080174982548, 0.13626015186309814, 0.035724956542253494, 1.5711610317230225, 0.09739550948143005, 0.1045842245221138, 0.5300743579864502, 0.14875051379203796, 0.07784192264080048, 0.4085361957550049, 0.0, 0.37464842200279236, 0.7335331439971924, 0.24077773094177246, 0.03829868510365486, 1.1502574682235718, 0.7302859425544739, 0.7976865768432617, 0.03274069353938103, 0.6538629531860352, 0.8976079225540161, 0.0, 0.16474786400794983, 0.023165447637438774, 0.22290082275867462, 0.4851166903972626, 0.03523576632142067, 0.04576530680060387, 0.09951871633529663, 1.653395652770996, 0.4512949287891388, 0.31667980551719666, 0.012228515930473804, 1.0139143466949463, 1.4213846921920776, 0.0, 0.0, 0.8286900520324707, 3.0023715496063232, 1.363938570022583, 0.03320549055933952, 0.17614707350730896, 0.0022427160292863846, 0.26658156514167786, 0.04426656290888786, 0.0, 0.8314076662063599, 0.5027419924736023, 0.17542274296283722, 0.010864218696951866, 2.146726369857788, 0.0, 1.342849612236023, 0.9191077351570129, 0.16143448650836945, 0.1078566312789917, 0.0, 0.43770381808280945, 0.022201357409358025, 0.0, 0.368350088596344, 0.02119864895939827, 0.5455445051193237, 0.26124459505081177, 1.224770188331604, 0.11426331102848053, 0.4731891453266144, 0.24670585989952087, 0.022428274154663086, 0.6812433004379272, 0.036593880504369736, 0.16401100158691406, 0.6603755354881287, 3.0480546951293945, 2.2184524536132812, 0.02449924871325493, 0.08706217259168625, 2.9541239738464355, 0.14054878056049347, 0.06948824226856232, 0.03775695711374283, 0.0, 0.22645919024944305, 0.7946655750274658, 0.07723760604858398, 0.39754125475883484, 0.012790334410965443, 2.5274577140808105, 0.8657606244087219, 0.04128022491931915, 0.0, 0.0, 0.2963416576385498, 0.8956987857818604, 1.7703945636749268, 0.7517344355583191, 2.488057851791382, 0.0, 0.4233519434928894, 0.03692345693707466, 0.07749830186367035, 0.10256316512823105, 0.006949093658477068, 0.0034737586975097656, 0.19253592193126678, 0.0715327262878418, 1.647963523864746, 0.02193479798734188, 0.1826680302619934, 0.08730265498161316, 0.14293701946735382, 0.14637647569179535, 0.0, 0.0, 0.0, 0.030093953013420105, 1.1781370639801025, 0.013207625597715378, 0.009041476994752884, 0.0, 0.3092207908630371, 0.2635953426361084, 0.37269824743270874, 1.6878585815429688, 0.06760004907846451, 0.12633433938026428, 0.7195258140563965, 0.0041380757465958595, 0.05322253331542015, 0.0, 0.05826399847865105, 0.9084950685501099, 0.4129374623298645, 0.6521668434143066, 0.03118041157722473, 0.932824432849884, 0.3989158868789673, 0.013286442495882511, 5.539318561553955, 0.10873199254274368, 0.04553712159395218, 0.11883243918418884, 0.02985404245555401, 0.6264805197715759, 0.012030698359012604, 0.35900548100471497, 0.0, 0.0, 0.0, 0.45424067974090576, 0.0, 0.20471394062042236, 0.0213631521910429, 0.14234569668769836, 0.20833244919776917, 0.014145676046609879, 0.0, 0.09724149852991104, 0.19459877908229828, 0.0, 3.304525375366211, 0.13942044973373413, 0.0, 0.23568589985370636, 0.009885087609291077, 0.016167810186743736, 0.12534497678279877, 0.0973186120390892, 0.2747277319431305, 0.45756542682647705, 0.08784554153680801, 0.0964805856347084, 0.00328929559327662, 0.03856758028268814, 0.37326788902282715, 0.6977432370185852, 0.45137035846710205, 1.3367809057235718, 0.0, 0.04435129463672638, 0.54913729429245, 0.2977384328842163, 0.6252157092094421, 0.6623668074607849, 0.25331732630729675, 0.025676220655441284, 0.32234907150268555, 0.05178824067115784, 0.0, 0.7969710826873779, 0.03167424723505974, 0.0, 1.287986159324646, 0.34250378608703613, 0.0, 1.530728816986084, 0.12323958426713943, 0.0009744702838361263, 0.27945268154144287, 0.2616637051105499, 0.5580376386642456, 0.005394777283072472, 1.5431300401687622, 0.04778464511036873, 1.42676842212677, 1.3837767839431763, 0.43427807092666626, 0.006698321551084518, 0.08133119344711304, 0.24832744896411896, 0.5743125081062317, 0.0, 0.7784072160720825, 0.5417023301124573, 0.7882243394851685, 0.6106931567192078, 0.25027716159820557, 0.05684763193130493, 0.0, 0.3878014087677002, 0.5029666423797607, 0.1859758347272873, 0.13279518485069275, 0.00634760782122612, 0.30122894048690796, 0.0, 0.6507865786552429, 0.03024039976298809, 0.0, 0.09265502542257309, 0.6239769458770752, 0.02427498996257782, 2.6706299781799316, 0.3428323268890381, 3.6206789016723633, 0.18145747482776642, 0.17407603561878204, 2.152259588241577, 1.2987241744995117, 0.0, 0.010606775060296059, 0.07650794833898544, 0.0, 0.3951467275619507, 0.008298436179757118, 0.887276291847229, 0.47359901666641235, 0.0, 0.09109920263290405, 0.40692660212516785, 0.015462744049727917, 1.357608675956726, 0.13730017840862274, 0.010309231467545033, 0.0, 0.5429911613464355, 1.6727415323257446, 0.49333029985427856, 0.0414498969912529, 0.7170159220695496, 0.05799290910363197, 4.007061004638672, 0.8167043924331665, 0.0, 0.02520201914012432, 0.16268515586853027, 0.02488183043897152, 0.5278347730636597, 0.37325596809387207, 0.8825874328613281, 0.511169970035553, 0.07094541192054749, 0.3483632802963257, 0.34246373176574707, 0.33659976720809937, 0.06436571478843689, 0.3492949604988098, 0.1850043684244156, 0.6503968238830566, 0.2786251902580261, 0.00046816165558993816, 0.22131116688251495, 0.0, 0.024295369163155556, 0.0, 0.18179835379123688, 0.04582756757736206, 0.0, 0.24300551414489746, 0.06897833198308945, 0.009004807099699974, 0.09329663217067719, 0.0, 0.3519156277179718, 0.0, 0.07070322334766388, 0.00361431622877717, 0.08480266481637955, 0.1142963320016861, 0.037761006504297256, 1.0351370573043823, 0.7669315934181213, 0.07206325978040695, 1.436266541481018, 0.27892789244651794, 0.05903910472989082, 0.3559509217739105, 0.7645944356918335, 0.22634124755859375, 0.2966555953025818, 2.1818671226501465, 0.024983474984765053, 0.1432396024465561, 0.8347707390785217, 0.43819135427474976, 0.0, 0.06598372012376785, 0.0, 0.20045605301856995, 0.12671732902526855, 0.48845750093460083, 0.7037426829338074, 0.0007110177539288998, 1.5646839141845703, 0.22237205505371094, 1.1244876384735107, 0.09444503486156464, 0.23911160230636597, 0.0, 0.005867331754416227, 0.0, 0.17585231363773346, 0.0, 0.03621358424425125, 0.7179356813430786, 0.05353529751300812, 0.005519842728972435, 0.0, 0.0, 0.42211732268333435, 0.331109881401062, 0.4503558874130249, 0.03209073096513748, 0.37897351384162903, 0.19726379215717316, 0.022932028397917747, 1.8866541385650635, 2.9807910919189453, 0.0753130242228508, 0.4367319941520691, 0.0037994019221514463, 0.4578305184841156, 0.0228080116212368, 0.2622860372066498, 0.0, 1.421957015991211, 0.08495444059371948, 1.000401496887207, 0.742994487285614, 0.4265581965446472, 0.005654763430356979, 0.39831221103668213, 0.25835639238357544, 0.0, 0.8077621459960938, 1.050301194190979, 0.08013056963682175, 0.8698099255561829, 0.0, 0.026256179437041283, 0.073895163834095, 0.12768098711967468, 0.01939551904797554, 0.03499075770378113, 0.8891153335571289, 0.08544096350669861, 0.31990334391593933, 0.054750725626945496, 0.04035143554210663, 0.03714544698596001, 0.5032384991645813, 1.318678379058838, 0.0, 0.02508765086531639, 0.00384418573230505, 0.15960825979709625, 0.15889288485050201, 0.0, 1.1984080076217651, 1.011963963508606, 0.17891967296600342, 0.0, 0.4224480986595154, 0.05789945647120476, 1.2480272054672241, 0.05882007256150246, 1.2487399578094482, 2.197950601577759, 0.6558316349983215, 0.011088446713984013, 0.0, 0.41428425908088684, 0.032453104853630066, 0.21153835952281952, 0.5222240686416626, 0.2897161841392517, 0.08278105407953262, 1.3857802152633667, 0.39446738362312317, 1.1824227571487427, 0.29780134558677673, 2.092794418334961, 0.028495457023382187, 0.134714275598526, 0.038184553384780884, 0.26319441199302673, 0.01542719267308712, 0.04462215676903725, 0.020257044583559036, 0.28176477551460266, 0.0029929170850664377, 0.37118685245513916, 1.9591344594955444, 0.6927129626274109, 0.0738682821393013, 0.01094395574182272, 1.367579698562622, 0.25586479902267456, 2.499854803085327, 0.027651745826005936, 0.7051341533660889, 0.49168825149536133, 0.6180521845817566, 0.0, 0.41556572914123535, 0.53060382604599, 0.07386672496795654, 0.17149598896503448, 1.9844028949737549, 0.20584562420845032, 0.35463806986808777, 0.04704461246728897, 0.019607296213507652, 1.306721568107605, 0.05029654502868652, 0.06448283791542053, 1.087738275527954, 0.24414603412151337, 0.0, 0.2815600037574768, 0.12993979454040527, 1.7073506116867065, 1.8136343955993652, 0.13165141642093658, 0.38476866483688354, 0.3297700583934784, 0.0, 0.6001590490341187, 0.08677636086940765, 0.010932715609669685, 0.0, 1.064009428024292, 0.43289440870285034, 0.8992184996604919, 1.6132302284240723, 0.18209633231163025, 0.08086853474378586, 0.28611013293266296, 2.2638282775878906, 1.0936105251312256, 0.5565945506095886, 0.10010123997926712, 0.00223537371493876, 0.9102353453636169, 0.0070370701141655445, 0.5496053099632263, 0.03008752129971981, 0.496959388256073, 0.029992718249559402, 1.4716832637786865, 0.22682897746562958, 0.12020473927259445, 0.21661633253097534, 0.3361351490020752, 0.4267665445804596, 1.524921178817749, 0.0, 0.817772626876831, 0.564525306224823, 0.037058062851428986, 0.020548036321997643, 0.5765082836151123, 2.600980281829834, 1.7959811687469482, 0.00908619537949562, 2.1963951587677, 0.1542358100414276, 0.010253103449940681, 0.0, 0.6250925064086914, 0.49988454580307007, 0.07034672051668167, 0.021988961845636368, 0.41745221614837646, 0.48386234045028687, 0.0, 0.018601860851049423, 1.731360912322998, 0.6998644471168518, 1.3863524198532104, 0.12483681738376617, 0.430471807718277, 0.6522390246391296, 0.47464877367019653, 0.10049830377101898, 1.491762399673462, 0.23945018649101257, 3.4531211853027344, 0.40770667791366577, 0.013241242617368698, 0.05157523229718208, 0.2323686182498932, 0.019328374415636063, 1.0546807050704956, 0.11644297093153, 0.11682221293449402, 0.10579558461904526, 0.08229081332683563, 0.07112333923578262, 0.011387722566723824, 4.888376235961914, 0.018777653574943542, 0.26608800888061523, 0.044856470078229904, 0.236949622631073, 0.9300002455711365, 2.7014057636260986, 0.0, 0.27023711800575256, 0.028553707525134087, 0.10305909812450409, 0.011993089690804482, 0.07537472248077393, 0.7333441972732544, 0.6249053478240967, 0.7905868291854858, 0.0, 0.008599471300840378, 0.0, 0.28448331356048584, 0.007909619249403477, 0.5519158244132996, 0.3483441472053528, 0.10753028094768524, 0.35836344957351685, 0.0, 1.3362146615982056, 0.5665739178657532, 0.015239267610013485, 0.22627156972885132, 0.6148679852485657, 0.46494635939598083, 1.5153006315231323, 0.12552282214164734, 0.0, 0.06468982249498367, 0.6753067970275879, 0.9086740612983704, 0.16629350185394287, 0.549012303352356, 3.0303211212158203, 1.1566675901412964, 0.2352059781551361, 0.0, 0.2153203785419464, 0.008882694877684116, 2.763322114944458, 0.5341829061508179, 0.0, 0.6556652784347534, 0.26005443930625916, 0.0, 1.3557623624801636, 1.1699206829071045, 0.0, 0.14243817329406738, 0.1288631409406662, 1.1846460103988647, 0.9472355842590332, 0.7522186040878296, 0.23303519189357758, 0.12422343343496323, 0.4552186131477356, 0.02355693280696869, 0.03996138647198677, 0.0, 0.0398813858628273, 0.008297090418636799, 0.037864696234464645, 0.2039874792098999, 2.3741610050201416, 0.21394126117229462, 0.7072563171386719, 0.10021886974573135, 0.02480127662420273, 2.4936318397521973, 0.0, 0.028175296261906624, 1.5696399211883545, 0.05168350040912628, 0.11751346290111542, 0.09400584548711777, 0.0026981295086443424, 0.4012516140937805, 0.34087392687797546, 0.02845143713057041, 0.6426169872283936, 0.0, 0.0, 0.026931224390864372, 0.0, 0.0, 0.2846958637237549, 0.0005351377767510712, 0.06291946023702621, 0.2973668873310089, 0.10427691787481308, 1.2219609022140503, 0.4949558675289154, 0.2411988079547882, 0.0, 0.007415153551846743, 0.17853480577468872, 0.03174135461449623, 0.03690974414348602, 0.004406590946018696, 2.9805479049682617, 0.01731468178331852, 0.06517671793699265, 0.2607499063014984, 0.0, 0.15607689321041107, 0.24461309611797333, 0.0, 0.27862024307250977, 0.009365412406623363, 0.2051924467086792, 0.02739151194691658, 0.46053096652030945, 0.3126002550125122, 0.22318972647190094, 0.0, 0.6481736898422241, 0.0707947313785553, 0.12175585329532623, 0.15583355724811554, 0.1463058888912201, 0.0, 2.8470003604888916, 0.6742884516716003, 0.674046516418457, 0.18717072904109955, 0.7568963766098022, 0.0, 0.2834472954273224, 0.11318586021661758, 1.6783133745193481, 0.14074553549289703, 0.7831125855445862, 0.2897880971431732, 0.005915627349168062, 0.010336141102015972, 0.3274192810058594, 0.27936825156211853, 0.3330395221710205, 0.3780963718891144, 0.05767550691962242, 0.35062113404273987, 0.0, 1.1174180507659912, 0.08846140652894974, 0.6313385367393494, 0.9100155234336853, 0.002043952699750662, 0.45712316036224365, 1.3147999048233032, 0.016649635508656502, 0.0, 0.16509060561656952, 0.0035838617477566004, 0.0, 0.018916122615337372, 0.008031168952584267, 0.3098682165145874, 0.11983758211135864, 0.3686164617538452, 0.19610436260700226, 0.22025710344314575, 0.016202211380004883, 0.28172001242637634, 0.028195954859256744, 2.8031303882598877, 0.09429594874382019, 0.24238848686218262, 0.638176441192627, 2.403071403503418, 0.058347322046756744, 1.2298262119293213, 0.8726691603660583, 0.5621726512908936, 0.20762023329734802, 0.013271555304527283, 0.1682625412940979, 1.0766491889953613, 1.9267679452896118, 0.03347772732377052, 0.0, 1.8104960918426514, 0.07563917338848114, 0.08729946613311768, 0.9935377240180969, 0.5220955014228821, 0.6858353018760681, 0.0, 0.18439729511737823, 0.030484335497021675, 0.04154186323285103, 0.14953398704528809, 0.1922478973865509, 0.0, 0.8114924430847168, 0.07830750942230225, 0.5387879610061646, 0.3070608079433441, 0.5015259385108948, 0.7369714975357056, 0.3603801429271698, 0.1232704371213913, 0.014753670431673527, 0.1699429154396057, 0.1026923879981041, 0.013605229556560516, 0.03746630996465683, 0.46556219458580017, 0.00846804864704609, 0.1115630567073822, 0.012121346779167652, 0.0, 0.0, 0.7193536758422852, 0.0, 0.004338444676250219, 0.16853760182857513, 0.4183981120586395, 0.0, 0.07973632216453552, 0.0, 0.0786895826458931, 0.6566334962844849, 0.0, 0.31631147861480713, 0.04768705368041992, 0.09189983457326889, 0.3165314793586731, 0.02444487437605858, 0.0, 0.013981040567159653, 1.4601385593414307, 0.017133299261331558, 0.007867920212447643, 0.6813924312591553, 1.1187621355056763, 1.433021903038025, 0.0, 0.04720837622880936, 0.017780771479010582, 0.007788254413753748, 0.05134272947907448, 3.059748411178589, 0.26069900393486023, 0.25839242339134216, 1.4716614484786987, 1.0268588066101074, 0.7914568781852722, 1.7769957780838013, 0.1832556426525116, 0.49305444955825806, 0.07385367155075073, 5.253118515014648, 3.550722599029541, 0.026052230969071388, 0.21958763897418976, 0.00018485711188986897, 0.0, 0.1718524992465973, 4.662230968475342, 0.0, 0.11962413787841797, 0.0, 0.0, 0.03768312186002731, 0.0, 0.1901603490114212, 0.7025822401046753, 0.23983453214168549, 0.34118279814720154, 0.0, 0.8190574645996094, 0.2996176779270172, 0.02183884009718895, 1.1252729892730713, 0.01324299443513155, 0.06561508774757385, 1.2002592086791992, 0.004076787270605564, 0.9615249633789062, 0.0385352186858654, 0.12726779282093048, 0.0012910609366372228, 0.2620105743408203, 0.11805260181427002, 2.5453479290008545, 1.0276439189910889, 0.0053528230637311935, 0.6632382869720459, 0.0, 0.03665705770254135, 0.3418325185775757, 0.10133025050163269, 0.01629587635397911, 0.20273339748382568, 0.19041794538497925, 0.4955880343914032, 0.08473843336105347, 0.25458425283432007, 0.2063284069299698, 0.029837846755981445, 0.24198220670223236, 0.13901706039905548, 0.34118497371673584, 0.0, 0.0, 0.024714332073926926, 0.7111511826515198, 0.0, 0.23470091819763184, 0.4580540955066681, 0.0, 0.045304711908102036, 0.0013493567239493132, 0.01409169565886259, 0.20818720757961273, 0.3438308537006378, 0.6936852335929871, 0.026968322694301605, 1.9050062894821167, 0.0, 0.08477585762739182, 0.0009665343095548451, 0.014994568191468716, 0.3857051432132721, 0.03167715668678284, 0.0, 0.03835011646151543, 0.7005974054336548, 0.03737172484397888, 0.028031213209033012, 0.011981327086687088, 1.2675279378890991, 0.15974542498588562, 0.24675023555755615, 0.010925540700554848, 0.1602333039045334, 0.020514609292149544, 0.06759278476238251, 0.13007991015911102, 0.551919162273407, 0.05079014599323273, 0.07184291630983353, 0.03410254046320915, 1.697462558746338, 0.20557397603988647, 0.028471902012825012, 0.23303590714931488, 0.0, 0.0, 0.15974895656108856, 0.0, 0.43741071224212646, 0.21846771240234375, 1.0347329378128052, 0.7271599173545837, 0.06843475997447968, 0.2682167589664459, 0.010035023093223572, 0.10330046713352203, 0.37946397066116333, 0.0, 0.2577986419200897, 0.4978598356246948, 0.8831614255905151, 0.1104666069149971, 0.0, 0.7201060056686401, 0.38492071628570557, 0.06854142993688583, 0.3157551884651184, 0.0, 0.15114325284957886, 0.18785719573497772, 0.1323082447052002, 2.029893636703491, 0.07248419523239136, 1.010121464729309, 0.64068603515625, 0.11203966289758682, 1.0345516204833984, 0.08122143149375916, 0.0037079392932355404, 0.127399742603302, 0.5236281156539917, 0.6976844668388367, 0.04925056919455528, 0.09560976922512054, 1.3709936141967773, 0.2815895974636078, 0.01809128001332283, 0.012769519351422787, 0.007444729562848806, 0.01661876030266285, 0.0, 0.025946227833628654, 0.01906379871070385, 0.005371113307774067, 0.5940099358558655, 0.038042571395635605, 0.2755594849586487, 0.4040360450744629, 0.0, 0.042932603508234024, 0.7219263911247253, 0.1818641722202301, 1.087466835975647, 0.23046275973320007, 1.3387070894241333, 0.0347386971116066, 0.5394279956817627, 0.0, 0.0, 0.1498098224401474, 0.6470641493797302, 0.09688922017812729, 0.6598678231239319, 0.1413913518190384, 0.01782706379890442, 0.007235320284962654, 0.0, 0.40976792573928833, 0.01470955554395914, 0.008892078883945942, 0.0, 0.0, 0.0, 0.004426693543791771, 1.3117395639419556, 0.5032182335853577, 1.2606137990951538, 0.42561012506484985, 2.806399345397949, 0.36895251274108887, 0.0, 0.13679341971874237, 0.028634509071707726, 1.5083520412445068, 0.47056859731674194, 0.11399055272340775, 0.0020710667595267296, 0.03550741448998451, 0.31138816475868225, 0.0, 0.048822179436683655, 0.046689778566360474, 0.065507672727108, 0.3924897611141205, 0.2584378719329834, 0.0, 1.2524000406265259, 0.06338100880384445, 0.27775487303733826, 1.3386718034744263, 1.8017563819885254, 0.6914651989936829, 0.03133772686123848, 0.7352054119110107, 0.0, 0.04012236371636391, 0.12800516188144684, 0.29745250940322876, 0.8387814164161682, 0.09021161496639252, 0.020241785794496536, 0.2973659038543701, 0.6108461618423462, 0.46250462532043457, 1.200344204902649, 0.0, 0.0, 0.11261852085590363, 0.24825622141361237, 0.7014190554618835, 3.2371838092803955, 0.7705790996551514, 0.03162982314825058, 0.12584085762500763, 0.7997492551803589, 0.0, 0.39866015315055847, 0.807049572467804, 0.0, 0.0014650237280875444, 1.1929453611373901, 1.2927521467208862, 0.2935442328453064, 0.08798417448997498, 0.019044922664761543, 0.0, 0.0, 0.8859018087387085, 0.0, 0.2947925329208374, 0.03710994869470596, 0.006312107667326927, 0.08733309805393219, 0.8745636343955994, 0.9975074529647827, 0.14924991130828857, 0.2568401098251343, 0.23999622464179993, 0.6300057172775269, 0.5922409296035767, 0.07463500648736954, 0.055032793432474136, 0.8477566838264465, 0.03518705070018768, 0.0, 0.13624559342861176, 5.174679279327393, 0.0, 0.00997578352689743, 0.020318636670708656, 0.7586549520492554, 0.0852898582816124, 0.0, 1.6806071996688843, 0.0, 2.2005205154418945, 0.0, 0.05327300727367401, 0.6099238991737366, 0.0, 0.0, 0.475850909948349, 0.2500094473361969, 0.01888338476419449, 0.0029510746244341135, 0.0, 0.8596262335777283, 0.0, 0.3641067445278168, 0.4781242609024048, 0.018581654876470566, 0.022458909079432487, 0.06583531200885773, 0.3480944335460663, 0.06484419852495193, 2.0339040756225586, 0.3890000581741333, 0.589683473110199, 0.16763930022716522, 0.06025727465748787, 0.038676124066114426, 3.0840165615081787, 1.0589812994003296, 0.05525214225053787, 1.7289179563522339, 0.10570164769887924, 0.0, 0.0775449275970459, 1.3398829698562622, 0.05559612810611725, 0.0961463525891304, 0.0, 0.1083463579416275, 0.012821577489376068, 0.027499720454216003, 0.30897241830825806, 0.2263566553592682, 0.047197457402944565, 3.3584694862365723, 0.0, 0.7398393750190735, 0.0508306659758091, 1.720022201538086, 0.0, 4.270854949951172, 0.37437790632247925, 0.1720152497291565, 0.07101275771856308, 0.1608961820602417, 1.6158522367477417, 0.01575537398457527, 0.0, 0.2276194840669632, 0.004732056520879269, 0.06310264766216278, 0.07600174844264984, 1.03703773021698, 0.5431491732597351, 0.12633690237998962, 0.1478048861026764, 0.16144642233848572, 0.0, 1.7735000848770142, 0.031184667721390724, 0.006848442368209362, 0.41430920362472534, 0.0, 0.23074714839458466, 0.0, 0.3496420383453369, 0.9873069524765015, 0.5038538575172424, 0.2832510769367218, 0.3833441734313965, 0.49728015065193176, 1.0621978044509888, 0.002034756587818265, 0.0, 0.2545500695705414, 0.1945204883813858, 0.7870450019836426, 0.041145630180835724, 0.0, 3.208381414413452, 0.0, 0.3415326178073883, 0.018634168431162834, 0.016514107584953308, 0.004698398057371378, 0.3354952335357666, 0.21759994328022003, 0.0, 0.0, 0.633431077003479, 0.07755906879901886, 0.0, 0.0, 0.04122244939208031, 0.0, 0.03259758651256561, 0.1004275307059288, 0.2772071957588196, 0.029401088133454323, 1.1601271629333496, 0.7161011695861816, 0.6458691358566284, 3.121323823928833, 0.18368303775787354, 0.6479044556617737, 0.10708816349506378, 0.010301843285560608, 0.04258548468351364, 0.035754308104515076, 0.227021723985672, 0.0, 2.760007381439209, 0.0464436374604702, 1.2825586795806885, 0.007094061933457851, 2.1040916442871094, 0.015330323949456215, 0.6834444403648376, 0.13152886927127838, 0.040396276861429214, 1.0181910991668701, 0.0865863710641861, 0.0, 0.02826041541993618, 0.0, 0.18391552567481995, 0.0, 0.0, 0.6094598770141602, 0.21189410984516144, 0.015683485195040703, 0.30090609192848206, 0.08709678053855896, 0.15350750088691711, 0.037720225751399994, 6.35896431049332e-05, 1.1750500202178955, 1.1265144348144531, 1.5327346324920654, 0.0, 0.9079297780990601, 0.12552118301391602, 0.15340006351470947, 0.04211333766579628, 0.0, 0.47464531660079956, 0.19951549172401428, 0.15036849677562714, 0.22812068462371826, 0.022616233676671982, 1.1600441932678223, 0.40567395091056824, 0.0, 0.12371853739023209, 0.6646539568901062, 0.061058253049850464, 0.02483261376619339, 0.014127293601632118, 0.008838950656354427, 0.07466467469930649, 0.6026139259338379, 0.8406951427459717, 0.0, 0.01261641550809145, 0.2784201204776764, 0.040987804532051086, 1.7256730794906616, 0.25340908765792847, 0.06408299505710602, 0.014555899426341057, 0.4021564722061157, 0.035231269896030426, 0.05972394347190857, 0.07572799921035767, 0.10484999418258667, 0.18934495747089386, 0.0016373663675040007, 0.09124697744846344, 0.0, 0.0018523833714425564, 0.04190335050225258, 0.5929006338119507, 0.21049675345420837, 0.2801934778690338, 0.055549465119838715, 0.2654408812522888, 0.015462814830243587, 0.43541768193244934, 0.5052287578582764, 0.032378900796175, 0.20548368990421295, 0.04952225834131241, 0.5806416273117065, 0.5095182657241821, 2.175813913345337, 0.06331494450569153, 0.2823094427585602, 0.9432761669158936, 0.005889685824513435, 0.9381394386291504, 0.4309171438217163, 0.7345486283302307, 0.4666837155818939, 0.018399661406874657, 0.44158896803855896, 0.012688413262367249, 0.0, 0.015942571684718132, 0.0, 0.40056079626083374, 1.9793788194656372, 0.0, 0.27290284633636475, 0.5386648178100586, 0.0, 0.83773273229599, 0.13309301435947418, 0.01115347072482109, 0.0, 0.7638714909553528, 0.09255298972129822, 0.012836400419473648, 0.0, 2.3373124599456787, 0.0019955586176365614, 0.174643412232399, 0.0, 1.202888011932373, 0.0, 0.10652805864810944, 0.4026060998439789, 0.0378747433423996, 0.5047709345817566, 1.0224272012710571, 0.3202023506164551, 0.4757632911205292, 0.1232987493276596, 1.088698148727417, 1.0764247179031372, 0.0, 0.35180413722991943, 0.2627863883972168, 0.15012706816196442, 0.215338334441185, 0.012227603234350681, 0.0, 2.6361186504364014, 0.0, 0.9935168027877808, 0.08556652814149857, 0.006056493613868952, 0.8335677981376648, 0.2011706680059433, 0.3399994969367981, 0.0, 0.007524485699832439, 0.07536762952804565, 0.0, 2.1503047943115234, 0.20320136845111847, 1.7729536294937134, 1.0732946395874023, 0.019042285159230232, 0.2762850224971771, 2.244110107421875, 0.183773472905159, 0.27563828229904175, 0.08900647610425949, 1.0856157541275024, 0.06672381609678268, 0.00037120800698176026, 0.0, 0.8764646053314209, 0.11971992999315262, 0.010305602103471756, 0.4195505380630493, 0.30380067229270935, 1.5213828086853027, 0.05042840540409088, 0.7066093683242798, 0.011177328415215015, 0.05231472849845886, 0.28027698397636414, 0.24762624502182007, 0.0, 0.8800469040870667, 0.34444499015808105, 0.007110070437192917, 2.048816680908203, 1.3013889789581299, 0.19456292688846588, 0.0, 0.0015534186968579888, 0.0030955271795392036, 0.08446499705314636, 0.02040914073586464, 0.028614496812224388, 0.08047828078269958, 0.09159240126609802, 0.292499303817749, 0.0139210419729352, 0.15564517676830292, 0.00979143287986517, 0.019775016233325005, 0.1820164918899536, 0.052654772996902466, 1.2020587921142578, 0.08855889737606049, 0.7402573227882385, 0.7858148813247681, 0.027104759588837624, 0.14277076721191406, 0.30065926909446716, 0.0, 0.5630409121513367, 0.5013748407363892, 0.0, 0.020094946026802063, 0.6344752907752991, 0.2684207260608673, 0.6157611012458801, 0.0, 0.8471953868865967, 0.0, 0.7581311464309692, 0.13599756360054016, 0.035278934985399246, 0.0077378335408866405, 0.08310426026582718, 0.0578954815864563, 0.26843351125717163, 0.02626442350447178, 0.2854168117046356, 0.11393003910779953, 0.19385743141174316, 1.7194610834121704, 0.0, 0.1466645449399948, 0.6604011058807373, 0.7218526005744934, 0.37062159180641174, 0.05139787495136261, 0.2196592539548874, 0.04048653319478035, 0.0, 0.09936656057834625, 0.009936770424246788, 0.02062520757317543, 0.8486953973770142, 0.3451123535633087, 0.5610809326171875, 0.40534454584121704, 0.030982566997408867, 0.9840479493141174, 0.0, 0.5410467982292175, 0.014126172289252281, 0.30110371112823486, 0.007083445321768522, 0.1404012143611908, 0.0, 0.08026028424501419, 0.9202154278755188, 0.008582871407270432, 0.16406209766864777, 0.47520703077316284, 1.3559719324111938, 0.35060471296310425, 0.032022345811128616, 2.557746410369873, 0.016698021441698074, 0.22735221683979034, 1.6225816011428833, 0.3192446231842041, 1.3799265623092651, 0.9879723191261292, 1.9510952234268188, 0.04007347300648689, 0.08018077164888382, 0.0, 0.14016515016555786, 0.014003690332174301, 0.013479582965373993, 0.1971869170665741, 0.2104688584804535, 0.0, 0.5902299284934998, 0.22938264906406403, 0.3834405243396759, 0.11017889529466629, 0.3235517740249634, 0.9575377702713013, 0.0, 0.14245760440826416, 3.558556318283081, 0.07017236202955246, 0.003598802024498582, 0.0, 0.8884292244911194, 0.36490949988365173, 0.11742156744003296, 0.2261900156736374, 0.7918366193771362, 0.015533491037786007, 0.902985155582428, 0.0, 0.03691869601607323, 0.0746234729886055, 0.10017309337854385, 0.013811520300805569, 0.10914849489927292, 0.0, 0.2028215527534485, 0.8016612529754639, 0.41728365421295166, 0.8503252863883972, 0.0, 0.0, 0.1911352574825287, 0.0, 1.2970327138900757, 0.023763347417116165, 0.3018897771835327, 0.0, 0.0, 0.5155835151672363, 0.09557412564754486, 0.1138899102807045, 0.0, 0.3751682639122009, 0.3818548917770386, 0.023838438093662262, 0.8967963457107544, 0.06148608401417732, 0.3148455023765564, 0.0, 0.0, 0.3851490914821625, 0.11858914792537689, 0.08830193430185318, 0.0, 0.058044176548719406, 0.6818265318870544, 0.4076027274131775, 0.2624281346797943, 0.0, 0.3892480134963989, 0.15417832136154175, 0.31254714727401733, 0.08744553476572037, 0.2998684346675873, 0.6577006578445435, 0.7543545365333557, 0.04699349030852318, 0.026583923026919365, 0.4532298743724823, 0.888301432132721, 0.7590287923812866, 0.02064666710793972, 8.796201705932617, 0.0, 0.08429652452468872, 0.40627965331077576, 0.5780566930770874, 0.25271162390708923, 0.12967655062675476, 0.7508819103240967, 0.06128016859292984, 0.1070604920387268, 0.08805016428232193, 0.7319725155830383, 0.38215404748916626, 0.0008312342106364667, 0.34765443205833435, 0.30467304587364197, 0.07287959009408951, 0.10866644978523254, 0.02751508541405201, 0.14789456129074097, 0.19704216718673706, 0.4095904231071472, 0.0, 0.0050294422544538975, 0.024653512984514236, 0.1963079571723938, 0.0, 0.2583569586277008, 0.17286145687103271, 0.0, 0.0, 0.06750748306512833, 0.16856856644153595, 0.19486624002456665, 2.2667834758758545, 0.325790137052536, 0.13796086609363556, 0.16600310802459717, 0.050503671169281006, 0.4137435555458069, 0.1839616894721985, 0.5619659423828125, 1.2333358526229858, 0.38305437564849854, 0.5012419819831848, 0.013264860026538372, 0.1920921951532364, 0.31591883301734924, 0.18379293382167816, 0.06934893131256104, 3.218902587890625, 0.07452910393476486, 3.200059175491333, 0.5162216424942017, 0.23502495884895325, 0.0, 0.0891912505030632, 0.35865822434425354, 0.22809968888759613, 0.017667191103100777, 0.35923585295677185, 0.12202854454517365, 0.7344929575920105, 0.20364485681056976, 0.0, 0.027988817542791367, 0.19311681389808655, 0.027253389358520508, 0.0, 0.0, 0.13857758045196533, 0.0, 0.0, 0.06233439967036247, 0.8421432971954346, 0.46192261576652527, 0.2127307653427124, 0.06139204278588295, 0.0648844838142395, 0.05951808765530586, 0.05232347920536995, 0.08216104656457901, 0.0, 0.07706809788942337, 0.2231757938861847, 0.10116161406040192, 0.0, 0.020594388246536255, 0.01361240167170763, 0.8046478629112244, 0.20633862912654877, 0.30192264914512634, 0.06453834474086761, 0.01588999480009079, 1.5879194736480713, 1.7374929189682007, 0.0, 0.5580713152885437, 0.02378450520336628, 0.0, 0.01220861729234457, 0.03126266598701477, 0.0, 0.3530912697315216, 0.6278139352798462, 0.3474571108818054, 0.008605163544416428, 0.07787885516881943, 0.36075618863105774, 0.5555358529090881, 0.16922853887081146, 0.004753769841045141, 0.035345409065485, 0.48652011156082153, 0.22766470909118652, 0.0, 0.25397786498069763, 0.11633548140525818, 0.007389428559690714, 0.02645622007548809, 0.12697260081768036, 0.22730667889118195, 1.9749088287353516, 0.24747338891029358, 0.17370590567588806, 0.000245308387093246, 0.5722282528877258, 0.11636024713516235, 0.5510320067405701, 0.042392853647470474, 0.042578235268592834, 0.0, 0.1500023603439331, 0.020750926807522774, 0.29986605048179626, 0.04880843684077263, 0.10782264918088913, 0.022276844829320908, 0.0184083953499794, 0.016080744564533234, 0.0013917124597355723, 0.25896814465522766, 0.5804604291915894, 0.28532081842422485, 0.9790880084037781, 0.24384614825248718, 1.2434771060943604, 0.37712162733078003, 0.029115010052919388, 1.3305126428604126, 0.5836763381958008, 0.7976862192153931, 0.27644866704940796, 0.4182026982307434, 0.20829200744628906, 0.007300561759620905, 0.6743001937866211, 0.10687242448329926, 0.32421112060546875, 0.6573152542114258, 0.552109956741333, 0.004754197783768177, 1.0522027015686035, 1.710830807685852, 0.0010205969447270036, 1.6231781244277954, 0.06866046041250229, 0.07378712296485901, 0.05804308131337166, 0.9601017832756042, 0.0, 0.11622660607099533, 0.0, 0.0, 0.2831347584724426, 0.16888432204723358, 1.4237847328186035, 0.13284529745578766, 1.8494669198989868, 0.028598874807357788, 0.1571936160326004, 0.0, 0.9767809510231018, 0.16967493295669556, 2.7148525714874268, 0.31667202711105347, 0.007596638519316912, 0.06370920687913895, 0.3463451862335205, 2.5509402751922607, 0.020147688686847687, 0.041528601199388504, 2.152533531188965, 0.0, 0.06157815083861351, 0.6749074459075928, 0.042532745748758316, 0.02305133454501629, 0.6071254014968872, 0.2437552660703659, 0.024253983050584793, 0.0, 0.0019626375287771225, 0.18699294328689575, 1.5513442754745483, 0.1392807811498642, 0.06654571741819382, 0.032397862523794174, 0.02931838296353817, 0.4776438772678375, 0.010987739078700542, 0.10685643553733826, 0.11318329721689224, 1.8059356212615967, 0.0064005241729319096, 0.5118269920349121, 0.0, 0.0, 0.029319796711206436, 0.06379257142543793, 0.14099161326885223, 1.9257692098617554, 0.004625422414392233, 0.0, 2.572782516479492, 0.14294764399528503]",Testing/glioma_tumor/image(72).jpg
"[0.7966527342796326, 0.7459545731544495, 0.03704841434955597, 1.1894431114196777, 0.5706437826156616, 0.2274843007326126, 0.8222987651824951, 0.009802261367440224, 0.5502758622169495, 0.06316277384757996, 0.0, 0.1790945678949356, 0.1976386308670044, 0.0077348146587610245, 0.10118663311004639, 0.12854553759098053, 0.9171313047409058, 1.8616795539855957, 1.6712895631790161, 0.22809821367263794, 0.08184763789176941, 0.21311065554618835, 0.11621765047311783, 0.15753677487373352, 0.03491591662168503, 0.30443722009658813, 0.2565375864505768, 0.145104318857193, 0.391184002161026, 0.1711684614419937, 0.02562519907951355, 1.1479897499084473, 0.3029605448246002, 0.1420067399740219, 0.12092851847410202, 0.47998592257499695, 0.2767133414745331, 0.24145585298538208, 0.06056831777095795, 0.038845330476760864, 1.2299175262451172, 3.637651205062866, 0.49221500754356384, 0.4078695774078369, 0.0271553173661232, 0.0, 0.020622029900550842, 0.0, 0.5768854022026062, 0.007689113728702068, 1.0495553016662598, 0.02139967866241932, 2.255417585372925, 0.07253890484571457, 0.037385307252407074, 0.27665480971336365, 1.5132619142532349, 2.485217571258545, 0.42850011587142944, 0.0, 0.3812447488307953, 1.1749905347824097, 0.391534686088562, 0.2873215079307556, 0.3161759674549103, 0.0, 1.0406540632247925, 0.7898486256599426, 0.5722650289535522, 0.25322574377059937, 0.02382638305425644, 0.3732549250125885, 0.022418545559048653, 0.5936504602432251, 0.37878814339637756, 0.08590979129076004, 0.5410999655723572, 0.22602972388267517, 0.0, 0.31326809525489807, 1.2207932472229004, 0.09792426228523254, 0.14964334666728973, 0.1478816270828247, 0.7575384378433228, 0.29073354601860046, 0.3930835425853729, 0.17996792495250702, 0.16440603137016296, 0.16312649846076965, 0.16707006096839905, 0.9120768308639526, 0.8192266225814819, 1.4777379035949707, 0.2908351719379425, 0.4648279547691345, 0.29037895798683167, 0.0, 0.12383750826120377, 0.0, 0.414391428232193, 0.709226667881012, 0.0005461342516355217, 0.6368011236190796, 2.238309383392334, 0.6749574542045593, 0.9521013498306274, 1.3162163496017456, 0.16099359095096588, 1.3937015533447266, 0.08207838982343674, 0.8327172994613647, 0.007587004452943802, 0.0929151326417923, 0.469986230134964, 0.030538534745573997, 0.014148677699267864, 0.05899433046579361, 1.0532413721084595, 0.06407178938388824, 0.5467128157615662, 0.0, 0.013325881212949753, 0.026546375826001167, 0.2417086511850357, 1.6092274188995361, 0.008401772007346153, 0.4317973852157593, 0.3001379370689392, 0.0, 0.01178385317325592, 2.7682619094848633, 0.03880050405859947, 0.5969080924987793, 0.6911657452583313, 0.07147961854934692, 0.7282847762107849, 0.9670135378837585, 0.2875831425189972, 0.42987939715385437, 0.19454337656497955, 1.8060097694396973, 0.0, 0.0, 2.5836424827575684, 0.004722780082374811, 0.8015482425689697, 0.5973873138427734, 0.15376582741737366, 0.3959314823150635, 2.153395891189575, 0.4652290344238281, 0.031426966190338135, 0.0918041542172432, 0.029908437281847, 0.4940012991428375, 0.0023776658345013857, 0.37518465518951416, 0.5998963117599487, 0.20153899490833282, 1.2317063808441162, 0.12436136603355408, 0.7039949297904968, 3.117331027984619, 0.12051932513713837, 0.1963045597076416, 0.3550126552581787, 0.2239781618118286, 0.0017452045576646924, 6.072412014007568, 0.7336263656616211, 0.5322322845458984, 0.6695634722709656, 1.221390724182129, 0.12365666031837463, 1.072044849395752, 0.004144014324992895, 0.16051703691482544, 0.2327680140733719, 0.1675170212984085, 0.8955578804016113, 0.04444288834929466, 1.4150681495666504, 0.42606088519096375, 0.12073051929473877, 0.35021910071372986, 0.5666412711143494, 0.774066686630249, 0.2050096094608307, 0.45801684260368347, 0.03804641216993332, 0.15511707961559296, 0.011752056889235973, 0.0, 0.8227057456970215, 0.1359131634235382, 0.3615057170391083, 0.03960425406694412, 0.01961161009967327, 0.12477384507656097, 0.7692678570747375, 0.024430284276604652, 1.079157829284668, 0.4307531714439392, 1.9831929206848145, 1.4539899826049805, 0.2572903335094452, 0.014880791306495667, 0.30407994985580444, 0.7061853408813477, 0.1111656129360199, 0.6829283833503723, 0.07641255110502243, 0.07835632562637329, 0.36413729190826416, 0.17567583918571472, 0.020462321117520332, 0.22576968371868134, 0.8756291270256042, 0.23950356245040894, 2.117008924484253, 0.022247979417443275, 3.057710647583008, 0.3009961247444153, 0.025483060628175735, 0.9641305804252625, 0.08795331418514252, 0.04448099434375763, 0.9385932087898254, 0.041625384241342545, 0.03827245533466339, 0.026924537494778633, 0.6643157601356506, 0.4813211262226105, 0.0, 0.5345548987388611, 0.0, 0.7481280565261841, 0.09308739006519318, 0.5812109112739563, 0.03694576025009155, 1.5214250087738037, 2.2158305644989014, 0.08418264985084534, 0.04897460341453552, 1.4792753458023071, 0.045235663652420044, 0.622917115688324, 0.0, 0.0481271892786026, 0.12422192841768265, 0.2741251289844513, 1.2314016819000244, 0.3236526846885681, 0.033471785485744476, 0.004632995929569006, 0.214799165725708, 1.7449517250061035, 0.004713583737611771, 0.9426017999649048, 0.42787522077560425, 0.10259438306093216, 0.3449957072734833, 0.17478430271148682, 0.0, 0.3433173894882202, 0.0020723585039377213, 0.0, 0.13662995398044586, 0.0, 0.24684539437294006, 0.26229608058929443, 0.6647636890411377, 0.30927136540412903, 1.1367725133895874, 0.23744334280490875, 0.14903384447097778, 0.5904058218002319, 1.0164707899093628, 0.0, 0.2803960144519806, 0.15084335207939148, 1.8717403411865234, 0.9703652262687683, 0.3482796847820282, 3.957016944885254, 0.9515601396560669, 0.41446685791015625, 0.45130181312561035, 0.022800451144576073, 0.41217780113220215, 0.01599789597094059, 0.0, 0.16573505103588104, 0.3707880973815918, 1.5366419553756714, 0.7769431471824646, 0.007973423227667809, 0.7421224117279053, 0.23455041646957397, 0.5437971353530884, 0.573832094669342, 0.7392550110816956, 0.10946612805128098, 0.6349626779556274, 0.573150634765625, 0.007543965242803097, 0.09249689429998398, 0.12865105271339417, 0.7381800413131714, 0.4995221793651581, 0.9374256730079651, 0.0062713283114135265, 0.14292119443416595, 1.0572495460510254, 1.8725355863571167, 0.45453083515167236, 0.0, 0.32963064312934875, 0.431723415851593, 0.0043893055990338326, 1.072920560836792, 0.0, 0.0301029235124588, 0.0050538997165858746, 0.10125728696584702, 0.0011503794230520725, 0.08769753575325012, 1.9032472372055054, 0.24534918367862701, 0.4607468545436859, 0.026318293064832687, 1.144881010055542, 3.4090447425842285, 0.007508781272917986, 0.06659853458404541, 1.3778568506240845, 0.5239271521568298, 0.4826483726501465, 0.15877287089824677, 0.7097572684288025, 0.024465639144182205, 0.6801485419273376, 0.0, 0.0, 0.7656921744346619, 0.14165055751800537, 0.0, 0.11110836267471313, 1.9834071397781372, 0.08532769978046417, 0.17499715089797974, 0.5006090402603149, 0.37056803703308105, 0.16799329221248627, 0.03313799947500229, 0.17267709970474243, 0.0, 0.20207685232162476, 0.6470597982406616, 0.13557545840740204, 0.4718905985355377, 0.038812410086393356, 1.8779780864715576, 0.5453910827636719, 0.9512231945991516, 0.13577266037464142, 0.027667587623000145, 4.245688438415527, 0.10440301150083542, 0.21144509315490723, 0.36722806096076965, 2.3756155967712402, 2.6735310554504395, 0.3915131986141205, 0.6146069169044495, 3.42710280418396, 1.5394052267074585, 0.062276095151901245, 0.06649114191532135, 0.49853333830833435, 0.6389120221138, 0.6153100728988647, 0.6897196769714355, 0.1825544387102127, 0.01985139772295952, 2.3616156578063965, 1.9369665384292603, 0.21482664346694946, 1.159029245376587, 0.0, 0.022697264328598976, 2.2900567054748535, 0.33500170707702637, 0.8713532090187073, 2.3413302898406982, 0.08781200647354126, 1.4535536766052246, 0.0232092272490263, 0.0927882194519043, 0.8130072951316833, 0.08578825742006302, 0.12756167352199554, 0.009417789056897163, 0.2746956944465637, 1.7501044273376465, 0.29008111357688904, 0.08456753939390182, 0.15722721815109253, 0.28746625781059265, 0.3649955689907074, 0.1025744378566742, 0.34081462025642395, 0.004780720919370651, 0.23741506040096283, 0.9933313727378845, 0.0023838160559535027, 0.4014699161052704, 0.2046646773815155, 0.21266162395477295, 2.9976377487182617, 0.12120618671178818, 0.1477980762720108, 0.09583669900894165, 0.08079574257135391, 0.16644132137298584, 0.15005961060523987, 0.3563486635684967, 0.8226984143257141, 0.02180810086429119, 1.3817182779312134, 0.3141676187515259, 0.6585047245025635, 0.5321739912033081, 1.0967509746551514, 0.6673378348350525, 0.0, 1.3704482316970825, 1.4428104162216187, 0.1541760414838791, 0.0, 0.07487119734287262, 0.934251070022583, 0.14183786511421204, 0.3670945167541504, 0.0675034299492836, 0.3381037712097168, 0.45482340455055237, 0.54013592004776, 0.08549459278583527, 0.7407817244529724, 0.0026203077286481857, 0.8269330263137817, 0.12376806885004044, 0.0, 0.3353436589241028, 1.7809808254241943, 0.08525063842535019, 0.04438848793506622, 3.958000421524048, 0.05218355357646942, 2.415065288543701, 0.10861316323280334, 0.46176016330718994, 0.03485593944787979, 0.3037954568862915, 0.0, 0.09034440666437149, 1.8689690828323364, 0.023902209475636482, 0.3696501553058624, 0.0, 0.12486685812473297, 0.15923631191253662, 0.0997776985168457, 0.4022243320941925, 2.941251516342163, 0.1007469892501831, 0.05266665294766426, 0.33807846903800964, 1.459989309310913, 0.4585035741329193, 1.5802010297775269, 0.042684487998485565, 0.10422372072935104, 1.1351277828216553, 0.1144692674279213, 0.04135020077228546, 0.3635771870613098, 0.0, 0.19498996436595917, 0.36137235164642334, 0.4133838415145874, 0.0779276192188263, 0.5643346309661865, 0.19670850038528442, 0.0, 0.5328737497329712, 0.20031043887138367, 0.5357078313827515, 0.0, 1.6372755765914917, 0.0, 1.1005985736846924, 0.2773244380950928, 0.5324608087539673, 0.04802108183503151, 0.16589853167533875, 0.04315010830760002, 0.7974503040313721, 0.025121770799160004, 1.4508861303329468, 0.2436782419681549, 0.29423001408576965, 0.14563114941120148, 0.1724000871181488, 0.05339206010103226, 0.12310657650232315, 0.0691785141825676, 0.17357230186462402, 0.13684305548667908, 1.3726530075073242, 0.0, 0.23459690809249878, 0.0008216755813919008, 0.15416304767131805, 0.1762493997812271, 0.00022043743229005486, 0.2062242329120636, 0.4296706020832062, 0.0, 2.078568458557129, 0.5849860906600952, 2.5894033908843994, 0.13650135695934296, 0.2033347338438034, 2.362990617752075, 0.1660289764404297, 0.0, 0.0, 0.06963547319173813, 0.17925356328487396, 0.17392507195472717, 0.004095461685210466, 1.0869368314743042, 0.8223139643669128, 0.06079301983118057, 0.009585754945874214, 0.19562767446041107, 1.0693066120147705, 0.1736237108707428, 0.03442290052771568, 0.1873071789741516, 0.011224888265132904, 0.30734530091285706, 0.6305402517318726, 2.1615495681762695, 0.0, 0.7694936990737915, 0.005432557314634323, 1.9227142333984375, 1.5763510465621948, 0.17691271007061005, 0.2126002162694931, 0.0, 0.2045031636953354, 1.525368332862854, 0.6961988210678101, 0.6153416633605957, 0.3521949350833893, 0.2340288758277893, 1.1684921979904175, 0.03621729463338852, 0.00871309358626604, 0.049954600632190704, 0.05350564420223236, 0.021089591085910797, 1.0876282453536987, 0.09498901665210724, 0.0005209153750911355, 0.0, 0.06717664003372192, 0.0014538278337568045, 0.0615936815738678, 0.7226700186729431, 0.0632186308503151, 0.16406938433647156, 0.015540417283773422, 0.10682086646556854, 0.07780217379331589, 0.02239573560655117, 0.03363123536109924, 0.0, 0.0, 0.05532446131110191, 0.00860847719013691, 0.45078784227371216, 1.899850606918335, 0.12370357662439346, 1.980466604232788, 1.364983081817627, 0.30700013041496277, 2.4438252449035645, 0.49320822954177856, 0.18967050313949585, 0.9904866218566895, 1.4529646635055542, 0.6863979697227478, 0.4795907437801361, 2.1139848232269287, 0.24196365475654602, 0.16762235760688782, 0.40193498134613037, 0.08169110864400864, 0.031900253146886826, 0.34558534622192383, 0.020814428105950356, 0.3137279152870178, 0.011205736547708511, 0.47499194741249084, 0.6848729252815247, 0.07533585280179977, 1.391097903251648, 0.08051672577857971, 2.1237165927886963, 0.2580239772796631, 0.4632011353969574, 0.29485437273979187, 0.03825564682483673, 0.19486890733242035, 0.003999272361397743, 0.010171894915401936, 0.049070268869400024, 0.3184695243835449, 0.09573155641555786, 0.014273930341005325, 0.09392442554235458, 0.250525563955307, 0.44125014543533325, 1.7139112949371338, 1.4953653812408447, 0.6912218928337097, 0.2341175228357315, 0.14717456698417664, 0.15913233160972595, 4.106258869171143, 1.428774356842041, 0.30850812792778015, 0.0, 0.0, 0.22562022507190704, 0.15268516540527344, 0.003434285754337907, 0.153140589594841, 0.7981488704681396, 0.05231645703315735, 2.403230667114258, 1.546646237373352, 0.009808043949306011, 0.1557387113571167, 0.968529224395752, 0.04043915867805481, 0.0, 0.3221342861652374, 1.5912461280822754, 0.1676294505596161, 0.9644520878791809, 0.0, 0.41835781931877136, 0.1580580621957779, 1.3954341411590576, 0.003693972248584032, 0.05362871661782265, 0.46444687247276306, 0.20165877044200897, 0.5583254098892212, 0.0015162593917921185, 0.24342983961105347, 0.05856742709875107, 0.46479135751724243, 1.0307230949401855, 0.016348902136087418, 0.10417830944061279, 0.024709921330213547, 0.21249127388000488, 0.7389976382255554, 0.11854490637779236, 0.8389897346496582, 0.5053477883338928, 0.3327220678329468, 0.13212835788726807, 0.26295170187950134, 0.18723322451114655, 0.26835909485816956, 0.0018225129460915923, 1.000921607017517, 2.8811094760894775, 0.0018457806436344981, 0.0, 0.0, 0.06974045187234879, 0.0, 1.2736258506774902, 0.0, 0.16024470329284668, 0.44488078355789185, 1.7419850826263428, 0.43213120102882385, 0.968894898891449, 0.30839601159095764, 2.7688703536987305, 0.10365237295627594, 1.429548740386963, 0.008762462064623833, 0.8309178948402405, 0.5494641065597534, 0.0015214754967018962, 0.02170916274189949, 0.38065922260284424, 0.00914458092302084, 0.14035744965076447, 1.8452666997909546, 1.0127605199813843, 0.14947502315044403, 0.19116637110710144, 1.2943775653839111, 0.5261274576187134, 1.9225627183914185, 0.16746515035629272, 0.06634411215782166, 0.046161092817783356, 0.0923798456788063, 0.29696276783943176, 0.5050550699234009, 0.2432052046060562, 0.5430082082748413, 0.16320815682411194, 0.7172536849975586, 0.3030950129032135, 0.8670926690101624, 0.0, 0.0, 0.9227543473243713, 0.39806386828422546, 0.09844478219747543, 0.8858380317687988, 0.0, 0.0, 0.4536781311035156, 0.2943178713321686, 1.1762499809265137, 1.0880895853042603, 0.41376206278800964, 0.6977851986885071, 0.40878283977508545, 0.0, 1.1311134099960327, 0.06943061202764511, 0.19169147312641144, 0.0, 1.143263816833496, 0.4156332314014435, 1.3470820188522339, 1.0159826278686523, 0.04699622839689255, 0.020212016999721527, 0.0, 0.6110560894012451, 0.6332497000694275, 1.7204804420471191, 0.12673093378543854, 0.0, 0.7977520823478699, 0.13716426491737366, 0.3366943597793579, 0.38852381706237793, 0.2185785472393036, 0.0817331001162529, 1.0322177410125732, 1.425675392150879, 0.01690019480884075, 1.260530948638916, 0.1631123423576355, 0.8301056027412415, 0.5777508616447449, 0.0, 0.9962770342826843, 0.013966361060738564, 0.07872698456048965, 0.7405190467834473, 0.2773061692714691, 1.8352593183517456, 1.455609679222107, 0.651637077331543, 1.1254527568817139, 0.18849241733551025, 0.00913296639919281, 0.0, 0.276378333568573, 1.756683349609375, 0.026748960837721825, 0.014989317394793034, 0.08990786224603653, 1.7144572734832764, 0.0, 0.41994017362594604, 1.768389344215393, 0.8981279730796814, 1.272779107093811, 0.19254960119724274, 0.5267767906188965, 0.43128880858421326, 0.8555877804756165, 0.302147775888443, 4.719363689422607, 0.09715451300144196, 3.4572997093200684, 1.7302753925323486, 0.020406197756528854, 0.1747807413339615, 0.08266916126012802, 0.0, 0.10284315794706345, 0.04571056365966797, 0.31425145268440247, 0.23454469442367554, 0.3755306601524353, 0.06087064743041992, 1.4531749486923218, 2.345196485519409, 0.0, 0.055629778653383255, 0.007941722869873047, 0.03797834366559982, 0.37401044368743896, 2.8968191146850586, 0.0, 0.015605396591126919, 0.0179575365036726, 0.0, 0.02055726759135723, 0.07412730157375336, 0.36852583289146423, 0.5443809032440186, 0.04428478330373764, 0.02651972882449627, 0.17909349501132965, 0.0, 0.4742799997329712, 2.91774320602417, 0.10960105806589127, 0.06356808543205261, 0.8798978328704834, 0.14327724277973175, 0.0, 0.8763495683670044, 0.48029229044914246, 0.0021995913702994585, 1.0531985759735107, 0.231778085231781, 0.6150985360145569, 0.4170801341533661, 0.9186919927597046, 0.02258533425629139, 0.05654818192124367, 0.0, 0.24774706363677979, 0.0633246973156929, 0.10416079312562943, 4.422421932220459, 0.9201202392578125, 0.8827534914016724, 0.0, 0.5668678879737854, 0.10785268992185593, 2.0765881538391113, 0.15289181470870972, 0.8619998097419739, 1.4205399751663208, 0.554507851600647, 0.03726394474506378, 0.8346436023712158, 1.043688416481018, 0.0, 0.44309428334236145, 0.05195865407586098, 1.5714497566223145, 0.25446367263793945, 1.0424420833587646, 0.0, 0.23836547136306763, 0.33691278100013733, 0.014902782626450062, 0.4082772433757782, 0.0, 0.01028501521795988, 0.0012602636124938726, 0.6683040261268616, 0.09650211036205292, 3.7163500785827637, 0.5991615056991577, 1.020218849182129, 0.030577722936868668, 0.0, 3.2714250087738037, 0.0, 0.03280401974916458, 2.093163013458252, 0.10955218970775604, 0.20959064364433289, 0.02935369871556759, 0.0, 0.5854658484458923, 1.715519666671753, 0.0, 0.24974270164966583, 0.8082183599472046, 0.0, 0.4831152856349945, 0.14401187002658844, 0.08060169965028763, 0.7663082480430603, 0.10657691210508347, 0.3521324098110199, 0.9484280943870544, 1.1022077798843384, 0.7586240768432617, 0.13697366416454315, 0.2382458597421646, 0.6276260018348694, 0.11606667935848236, 0.4344211518764496, 0.09903964400291443, 0.03460359200835228, 0.18758679926395416, 1.5105109214782715, 0.20618633925914764, 0.009756910614669323, 0.329749196767807, 0.014500661753118038, 0.15117260813713074, 0.4784609079360962, 0.0, 0.2822214365005493, 0.5822134017944336, 0.27306634187698364, 0.152998149394989, 0.5893042683601379, 0.211846724152565, 0.049236297607421875, 0.0, 0.05523506551980972, 0.21196450293064117, 0.8421599864959717, 0.07465098053216934, 0.3317790925502777, 1.1496015787124634, 0.1618819236755371, 0.06038597598671913, 0.1731315553188324, 0.057085756212472916, 0.30074572563171387, 0.09884538501501083, 2.327430248260498, 0.3587619960308075, 1.323256015777588, 0.663982093334198, 0.7116460800170898, 0.16299474239349365, 0.06995200365781784, 0.0034699367824941874, 0.3564103841781616, 0.34703803062438965, 0.009032431989908218, 0.16620399057865143, 0.005648284684866667, 0.18580923974514008, 0.0, 3.5189483165740967, 0.052883781492710114, 1.3554998636245728, 1.5490083694458008, 0.0, 0.241319477558136, 2.0395913124084473, 0.0, 0.46549296379089355, 0.046745654195547104, 0.5306388735771179, 0.02539340779185295, 0.0714406743645668, 0.3522772192955017, 0.0, 0.44168636202812195, 0.3829740285873413, 1.2300536632537842, 0.18897412717342377, 0.07944823056459427, 1.0697027444839478, 0.18914398550987244, 2.069020986557007, 1.1584830284118652, 0.6012967824935913, 0.6636523604393005, 1.228106141090393, 0.11082503199577332, 1.7908720970153809, 0.6727030873298645, 3.078615665435791, 0.0, 0.27268967032432556, 0.011913340538740158, 0.044677168130874634, 0.8760743141174316, 0.03964165225625038, 0.006151520647108555, 1.2596391439437866, 0.13981981575489044, 0.6659941673278809, 1.477159023284912, 0.23036237061023712, 0.18032392859458923, 0.005747105460613966, 1.0852802991867065, 0.20792585611343384, 0.0, 0.4346662163734436, 0.017905108630657196, 0.25553208589553833, 0.7734324336051941, 0.8767030835151672, 0.35158053040504456, 0.547290027141571, 0.12716366350650787, 2.0182244777679443, 1.0591195821762085, 0.4868668019771576, 0.14881299436092377, 0.08213666081428528, 0.17624545097351074, 0.1968240886926651, 0.011878538876771927, 1.6871758699417114, 0.0, 0.13061079382896423, 0.017807677388191223, 0.14678694307804108, 0.001072348328307271, 0.2075672596693039, 0.02551846392452717, 0.04959172010421753, 0.22651010751724243, 0.6037545800209045, 0.07615784555673599, 0.046627726405858994, 0.061006926000118256, 0.48403817415237427, 1.2346014976501465, 0.011059839278459549, 0.11475858837366104, 0.4403489828109741, 0.4713117778301239, 0.33837854862213135, 0.2116982787847519, 0.0, 0.5232322812080383, 0.10195156186819077, 0.10778407752513885, 0.11178084462881088, 0.2768799662590027, 0.7728024125099182, 1.905853271484375, 0.23046638071537018, 0.7686678171157837, 0.0020429310388863087, 0.17871125042438507, 0.2541360557079315, 0.2750333845615387, 0.015116100199520588, 0.18184705078601837, 0.6763691306114197, 1.5097969770431519, 0.7670040726661682, 1.413371205329895, 0.26285478472709656, 1.9645534753799438, 0.3738595247268677, 2.827071189880371, 3.127608060836792, 0.112465500831604, 0.1799781322479248, 0.18657417595386505, 0.0, 0.16470015048980713, 5.031702041625977, 0.008816276676952839, 0.016498176380991936, 0.11488895118236542, 0.03814465552568436, 0.4433743357658386, 0.0, 0.37235283851623535, 0.34029653668403625, 0.025249116122722626, 0.7980188727378845, 0.23219642043113708, 1.775148868560791, 0.2931702733039856, 0.03342004865407944, 1.3242267370224, 0.04544472321867943, 0.17245538532733917, 0.8376635313034058, 0.28582629561424255, 0.46382880210876465, 0.33183926343917847, 0.0026518958620727062, 0.0, 0.005318393465131521, 0.6762944459915161, 1.976511001586914, 1.1278996467590332, 0.0, 0.847563624382019, 0.0, 1.3853496313095093, 0.04827342554926872, 0.08526691794395447, 1.8398075103759766, 0.5972288846969604, 0.03272959589958191, 0.0, 0.09954500943422318, 0.057268496602773666, 0.6946352124214172, 0.5314688682556152, 0.10087285935878754, 0.019190257415175438, 0.026558788493275642, 0.12674859166145325, 0.0024314899928867817, 0.11941225826740265, 0.49965569376945496, 0.004174550995230675, 0.043966956436634064, 0.566705584526062, 0.19504360854625702, 0.0, 0.03352230787277222, 0.23687919974327087, 0.3177925646305084, 0.11420150846242905, 0.5612126588821411, 0.5416792035102844, 0.3099166750907898, 0.014190610498189926, 0.05940471962094307, 0.028456775471568108, 0.011137930676341057, 0.17475631833076477, 0.5228233337402344, 0.055314403027296066, 0.34345540404319763, 0.9102097153663635, 0.06771738827228546, 0.11289940774440765, 0.009533151984214783, 0.049862101674079895, 0.0, 0.4920080006122589, 0.07044953107833862, 0.17879244685173035, 0.5515505075454712, 0.024147184565663338, 0.0017918178346008062, 0.25343936681747437, 0.12434708327054977, 0.31223785877227783, 0.0, 1.9742612838745117, 0.14598073065280914, 0.19062526524066925, 0.7802320718765259, 0.023332366719841957, 0.055449314415454865, 0.08740557730197906, 0.0720725804567337, 0.3261836767196655, 0.1698664426803589, 0.8427858352661133, 1.6234978437423706, 0.04062345623970032, 0.048867061734199524, 0.23453885316848755, 0.02031099610030651, 0.8973740339279175, 0.3330915868282318, 0.3505818545818329, 0.20990519225597382, 1.1679407358169556, 0.21989691257476807, 0.3287214934825897, 0.004105383064597845, 0.2728620171546936, 0.08156570792198181, 0.1332121044397354, 0.07245633006095886, 0.320268452167511, 0.5662018060684204, 0.15036706626415253, 0.4822532832622528, 0.16633592545986176, 0.261049747467041, 0.12712281942367554, 0.02568497508764267, 0.0, 0.006218253169208765, 0.5564320683479309, 0.19296447932720184, 0.0007841757615096867, 0.7920762896537781, 0.019554760307073593, 0.05472784489393234, 2.9583041667938232, 0.2060101181268692, 0.054986417293548584, 0.5568655133247375, 0.09780620038509369, 0.0290448609739542, 0.03174299746751785, 0.0, 0.2722271978855133, 0.0, 0.5177233219146729, 0.14315052330493927, 0.41868630051612854, 0.9397666454315186, 0.7614057064056396, 0.07741021364927292, 0.0, 0.05885259062051773, 0.6741505265235901, 0.03838075324892998, 3.9486284255981445, 0.052758291363716125, 0.11702661961317062, 0.043396659195423126, 0.0, 0.011779391206800938, 1.0771161317825317, 0.008591647259891033, 1.0369981527328491, 0.0, 0.06944901496171951, 0.025180945172905922, 0.007977831177413464, 0.6453678607940674, 0.16462166607379913, 0.342298299074173, 0.0758097693324089, 0.4792875051498413, 0.0, 0.3126875162124634, 0.4508005678653717, 2.090562105178833, 1.629555583000183, 0.49974533915519714, 2.6198549270629883, 1.8644078969955444, 0.0635261982679367, 0.263060599565506, 0.04901937395334244, 1.4769287109375, 0.23821060359477997, 0.1917048841714859, 0.03460074961185455, 0.2794882357120514, 0.0, 0.1489517092704773, 0.5913744568824768, 0.14868122339248657, 0.06883016973733902, 0.18187838792800903, 1.1314613819122314, 0.08026911318302155, 1.0902620553970337, 0.3797624111175537, 0.34453192353248596, 0.8103209733963013, 0.4734669625759125, 0.3880594074726105, 0.4444875121116638, 0.3110414743423462, 0.0, 0.41106143593788147, 1.140400767326355, 0.5149813890457153, 0.06901678442955017, 0.0, 0.16461403667926788, 0.9793666005134583, 0.7556920051574707, 0.729870617389679, 1.7460576295852661, 0.08432082831859589, 0.02910679392516613, 0.8271474242210388, 0.07219026237726212, 0.23301498591899872, 3.2477853298187256, 0.6101219654083252, 0.05001457780599594, 0.12123065441846848, 0.30072325468063354, 0.17702288925647736, 0.0740056112408638, 1.5831185579299927, 0.0, 2.0694925785064697, 0.6791092157363892, 0.5381810665130615, 0.03927416354417801, 0.17919614911079407, 0.740184485912323, 0.0, 0.31148096919059753, 0.21759968996047974, 0.009127923287451267, 0.5337010025978088, 0.10880972445011139, 0.8308988213539124, 0.0, 0.2609410285949707, 2.8961567878723145, 0.210572749376297, 0.4266144633293152, 0.6982378959655762, 2.323018789291382, 0.41412344574928284, 0.07123161107301712, 0.14331035315990448, 1.1107053756713867, 0.03688366711139679, 0.0, 0.0, 5.437027454376221, 0.01750977151095867, 0.06625978648662567, 0.03536487743258476, 0.8749051690101624, 0.22935448586940765, 0.0, 0.4669281840324402, 0.08190715312957764, 2.521960735321045, 0.38313028216362, 0.1405353993177414, 0.5788275599479675, 0.1521734893321991, 0.0, 0.19488932192325592, 0.23637276887893677, 0.06253257393836975, 0.0, 0.0, 0.18162114918231964, 0.11004607379436493, 0.4557286500930786, 1.1075280904769897, 0.048984065651893616, 0.5695006847381592, 0.40318793058395386, 1.0638008117675781, 0.0639880895614624, 0.8852587938308716, 0.04502607509493828, 0.9404636025428772, 0.05250769108533859, 0.28370338678359985, 0.2413150817155838, 2.218728542327881, 0.22660808265209198, 0.026970425620675087, 0.6269729733467102, 0.057479701936244965, 0.4515201151371002, 0.6739274859428406, 1.3110624551773071, 0.10127461701631546, 0.14848582446575165, 0.05795113742351532, 0.0055246208794415, 0.020067837089300156, 0.07794080674648285, 0.10175850987434387, 0.01568623259663582, 0.14381100237369537, 2.7564024925231934, 0.0048978133127093315, 0.5170649290084839, 0.27377012372016907, 0.148870050907135, 0.0809270516037941, 1.667188048362732, 0.4672619104385376, 0.015045487321913242, 0.035012386739254, 0.18685519695281982, 2.3336830139160156, 0.10363449156284332, 0.0, 0.4592296779155731, 0.022805610671639442, 0.024674659594893456, 0.1364637166261673, 1.0548629760742188, 0.39859288930892944, 0.2701348066329956, 0.8685669302940369, 0.05628206208348274, 0.12670885026454926, 0.1522454172372818, 0.0, 0.8116485476493835, 0.10945327579975128, 0.04538964107632637, 0.5848638415336609, 0.0, 0.4787086546421051, 2.4166886806488037, 0.5549305081367493, 0.0, 0.6630724668502808, 0.38249918818473816, 0.44384509325027466, 0.0, 0.0, 0.00684765400364995, 0.10242604464292526, 0.34472328424453735, 0.06397848576307297, 0.03661874681711197, 1.0046292543411255, 0.015259071253240108, 0.0038169913459569216, 0.0, 0.8127808570861816, 0.0791061595082283, 1.164929747581482, 0.0, 0.2052018642425537, 0.0, 0.04766349494457245, 0.30719053745269775, 0.0, 0.0016168915899470448, 0.15377280116081238, 0.006598759442567825, 0.045946694910526276, 0.23744797706604004, 0.03604530170559883, 0.13404028117656708, 2.7608160972595215, 0.32560375332832336, 0.9760619401931763, 0.970517635345459, 1.8902136087417603, 0.050671420991420746, 0.10060128569602966, 0.2628929913043976, 0.09494006633758545, 0.019430682063102722, 0.20496971905231476, 0.0, 0.6308045387268066, 0.15077249705791473, 0.4347018897533417, 0.7787317633628845, 1.369284749031067, 0.05736822634935379, 1.4821163415908813, 0.4647161662578583, 0.08112841844558716, 0.4823687672615051, 2.2332828044891357, 0.13330096006393433, 0.0, 0.0037732271011918783, 0.12220178544521332, 0.0, 0.0007225031731650233, 1.0466792583465576, 0.0, 0.14502036571502686, 0.4591045677661896, 0.0, 0.18756067752838135, 0.335176557302475, 0.08207499980926514, 0.3151548206806183, 0.8912162184715271, 0.45133158564567566, 0.006044215057045221, 0.7172434329986572, 1.2405004501342773, 0.08250544220209122, 0.5796013474464417, 0.12200674414634705, 2.1634325981140137, 0.2973036766052246, 0.09559337794780731, 0.5621209144592285, 0.17818458378314972, 1.2946887016296387, 1.4473012685775757, 0.00017749532707966864, 0.2765694558620453, 0.05643022432923317, 0.0, 0.020066143944859505, 0.00010510853462619707, 0.1343173235654831, 0.03796153515577316, 0.5264061689376831, 0.19038817286491394, 0.05924079939723015, 0.016376394778490067, 0.31379595398902893, 0.13178035616874695, 1.5420187711715698, 3.0361807346343994, 0.10423823446035385, 0.0, 0.13720373809337616, 0.0, 0.0, 0.013714357279241085, 0.007229002192616463, 0.03229942172765732, 0.0, 1.4555130004882812, 0.0006341958651319146, 0.028247341513633728, 0.14340877532958984, 0.7915305495262146, 0.18438401818275452, 0.24225406348705292, 0.6274926662445068, 0.46597927808761597, 0.000628758454695344, 0.5210109353065491, 1.191542625427246, 0.016584359109401703, 0.2749205529689789, 0.013426600955426693, 0.15679872035980225, 0.4344620704650879, 1.492903709411621, 0.013055214658379555, 0.2538091242313385, 2.248412847518921, 0.3704853355884552, 0.686421275138855, 0.36373671889305115, 0.18041497468948364, 0.2518998384475708, 0.09608723968267441, 0.2214607298374176, 0.016210278496146202, 0.0031699014361947775, 0.1420668363571167, 0.5276728868484497, 0.44398316740989685, 0.06363086402416229, 0.4291231632232666, 0.713721752166748, 0.2939882278442383, 0.0, 0.991936445236206, 0.32352882623672485, 0.0, 0.0, 0.42149609327316284, 0.18365880846977234, 0.8710246086120605, 0.0, 3.1480538845062256, 0.0, 1.4471089839935303, 0.4097881019115448, 0.3652506172657013, 0.03645817190408707, 1.2059179544448853, 0.19525349140167236, 0.08876871317625046, 0.4449857473373413, 0.017517466098070145, 0.024498268961906433, 0.7903724312782288, 0.3982531428337097, 1.0705357789993286, 0.013321885839104652, 0.0, 0.0, 0.11493494361639023, 0.04617031291127205, 0.27438101172447205, 0.14153558015823364, 0.12610578536987305, 2.907712459564209, 0.2983507215976715, 0.8075641989707947, 1.3854867219924927, 0.13374841213226318, 0.17803695797920227, 0.2701895236968994, 0.040431130677461624, 0.060451939702034, 0.8335745930671692, 0.08497078716754913, 0.0, 0.5407025218009949, 0.5283914804458618, 1.4069201946258545, 2.0574121475219727, 0.16719084978103638, 0.36445337533950806, 0.7713243961334229, 0.4135277271270752, 0.18843644857406616, 0.1334802210330963, 0.6069380044937134, 0.613304615020752, 0.0, 0.0, 2.2709567546844482, 0.009480379521846771, 0.6083434224128723, 0.040246158838272095, 0.7916144728660583, 2.4787919521331787, 0.29883500933647156, 0.10862836986780167, 0.12473415583372116, 0.024602362886071205, 0.5175870656967163, 0.3582776188850403, 0.03944389149546623, 1.1527001857757568, 0.3626716136932373, 0.014186272397637367, 2.185102701187134, 0.6014711856842041, 0.18467915058135986, 0.24968844652175903, 0.0, 0.23022206127643585, 0.0, 0.0, 0.0683932825922966, 0.0, 0.3482387065887451, 0.3345285654067993, 0.09385491162538528, 0.12052300572395325, 0.10566425323486328, 0.6570464968681335, 0.0, 0.013390840031206608, 0.5246624946594238, 0.2903527319431305, 1.4023443460464478, 0.5306622385978699, 0.1114058569073677, 0.14021843671798706, 0.42186346650123596, 0.07469727098941803, 1.5344839096069336, 0.0, 0.0, 0.005071298219263554, 0.2964303493499756, 0.028766607865691185, 0.44942864775657654, 0.1256210058927536, 0.946619987487793, 0.10052280873060226, 0.23515763878822327, 0.5000274181365967, 0.17041681706905365, 0.0, 0.0, 0.16708461940288544, 0.48448070883750916, 0.0, 0.13101431727409363, 0.3803131580352783, 0.0662393644452095, 2.086313486099243, 0.0016414291458204389, 0.004437629133462906, 0.03210211172699928, 0.6288102269172668, 0.3743929862976074, 0.08269685506820679, 1.413859486579895, 0.06236889958381653, 0.0050147357396781445, 0.0, 0.0, 0.11134614050388336, 0.6526003479957581, 0.0, 0.3414822518825531, 0.6106888651847839, 0.0, 1.957450270652771, 0.17721405625343323, 0.07686488330364227, 0.03392087295651436, 0.2297791838645935, 0.2604590654373169, 0.008827331475913525, 0.15721118450164795, 0.0, 1.4936071634292603, 0.3063271641731262, 1.4155198335647583, 0.16672927141189575, 1.530268907546997, 1.1193516254425049, 0.44768744707107544, 1.8539304733276367, 0.024969860911369324, 0.030165409669280052, 0.7522395253181458, 0.3852344751358032, 1.14699125289917, 1.2144352197647095, 1.7347135543823242, 0.0035273104440420866, 0.0, 1.1565464735031128, 0.15484429895877838, 0.0, 0.0, 0.010153614915907383, 0.38922184705734253, 0.0, 0.48446375131607056, 0.1041463315486908, 0.0, 0.10127468407154083, 0.2941146492958069, 0.0, 0.012085957452654839, 0.08269461989402771, 1.0109678506851196, 0.06568701565265656, 0.0046646180562675, 0.12186852097511292, 0.9618331789970398, 0.8201396465301514, 0.17037762701511383, 0.4130389094352722, 0.3708456754684448, 0.02045505866408348, 2.351271867752075, 0.027946291491389275, 0.6038117408752441, 0.8412375450134277, 1.918760061264038, 0.3825867772102356, 0.05553506314754486, 0.0, 0.24765631556510925, 0.5636495351791382, 0.011064223013818264, 1.1660354137420654, 0.004417302552610636, 0.028327032923698425, 0.12463801354169846, 0.0458393469452858, 3.2356560230255127, 0.9661754965782166, 0.33653396368026733, 0.0011679761810228229, 0.0, 1.5264344215393066, 0.7047287225723267, 0.2018873691558838, 0.006427083630114794, 0.5064735412597656, 0.07056967169046402, 0.4665672779083252, 0.9673195481300354, 0.0, 0.024738742038607597, 0.09343680739402771, 0.017364079132676125, 0.32722780108451843, 0.0, 0.13568010926246643, 0.41750025749206543, 0.24977290630340576, 0.2883114516735077, 0.40633097290992737, 0.015771111473441124, 0.020673051476478577, 0.23018266260623932, 0.422992080450058, 1.802625060081482, 0.1276295781135559, 0.28454872965812683, 0.04524035379290581, 0.22457349300384521, 0.017505811527371407, 0.007002314552664757, 0.5269415974617004, 1.2815728187561035, 0.11071562021970749, 0.0, 8.820901870727539, 0.008205374702811241, 0.26251107454299927, 0.19558581709861755, 1.3143199682235718, 0.1209268793463707, 0.0761660784482956, 1.600447654724121, 0.0, 0.174923375248909, 0.3224463164806366, 1.6550689935684204, 1.5310454368591309, 0.0, 0.22829066216945648, 0.15349633991718292, 0.011539368890225887, 0.2625183165073395, 0.0, 0.2894875407218933, 0.034925710409879684, 0.8380107283592224, 0.0, 0.05004684254527092, 0.19876106083393097, 0.014856136403977871, 0.0, 0.49884647130966187, 0.7122915387153625, 0.014121702872216702, 0.03228004276752472, 0.16242267191410065, 0.029351944103837013, 0.03138710930943489, 4.046347618103027, 0.03314351662993431, 0.27204060554504395, 0.1717405468225479, 0.6140901446342468, 0.4186810851097107, 0.25345203280448914, 0.7809255123138428, 0.7491956949234009, 1.0698034763336182, 0.5454748868942261, 0.18548882007598877, 0.003409565659239888, 0.0, 0.027643762528896332, 0.21884003281593323, 2.4331650733947754, 0.2110217809677124, 3.4797756671905518, 0.4309987723827362, 0.13659259676933289, 0.16241183876991272, 0.6582968831062317, 0.012535289861261845, 1.3070526123046875, 0.21656949818134308, 0.9485712051391602, 1.6889764070510864, 0.5918503403663635, 0.35455143451690674, 0.00732669560238719, 0.04035313054919243, 0.07664735615253448, 0.5054105520248413, 0.0038420814089477062, 0.1525178700685501, 0.06055572256445885, 0.08837489783763885, 0.840050995349884, 0.27734535932540894, 0.7823328971862793, 0.7627566456794739, 0.30215898156166077, 0.1287464052438736, 0.744414746761322, 0.2821583151817322, 0.08596305549144745, 0.32560208439826965, 0.06207888573408127, 0.0297541543841362, 0.02005169354379177, 0.027790414169430733, 0.034735772758722305, 0.024165786802768707, 0.16866792738437653, 0.997632622718811, 0.1439269483089447, 0.2732158601284027, 0.2676946818828583, 0.0, 2.2328407764434814, 1.124551773071289, 0.07512180507183075, 0.722625732421875, 0.03022793121635914, 0.0, 0.3096385598182678, 0.3002736568450928, 0.03199846297502518, 0.5668652057647705, 1.7121847867965698, 0.48238605260849, 0.023275408893823624, 1.8006442785263062, 2.9328174591064453, 1.1898908615112305, 0.0958542749285698, 0.02625868283212185, 0.0, 0.04356706514954567, 0.12789089977741241, 0.0014467774890363216, 0.4116678833961487, 1.877712607383728, 0.031138762831687927, 0.8637576103210449, 0.16526514291763306, 0.6500945687294006, 1.0826406478881836, 0.01642739586532116, 0.5095793008804321, 1.9688960313796997, 0.02522943913936615, 0.6854795217514038, 0.6804803609848022, 0.9610333442687988, 0.4988539516925812, 0.09627208858728409, 0.0, 0.0005409985315054655, 0.5877079367637634, 0.0, 0.20797838270664215, 0.08187535405158997, 0.014588428661227226, 0.0, 0.26297587156295776, 0.2328309416770935, 1.0603735446929932, 0.10290694981813431, 0.9040827751159668, 0.23996424674987793, 3.2618842124938965, 0.2921278476715088, 0.0, 2.3300724029541016, 0.9146766662597656, 2.4597198963165283, 0.3373308777809143, 0.021832037717103958, 0.28951945900917053, 0.04748808592557907, 0.826629102230072, 0.04643798992037773, 0.7631358504295349, 2.243757724761963, 0.20961295068264008, 0.11521924287080765, 1.7943333387374878, 0.5497652292251587, 0.08534988015890121, 2.6664161682128906, 0.12576329708099365, 0.1202862411737442, 0.017279688268899918, 1.9359817504882812, 0.40090200304985046, 0.4302932918071747, 0.6428865194320679, 0.30484768748283386, 1.5765116214752197, 0.5345770120620728, 2.3703629970550537, 0.9803250432014465, 0.5549962520599365, 0.2065635472536087, 0.06329220533370972, 0.40424686670303345, 0.002904322696849704, 0.05626574903726578, 5.387200355529785, 0.722645103931427, 0.0, 0.17111454904079437, 0.15409734845161438, 0.7093005776405334, 0.0911535695195198, 0.13088887929916382, 2.6819024085998535, 0.3208591341972351, 0.17489293217658997, 0.18395139276981354, 0.6906846761703491, 0.19925189018249512, 0.4578542411327362, 1.3676377534866333, 0.0, 0.11700179427862167, 0.0, 0.10693221539258957, 0.9502850770950317, 1.1662012338638306, 0.07813305407762527, 0.11859738081693649, 0.016875486820936203, 0.02421295829117298, 0.004312802106142044, 0.380321741104126, 0.016102157533168793, 0.4686870276927948, 0.023803291842341423, 1.1006683111190796, 0.0019210455939173698, 0.0, 0.6383824348449707, 0.2076687514781952, 0.10762903839349747, 1.7473576068878174, 0.0, 0.0, 3.1146674156188965, 0.3506622612476349]",Testing/glioma_tumor/image(70).jpg
"[0.3692609369754791, 2.926179885864258, 0.1659560650587082, 0.2691330015659332, 0.4605461061000824, 0.24731099605560303, 3.9089131355285645, 0.7195177674293518, 0.030773364007472992, 0.0, 0.47355738282203674, 0.0010962486267089844, 0.021108705550432205, 2.352396011352539, 0.031289808452129364, 0.003999544773250818, 0.5145686268806458, 0.76726233959198, 0.5772862434387207, 0.02992384321987629, 0.10799818485975266, 0.536719560623169, 1.0351823568344116, 0.0, 1.3782175779342651, 0.3639472723007202, 2.167963981628418, 0.6690483689308167, 0.05998530238866806, 0.0, 0.21306705474853516, 0.5087091326713562, 0.02434779703617096, 1.0740141868591309, 0.5262304544448853, 0.643770158290863, 0.8594571948051453, 0.8269343376159668, 0.013741965405642986, 0.7279677391052246, 1.3469268083572388, 0.26074865460395813, 0.37821218371391296, 0.08912139385938644, 0.06834310293197632, 0.0983344092965126, 0.025569280609488487, 0.33148032426834106, 0.19760233163833618, 0.0, 1.6059062480926514, 1.2135071754455566, 1.6106892824172974, 0.18534773588180542, 1.036820650100708, 0.23233479261398315, 0.06461004167795181, 0.869062066078186, 1.0741890668869019, 0.16795162856578827, 0.44329071044921875, 0.5818172097206116, 0.02460458315908909, 0.4056546092033386, 1.8663487434387207, 0.026469096541404724, 0.7227689623832703, 0.09896907210350037, 0.032294321805238724, 0.05325781926512718, 0.4804575443267822, 0.006161957513540983, 0.011631197296082973, 1.6669111251831055, 0.364658385515213, 0.04163040965795517, 0.32400795817375183, 0.4527646005153656, 0.0, 1.4858280420303345, 0.3772119879722595, 0.2806391716003418, 2.9433300495147705, 0.28669074177742004, 1.4492167234420776, 0.10391661524772644, 1.7357956171035767, 0.5899378061294556, 0.23456166684627533, 1.0925360918045044, 1.7993602752685547, 0.3939392566680908, 0.9849618673324585, 1.2456876039505005, 1.2829316854476929, 0.2563958764076233, 0.04413415864109993, 0.8294259905815125, 0.18348734080791473, 0.14765262603759766, 0.8371737003326416, 0.5445911288261414, 0.11950044333934784, 0.7012054920196533, 1.8619322776794434, 0.014840678311884403, 0.10953035205602646, 0.15839043259620667, 0.0, 0.8206458687782288, 0.006724196951836348, 1.0879815816879272, 0.0, 0.1608451008796692, 0.28029507398605347, 0.014941507019102573, 0.01763145998120308, 0.5761059522628784, 0.011268394067883492, 0.4819258451461792, 0.07515574246644974, 0.09215036779642105, 0.02606615237891674, 0.335141658782959, 0.5311704874038696, 0.1139533594250679, 0.09743457287549973, 0.387069970369339, 1.1863653659820557, 0.004995477385818958, 0.030434666201472282, 0.6118882894515991, 0.17880211770534515, 0.0, 1.2720805406570435, 0.08364560455083847, 0.06945046782493591, 0.36013802886009216, 0.006459355354309082, 0.32253044843673706, 0.3000263571739197, 1.701758861541748, 0.0, 0.6445608735084534, 0.31593573093414307, 0.4099786579608917, 0.6403146386146545, 1.8502477407455444, 0.4538401663303375, 1.3080905675888062, 1.5876801013946533, 0.8032158613204956, 0.7066184878349304, 0.002955957315862179, 0.0, 1.7340266704559326, 0.0, 0.2277713119983673, 4.633459091186523, 0.06244264170527458, 0.1480960249900818, 0.9031692147254944, 0.012598185800015926, 0.8727702498435974, 0.33137840032577515, 0.0, 3.292898178100586, 0.4472353160381317, 0.27788007259368896, 10.949250221252441, 0.5763083696365356, 0.1790713518857956, 0.5763378143310547, 0.2614354193210602, 2.431323766708374, 1.3682184219360352, 0.18422190845012665, 0.9123449325561523, 0.028829067945480347, 1.4106074571609497, 0.46281272172927856, 0.0, 0.6003230214118958, 0.03104783408343792, 0.0733855813741684, 1.9709171056747437, 0.012493500486016273, 1.1128015518188477, 0.425367146730423, 1.125683307647705, 0.08533109724521637, 0.3388713598251343, 0.2958917021751404, 0.0026643958408385515, 2.5472171306610107, 0.3671068847179413, 0.23164018988609314, 0.16610205173492432, 0.24887242913246155, 0.13500607013702393, 2.9232349395751953, 0.3491363823413849, 0.14966152608394623, 0.05686900019645691, 1.7853647470474243, 0.4153014123439789, 1.596388339996338, 0.13587164878845215, 0.39166194200515747, 0.14938969910144806, 0.6003867983818054, 1.1023868322372437, 0.14102289080619812, 0.12597528100013733, 0.05407094955444336, 0.8462583422660828, 0.7796173095703125, 0.10325270146131516, 0.35867711901664734, 0.03695632889866829, 0.4895540475845337, 0.022222111001610756, 1.272652268409729, 0.1784135103225708, 0.4144311547279358, 3.6604697704315186, 0.39315247535705566, 0.00485491007566452, 2.5187878608703613, 0.534032940864563, 0.43283742666244507, 0.3046198785305023, 0.882862389087677, 0.6848312020301819, 0.46644896268844604, 0.9923654794692993, 0.027027493342757225, 1.439579725265503, 1.5722030401229858, 0.5048993229866028, 0.637751042842865, 0.7265959978103638, 0.7513048052787781, 0.4498666524887085, 0.10956522822380066, 0.4942796230316162, 2.5399935245513916, 0.4406684637069702, 0.0917518213391304, 0.2971140742301941, 1.3761190176010132, 0.00014203421596903354, 0.25067636370658875, 0.5856595039367676, 0.5048614740371704, 0.22611762583255768, 0.4908444583415985, 0.46970483660697937, 0.032378003001213074, 0.09322904050350189, 0.052548132836818695, 0.08833055198192596, 1.1609013080596924, 0.15372079610824585, 0.0, 0.4502364993095398, 0.24644233286380768, 0.03651909902691841, 0.03517187386751175, 0.10576353967189789, 0.16140374541282654, 0.006413416005671024, 0.8795886039733887, 0.5613186955451965, 3.4803249835968018, 0.8423433899879456, 1.0665017366409302, 0.7996487021446228, 0.612185537815094, 0.4410829246044159, 0.2789372503757477, 0.13490135967731476, 3.3570563793182373, 1.1372385025024414, 0.3009738624095917, 3.8232879638671875, 1.2871772050857544, 0.2412891834974289, 0.07528863847255707, 0.4330615699291229, 0.14073657989501953, 0.37796783447265625, 0.8094817996025085, 0.0, 0.20861096680164337, 5.119800090789795, 0.21234488487243652, 0.2780938148498535, 0.0, 1.2523919343948364, 0.4434130787849426, 0.07558390498161316, 3.0202853679656982, 0.7690159678459167, 0.6865316033363342, 0.06387290358543396, 0.12107859551906586, 0.40059396624565125, 0.7638441324234009, 0.38528120517730713, 0.759513795375824, 0.31834906339645386, 0.0, 0.2999849021434784, 0.27670249342918396, 1.9310308694839478, 0.9105861186981201, 0.7988629937171936, 0.0, 0.054876167327165604, 0.06895425170660019, 0.7207019329071045, 0.0, 0.2696044445037842, 0.17937792837619781, 0.19566762447357178, 0.32906636595726013, 1.2921621799468994, 10.152551651000977, 0.12140082567930222, 0.4848008453845978, 0.3057054281234741, 0.14618757367134094, 1.516310453414917, 0.006531401537358761, 0.08166243135929108, 1.2642560005187988, 0.5956557989120483, 0.04310772195458412, 0.3619978427886963, 0.5400683283805847, 0.11331698298454285, 1.5189499855041504, 0.022118136286735535, 0.0, 0.38780608773231506, 0.3192996680736542, 0.7467321157455444, 0.026820089668035507, 1.0518503189086914, 0.03206593915820122, 0.999394416809082, 0.6447329521179199, 0.03736960515379906, 1.1076650619506836, 0.003596734022721648, 0.049111250787973404, 0.018238475546240807, 0.12143214792013168, 0.19619762897491455, 0.4756624698638916, 1.6074488162994385, 0.0012620370835065842, 0.22391656041145325, 0.8487648367881775, 0.3393322825431824, 0.07344084978103638, 0.00645236112177372, 5.733475685119629, 0.8168413043022156, 0.09825937449932098, 0.12393511831760406, 2.2127604484558105, 2.4660677909851074, 0.03697126731276512, 0.2769962549209595, 2.610018253326416, 4.041344165802002, 0.0, 0.09982989728450775, 0.7242477536201477, 0.031273748725652695, 0.0, 0.4768529534339905, 0.057438693940639496, 0.11439206451177597, 1.3174464702606201, 0.45847439765930176, 0.0142251281067729, 0.1731833964586258, 0.0, 0.05998536944389343, 0.32765036821365356, 0.4661557674407959, 0.13112401962280273, 0.9399082660675049, 0.019944416359066963, 0.7433592081069946, 0.765318751335144, 0.5350109934806824, 1.0431299209594727, 0.0, 0.7255806922912598, 0.31486549973487854, 0.23837444186210632, 0.4928736388683319, 0.5538598895072937, 0.06658410280942917, 0.5611956715583801, 0.18648184835910797, 0.22605830430984497, 0.159131720662117, 0.9427707195281982, 0.20312456786632538, 0.040119610726833344, 3.216728448867798, 0.017125925049185753, 0.16327469050884247, 0.34369122982025146, 0.9489246010780334, 0.5480077862739563, 0.4459986686706543, 0.9326121211051941, 0.5169286727905273, 1.3954458236694336, 0.03636316955089569, 0.055619705468416214, 1.4440373182296753, 0.08608398586511612, 0.9995218515396118, 1.1658484935760498, 0.19343335926532745, 1.1996151208877563, 0.5157290697097778, 1.0567504167556763, 0.4335562586784363, 0.005045970901846886, 2.584038257598877, 0.5786747336387634, 0.018126167356967926, 0.3756546080112457, 0.04392160847783089, 1.1048508882522583, 0.13397082686424255, 0.27153095602989197, 0.3837132453918457, 0.0034694867208600044, 0.43792322278022766, 0.5089398622512817, 0.6483299136161804, 0.4827289879322052, 0.1935446858406067, 1.5849478244781494, 0.0, 0.018754221498966217, 0.07207773625850677, 0.31039389967918396, 0.0, 0.23424693942070007, 1.165103554725647, 0.47457656264305115, 0.4988652765750885, 0.5169258713722229, 0.12038630247116089, 0.14631175994873047, 0.6326121091842651, 0.010814452543854713, 0.0029229046776890755, 1.5278733968734741, 0.2523921728134155, 0.15689991414546967, 0.1434551626443863, 0.4173976480960846, 0.2775951027870178, 0.40370118618011475, 0.2818746566772461, 3.1260459423065186, 0.00018410049960948527, 0.0, 0.5464032292366028, 3.0070314407348633, 0.2076667845249176, 0.7471720576286316, 0.19051475822925568, 0.02287418581545353, 0.2872460186481476, 0.661735475063324, 0.14912568032741547, 0.42847132682800293, 0.01025445107370615, 0.5744419693946838, 1.8639252185821533, 0.005351662635803223, 0.12620575726032257, 1.739128589630127, 0.36486396193504333, 0.023274879902601242, 1.0044569969177246, 3.163499593734741, 0.043729692697525024, 0.19891086220741272, 0.6869910359382629, 0.945771336555481, 2.213345527648926, 0.07880664616823196, 0.610917329788208, 0.46339163184165955, 0.3011378049850464, 0.407248318195343, 0.006243129260838032, 0.0, 1.1383233070373535, 0.022152962163090706, 0.4306325316429138, 0.1519065946340561, 0.652118980884552, 0.665004312992096, 0.17804858088493347, 0.511079728603363, 0.20141252875328064, 0.13143056631088257, 0.27568820118904114, 0.17457705736160278, 0.18966424465179443, 0.15157707035541534, 1.0259164571762085, 0.13955356180667877, 0.055212751030921936, 0.9537934064865112, 0.19754795730113983, 0.5669975876808167, 0.09489711374044418, 1.8228189945220947, 1.6704257726669312, 0.5767282247543335, 1.2300456762313843, 2.162464141845703, 0.24720823764801025, 0.42175087332725525, 0.02234286442399025, 0.033943258225917816, 0.20246244966983795, 0.6727240681648254, 0.17693601548671722, 0.7574439644813538, 0.34415295720100403, 0.04371562600135803, 0.008838570676743984, 1.5246042013168335, 0.0, 0.12680834531784058, 0.046251438558101654, 0.18525731563568115, 0.2235957533121109, 0.07701634615659714, 3.961594820022583, 0.16933125257492065, 0.36811137199401855, 0.013468287885189056, 0.0, 1.2372219562530518, 0.48781755566596985, 0.4511381983757019, 0.6207091808319092, 0.0, 0.37893372774124146, 1.2623759508132935, 0.14700116217136383, 0.5792139768600464, 0.9753058552742004, 0.24269115924835205, 0.3547942042350769, 0.0033472436480224133, 0.6109239459037781, 0.8290937542915344, 0.7211082577705383, 0.542719304561615, 0.9584310054779053, 0.4450884461402893, 0.12408696115016937, 2.723139524459839, 0.0, 0.29227280616760254, 0.11986064910888672, 1.2110304832458496, 0.07914885133504868, 0.28302550315856934, 0.01785658299922943, 0.09201737493276596, 0.05839996784925461, 0.3680557310581207, 0.38817137479782104, 0.12248251587152481, 0.055280014872550964, 0.02144336700439453, 0.032178014516830444, 0.25955891609191895, 0.08892341703176498, 0.0, 0.8212912678718567, 1.5028712749481201, 0.09262431412935257, 1.9741716384887695, 0.33949607610702515, 0.008063118904829025, 0.43118053674697876, 0.6615638136863708, 0.16651670634746552, 1.6059978008270264, 2.9865355491638184, 3.3135392665863037, 0.5049630999565125, 0.6689786314964294, 0.11399035900831223, 0.0, 0.07760981470346451, 0.0170974712818861, 0.020978525280952454, 0.06675603240728378, 0.324385404586792, 0.026567509397864342, 0.3685165047645569, 1.2024190425872803, 0.3908931314945221, 0.6438814997673035, 0.2169474959373474, 0.27617695927619934, 0.0, 0.04564288258552551, 0.0, 0.019520364701747894, 0.5601405501365662, 0.16002221405506134, 0.36243772506713867, 0.6801320314407349, 0.004566095303744078, 0.10482219606637955, 0.11891629546880722, 0.21809698641300201, 0.0948287844657898, 0.30606284737586975, 0.2825525403022766, 0.27716970443725586, 0.36038267612457275, 0.0, 1.7864785194396973, 2.093137264251709, 1.531226634979248, 0.0, 0.010429207235574722, 0.0, 1.9994456768035889, 0.0, 0.0, 1.1413335800170898, 0.21907323598861694, 0.546674907207489, 0.8557072877883911, 0.19080954790115356, 0.0, 0.35028567910194397, 0.35274747014045715, 0.47708702087402344, 0.6026591658592224, 0.7767568230628967, 0.45462480187416077, 0.3988834321498871, 1.6283284425735474, 0.3440280854701996, 2.608323812484741, 1.5277665853500366, 0.015565368346869946, 0.6810277700424194, 0.82062828540802, 2.4385123252868652, 0.785888671875, 0.017318710684776306, 0.7046251893043518, 1.7463608980178833, 2.003056764602661, 1.3352621793746948, 0.1176566332578659, 0.352626770734787, 0.05278216674923897, 4.284909725189209, 1.0385990142822266, 0.0, 0.4592818021774292, 0.019221510738134384, 0.8545809984207153, 0.8966540694236755, 0.0, 0.045439463108778, 0.261108934879303, 0.028653249144554138, 0.1932433545589447, 0.7789384722709656, 0.09805182367563248, 0.005210832692682743, 1.0976576805114746, 0.06248587369918823, 0.28749945759773254, 1.943669319152832, 0.30692562460899353, 0.1995161771774292, 0.9958539009094238, 1.9048877954483032, 0.06466732919216156, 1.0368170738220215, 0.0029231845401227474, 2.153580665588379, 0.0, 0.2985849678516388, 0.0, 0.47161924839019775, 1.33925461769104, 0.5566349625587463, 0.027280468493700027, 0.19265370070934296, 0.026737602427601814, 0.9130684733390808, 2.460247039794922, 0.0, 0.16462993621826172, 0.26499250531196594, 2.720113754272461, 2.209702491760254, 1.0076991319656372, 0.2535264492034912, 0.8643442392349243, 0.24987055361270905, 0.17475490272045135, 0.0834367498755455, 0.23808957636356354, 0.43064096570014954, 0.11470142006874084, 0.23254412412643433, 0.2997336983680725, 0.45887207984924316, 1.9928666353225708, 0.34630173444747925, 0.443143755197525, 0.21161401271820068, 0.3529067039489746, 0.13960270583629608, 4.364299297332764, 0.0, 0.003629840211942792, 1.0719023942947388, 0.5385338664054871, 1.1092112064361572, 0.5211666226387024, 0.23798032104969025, 0.5147957801818848, 0.5126996040344238, 0.09733083099126816, 0.6739163994789124, 2.7486233711242676, 0.3568425178527832, 0.0, 0.05445690453052521, 0.8483952283859253, 0.020905274897813797, 2.280325412750244, 0.0, 0.0, 0.03784327954053879, 0.003705924842506647, 1.4358785152435303, 1.887002944946289, 0.06953808665275574, 0.039421260356903076, 0.13070474565029144, 0.5384713411331177, 0.21762049198150635, 0.41849589347839355, 2.0094735622406006, 0.7536013126373291, 0.1777125895023346, 1.1187926530838013, 0.6352430582046509, 2.1709134578704834, 1.0677804946899414, 0.005547761917114258, 1.101567029953003, 0.25517770648002625, 0.38887402415275574, 0.25466635823249817, 0.022826803848147392, 0.541959822177887, 0.3005731999874115, 0.05582160875201225, 0.4120209217071533, 0.03512170538306236, 1.1973974704742432, 0.10547330230474472, 0.0056487494148314, 0.2894745469093323, 0.7851207256317139, 0.01482030563056469, 0.4339366555213928, 0.04715379327535629, 0.19055742025375366, 1.2486144304275513, 0.0, 2.7220804691314697, 2.246689558029175, 0.7736467719078064, 0.1604524701833725, 0.40220463275909424, 0.08589725941419601, 0.6823237538337708, 0.8702096939086914, 0.011230439879000187, 0.8488818407058716, 0.016845012083649635, 6.125130653381348, 1.0747079849243164, 0.02308446541428566, 0.00043119702604599297, 0.3929436206817627, 0.24855707585811615, 0.8048585653305054, 0.05899594724178314, 0.0, 0.981986939907074, 0.8547943234443665, 0.19517181813716888, 0.7234677672386169, 0.9961118102073669, 0.4352321922779083, 2.5658621788024902, 0.22495923936367035, 0.6722874045372009, 0.6359921097755432, 0.5111127495765686, 0.0, 0.07244616001844406, 0.029590100049972534, 0.869858980178833, 0.2933785617351532, 0.0, 0.7607638239860535, 0.4188883602619171, 0.21989786624908447, 0.019868453964591026, 0.5187325477600098, 0.0, 0.28959983587265015, 0.1180378869175911, 0.03254730999469757, 0.48483291268348694, 1.6280356645584106, 0.101805180311203, 1.1861910820007324, 0.41104841232299805, 0.11762069165706635, 0.05457150191068649, 0.6402644515037537, 4.238805770874023, 0.17567424476146698, 1.7361624240875244, 0.25135865807533264, 0.0, 0.8199243545532227, 0.0, 2.188359260559082, 0.4437445402145386, 0.056211091578006744, 3.362863302230835, 2.3267924785614014, 0.09605171531438828, 0.0199001282453537, 0.20284423232078552, 0.7401962280273438, 0.7137016654014587, 0.40277978777885437, 0.5799519419670105, 1.2139168977737427, 0.0965120866894722, 0.028419913724064827, 0.39591050148010254, 0.2800053656101227, 0.0008876518113538623, 0.6010539531707764, 0.11806290596723557, 1.7979376316070557, 0.08551588654518127, 0.2298799306154251, 0.07087013870477676, 0.10095153748989105, 0.06740769743919373, 0.1973520815372467, 0.12664692103862762, 0.0015467331977561116, 0.07887731492519379, 0.465392142534256, 0.37099748849868774, 0.012602272443473339, 1.6696748733520508, 0.47331443428993225, 0.36070606112480164, 0.04141198471188545, 0.7138898372650146, 2.8484976291656494, 0.033735256642103195, 0.34066370129585266, 1.8078616857528687, 0.6321691274642944, 0.7293981313705444, 0.6298646926879883, 0.6596740484237671, 0.3967127501964569, 1.767500877380371, 0.0, 0.7857389450073242, 1.4096671342849731, 0.13817493617534637, 0.3940025568008423, 0.13301882147789001, 0.27008476853370667, 1.3819717168807983, 1.2417415380477905, 0.0, 0.8107838034629822, 0.41670066118240356, 1.262448787689209, 2.7075135707855225, 1.5645549297332764, 0.06651338934898376, 1.2072997093200684, 1.1120191812515259, 2.6794586181640625, 0.002437761751934886, 0.28858694434165955, 0.7025507092475891, 0.15315264463424683, 0.02531021647155285, 0.40831422805786133, 0.13180288672447205, 0.6123126149177551, 0.3646402657032013, 0.03899659588932991, 0.04658990353345871, 0.6320368647575378, 0.2862745523452759, 0.0, 0.004813763778656721, 0.008851236663758755, 0.6262672543525696, 0.0, 0.06379617005586624, 1.1150360107421875, 0.8104329109191895, 0.35319605469703674, 0.030204853042960167, 2.9426281452178955, 0.9151384234428406, 0.21188248693943024, 0.6959750056266785, 0.0, 0.017125608399510384, 0.012791668064892292, 1.3731921911239624, 0.47172269225120544, 0.7443309426307678, 0.028626592829823494, 0.0796981155872345, 0.3981168270111084, 0.48199906945228577, 0.08518372476100922, 0.0, 0.0, 0.19198234379291534, 0.031085141003131866, 0.6412227153778076, 0.5342492461204529, 0.06594254821538925, 1.2029277086257935, 0.2513200044631958, 1.1749039888381958, 1.2707630395889282, 0.04686760902404785, 0.018955104053020477, 0.4442734122276306, 0.20051835477352142, 0.14260591566562653, 0.4040195047855377, 1.0038807392120361, 0.3244616687297821, 0.08155779540538788, 0.0, 0.4275699257850647, 0.07302168756723404, 0.24263980984687805, 1.045015573501587, 0.6354814767837524, 0.0, 0.15044575929641724, 0.1619729846715927, 0.6629204154014587, 2.872720718383789, 0.354827344417572, 0.3070961534976959, 0.3837489187717438, 0.9226515889167786, 1.6005631685256958, 0.28026604652404785, 3.655153751373291, 0.17111462354660034, 0.02388484589755535, 0.0, 0.6060683727264404, 0.630211591720581, 0.07681744545698166, 0.5312900543212891, 2.106560468673706, 0.16356037557125092, 0.4309682250022888, 0.4739721715450287, 1.6927626132965088, 0.022390643134713173, 0.12380082905292511, 0.017247946932911873, 0.01469817478209734, 0.28044137358665466, 0.1975635290145874, 0.3460986018180847, 0.01897233910858631, 1.757167935371399, 0.16523773968219757, 0.6306845545768738, 0.14981350302696228, 0.3542303442955017, 0.22273550927639008, 0.0, 1.154929518699646, 0.08604834228754044, 0.13834798336029053, 0.042892277240753174, 0.0977669283747673, 0.4108694791793823, 0.9708763957023621, 0.030766934156417847, 0.0074296873062849045, 0.3778742849826813, 0.6268965005874634, 0.4573118984699249, 0.13508561253547668, 0.7137634754180908, 0.15306434035301208, 0.1954732984304428, 0.004968684632331133, 0.23173083364963531, 0.046127140522003174, 0.03069196827709675, 0.06639599055051804, 1.5215961933135986, 0.22268636524677277, 0.2285144329071045, 0.5046007037162781, 0.04945257306098938, 0.16358548402786255, 0.03950357809662819, 0.10571285337209702, 0.0, 1.4690420627593994, 0.3072966933250427, 0.5247607827186584, 0.5390001535415649, 0.02924039214849472, 3.1956286430358887, 0.722058117389679, 0.16465839743614197, 0.5331183671951294, 0.7898567318916321, 0.1752614974975586, 0.8463096022605896, 0.01126290112733841, 0.4337683618068695, 0.2152785062789917, 1.3524571657180786, 0.08349767327308655, 0.815588116645813, 0.34606361389160156, 0.6450679898262024, 0.17563025653362274, 0.30048635601997375, 2.3454842567443848, 0.0, 0.0, 0.16816362738609314, 0.1363884061574936, 0.08415022492408752, 2.1435179710388184, 0.9431213140487671, 0.298149973154068, 0.00974164716899395, 0.00022872370027471334, 0.6501368880271912, 0.0, 0.42069292068481445, 0.30658769607543945, 0.10894273221492767, 0.6750699877738953, 0.003953373990952969, 0.3177533447742462, 0.19233880937099457, 0.19940251111984253, 0.11047427356243134, 0.0, 0.6153663992881775, 0.17688891291618347, 0.29738226532936096, 0.28373950719833374, 1.01887047290802, 0.9618881940841675, 0.02305191569030285, 0.21499228477478027, 0.5711058974266052, 1.5016754865646362, 1.732624888420105, 0.6541987657546997, 0.6535398364067078, 0.1286718249320984, 0.5590205192565918, 0.45338428020477295, 0.14284665882587433, 0.10512667149305344, 0.5040572285652161, 0.14659111201763153, 0.08541691303253174, 0.03234555944800377, 0.9799280166625977, 0.2828775942325592, 0.0, 0.2587928771972656, 0.066778764128685, 0.024094656109809875, 0.04751484841108322, 0.15608961880207062, 0.010153877548873425, 0.9245104789733887, 0.0, 0.5388506650924683, 0.007292664609849453, 0.8532010912895203, 0.07114144414663315, 0.3470861613750458, 0.008188997395336628, 0.036155566573143005, 0.12802164256572723, 0.07783286273479462, 0.10047747194766998, 1.1557252407073975, 0.28190574049949646, 0.050387054681777954, 4.5566511154174805, 0.2778426706790924, 0.16018429398536682, 0.15943802893161774, 0.21455255150794983, 0.18012593686580658, 0.2770605981349945, 0.027281027287244797, 1.163532018661499, 0.8512095808982849, 0.009887203574180603, 0.4119844138622284, 0.17410385608673096, 0.35915032029151917, 0.11367271095514297, 0.8739639520645142, 0.04166474565863609, 0.25948864221572876, 0.4439258873462677, 0.11340108513832092, 0.11635071784257889, 0.06399218738079071, 2.2066845893859863, 0.17116351425647736, 0.0, 0.12630949914455414, 0.2538061738014221, 0.005580057855695486, 0.20924748480319977, 0.0, 0.5398692488670349, 0.10230034589767456, 1.1787909269332886, 0.05320702865719795, 0.43733978271484375, 1.6760997772216797, 0.008543510921299458, 0.14036796987056732, 0.8566632270812988, 0.05065228417515755, 0.5569776892662048, 0.18327978253364563, 0.16178959608078003, 1.009757161140442, 1.2621821165084839, 0.13326391577720642, 0.143247589468956, 0.4826994836330414, 0.0, 0.0, 0.2563728392124176, 2.545090675354004, 0.697704017162323, 1.413790225982666, 0.0, 0.6265265941619873, 1.9220963716506958, 0.39383962750434875, 1.201931357383728, 0.12088874727487564, 0.911073625087738, 0.15800465643405914, 0.21126091480255127, 0.4368928372859955, 0.9945968389511108, 0.01598755456507206, 1.9371562004089355, 0.960004985332489, 0.9659607410430908, 0.820630669593811, 0.0498354434967041, 0.7189756035804749, 0.32231974601745605, 0.010466821491718292, 0.1003129705786705, 0.0, 1.8332065343856812, 0.0018664768431335688, 0.04656863212585449, 0.0, 0.24289703369140625, 0.5858924388885498, 0.386361300945282, 0.5824744701385498, 2.3322887420654297, 0.13799230754375458, 1.826027274131775, 1.8297600746154785, 0.5801100730895996, 0.3879774510860443, 0.0, 0.18033993244171143, 0.011026001535356045, 0.49723875522613525, 0.46766138076782227, 0.5401215553283691, 0.2686846852302551, 0.20679758489131927, 0.018807517364621162, 2.180957794189453, 0.05814403295516968, 0.08646980673074722, 0.25135043263435364, 1.1009184122085571, 0.029714910313487053, 0.6763778924942017, 0.2690197229385376, 0.5819539427757263, 0.20431244373321533, 0.6927596926689148, 0.10127785801887512, 0.39818620681762695, 0.8761812448501587, 1.0851291418075562, 0.3391798436641693, 0.07307460159063339, 0.7013527750968933, 1.4353562593460083, 0.038085464388132095, 0.8272553086280823, 0.0976007804274559, 0.05639225244522095, 2.0230019092559814, 0.027194835245609283, 0.1674792617559433, 0.43943917751312256, 0.1893223375082016, 0.23807644844055176, 0.941737949848175, 0.04089227318763733, 0.6651493906974792, 1.492627501487732, 2.4272243976593018, 0.050673872232437134, 0.8938928842544556, 0.6003533005714417, 0.905097484588623, 0.29966551065444946, 2.573220729827881, 0.8846198916435242, 3.474453926086426, 0.0, 0.07767143845558167, 0.4225194752216339, 0.03384236991405487, 0.2912291884422302, 0.814672589302063, 0.6763692498207092, 0.04404877498745918, 0.8677647113800049, 0.2858935296535492, 0.6122720837593079, 1.5726816654205322, 0.5077174305915833, 0.04114750400185585, 0.0, 2.0634067058563232, 0.08711294084787369, 0.0, 1.569035530090332, 0.03054231032729149, 0.30921196937561035, 1.2879656553268433, 0.26566025614738464, 0.26060590147972107, 0.05649649351835251, 0.9793721437454224, 0.31591591238975525, 0.003586209611967206, 0.06262058019638062, 0.0, 2.251082181930542, 0.7103101015090942, 0.19514420628547668, 0.11247248202562332, 1.9686280488967896, 0.10272105783224106, 0.038885146379470825, 0.0032734263222664595, 0.25000160932540894, 0.19918423891067505, 0.41937726736068726, 0.6947318911552429, 0.22414596378803253, 0.3167150914669037, 0.021708328276872635, 0.0973571166396141, 0.08735588937997818, 2.634272336959839, 0.11884234845638275, 0.07149244844913483, 0.15710212290287018, 0.7899647951126099, 1.0214565992355347, 1.008073091506958, 0.4129788279533386, 0.4891255795955658, 5.356837749481201, 0.28700220584869385, 0.1576559841632843, 0.3776315152645111, 0.8662282228469849, 0.0, 0.9640696048736572, 0.656160295009613, 0.0, 0.10274408012628555, 0.16927482187747955, 0.4393126964569092, 0.0870015025138855, 0.28875410556793213, 0.7354986071586609, 0.041105952113866806, 0.0, 0.0, 0.5058419704437256, 0.0, 1.6494710445404053, 1.3838344812393188, 0.8478841781616211, 0.0164825227111578, 0.2608056366443634, 0.11004242300987244, 0.9763885140419006, 0.3059237003326416, 0.19064031541347504, 0.5660808086395264, 0.7402610778808594, 0.4707448482513428, 0.6120111346244812, 0.600850522518158, 0.06660919636487961, 0.14282366633415222, 0.49695152044296265, 0.0, 0.009849577210843563, 0.15928514301776886, 0.023803070187568665, 0.4772091209888458, 0.034621965140104294, 0.14768476784229279, 0.009459028020501137, 0.4997275471687317, 0.30297207832336426, 0.5698657035827637, 0.8418810367584229, 0.9983788132667542, 0.4965418577194214, 0.006823432631790638, 0.2717164158821106, 0.46237409114837646, 0.26347586512565613, 0.23653118312358856, 1.395145058631897, 0.4681752920150757, 0.15614593029022217, 0.10373030602931976, 0.03470923379063606, 0.02657308056950569, 0.0062975105829536915, 2.988772392272949, 0.0, 0.3655279576778412, 0.0, 1.6548854112625122, 0.08559080958366394, 0.7729832530021667, 0.1033358946442604, 0.09398075193166733, 0.06313435733318329, 0.010943952947854996, 0.6384976506233215, 4.1584978103637695, 1.472701072692871, 0.690045952796936, 0.08591312915086746, 0.007658418267965317, 0.698083221912384, 0.04713060334324837, 0.009545949287712574, 0.34978726506233215, 0.18939223885536194, 0.14544714987277985, 0.07860935479402542, 1.023396372795105, 0.20005837082862854, 0.04681282490491867, 0.12713520228862762, 0.44985222816467285, 0.24506217241287231, 0.012100224383175373, 0.9475618600845337, 0.02758820168673992, 0.42196187376976013, 0.6273242831230164, 0.12379201501607895, 0.04057938605546951, 0.014972475357353687, 0.1308312565088272, 0.006387812551110983, 0.042234860360622406, 0.35426798462867737, 2.0863864421844482, 0.6629931926727295, 0.7362577319145203, 1.347688913345337, 0.004669070243835449, 5.607752799987793, 3.856459617614746, 0.5095690488815308, 0.7802602052688599, 0.6663191914558411, 0.03020835481584072, 0.08207381516695023, 0.38965490460395813, 1.4489175081253052, 1.2061057090759277, 2.978318452835083, 0.014500764198601246, 0.991218090057373, 0.4482640326023102, 2.245368480682373, 0.06802108883857727, 1.3232111930847168, 0.08616497367620468, 0.0, 0.7005638480186462, 0.2690631151199341, 0.0726470947265625, 0.0, 0.3370955288410187, 0.0, 0.8106920123100281, 0.4818246066570282, 1.3683098554611206, 0.47800204157829285, 0.1931842863559723, 1.4162367582321167, 0.4373631477355957, 2.449262857437134, 0.026450706645846367, 0.06350088864564896, 0.8136990666389465, 0.6295283436775208, 0.001681196503341198, 0.11304561793804169, 2.9629151821136475, 2.694859504699707, 0.5998149514198303, 0.9419359564781189, 0.03468802198767662, 0.30543699860572815, 0.0039534373208880424, 0.5335530638694763, 2.3204505443573, 0.19106782972812653, 1.3267686367034912, 0.20809943974018097, 0.6786461472511292, 0.07141795754432678, 0.6554518938064575, 0.21809121966362, 0.03951819986104965, 0.17917969822883606, 0.03683635964989662, 0.1935833841562271, 0.07842524349689484, 0.7428949475288391, 0.0, 0.8895919322967529, 0.22133444249629974, 0.0, 0.6566230058670044, 0.9466174244880676, 0.0, 0.0, 0.041274283081293106, 0.24245226383209229, 0.0, 0.021704737097024918, 0.014888754114508629, 1.2062078714370728, 0.0011300408514216542, 1.7479593753814697, 0.0009447530610486865, 0.4955037832260132, 0.41882652044296265, 0.31417039036750793, 0.0, 0.38608092069625854, 0.4846542775630951, 0.425701379776001, 0.176211416721344, 0.1607755422592163, 0.7941408157348633, 0.8204905986785889, 0.5702329874038696, 0.07498271763324738, 0.9245876669883728, 2.37123441696167, 1.7936545610427856, 0.6947476267814636, 1.845550537109375, 0.45972147583961487, 0.14904746413230896, 0.3153998851776123, 0.5199273824691772, 1.8427668809890747, 0.3747369945049286, 0.009411247447133064, 0.34119072556495667, 1.699816346168518, 0.004785849247127771, 0.05836194008588791, 0.8956558108329773, 1.0525158643722534, 0.5973489880561829, 0.08091241866350174, 0.1715596318244934, 0.006301947869360447, 0.3951524496078491, 1.5087653398513794, 0.08115250617265701, 0.0, 0.007816285826265812, 1.5452011823654175, 1.2942944765090942, 0.14531689882278442, 0.0355331152677536, 0.8781517744064331, 0.0, 0.07348542660474777, 0.19963698089122772, 0.08481267094612122, 0.0023706688079982996, 1.9078574180603027, 0.5604737401008606, 0.2201681286096573, 1.0544426441192627, 0.09357563406229019, 0.0, 1.5375313758850098, 0.027679823338985443, 0.06341448426246643, 0.16961517930030823, 0.2416335940361023, 0.9515020251274109, 0.020391181111335754, 0.16920503973960876, 1.4650095701217651, 0.22729161381721497, 0.8216995000839233, 2.2169322967529297, 0.0026367635000497103, 0.22425414621829987, 2.1725263595581055, 0.10406184941530228, 0.6519472002983093, 0.10585050284862518, 0.0, 0.0442088283598423, 0.6163428425788879, 0.49533867835998535, 0.6482587456703186, 0.3896384835243225, 0.4375828206539154, 0.049547698348760605, 0.35867613554000854, 1.582688331604004, 0.010650571435689926, 1.7954667806625366, 0.18620578944683075, 0.04992464557290077, 0.8464987874031067, 1.0022379159927368, 0.04503842815756798, 0.12817883491516113, 0.0, 4.50084114074707, 0.0, 0.6846333742141724, 0.006051375064998865, 1.0787172317504883, 0.01675845868885517, 0.39308303594589233, 1.3867188692092896, 0.01227820385247469, 0.08028606325387955, 0.24407416582107544, 0.2975307106971741, 0.22728359699249268, 0.18569734692573547, 1.6777359247207642, 0.0028430442325770855, 2.2494137287139893, 1.8469491004943848, 0.8271633982658386, 0.02169198729097843, 0.0, 0.0, 0.4640236794948578, 0.37897080183029175, 0.05812519043684006, 0.030366888269782066, 0.010207224637269974, 0.7112298011779785, 0.3384568393230438, 0.7654268741607666, 0.24674195051193237, 0.38211914896965027, 0.056924689561128616, 0.02683514542877674, 2.352505922317505, 0.0, 1.7701075077056885, 0.05241577327251434, 0.2787921726703644, 0.06477867066860199, 0.16194477677345276, 0.04309966787695885, 1.155455470085144, 0.3710734248161316, 0.1057845950126648, 0.4824860692024231, 0.1308467537164688, 0.030195394530892372, 0.6608026623725891, 0.06740030646324158, 0.8112530708312988, 0.022791998460888863, 0.0, 1.2114249467849731, 0.019529318436980247, 0.0, 0.07042932510375977, 1.7440868616104126, 0.0, 0.05707418546080589, 0.01596711575984955, 0.847876787185669, 0.039708126336336136, 0.5710535645484924, 0.0, 0.06065266579389572, 0.07690145820379257, 0.3635379374027252, 0.15363965928554535, 0.2355487197637558, 2.104473114013672, 0.24812887609004974, 0.491776704788208, 0.20746877789497375, 0.024613624438643456, 0.0, 0.0, 0.06324639916419983, 0.0, 0.9019877314567566, 0.0, 0.24550391733646393, 0.8228203058242798, 0.11217642575502396, 0.263643741607666, 1.0753883123397827, 0.014123386703431606, 0.03112231381237507, 0.012814701534807682, 0.0048696119338274, 0.5165998339653015, 0.8921754956245422, 1.7210140228271484, 0.8458678722381592, 0.4112265110015869, 0.7351071834564209, 0.46424803137779236, 1.1226098537445068, 0.3105936646461487, 0.05721132457256317, 1.3462797403335571, 0.9107681512832642, 0.21593622863292694, 1.166723608970642, 1.4557839632034302, 0.5179764628410339, 0.0, 1.7247669696807861, 0.8935168385505676, 0.16494415700435638, 0.1976689249277115, 0.03481103107333183, 0.3978656828403473, 0.0, 0.08884511888027191, 0.33078423142433167, 0.0, 0.16956277191638947, 1.355811595916748, 1.019459843635559, 1.1686776876449585, 0.45752283930778503, 0.9419172406196594, 0.008421449922025204, 0.24672122299671173, 0.06503576040267944, 0.6877599358558655, 0.036414049565792084, 0.6650365591049194, 1.881378173828125, 0.06437031924724579, 0.07460860908031464, 3.5809130668640137, 0.05607997998595238, 0.5424818396568298, 0.13162846863269806, 0.40652260184288025, 0.0563732348382473, 0.20416894555091858, 0.3923332393169403, 1.0758111476898193, 1.138559341430664, 0.12550240755081177, 0.42812293767929077, 0.052298653870821, 0.01889566332101822, 0.025824429467320442, 0.0, 4.036899566650391, 1.2103379964828491, 0.4777224361896515, 0.0, 0.19076327979564667, 2.0213375091552734, 0.1349228173494339, 1.8290798664093018, 0.23137721419334412, 0.13450516760349274, 0.2781051993370056, 0.1411992907524109, 3.9390623569488525, 0.5946800112724304, 0.2057305872440338, 0.35236719250679016, 0.38082438707351685, 2.426351308822632, 0.18658363819122314, 0.16816996037960052, 1.262070655822754, 0.0, 0.211949422955513, 0.9379224181175232, 0.0, 0.1246514543890953, 0.7385521531105042, 0.09600713104009628, 3.450916290283203, 0.6679402589797974, 0.01847950741648674, 0.09534861147403717, 0.24085809290409088, 1.3487542867660522, 0.0, 0.3597858250141144, 1.0496159791946411, 0.8270745277404785, 2.6946990489959717, 3.5690758228302, 0.44561314582824707, 1.0476598739624023, 0.5381991267204285, 0.331051766872406, 0.03796502575278282, 1.3975036144256592, 0.6718538999557495, 0.0, 0.07591930776834488, 0.09590895473957062, 0.5114061236381531, 0.39532914757728577, 0.13851085305213928, 0.0027719177305698395, 0.3874191641807556, 0.2829781472682953, 0.0, 0.006567023228853941, 0.1402987390756607, 0.18609879910945892, 0.9172196388244629, 0.15319478511810303, 0.0310704093426466, 0.040348559617996216, 0.07935857027769089, 0.0, 1.5876061916351318, 0.27469030022621155, 0.3321473300457001, 0.006225238088518381, 0.13913679122924805, 0.0, 0.004131723195314407, 1.6964902877807617, 0.0, 0.21784794330596924, 0.03177829831838608, 0.08377780020236969, 0.3960464596748352, 0.2705225944519043, 0.4184640347957611, 1.435981273651123, 0.3764704167842865, 0.013243463821709156, 0.26166123151779175, 0.24126845598220825, 0.010718817822635174, 0.005149257369339466, 0.3730376064777374, 3.015763282775879, 0.02567177452147007, 2.2541089057922363, 0.2352745682001114, 0.19970811903476715, 0.020023932680487633, 0.3375750184059143, 0.9544776678085327, 0.0932495966553688, 0.07370855659246445, 0.3479423224925995, 0.42425966262817383, 2.6975462436676025, 0.7981376051902771, 0.0, 0.011728578247129917, 0.06006711721420288, 0.12255334109067917, 0.0, 0.08794340491294861, 1.0802861452102661, 0.2589541971683502, 0.4797774851322174, 0.4214610755443573, 3.2070932388305664, 0.4528099298477173, 0.039639003574848175, 1.019440770149231, 2.4247334003448486, 0.45303142070770264, 0.743133544921875, 2.0598886013031006, 0.34333038330078125, 0.08698158711194992, 0.2944444417953491, 0.164514422416687, 0.1005977913737297, 0.11420808732509613, 0.0, 0.28611627221107483, 0.0, 0.2679985761642456, 0.8809207081794739, 0.1428510844707489, 1.0925490856170654, 0.4749734401702881, 0.0, 0.06634743511676788, 1.6763432025909424, 0.035954538732767105, 0.0, 0.12174563854932785, 0.032046861946582794, 0.6208224892616272, 0.40924951434135437, 2.9211297035217285, 0.1030777096748352, 0.15104912221431732, 1.8572933673858643, 1.856919527053833, 0.06486925482749939, 0.25626808404922485, 0.26435837149620056, 0.1326500028371811, 0.3498742878437042, 0.0, 0.350382000207901, 1.4637528657913208, 0.0, 0.003479947801679373, 0.8876474499702454, 0.41444674134254456, 1.9735848903656006, 0.502264678478241, 0.24186892807483673, 0.2126217931509018, 0.13836637139320374, 0.16123878955841064, 0.5351200103759766, 1.3435428142547607, 1.1242849826812744, 0.05900924652814865, 0.15709999203681946, 0.2220030426979065, 0.10464052110910416, 0.4187183380126953, 0.2563694417476654, 2.2890820503234863, 0.3532048463821411, 0.09289007633924484, 0.1026097908616066, 1.4479384422302246, 0.2983626127243042, 0.2427755892276764, 0.815812885761261, 0.09999856352806091, 0.6944559216499329, 0.48144641518592834, 0.023059124127030373, 0.5111445188522339, 0.728270411491394, 0.17686131596565247, 0.13560830056667328, 2.063302755355835, 0.11388438194990158, 0.12319812178611755, 3.544807195663452, 0.2590978145599365, 0.16306188702583313, 0.5301330089569092, 0.6736356616020203, 0.44592881202697754, 2.1442439556121826, 0.3181242048740387, 0.0, 0.5108692646026611, 0.17093206942081451, 0.3938826024532318, 0.08592275530099869, 0.5491631031036377, 0.0807800218462944, 0.18173980712890625, 0.8707196712493896, 0.03443555906414986, 0.28980496525764465, 1.707462191581726, 0.3431711494922638, 0.4698321223258972, 1.3397988080978394, 0.11913865804672241, 0.0, 0.12986989319324493, 1.708204984664917, 0.34119686484336853, 2.9613125324249268, 0.0724811777472496, 0.04580383002758026, 0.09824162721633911, 0.6320902109146118, 1.2124322652816772, 0.5156205892562866, 0.9587876200675964, 1.0580470561981201, 0.7496556639671326, 0.2502222955226898, 0.08199985325336456, 0.26816847920417786, 0.3640821874141693, 0.37348103523254395, 0.6329841017723083, 0.029157279059290886, 1.869644045829773, 0.0009270517039112747, 1.0210566520690918, 0.24443937838077545, 0.4343229830265045, 0.7848396301269531, 0.5049336552619934, 0.05877383053302765, 0.3737057149410248, 0.06470725685358047, 0.4272727072238922, 0.011616803705692291, 0.0, 0.051211852580308914, 0.18987418711185455, 0.44151291251182556, 0.9803532361984253, 0.12680509686470032, 0.8756500482559204, 0.21472899615764618, 1.258567452430725, 0.0, 0.0, 1.7092196941375732, 0.08894509822130203]",Testing/glioma_tumor/image(17).jpg
"[0.1491112858057022, 1.9160947799682617, 0.0, 0.4777156710624695, 1.5633947849273682, 0.2031095027923584, 2.624906301498413, 0.00366971199400723, 0.043055739253759384, 0.0, 0.0, 0.25959691405296326, 0.0, 0.5644057393074036, 0.1407078504562378, 0.008343477733433247, 0.030705077573657036, 0.15719345211982727, 0.4725702702999115, 0.0, 0.40144526958465576, 1.4393696784973145, 0.02557883970439434, 0.212466299533844, 0.26152876019477844, 0.23439808189868927, 1.637032389640808, 0.05268057435750961, 0.27042925357818604, 0.0392497256398201, 0.01537063904106617, 0.0321221761405468, 0.04576048627495766, 0.5276659727096558, 0.1907692700624466, 1.096846580505371, 0.22260428965091705, 0.3169780969619751, 0.013779496774077415, 0.32686930894851685, 1.4369664192199707, 0.17346727848052979, 0.08009710907936096, 0.10486966371536255, 0.0, 0.0, 0.0, 0.2012806087732315, 0.0, 0.015045134350657463, 0.38406985998153687, 0.21387054026126862, 0.9593055844306946, 0.3179352283477783, 0.6123855710029602, 3.5507118701934814, 1.6395491361618042, 0.3809361755847931, 0.48133397102355957, 0.013204251416027546, 0.5673776865005493, 0.7693952322006226, 0.239175483584404, 0.27215179800987244, 0.0, 0.0, 1.2987358570098877, 0.06938763707876205, 0.4496086537837982, 0.0, 0.21957670152187347, 0.012670580297708511, 0.5059094429016113, 3.796584367752075, 0.024765238165855408, 0.03807716816663742, 1.9912738800048828, 0.4613877236843109, 0.0, 0.9897933602333069, 0.0, 0.7716766595840454, 1.1856389045715332, 0.10749468207359314, 0.8369815349578857, 0.08114227652549744, 2.014338970184326, 0.1912403553724289, 0.02017861418426037, 0.18399354815483093, 0.3944006562232971, 0.4772714078426361, 0.7085741758346558, 0.28888896107673645, 0.0, 0.0, 0.3471871614456177, 0.13031665980815887, 0.025187930092215538, 0.12532538175582886, 0.4606614410877228, 0.06442072242498398, 0.11510813981294632, 0.2562941908836365, 1.2091655731201172, 0.03824189305305481, 0.46978381276130676, 0.2018723338842392, 0.08813566714525223, 1.4025368690490723, 0.0, 0.5643628835678101, 0.012612605467438698, 0.34714949131011963, 0.5662851333618164, 0.4065135717391968, 0.0641835629940033, 0.10782165825366974, 1.0803565979003906, 0.002451719017699361, 0.0, 0.3816598057746887, 0.014116092585027218, 0.1692161113023758, 0.16033083200454712, 0.39098966121673584, 0.040521543473005295, 0.8023489117622375, 3.421383857727051, 0.0018437346443533897, 0.04435155913233757, 1.883928894996643, 0.19375911355018616, 0.42807552218437195, 0.01356200035661459, 0.26589950919151306, 0.6975331902503967, 0.585602879524231, 0.046259500086307526, 0.1465802937746048, 0.11505124717950821, 0.12565013766288757, 0.4596262574195862, 0.15053044259548187, 0.057971954345703125, 0.26667603850364685, 0.19845110177993774, 1.3046064376831055, 0.3077368140220642, 0.06874177604913712, 1.1810141801834106, 1.4019112586975098, 0.42179402709007263, 0.2924685478210449, 0.42981672286987305, 1.5232182741165161, 0.0, 0.4889674186706543, 1.633636474609375, 0.0, 1.000288724899292, 1.134611964225769, 0.0, 0.5909786820411682, 0.0009997962042689323, 0.1740809977054596, 0.5556132793426514, 0.0, 0.22563865780830383, 8.308064460754395, 0.13014961779117584, 0.0, 1.9472472558845766e-05, 0.32708945870399475, 1.0986205339431763, 0.3121904730796814, 0.7311708331108093, 0.47823119163513184, 0.26107892394065857, 0.2271227091550827, 0.0, 0.027532260864973068, 0.0231415294110775, 0.03990989923477173, 0.12758441269397736, 0.019512245431542397, 0.06009502708911896, 1.184871792793274, 0.11811184138059616, 0.0, 0.14659537374973297, 0.21884910762310028, 0.03644511103630066, 0.0, 0.02863929234445095, 0.31072720885276794, 0.11323975771665573, 0.27439001202583313, 0.06438201665878296, 0.3679153025150299, 0.16162806749343872, 0.4723062813282013, 0.1059437096118927, 0.130229651927948, 0.23353031277656555, 0.08344969153404236, 0.25989702343940735, 0.0, 0.11873719841241837, 0.9825979471206665, 0.03223197162151337, 0.8621336221694946, 0.0, 0.6313773393630981, 0.058025870472192764, 0.07759378850460052, 1.449545979499817, 0.14311335980892181, 0.19406825304031372, 0.0, 1.1717963218688965, 0.0, 1.491021752357483, 0.06447350978851318, 0.0, 0.05195831134915352, 0.1668710708618164, 0.2604442834854126, 1.5141346454620361, 0.03478502109646797, 0.4996653199195862, 0.31065741181373596, 0.6017018556594849, 0.20804277062416077, 0.21891248226165771, 2.0828511714935303, 0.017608409747481346, 0.10519366711378098, 0.22609616816043854, 0.2163485735654831, 0.1965639293193817, 0.3063751757144928, 0.35300707817077637, 0.165060356259346, 0.025050872936844826, 0.08110860735177994, 0.23653824627399445, 1.0158501863479614, 0.09071921557188034, 0.09824346005916595, 1.2496140003204346, 0.11455479264259338, 0.6519086956977844, 0.9464952349662781, 1.892127513885498, 0.15804877877235413, 0.05904855206608772, 1.052893042564392, 0.1050390899181366, 0.4950835108757019, 0.0, 0.2510148286819458, 0.2359430193901062, 0.026862991973757744, 0.0, 0.47226667404174805, 0.10495500266551971, 0.37329035997390747, 0.0, 0.2341841161251068, 0.3401852548122406, 0.08188547194004059, 1.1334939002990723, 0.049900781363248825, 2.0344834327697754, 0.23957349359989166, 0.23967361450195312, 0.16644002497196198, 0.2742345333099365, 0.0, 0.7565582990646362, 0.966552734375, 2.090045213699341, 0.039075784385204315, 0.86971515417099, 0.19693319499492645, 1.2348893880844116, 0.2226649671792984, 0.0, 0.07529041916131973, 0.18478621542453766, 0.5476757884025574, 0.0, 0.5686597228050232, 0.44088056683540344, 1.158607840538025, 0.0, 0.024221152067184448, 0.6472941637039185, 0.0, 0.1874537169933319, 0.0, 2.4069018363952637, 0.03341541066765785, 0.0662481039762497, 0.14726155996322632, 0.41477644443511963, 0.41042187809944153, 0.7186176776885986, 0.1602039486169815, 0.37681132555007935, 0.600073516368866, 0.3793153464794159, 0.5450912117958069, 0.013876454904675484, 0.5318338871002197, 0.6320675611495972, 0.20084960758686066, 0.0, 0.0, 0.23485973477363586, 0.813866913318634, 3.0242695808410645, 0.01477612741291523, 0.37894028425216675, 0.11703774333000183, 0.35044437646865845, 0.12953822314739227, 4.18691873550415, 0.7118731141090393, 0.24349988996982574, 0.0, 0.23857814073562622, 0.0995716005563736, 0.004937712103128433, 0.000859099964145571, 1.3578487634658813, 0.49126875400543213, 1.3298635482788086, 0.5467729568481445, 0.03448617085814476, 0.19331036508083344, 0.0, 0.572618842124939, 0.0, 0.009382225573062897, 0.21613319218158722, 0.0, 0.11526373773813248, 1.0529890060424805, 0.04532826691865921, 0.3403690457344055, 0.9433138370513916, 0.5366132259368896, 0.6648464798927307, 0.0910162553191185, 0.024469979107379913, 0.03123115934431553, 0.2959458827972412, 0.5347482562065125, 0.07022473216056824, 1.2652791738510132, 0.552574872970581, 0.0, 0.07274699956178665, 1.046328067779541, 0.34897345304489136, 0.030140938237309456, 2.1138694286346436, 0.815936803817749, 0.23692205548286438, 1.0544325113296509, 0.4609941840171814, 1.2912524938583374, 0.2753306031227112, 0.50506192445755, 1.0287790298461914, 1.9670788049697876, 0.11296431720256805, 0.0, 0.0, 0.04361383244395256, 1.2297581434249878, 0.014822745695710182, 0.004157307092100382, 0.2187245488166809, 2.1979634761810303, 0.1207302063703537, 0.02621534839272499, 0.30998915433883667, 0.0, 0.0, 0.15408456325531006, 0.9848450422286987, 0.1731903851032257, 1.9697333574295044, 0.0428055003285408, 0.9573956727981567, 0.17521116137504578, 0.7098248600959778, 0.06219350919127464, 0.0, 0.12714709341526031, 0.6001775860786438, 0.0, 6.055383205413818, 0.01254732720553875, 0.13022977113723755, 0.6381950378417969, 0.5840544700622559, 0.12005595862865448, 0.14643648266792297, 0.0, 0.35613226890563965, 0.0, 3.3450706005096436, 0.028582246974110603, 0.05190182849764824, 0.3837703466415405, 0.0, 0.47581833600997925, 0.33100345730781555, 0.4657207429409027, 0.5714033246040344, 0.0, 0.615785539150238, 0.05974618345499039, 0.16736990213394165, 0.18440964818000793, 0.0, 0.2792951762676239, 0.10921322554349899, 0.7508723735809326, 0.7521057724952698, 3.483549118041992, 0.12928436696529388, 0.08758176118135452, 2.9584801197052, 0.2827173173427582, 0.04301302880048752, 0.04425111040472984, 0.02608906477689743, 0.7305262088775635, 0.01651383936405182, 0.2190997451543808, 0.009286150336265564, 0.04374886676669121, 0.13000130653381348, 0.09554930776357651, 0.2548133134841919, 0.0530756413936615, 0.017576776444911957, 0.03956664353609085, 0.0, 0.06110486760735512, 0.6421453356742859, 0.24517124891281128, 0.35256606340408325, 0.024109339341521263, 1.2261992692947388, 0.1496865153312683, 0.573058009147644, 0.42171427607536316, 0.09036048501729965, 0.5324224829673767, 0.15524311363697052, 0.1517089456319809, 0.4345810115337372, 0.034702662378549576, 0.20102353394031525, 0.5603457689285278, 0.0, 0.10130872577428818, 2.7678425312042236, 0.41367584466934204, 0.4492283761501312, 0.2720186710357666, 0.06385350227355957, 0.10646416991949081, 0.2669501006603241, 0.8948458433151245, 0.7513823509216309, 0.1371590495109558, 0.33586734533309937, 0.01916402392089367, 0.005425604060292244, 0.0625273585319519, 0.0, 0.21149112284183502, 0.9807068109512329, 1.0115118026733398, 2.8713395595550537, 0.079979807138443, 0.0726141408085823, 1.7922271490097046, 0.0440385602414608, 0.0, 0.18552137911319733, 0.38259610533714294, 1.1030584573745728, 0.4230210483074188, 0.19882941246032715, 0.08913666009902954, 1.9835753440856934, 0.4014136791229248, 0.9193031191825867, 0.0, 0.02852245233952999, 0.46565598249435425, 0.6002300977706909, 0.007770105265080929, 0.7250986099243164, 0.0033392540644854307, 0.16783955693244934, 0.5422229170799255, 0.49989381432533264, 0.5316113233566284, 0.2881905138492584, 0.27311670780181885, 0.532299816608429, 0.09412409365177155, 0.8080498576164246, 0.0, 0.24519293010234833, 0.0, 0.4957091808319092, 0.0, 0.003236026270315051, 0.006126588676124811, 0.038881827145814896, 0.00014025338168721646, 1.3602646589279175, 0.23948614299297333, 3.040250301361084, 0.0, 0.33593103289604187, 3.434015989303589, 0.14635978639125824, 1.7923295497894287, 0.7214378118515015, 0.15361051261425018, 0.5329338312149048, 0.040236763656139374, 0.10933752357959747, 1.5318533182144165, 0.9104622006416321, 0.12266065925359726, 0.09233703464269638, 0.24423077702522278, 0.06899651885032654, 0.3620566427707672, 0.13983368873596191, 0.3830322325229645, 0.06734640896320343, 0.42768222093582153, 1.8230767250061035, 0.31301993131637573, 0.028898006305098534, 0.0411226786673069, 0.06301237642765045, 2.4644484519958496, 1.4237715005874634, 0.3320261240005493, 0.06307128816843033, 0.06845875084400177, 0.047972217202186584, 0.22518980503082275, 0.029468132182955742, 1.0691078901290894, 0.06527157872915268, 0.009136540815234184, 0.0, 0.20763923227787018, 0.0, 0.03696287423372269, 0.0, 0.04117732122540474, 0.07194098830223083, 0.5538120865821838, 0.05332315340638161, 0.9552324414253235, 0.004171697422862053, 0.001332935062237084, 0.00995953194797039, 0.04182838276028633, 0.005031639244407415, 0.41155144572257996, 0.09610027819871902, 0.06262645870447159, 0.0, 0.2016204297542572, 0.0994238331913948, 2.49171781539917, 0.006987075321376324, 0.12323494255542755, 0.1855512410402298, 0.1692710965871811, 0.03719005733728409, 0.06419578939676285, 0.5993413329124451, 0.3343689441680908, 0.13515020906925201, 4.628228187561035, 0.9801743030548096, 0.0, 0.2204810380935669, 0.5896902084350586, 0.2668105959892273, 1.1300649642944336, 2.9074058532714844, 0.5739765763282776, 0.28209617733955383, 0.6814112067222595, 0.08037159591913223, 0.0, 0.016899308189749718, 0.015069913119077682, 0.0463271327316761, 0.0, 0.24924282729625702, 0.21313059329986572, 0.24264833331108093, 1.4724112749099731, 0.9151384234428406, 1.248833417892456, 0.07526934891939163, 0.11671765893697739, 0.10065031796693802, 0.008939789608120918, 0.02947309985756874, 0.0025097497273236513, 0.22198721766471863, 0.31396937370300293, 0.1251637041568756, 0.06044479459524155, 0.0, 0.0098322918638587, 0.0015771243488416076, 0.016290975734591484, 0.17769329249858856, 1.077649474143982, 0.059709109365940094, 0.1415593922138214, 0.8392690420150757, 0.002698285272344947, 0.5854582786560059, 1.3266961574554443, 0.43073058128356934, 0.0, 0.0, 1.0144379138946533, 0.5050841569900513, 0.31519415974617004, 0.0, 1.9893244504928589, 0.0424831360578537, 0.8812978267669678, 0.6754127144813538, 0.23496466875076294, 0.0, 1.2675952911376953, 0.2012648731470108, 0.24610765278339386, 0.09453023970127106, 3.424081563949585, 0.08882926404476166, 3.3375816345214844, 0.25668054819107056, 0.05767777934670448, 0.07032110542058945, 0.14202024042606354, 0.2632386386394501, 0.5866653919219971, 0.39879655838012695, 0.31753480434417725, 0.341838538646698, 0.03053535334765911, 0.02316214144229889, 0.03629835322499275, 2.1236319541931152, 1.4729745388031006, 0.7315594553947449, 0.12249551713466644, 0.0988411009311676, 1.5889347791671753, 0.9779753684997559, 0.20386391878128052, 0.36372771859169006, 1.974948763847351, 0.3614477813243866, 0.013225520960986614, 0.044760562479496, 0.0, 0.0, 0.07431865483522415, 0.5807257890701294, 0.32961124181747437, 0.49692150950431824, 0.03265305981040001, 0.0, 0.05930165946483612, 0.0, 0.7972598671913147, 0.4053986072540283, 0.1460903286933899, 0.06745725870132446, 0.4561596214771271, 2.5277302265167236, 0.28554779291152954, 0.0, 3.9336447715759277, 0.13907133042812347, 0.005431917030364275, 0.0024785995483398438, 0.12460208684206009, 0.15555699169635773, 0.0, 0.2392328828573227, 0.023820294067263603, 0.0, 1.1636006832122803, 3.2294187545776367, 0.7977740168571472, 0.17959870398044586, 0.43594834208488464, 1.1684907674789429, 0.17072786390781403, 0.0317603163421154, 0.4194796085357666, 0.0941341370344162, 0.0, 0.05626941844820976, 0.05643719062209129, 0.1358736753463745, 1.3840510845184326, 0.806934118270874, 0.45167461037635803, 0.36518627405166626, 0.7953565716743469, 0.0001931579754455015, 0.012172012589871883, 0.22168871760368347, 1.9316250085830688, 0.7506006956100464, 0.08796360343694687, 1.562832236289978, 0.4771592319011688, 0.0, 0.2163112759590149, 0.02219679206609726, 0.07240113615989685, 1.900596261024475, 0.1575797200202942, 0.0, 0.4023907780647278, 1.5949370861053467, 0.6637207269668579, 0.46697402000427246, 0.13538092374801636, 0.0685352087020874, 0.3371610939502716, 0.4281420409679413, 1.2523914575576782, 2.657958984375, 0.016952546313405037, 0.2012391835451126, 0.1856130063533783, 0.12516923248767853, 1.564616322517395, 0.6768423318862915, 0.140133336186409, 0.058835066854953766, 0.39402592182159424, 0.05509234592318535, 0.09326987713575363, 0.0, 0.08974101394414902, 0.0, 1.8250858783721924, 0.13041752576828003, 0.07142964005470276, 0.35739272832870483, 0.1965421438217163, 0.07752534002065659, 0.2837645411491394, 0.16018806397914886, 1.6058353185653687, 0.5435135364532471, 0.5062315464019775, 0.010357684455811977, 0.7407381534576416, 1.9544631242752075, 0.10372240841388702, 0.2556617856025696, 4.482964038848877, 1.9560546875, 0.20557427406311035, 0.0, 0.07342427968978882, 0.009922448545694351, 0.17950357496738434, 0.020515931770205498, 0.04885343089699745, 0.19176019728183746, 0.0, 0.43342676758766174, 2.1399991512298584, 0.8120157122612, 0.6479377150535583, 0.2283029556274414, 0.3088900148868561, 0.24069403111934662, 2.4324066638946533, 0.021294005215168, 1.1261042356491089, 0.004090853966772556, 1.2179824113845825, 0.039339371025562286, 0.017182834446430206, 0.0, 0.10260588675737381, 0.05801424756646156, 1.316482424736023, 0.0, 0.025329668074846268, 0.5306866765022278, 0.033823031932115555, 0.0, 0.02625911869108677, 3.6746644973754883, 0.0, 0.0, 0.3216549754142761, 0.17125166952610016, 0.0, 2.9551639556884766, 0.0, 0.0, 0.05119483917951584, 0.4483015537261963, 0.0004856732557527721, 0.1647680699825287, 0.13285820186138153, 4.992222309112549, 0.7781617045402527, 0.2937643229961395, 0.0968087762594223, 0.4519971013069153, 0.11752945929765701, 0.2841682732105255, 0.0, 0.01986278034746647, 3.021548271179199, 0.06416091322898865, 0.026394888758659363, 0.31010130047798157, 0.4294396936893463, 0.1742308884859085, 0.4181036353111267, 1.1441491842269897, 0.28724774718284607, 0.17058567702770233, 0.37811797857284546, 0.02080453746020794, 0.18776628375053406, 0.44749459624290466, 0.09675274789333344, 0.40088173747062683, 2.279737949371338, 3.6603126525878906, 0.13144053518772125, 0.12983909249305725, 0.012391124852001667, 0.3981081247329712, 1.843729019165039, 0.20459619164466858, 0.05290453881025314, 0.15670046210289001, 0.34071263670921326, 0.5044504404067993, 0.0, 0.6292111873626709, 0.11462917178869247, 0.0, 0.20249241590499878, 0.17682693898677826, 1.270491600036621, 1.0105409622192383, 0.9480034708976746, 0.08408018946647644, 0.0, 1.150683879852295, 0.03676868975162506, 0.012997948564589024, 0.004833917133510113, 0.0322495736181736, 0.14278177917003632, 0.19538843631744385, 0.2312733381986618, 1.6124390363693237, 0.12291273474693298, 1.6283659934997559, 0.09832500666379929, 0.0, 5.189142227172852, 0.0, 0.04546498879790306, 1.993541955947876, 0.8071044087409973, 0.15072527527809143, 0.22894644737243652, 0.017022157087922096, 0.04261452332139015, 1.8867416381835938, 0.01016691979020834, 1.9293779134750366, 0.0043092407286167145, 0.0025166249834001064, 0.7085624933242798, 0.014210669323801994, 0.036859333515167236, 0.4123454988002777, 0.7511503100395203, 0.0, 0.12662936747074127, 0.06495751440525055, 0.4508035182952881, 0.672393262386322, 1.8965585231781006, 0.04607940837740898, 0.008001991547644138, 0.8040269613265991, 0.42613282799720764, 0.0, 0.18012268841266632, 0.6919779777526855, 0.12624727189540863, 0.3048307001590729, 0.2082335203886032, 0.009597714990377426, 0.36860746145248413, 0.10960789024829865, 0.21347185969352722, 0.20314496755599976, 0.06237223744392395, 0.20162701606750488, 0.15362036228179932, 0.12273228913545609, 0.05288989096879959, 0.047544214874506, 0.0, 0.4477849304676056, 0.06481441855430603, 0.03234751150012016, 0.5456535816192627, 0.02840682491660118, 0.0, 2.244274377822876, 0.3104379177093506, 0.12056153267621994, 0.10667215287685394, 0.0, 0.014290687628090382, 0.0033263065852224827, 1.5687062740325928, 1.6545242071151733, 0.0020500931423157454, 1.3002116680145264, 0.0, 0.20117631554603577, 0.0012916496489197016, 0.8672225475311279, 0.16113193333148956, 0.7705939412117004, 0.021945521235466003, 0.3112052381038666, 0.0, 0.016577281057834625, 2.088364362716675, 0.0, 0.48778945207595825, 0.9021993279457092, 0.4517509341239929, 0.14296990633010864, 1.4697041511535645, 0.0, 0.016421712934970856, 0.0, 0.050048526376485825, 0.06160906329751015, 0.08709895610809326, 0.0, 0.022931013256311417, 0.17134372889995575, 0.011331864632666111, 0.0, 0.0, 0.03445442393422127, 0.30707788467407227, 0.12182648479938507, 1.7692887783050537, 0.3026195168495178, 0.0, 0.5351738929748535, 0.6170227527618408, 1.1691099405288696, 0.33219146728515625, 0.007186821661889553, 2.5019726753234863, 0.09627077728509903, 0.13223549723625183, 0.0, 0.7063689827919006, 2.345489263534546, 0.4891524314880371, 0.03337084874510765, 0.6391907334327698, 0.0, 0.03705797716975212, 3.4153804779052734, 0.366948664188385, 0.6619821786880493, 0.0, 0.0, 0.2790427505970001, 0.3631473481655121, 0.03356651961803436, 0.0, 0.0006840010173618793, 0.05214443802833557, 0.0719124972820282, 0.019490685313940048, 0.09527859091758728, 0.20582307875156403, 0.0, 0.4050711691379547, 0.6434733271598816, 0.0, 0.10726770758628845, 0.3607557713985443, 0.03550083190202713, 0.0, 0.35457843542099, 0.06927214562892914, 0.029383927583694458, 0.13671338558197021, 0.0, 0.14336912333965302, 0.08891261368989944, 0.03717846795916557, 0.07089214026927948, 0.07180963456630707, 0.01288246363401413, 0.1279558688402176, 0.03767377510666847, 0.3164205849170685, 1.775392770767212, 2.421623706817627, 0.4639624059200287, 0.6066904067993164, 0.0, 0.0, 0.7144589424133301, 0.05598803609609604, 0.030489658936858177, 0.24409820139408112, 0.09581691026687622, 0.0, 0.015046430751681328, 0.3143933415412903, 0.4849913418292999, 1.7125799655914307, 0.04218156635761261, 0.09099271148443222, 0.7051059007644653, 0.0005874998751096427, 0.4447835087776184, 0.6732584834098816, 0.005687528755515814, 0.3412048816680908, 0.509299099445343, 0.873424768447876, 0.13665331900119781, 2.884486198425293, 0.40592432022094727, 0.32164910435676575, 0.7250881791114807, 1.068082571029663, 4.3924880027771, 0.025097856298089027, 0.2020808607339859, 0.0, 0.13243421912193298, 0.027264412492513657, 3.1365013122558594, 0.05374002084136009, 0.06637446582317352, 0.0, 0.0, 0.07048667222261429, 0.040522728115320206, 0.6975159645080566, 0.16265663504600525, 0.8781430721282959, 0.09618545323610306, 0.03970588371157646, 1.353317379951477, 0.17885053157806396, 0.0, 0.8586146235466003, 0.0, 0.2725135385990143, 0.22667527198791504, 0.0, 0.8913766741752625, 0.21453163027763367, 0.08040151000022888, 0.0, 0.19928190112113953, 0.041019029915332794, 1.9388636350631714, 0.1276659369468689, 0.3426969349384308, 0.9794390797615051, 0.0, 0.0, 0.06183686852455139, 0.41453513503074646, 0.24622555077075958, 0.7560338973999023, 0.02124377340078354, 0.367855042219162, 0.03781088814139366, 2.8750643730163574, 0.03325276076793671, 0.0, 0.015242611058056355, 0.0, 0.17365455627441406, 0.08652804046869278, 0.00966546218842268, 0.02643423154950142, 2.638564109802246, 0.025952855125069618, 0.1790921986103058, 0.0, 0.0, 0.0, 0.23747985064983368, 0.45045205950737, 0.06180669739842415, 0.4465124309062958, 0.5326529741287231, 0.03132222220301628, 5.096069812774658, 0.09528930485248566, 0.2600460946559906, 1.4406579732894897, 0.0, 0.0, 0.25608211755752563, 0.025132615119218826, 0.021327948197722435, 0.4294104278087616, 0.014022880233824253, 0.0, 0.3720093071460724, 0.22784148156642914, 0.0, 0.043781593441963196, 0.0, 0.0470762774348259, 0.13550758361816406, 0.0033187137451022863, 0.15661489963531494, 0.6314052939414978, 0.014462522231042385, 0.1668061763048172, 0.05432850494980812, 2.089554786682129, 0.0, 0.8910502195358276, 0.09891463071107864, 0.011455793865025043, 0.009330577217042446, 0.020505083724856377, 0.5006890296936035, 1.0123040676116943, 0.158047154545784, 0.14806804060935974, 0.0846685990691185, 0.0, 0.04866455867886543, 0.013786569237709045, 0.022007251158356667, 0.1515391319990158, 0.6707847714424133, 0.5206783413887024, 0.0, 0.0, 0.44375622272491455, 0.19824039936065674, 0.029377339407801628, 0.31304553151130676, 2.387809991836548, 0.11533577740192413, 0.03409481421113014, 0.6967779397964478, 0.9157421588897705, 0.04953761026263237, 1.7445499897003174, 0.0, 0.19439202547073364, 0.9678592085838318, 0.0, 0.23744329810142517, 0.19746120274066925, 0.049602266401052475, 0.0972677618265152, 0.2817647457122803, 0.18087083101272583, 0.0, 0.23463848233222961, 2.3835439682006836, 0.5323652029037476, 0.44880229234695435, 0.15105417370796204, 0.31748661398887634, 0.018767474219202995, 0.01444600522518158, 0.11916377395391464, 0.0, 0.16319221258163452, 3.7396962642669678, 0.06936222314834595, 0.24261438846588135, 0.11331400275230408, 0.039559006690979004, 0.9510085582733154, 0.1831933557987213, 0.07751350849866867, 0.7251219749450684, 0.4088742136955261, 1.1471787691116333, 1.0859233140945435, 0.3771224617958069, 0.19621868431568146, 0.007084486540406942, 0.2212616205215454, 0.5102030634880066, 0.8035563230514526, 2.130903959274292, 0.019082583487033844, 0.002780267270281911, 0.10036931931972504, 0.09601783752441406, 2.995925188064575, 0.14584007859230042, 0.40021541714668274, 0.1376909762620926, 0.04879061505198479, 0.03189493343234062, 0.2134529948234558, 1.2720777988433838, 0.3383922874927521, 0.896141529083252, 3.2577898502349854, 1.462389588356018, 0.4489184319972992, 0.3000347316265106, 0.016826249659061432, 0.0624929741024971, 0.0, 0.6385798454284668, 0.0, 0.018407262861728668, 0.35918956995010376, 0.7569150328636169, 0.0008841728558763862, 0.17205464839935303, 0.05957059562206268, 0.26426464319229126, 0.20559287071228027, 0.06005089730024338, 0.03516898676753044, 1.0228590965270996, 0.007693081628531218, 0.4393417239189148, 1.2368202209472656, 1.0869749784469604, 0.4390704035758972, 0.013554820790886879, 1.2381213903427124, 1.2223494052886963, 0.3911551237106323, 0.0, 0.2442764788866043, 0.5188125967979431, 0.02001124992966652, 0.0, 0.17826224863529205, 0.015632230788469315, 0.6307355165481567, 1.25536048412323, 0.01768052764236927, 0.0, 0.03433804214000702, 0.10449456423521042, 0.04788145422935486, 3.344409227371216, 0.02719133161008358, 0.19339187443256378, 0.0, 0.02010260708630085, 0.4410591125488281, 0.09419359266757965, 0.401904821395874, 0.07711082696914673, 0.4011476933956146, 1.5430512428283691, 1.0631227493286133, 0.0, 0.1291085034608841, 0.0, 0.9999371767044067, 0.0009171086712740362, 0.44355493783950806, 0.0, 0.874879777431488, 0.013859923928976059, 0.051642291247844696, 0.10354571789503098, 0.9141693115234375, 0.7161492109298706, 0.24161402881145477, 0.23056964576244354, 0.020148364827036858, 0.9237478375434875, 0.0, 0.36832377314567566, 0.0, 0.274615079164505, 0.0, 0.0253614354878664, 0.10287749022245407, 1.9573630094528198, 0.0, 0.16985981166362762, 0.047707702964544296, 0.42325881123542786, 0.12738624215126038, 0.0, 0.12873245775699615, 0.2684023082256317, 2.3497204780578613, 0.04270124435424805, 0.26277780532836914, 0.36002323031425476, 0.1368614137172699, 0.05541316419839859, 0.6884785890579224, 0.33910292387008667, 0.08120657503604889, 0.2642788290977478, 0.011001749895513058, 1.2676429748535156, 0.20944862067699432, 0.2226705551147461, 1.4104161262512207, 0.1827041506767273, 0.08188006281852722, 0.17768126726150513, 0.5126329660415649, 0.01864219270646572, 1.3663491010665894, 0.8506090044975281, 0.3292776644229889, 0.2411828488111496, 0.2429768294095993, 0.010738051496446133, 0.5934851765632629, 1.932039737701416, 0.46357035636901855, 1.022757649421692, 0.2627931833267212, 0.061313919723033905, 0.04885907098650932, 0.12173037976026535, 0.37282055616378784, 0.01585775427520275, 0.14788983762264252, 0.0, 0.006096655037254095, 0.0, 0.0, 0.666581928730011, 0.36311352252960205, 1.5143629312515259, 0.2917605936527252, 1.0267287492752075, 0.06157210096716881, 2.1698098182678223, 0.3451813757419586, 1.4843376874923706, 0.4543773829936981, 0.14817318320274353, 0.0, 0.11614799499511719, 1.949537992477417, 0.0, 0.21664999425411224, 1.1678210496902466, 0.17684781551361084, 0.013669148087501526, 0.21824690699577332, 0.18644613027572632, 0.019026242196559906, 2.1148974895477295, 0.7778936624526978, 0.397304892539978, 0.0, 0.4162677824497223, 0.0, 0.0, 0.05991630628705025, 0.13720940053462982, 0.5031229257583618, 0.04311462864279747, 0.41478538513183594, 1.9248610734939575, 0.9909511208534241, 0.0, 0.10785645246505737, 0.8615877032279968, 0.04665704071521759, 0.0, 0.057250674813985825, 0.0463763065636158, 0.8916969299316406, 0.18996074795722961, 0.4588243067264557, 0.0, 1.5182138681411743, 0.0, 0.06057995185256004, 0.0, 0.042306918650865555, 0.0037063846830278635, 0.0, 0.04491258040070534, 0.051292210817337036, 0.14651523530483246, 0.006561108864843845, 0.004103894345462322, 0.025533191859722137, 0.0, 0.4021376073360443, 0.0, 0.0, 0.33843106031417847, 0.16256031394004822, 0.043502409011125565, 0.08124949783086777, 0.4443443715572357, 0.8418360352516174, 1.533290147781372, 0.10611280798912048, 0.8683071732521057, 0.24973328411579132, 5.2724564739037305e-05, 0.5835458636283875, 0.006858904846012592, 0.38780298829078674, 0.02993045561015606, 0.4739415943622589, 0.11572666466236115, 1.9619853496551514, 0.08537255227565765, 0.9965227842330933, 0.210627481341362, 0.02217356115579605, 0.1256439983844757, 0.0, 1.3543553352355957, 0.18109291791915894, 0.07387629896402359, 0.0, 0.2033241093158722, 0.2795681655406952, 2.449872590659652e-05, 0.0, 1.0538235902786255, 0.25659334659576416, 0.5305842757225037, 0.4411609172821045, 0.16171453893184662, 0.3087582588195801, 0.0, 0.0077757639810442924, 2.6843483448028564, 0.5684062242507935, 0.008892658166587353, 0.09731883555650711, 0.8705223202705383, 0.2471221387386322, 1.113977074623108, 0.0, 0.029268497601151466, 0.5598245859146118, 0.01645650342106819, 0.0, 0.7793382406234741, 0.3723444938659668, 0.5733810067176819, 0.9805201292037964, 0.02980925515294075, 0.06895375996828079, 0.16418743133544922, 0.15218763053417206, 0.0004131623718421906, 0.020417189225554466, 0.03093331679701805, 0.45513856410980225, 2.324533224105835, 0.27419906854629517, 0.0, 0.4544075131416321, 0.012728185392916203, 0.015381657518446445, 2.5563271045684814, 0.8731817007064819, 0.0, 0.1582149863243103, 0.022994372993707657, 0.0, 0.0, 0.5494071841239929, 0.03950456157326698, 0.219920352101326, 0.00019661261467263103, 0.3067437410354614, 0.0, 0.0, 1.4461432695388794, 0.21069090068340302, 0.34346476197242737, 0.1618661880493164, 0.1057225838303566, 1.6958991289138794, 0.007176902610808611, 0.5918989181518555, 0.11234047263860703, 0.35707610845565796, 0.013458688743412495, 0.022298691794276237, 0.6827057003974915, 0.05240815505385399, 2.5770671367645264, 0.0, 0.09815263003110886, 0.5139214396476746, 0.012911859899759293, 0.8318323493003845, 0.17875447869300842, 0.425973117351532, 0.6879274249076843, 0.012883460149168968, 0.9500117897987366, 0.36873042583465576, 0.06225273385643959, 0.01633908785879612, 0.21640636026859283, 0.780950665473938, 0.39774373173713684, 0.7968738079071045, 1.239245057106018, 0.5895535945892334, 0.29365354776382446, 0.5355727076530457, 0.4338671565055847, 0.23519501090049744, 0.001407058909535408, 0.9345506429672241, 0.7127189040184021, 0.026992617174983025, 0.0, 0.22605977952480316, 0.11721011251211166, 0.46422064304351807, 0.10709516704082489, 0.029934842139482498, 0.0, 0.0, 0.08948764204978943, 0.23030491173267365, 1.0259226560592651, 1.319057822227478, 0.16987137496471405, 2.950990676879883, 0.6974960565567017, 0.06015729531645775, 0.6107444763183594, 0.0, 0.564065158367157, 0.003420944092795253, 0.21536870300769806, 0.8242863416671753, 0.07019279152154922, 0.3848400115966797, 2.186589241027832, 0.0, 0.15251591801643372, 0.10092125087976456, 0.021987471729516983, 0.016078641638159752, 0.0, 0.6724225878715515, 0.0, 0.09337427467107773, 0.0, 0.15437375009059906, 0.0843648687005043, 0.7399705648422241, 1.5646735429763794, 0.2218395173549652, 0.39990678429603577, 1.025814414024353, 3.834186553955078, 0.0, 0.02109946683049202, 0.0, 0.9054234027862549, 0.09235509485006332, 0.029187817126512527, 0.0011875435011461377, 1.1753240823745728, 1.041963815689087, 0.4745195806026459, 0.017219066619873047, 0.33310893177986145, 1.0658016204833984, 0.3822399079799652, 0.9974683523178101, 0.29483190178871155, 0.006925991736352444, 0.026987314224243164, 0.0, 0.04093160480260849, 1.6139192581176758, 0.46886134147644043, 0.0, 0.781505823135376, 1.4556875228881836, 0.7658488750457764, 0.11491628736257553, 0.1448376476764679, 0.03023448772728443, 0.1852549910545349, 0.10340642184019089, 0.12882618606090546, 0.6512452363967896, 0.08057908713817596, 0.18486100435256958, 0.12594382464885712, 0.5084461569786072, 0.7605974078178406, 0.20329537987709045, 0.11239548027515411, 0.1107088103890419, 0.2101641744375229, 0.006685514934360981, 0.5370208024978638, 0.07240734249353409, 0.13337014615535736, 0.06734068691730499, 0.18384164571762085, 0.828556478023529, 0.024808457121253014, 0.02443108707666397, 0.08809346705675125, 0.04180952161550522, 0.008723047561943531, 0.0006844219169579446, 0.45874878764152527, 0.09715499728918076, 0.09787572920322418, 0.011337664909660816, 0.09367915242910385, 0.29782336950302124, 0.0, 0.0007934351451694965, 0.31438925862312317, 0.19603316485881805, 0.0, 0.17166727781295776, 0.9417081475257874, 0.03936152532696724, 0.04981643334031105, 2.503829002380371, 0.0, 0.17739199101924896, 0.3018396496772766, 0.29032376408576965, 0.47533655166625977, 0.0, 1.0870540142059326, 0.21968109905719757, 0.2060796022415161, 0.011954891495406628, 0.0, 0.007489756681025028, 0.15916863083839417, 0.07498616725206375, 0.5653000473976135, 0.0, 0.022910723462700844, 0.46477174758911133, 0.0, 0.012617873027920723, 0.06959184259176254, 0.4714961647987366, 0.29533651471138, 1.3655807971954346, 0.5943593978881836, 0.33203622698783875, 0.7349898815155029, 0.0, 0.05342673137784004, 1.0209035873413086, 0.2777332067489624, 0.053354427218437195, 0.0971245989203453, 4.759997367858887, 0.007837669923901558, 0.19533896446228027, 1.6388362646102905, 0.007201686035841703, 1.3717777729034424, 0.44144517183303833, 2.930755615234375, 0.0, 0.0, 0.026959098875522614, 0.03015648014843464, 0.0009142184862866998, 0.16666579246520996, 0.46087646484375, 0.5012345314025879, 0.044402770698070526, 1.0405195951461792, 0.4347202777862549, 0.1381780356168747, 0.13213655352592468, 0.235626682639122, 0.3704890310764313, 0.10413414984941483, 0.23827902972698212, 1.9850528240203857, 0.0, 0.3296469748020172, 0.022977693006396294, 0.640770673751831, 0.0, 3.612452268600464, 0.5431082844734192, 0.15744103491306305, 0.07930454611778259, 0.6624541282653809, 0.0476871132850647, 0.22187289595603943, 0.2808026671409607, 0.07835781574249268, 0.004746726714074612, 0.10453582555055618, 0.0, 0.11544342339038849, 3.503450870513916, 1.6833308935165405, 0.3183581531047821, 0.008625244721770287, 0.021266212686896324, 0.3421798348426819, 0.0, 2.7222726345062256, 1.0969860553741455, 0.052000924944877625, 0.01131746731698513, 0.09248999506235123, 3.7711455821990967, 0.14881451427936554, 0.8006360530853271, 0.0, 0.23098228871822357, 0.7193944454193115, 0.0, 1.0253709554672241, 0.07126495242118835, 0.0426454059779644, 0.0, 0.152972012758255, 0.8530144095420837, 0.4089984893798828, 0.06277474761009216, 0.0, 0.0, 0.1270059496164322, 0.5308677554130554, 0.016452834010124207, 0.05338933691382408, 0.048546262085437775, 0.26710912585258484, 0.4226360023021698, 0.06997212767601013, 0.023572426289319992, 1.7187341451644897, 0.8527880907058716, 0.15732236206531525, 0.20367421209812164, 0.7346311211585999, 0.08190523833036423, 0.4368036687374115, 0.009770585224032402, 4.840982913970947, 0.15598292648792267, 0.3223249316215515, 0.5187984704971313, 0.1564382016658783, 0.01338235940784216, 0.0, 0.3863045871257782, 0.005261262878775597, 0.20079320669174194, 0.20977187156677246, 2.2945914268493652, 0.32159456610679626, 0.14731548726558685, 0.0, 0.0, 0.6765947341918945, 0.14980371296405792, 0.0, 0.22491630911827087, 0.520561158657074, 0.1260451078414917, 0.002002862049266696, 0.0, 0.21579056978225708, 0.0, 0.021761227399110794, 1.5383920669555664, 0.2975175082683563, 0.0012193674920126796, 0.0, 0.12581197917461395, 0.010169398970901966, 0.21644166111946106, 1.5811951160430908, 0.0, 0.05678286775946617, 0.0, 0.03630377724766731, 0.31559884548187256, 0.43740326166152954, 1.05259108543396, 1.0292929410934448, 0.0428457073867321, 0.2128472775220871, 0.5578408241271973, 0.16322815418243408, 0.0, 0.07996013015508652, 0.1277327835559845, 2.8126494884490967, 0.021649422124028206, 1.7008187770843506, 0.022074995562434196, 0.012427344918251038, 0.0, 0.587558925151825, 1.4466807842254639, 0.0, 0.06562502682209015, 0.08319848775863647, 0.8392972350120544, 0.5866827964782715, 0.09027286618947983, 0.0, 0.0, 0.09539076685905457, 0.04452810436487198, 0.128023162484169, 0.0, 1.6385011672973633, 0.14431872963905334, 0.0658816397190094, 0.7314165234565735, 1.4460852146148682, 0.6794611215591431, 0.4743395745754242, 0.2053775042295456, 0.20405463874340057, 0.0, 0.024764347821474075, 0.014467903412878513, 0.03009575419127941, 0.02391398698091507, 0.3218657374382019, 0.31772083044052124, 0.005749673116952181, 0.04307331517338753, 0.02222534827888012, 0.05879640206694603, 0.11040465533733368, 0.37023431062698364, 0.0855753943324089, 0.014550900086760521, 1.7664779424667358, 0.11588366329669952, 0.0, 0.0305513646453619, 0.20052240788936615, 0.015142596326768398, 0.2416744828224182, 0.0846354067325592, 0.609782874584198, 0.20740723609924316, 0.7856338620185852, 0.4995547831058502, 0.0, 0.0, 0.8544672727584839, 0.43249332904815674, 0.0, 0.2919248342514038, 0.0, 0.46727627515792847, 1.7982345819473267, 0.1993267685174942, 1.001143455505371, 0.032340213656425476, 0.6866682171821594, 0.02746184542775154, 0.14660315215587616, 0.038205478340387344, 0.8835626840591431, 0.48076680302619934, 0.9150422811508179, 0.03860555216670036, 0.723084568977356, 0.02331715263426304, 0.0, 0.1963094025850296, 0.5428405404090881, 0.032830026000738144, 0.005141369998455048, 0.1748121827840805, 0.152517169713974, 1.3130844831466675, 0.09205402433872223, 0.0, 0.0, 0.2785974442958832, 0.006219722796231508, 0.0, 0.3444463908672333, 0.3512893319129944, 0.268302321434021, 0.19589532911777496, 0.4440460205078125, 0.030610213056206703, 0.2223375290632248, 0.39809951186180115, 0.6885071396827698, 0.49856990575790405, 0.34432268142700195, 0.5316835641860962, 0.045448873192071915, 0.02365794964134693, 0.6789558529853821, 0.3410986363887787, 0.5023584365844727, 0.03894319385290146, 0.179640531539917, 0.19691601395606995, 0.197580024600029, 1.9624567031860352, 0.003063017036765814, 0.1622370332479477, 0.052172910422086716, 0.0, 0.0, 0.06667426973581314, 0.3412337303161621, 0.053648799657821655, 0.08294766396284103, 0.8754267692565918, 0.02408430725336075, 0.9236735105514526, 1.2404038906097412, 0.10160531848669052, 1.0652048587799072, 0.1162698045372963, 0.8073736429214478, 0.09413164854049683, 2.3506457805633545, 0.06187831982970238, 2.2403218746185303, 0.024741321802139282, 0.15731053054332733, 0.010771848261356354, 1.8665574789047241, 2.9707536697387695, 0.12445121258497238, 0.0, 0.2462415248155594, 0.015752408653497696, 0.2358696013689041, 0.540730357170105, 0.12130537629127502, 0.041947923600673676, 0.2099182903766632, 0.23104819655418396, 0.016310546547174454, 0.0, 0.0, 0.22329048812389374, 0.7298218011856079, 0.5385175943374634, 0.02843957021832466, 0.08943405747413635, 0.44774237275123596, 0.39088621735572815, 0.2372925877571106, 1.1869159936904907, 0.0, 0.649732768535614, 0.0, 0.5255684852600098, 0.032995935529470444, 0.0048997229896485806, 0.23040129244327545, 0.0, 0.03430064022541046, 0.5842719078063965, 0.007157079875469208, 0.21644015610218048, 3.1362123489379883, 0.7350468635559082]",Testing/glioma_tumor/image(99).jpg
"[0.11306774616241455, 0.30311548709869385, 0.03182082623243332, 0.2363756150007248, 0.7384986281394958, 0.4143335819244385, 4.338467121124268, 0.2690012454986572, 0.07839174568653107, 0.0032075620256364346, 0.002424960257485509, 0.15633778274059296, 0.05354410782456398, 0.2785979211330414, 0.07252438366413116, 0.08130218833684921, 0.015289545059204102, 0.7190508246421814, 0.32739371061325073, 0.0, 1.3167214393615723, 2.369117021560669, 0.040081433951854706, 0.11313021928071976, 0.430529922246933, 0.4213464558124542, 1.5597912073135376, 0.25479456782341003, 0.013245463371276855, 0.0, 0.2017228603363037, 0.2253938764333725, 1.6611384153366089, 0.6952415108680725, 0.8045743703842163, 0.33945104479789734, 0.0602438785135746, 0.004001063760370016, 0.01158945169299841, 0.18801146745681763, 1.1524739265441895, 0.10221900045871735, 0.0, 0.28006359934806824, 0.0, 0.0, 0.08664292842149734, 0.0, 0.0015880720457062125, 0.5369165539741516, 0.14215652644634247, 0.6655417680740356, 1.7457184791564941, 0.08727806806564331, 2.901538848876953, 4.367370128631592, 0.4323919117450714, 0.0, 0.7857403755187988, 0.014428574591875076, 0.2837265729904175, 0.3112553358078003, 1.099716067314148, 1.55515456199646, 0.1700834482908249, 0.05928179249167442, 0.0865330696105957, 0.05597586929798126, 0.0, 0.0, 0.06965817511081696, 0.03563676401972771, 0.5896366238594055, 3.0568137168884277, 0.16106027364730835, 0.3276313543319702, 4.204250335693359, 0.07889508455991745, 0.0, 0.7269930243492126, 0.0, 0.0, 1.2827880382537842, 0.06099880114197731, 1.0877383947372437, 0.006025447975844145, 2.399247884750366, 0.12024053186178207, 0.0, 0.5426775217056274, 1.1962846517562866, 0.44440001249313354, 0.24954168498516083, 0.28186339139938354, 0.10241203755140305, 0.05388382077217102, 0.25172749161720276, 0.3963879942893982, 0.08041374385356903, 0.15808281302452087, 0.27200818061828613, 0.3659829795360565, 0.23431597650051117, 0.0, 0.65673828125, 0.15554770827293396, 0.3804134130477905, 0.9002205729484558, 0.0461428202688694, 2.1124017238616943, 0.007815010845661163, 0.2604036033153534, 0.005522217135876417, 0.34725290536880493, 0.277523398399353, 0.05856884643435478, 0.0, 0.4415663480758667, 0.05941268801689148, 0.15449029207229614, 0.10435228049755096, 0.0, 0.0, 0.11505948007106781, 0.3136030435562134, 0.4870888590812683, 0.33922654390335083, 0.3501187562942505, 1.9550073146820068, 0.04228959605097771, 0.0, 1.364132285118103, 0.17965418100357056, 0.3191549777984619, 0.07249024510383606, 0.0893048644065857, 0.2808760404586792, 0.0, 0.3483259975910187, 0.9309810996055603, 0.061593197286129, 0.3685442805290222, 0.0, 0.08894293755292892, 0.11214177310466766, 0.0, 0.08935356140136719, 6.224473476409912, 0.09706242382526398, 0.04110061004757881, 0.9654053449630737, 0.7233586311340332, 0.08095446228981018, 0.0, 0.2613430619239807, 0.06813236325979233, 0.0, 0.011188259348273277, 2.142263412475586, 0.010993702337145805, 0.5652647018432617, 3.002408981323242, 0.0, 0.0, 0.07835466414690018, 0.7470117807388306, 1.0249921083450317, 0.07102804630994797, 0.5208392143249512, 7.62106990814209, 1.4372146129608154, 0.04389394074678421, 0.0017863366520032287, 0.870719850063324, 2.728372573852539, 0.32939818501472473, 0.0, 0.7612426280975342, 0.11703811585903168, 0.633643388748169, 0.0, 0.005493645556271076, 0.07517661899328232, 0.43521982431411743, 0.3137128949165344, 0.8584873676300049, 0.2291308492422104, 0.8671333193778992, 0.23240751028060913, 0.0, 0.2024652361869812, 0.18293310701847076, 0.0, 0.25573229789733887, 0.0, 0.5522074699401855, 0.12850350141525269, 0.2387041598558426, 0.0, 0.5311748385429382, 0.7698407173156738, 0.25537946820259094, 1.3516404628753662, 0.1988004595041275, 1.1041570901870728, 0.06915438920259476, 0.0, 0.030750958248972893, 0.6019961833953857, 0.057212021201848984, 0.580653965473175, 0.6874656081199646, 0.0, 0.14624330401420593, 0.02957998961210251, 0.9536193609237671, 0.1129021942615509, 0.050220463424921036, 0.25359711050987244, 0.0, 0.0012432470684871078, 0.04769514873623848, 1.090991735458374, 0.06910455971956253, 0.04287012293934822, 0.7965489029884338, 0.30315980315208435, 0.10684052109718323, 2.6468517780303955, 0.15058325231075287, 0.5454619526863098, 0.2203635424375534, 0.23702657222747803, 1.2434748411178589, 1.1729111671447754, 0.6088812947273254, 0.0, 0.06072104722261429, 0.022887542843818665, 0.414121150970459, 0.22063077986240387, 0.6832494735717773, 1.967551589012146, 0.0, 0.013173015788197517, 0.17014355957508087, 0.18543854355812073, 1.9496573209762573, 0.05537284165620804, 1.6071805953979492, 0.9333455562591553, 0.0, 1.6090465784072876, 0.1350121647119522, 0.024979909881949425, 0.3480727970600128, 0.1581997126340866, 2.65716552734375, 0.0, 1.077102541923523, 0.0, 0.0, 0.3757559359073639, 0.10137894004583359, 0.0, 0.0, 0.0, 0.27592265605926514, 0.0, 0.0021304257679730654, 0.17009957134723663, 0.002119618933647871, 0.5462139844894409, 0.04893580079078674, 3.695960760116577, 0.30967870354652405, 0.0, 1.7066313028335571, 0.4461714029312134, 0.04204649478197098, 1.7352980375289917, 1.7607237100601196, 2.5712592601776123, 0.18303529918193817, 0.5485814809799194, 0.17443114519119263, 0.4343098998069763, 0.05833825469017029, 0.078086256980896, 0.10878906399011612, 0.14723782241344452, 0.043183259665966034, 0.0, 0.11604632437229156, 0.0, 2.8318123817443848, 0.5695652365684509, 0.024527957662940025, 0.4623393714427948, 0.037444818764925, 0.03192194551229477, 0.010872617363929749, 5.070864200592041, 1.4725310802459717, 2.770263433456421, 0.13488414883613586, 0.004229954443871975, 1.9953721761703491, 0.5099400877952576, 0.03946802020072937, 0.5482333898544312, 0.5757259726524353, 0.49666064977645874, 0.477638840675354, 0.2190036177635193, 0.07495255768299103, 0.6092267036437988, 0.053500495851039886, 0.0, 0.2420828938484192, 0.08485390990972519, 0.0858159288764, 0.0, 0.09256201237440109, 0.14628516137599945, 0.031864140182733536, 0.5415921211242676, 0.014844191260635853, 3.7495908737182617, 0.7553267478942871, 0.08230197429656982, 0.20967751741409302, 0.23806776106357574, 0.0308584775775671, 0.0, 0.10363822430372238, 1.0648248195648193, 0.9067817330360413, 2.2820916175842285, 0.11731758713722229, 0.411272257566452, 0.10150548070669174, 0.0, 0.5505915284156799, 0.0, 0.12422796338796616, 0.0, 0.2737070918083191, 0.032426219433546066, 0.28577765822410583, 0.05312656983733177, 0.5118018984794617, 0.3696959614753723, 0.004260657820850611, 0.010665178298950195, 0.0, 0.023043539375066757, 0.0011744463117793202, 0.2374744415283203, 0.8489240407943726, 0.05388958752155304, 1.154097080230713, 0.26998579502105713, 0.15119467675685883, 0.31771740317344666, 0.0, 0.07845604419708252, 0.007916688919067383, 0.25303855538368225, 0.4469671845436096, 0.057923298329114914, 0.016650043427944183, 2.3827097415924072, 2.300976276397705, 0.21324826776981354, 0.12375061213970184, 1.279769778251648, 0.3735496997833252, 0.048912689089775085, 0.127391517162323, 0.07248116284608841, 0.07376627624034882, 0.0, 0.0459383949637413, 0.2842698097229004, 0.2768200933933258, 0.6604542136192322, 0.5083101987838745, 0.0020431037992239, 0.015407126396894455, 0.0, 0.20687679946422577, 0.3375979959964752, 1.1815065145492554, 0.2648102641105652, 3.7645606994628906, 0.0, 0.6153348684310913, 0.0, 0.010268941521644592, 0.3371944725513458, 0.0, 0.21051859855651855, 0.011945546604692936, 0.0, 2.8794405460357666, 0.0403708778321743, 0.03441881388425827, 0.24894459545612335, 0.7024592161178589, 0.0, 0.014952469617128372, 0.0, 0.04161975905299187, 0.30170688033103943, 2.89998197555542, 0.0, 0.005098011810332537, 0.17118701338768005, 0.08157266676425934, 0.09466348588466644, 0.6732757091522217, 0.22394943237304688, 0.1983788013458252, 0.05192612111568451, 0.057098329067230225, 0.049858566373586655, 0.3473961055278778, 0.009099639020860195, 0.0, 0.5867655873298645, 0.5853580832481384, 1.3644083738327026, 0.2882482707500458, 2.2014219760894775, 0.5089530348777771, 0.0, 3.7718915939331055, 0.2852137088775635, 0.23641212284564972, 0.000456773501355201, 0.05885116010904312, 0.17821381986141205, 0.1669372320175171, 0.21294760704040527, 0.044280197471380234, 0.0, 0.9818432927131653, 0.06888903677463531, 0.23974591493606567, 0.5410682559013367, 0.06654345244169235, 0.3122236728668213, 0.0, 0.12287283688783646, 0.29146647453308105, 0.29531973600387573, 0.43615010380744934, 0.0, 2.725717306137085, 0.2931717038154602, 1.2002155780792236, 0.3071352541446686, 0.16417020559310913, 0.07188209891319275, 0.12434200197458267, 0.022357124835252762, 1.3174530267715454, 0.46030479669570923, 0.02413341775536537, 0.37597233057022095, 0.019939161837100983, 0.2693231403827667, 0.6840924024581909, 0.2310737818479538, 0.0, 0.07434259355068207, 0.0, 0.17669737339019775, 0.6692906618118286, 0.5801594257354736, 0.12319298088550568, 0.27194759249687195, 0.21852907538414001, 0.052878934890031815, 0.3459359407424927, 0.0, 0.0, 0.13624368607997894, 0.11642319709062576, 0.12382765859365463, 1.6556329727172852, 0.5796005129814148, 0.0, 0.3650806248188019, 0.003375918371602893, 0.0, 0.10692910850048065, 0.2910359501838684, 0.6255118250846863, 0.18560977280139923, 0.3831007182598114, 0.06486440449953079, 3.583041191101074, 0.7521402835845947, 0.20412908494472504, 0.036099858582019806, 0.17929066717624664, 0.09325835853815079, 0.057964012026786804, 0.006380925420671701, 0.42500627040863037, 0.7270115613937378, 0.21615134179592133, 0.3708125054836273, 0.1862962692975998, 0.48178210854530334, 0.3233809769153595, 0.5992607474327087, 0.0, 0.0, 0.11939281970262527, 0.0943666398525238, 0.4408920407295227, 0.0, 0.5037819743156433, 0.0, 0.0, 0.20662452280521393, 1.6210225820541382, 0.09768285602331161, 3.3717293739318848, 2.577035427093506, 3.7340383529663086, 0.004510088823735714, 0.19891883432865143, 2.822420597076416, 0.13578344881534576, 0.11450210213661194, 0.023863816633820534, 0.0, 0.2757202088832855, 0.04282208904623985, 0.6509538888931274, 1.7640950679779053, 0.10452429950237274, 0.1340877264738083, 0.178339883685112, 0.5052757859230042, 0.0, 0.3554515838623047, 0.6152356266975403, 0.3174968361854553, 0.06689287722110748, 0.5616856217384338, 2.2612314224243164, 0.45538613200187683, 0.07601617276668549, 0.002417605835944414, 0.12945587933063507, 5.182652473449707, 0.30711570382118225, 0.3513363301753998, 0.0, 0.430820107460022, 0.3319326639175415, 0.012083836831152439, 0.13715602457523346, 0.8059336543083191, 0.237351655960083, 0.14136949181556702, 0.027156220749020576, 1.0181348323822021, 0.20293033123016357, 0.04289039224386215, 1.6270203590393066, 0.021721018478274345, 0.9421265125274658, 0.0, 0.03967232257127762, 1.565468192100525, 0.0, 0.27000463008880615, 0.13540446758270264, 0.0, 0.04656917601823807, 0.012941929511725903, 0.016537019982933998, 0.0, 0.0, 0.38108447194099426, 0.09171783924102783, 1.2765278816223145, 0.009748062118887901, 0.2240723818540573, 0.013192541897296906, 0.19599512219429016, 0.017914701253175735, 0.0037448941729962826, 0.26262426376342773, 0.3583308160305023, 0.0, 2.6778171062469482, 0.7410019040107727, 0.17945919930934906, 0.0, 1.1200779676437378, 0.11641811579465866, 0.40774473547935486, 1.6158336400985718, 0.03322954103350639, 0.08088792860507965, 0.14981797337532043, 1.1195354461669922, 0.03758661448955536, 0.21832072734832764, 0.0, 0.012112792581319809, 0.2693836987018585, 0.4261206388473511, 0.5603732466697693, 0.019814737141132355, 1.5151180028915405, 0.1889163851737976, 0.2054150104522705, 0.12241509556770325, 0.18357981741428375, 0.11941773444414139, 0.0, 0.008512564934790134, 0.020498013123869896, 0.49655020236968994, 0.07955845445394516, 0.0679042786359787, 0.002371289301663637, 0.0, 0.041400372982025146, 0.0, 0.20737776160240173, 0.2380191832780838, 1.412405014038086, 0.06497243046760559, 0.30272266268730164, 0.6771273612976074, 0.0, 0.7264938354492188, 2.5939366817474365, 0.0, 0.013627096079289913, 0.0, 0.6316524147987366, 0.7910647988319397, 0.5277056097984314, 0.008444873616099358, 3.282109498977661, 0.11182884126901627, 0.4012799859046936, 0.07732972502708435, 0.09593456983566284, 0.0, 0.9187967777252197, 0.6800615787506104, 0.09858772903680801, 0.02165737934410572, 0.8761155009269714, 0.07862406969070435, 2.4662930965423584, 0.0, 0.018710263073444366, 0.31605586409568787, 0.22143007814884186, 0.6813857555389404, 0.08423954993486404, 0.0, 0.0, 0.2719153165817261, 0.0, 0.09825464338064194, 0.12360753118991852, 3.2498667240142822, 2.480297565460205, 0.4646066129207611, 0.01932687498629093, 0.03798668459057808, 2.646909475326538, 0.20708414912223816, 0.02496968023478985, 0.1104356050491333, 1.0340338945388794, 0.0321461483836174, 0.19645845890045166, 0.169485405087471, 0.01400611363351345, 0.14387798309326172, 0.19434940814971924, 0.4253940284252167, 0.13773807883262634, 0.5180310010910034, 0.029889637604355812, 0.051219843327999115, 0.3179626762866974, 0.01203467883169651, 0.0900358185172081, 1.0523978471755981, 0.05337972193956375, 0.010019222274422646, 0.7745792865753174, 1.035463571548462, 2.106126070022583, 0.0, 2.3741021156311035, 0.03703727945685387, 0.31311851739883423, 0.0, 0.7252522110939026, 0.1570790410041809, 0.0, 0.0, 0.0013314047828316689, 0.0, 0.28828054666519165, 3.755364179611206, 0.9119884967803955, 0.3485240638256073, 0.04742417484521866, 1.516911268234253, 0.5439483523368835, 0.21040524542331696, 0.8292692303657532, 0.42071759700775146, 0.0, 0.11750148981809616, 0.6189729571342468, 0.20376858115196228, 1.105625033378601, 0.016359573230147362, 0.8505924940109253, 0.8122860789299011, 0.4473905861377716, 0.05613745003938675, 0.050996001809835434, 0.40962502360343933, 4.490089416503906, 0.05657059699296951, 0.009328185580670834, 0.34825149178504944, 0.05867239460349083, 0.0, 0.15504756569862366, 0.4183807373046875, 0.531082808971405, 1.6651266813278198, 0.2892150580883026, 0.07023821771144867, 0.2749258279800415, 0.7164624333381653, 0.60126131772995, 1.119033932685852, 0.05834485962986946, 0.09404882788658142, 0.9180187582969666, 0.39522022008895874, 0.8317863941192627, 2.371840238571167, 0.0, 0.10801220685243607, 0.11136145144701004, 0.4730505645275116, 1.4196369647979736, 0.7453056573867798, 0.08689574897289276, 0.011730726808309555, 0.2703288793563843, 0.20594362914562225, 0.1005583107471466, 0.18061722815036774, 0.040244393050670624, 0.09803834557533264, 1.0816502571105957, 0.9256920218467712, 0.35340750217437744, 0.5526911020278931, 0.3886352479457855, 0.0, 2.3772993087768555, 0.23393923044204712, 2.0070645809173584, 1.657090425491333, 0.6664543151855469, 0.0050332252867519855, 0.8624417185783386, 0.4129196107387543, 0.04391399770975113, 0.00815575011074543, 0.537785530090332, 0.4979935586452484, 0.337678998708725, 0.0, 0.7071813344955444, 0.018231423571705818, 0.0, 0.002342808060348034, 0.17638105154037476, 0.027759045362472534, 0.0, 0.22244948148727417, 2.215489387512207, 1.3883503675460815, 0.660090446472168, 0.287996768951416, 0.0, 0.026873813942074776, 0.8311118483543396, 0.0, 0.6703008413314819, 0.04386674612760544, 4.457214832305908, 0.6807540655136108, 0.0704292505979538, 0.0, 0.0169921163469553, 0.12295933067798615, 1.757955551147461, 0.0, 0.07601351290941238, 1.3345645666122437, 0.0, 0.08542504906654358, 0.09073962271213531, 3.4187018871307373, 0.0, 0.7174311280250549, 0.2553249001502991, 1.139053225517273, 0.5558971762657166, 2.1068058013916016, 0.005802310071885586, 0.0, 0.005210204981267452, 0.022987524047493935, 0.0053212083876132965, 0.04624096676707268, 0.6494847536087036, 2.352816581726074, 1.9123129844665527, 0.14022614061832428, 0.1910489946603775, 0.11941365152597427, 0.07769019901752472, 0.6620714068412781, 0.0, 0.02618246339261532, 0.30204376578330994, 0.0013368810759857297, 0.0058691357262432575, 0.07354077696800232, 0.022851798683404922, 0.16105395555496216, 0.19019150733947754, 0.36604204773902893, 0.07221023738384247, 0.05159851163625717, 0.14233899116516113, 0.0, 2.100294828414917, 0.3819403350353241, 0.07607753574848175, 0.30587393045425415, 0.33702516555786133, 6.61167049407959, 0.46274334192276, 0.0, 0.0, 0.0904984250664711, 0.011885051615536213, 0.7109384536743164, 0.4367498755455017, 0.6106194853782654, 1.167257308959961, 0.27584296464920044, 0.11445678025484085, 0.928564727306366, 0.0, 0.04784086346626282, 0.5897170901298523, 0.06102077290415764, 0.742103099822998, 0.989772617816925, 0.1300809234380722, 0.10967235267162323, 0.0, 0.5214793086051941, 0.036713190376758575, 0.0, 0.014577184803783894, 0.05574670061469078, 0.22094450891017914, 0.05004062503576279, 0.008412404917180538, 0.8658452033996582, 0.033441752195358276, 0.9231402277946472, 0.03368745371699333, 0.08140666037797928, 3.641584634780884, 0.02658577263355255, 0.3333001434803009, 2.00899600982666, 0.14748869836330414, 0.08647739887237549, 0.3683570623397827, 0.03142952919006348, 0.09248696267604828, 0.06757177412509918, 0.01785263791680336, 0.6127240657806396, 0.0902957171201706, 0.00593111477792263, 0.2950066924095154, 0.0, 0.2277439534664154, 0.0, 0.15866947174072266, 0.13985566794872284, 0.016570528969168663, 0.003749827854335308, 2.1545298099517822, 0.7566092610359192, 2.890601634979248, 0.0, 0.0, 0.8057504892349243, 0.9638400077819824, 0.023559127002954483, 0.8341397643089294, 1.9661202430725098, 0.11281678080558777, 0.5081942677497864, 0.0, 0.03832536190748215, 0.1590777188539505, 0.005398883949965239, 0.019005950540304184, 0.008686094544827938, 0.5994991660118103, 0.12368375062942505, 0.0, 0.32253018021583557, 0.11522010713815689, 0.31868472695350647, 0.0, 0.2539840638637543, 0.02076406218111515, 0.06441045552492142, 0.10458306968212128, 0.05568685755133629, 0.0, 2.198270797729492, 0.5253334045410156, 0.2697673439979553, 0.022147223353385925, 0.0, 0.0040907906368374825, 0.3249453008174896, 0.2421867996454239, 1.2304943799972534, 0.17166101932525635, 1.005347728729248, 0.11784886568784714, 0.003319835290312767, 0.0, 1.9404231309890747, 0.0, 0.2314058095216751, 0.0, 0.018328173086047173, 0.5076805353164673, 0.034271106123924255, 0.13754640519618988, 0.31943950057029724, 0.6124754548072815, 0.7314003705978394, 0.19226545095443726, 0.0, 2.7835350036621094, 0.0, 0.023013051599264145, 0.02364834025502205, 0.06824249029159546, 0.011821756139397621, 0.16867350041866302, 0.04862532764673233, 0.0, 0.015478146262466908, 0.0, 0.0, 0.06829150766134262, 0.0, 0.040097858756780624, 0.04635963588953018, 2.3488125801086426, 0.21844948828220367, 0.42822617292404175, 0.03305386006832123, 2.2825112342834473, 1.5587122440338135, 0.08554957062005997, 0.5267907977104187, 1.0424792766571045, 0.005794396158307791, 0.5559445023536682, 0.03678642585873604, 0.5241239070892334, 2.5480310916900635, 0.2284613698720932, 0.02775740623474121, 0.01825168915092945, 0.08227013796567917, 0.23407071828842163, 1.1084908246994019, 0.1316881775856018, 0.73842853307724, 0.0, 0.001487649162299931, 0.6775201559066772, 0.4979039430618286, 0.022846626117825508, 0.09181105345487595, 0.0019145474070683122, 0.0, 0.5064961314201355, 0.1836949586868286, 0.0646970197558403, 0.8028930425643921, 0.05676466226577759, 0.8667890429496765, 0.02847112901508808, 0.0, 0.2101760059595108, 0.12153982371091843, 0.022782588377594948, 0.02347058244049549, 1.2184555530548096, 0.013876749202609062, 0.2729899287223816, 0.09413792937994003, 0.09779870510101318, 0.32540154457092285, 0.17732831835746765, 0.1882057934999466, 0.25490105152130127, 0.0, 0.0, 0.5237576365470886, 0.03882898762822151, 0.011235672980546951, 1.9265671968460083, 2.9128940105438232, 0.4259132742881775, 0.13655540347099304, 0.0, 0.509076714515686, 0.04192717373371124, 0.08297262340784073, 0.45904842019081116, 0.0, 0.7905867695808411, 0.32451701164245605, 0.12899218499660492, 0.5489307045936584, 0.9193427562713623, 3.3783113956451416, 0.15241914987564087, 0.08686120063066483, 1.0507878065109253, 0.18237519264221191, 0.01908966898918152, 0.0, 0.05105920881032944, 0.13160274922847748, 2.0308799743652344, 0.05922612547874451, 0.09060954302549362, 1.1875149011611938, 0.0, 0.1900649517774582, 0.1659904271364212, 1.2367476224899292, 2.2712790966033936, 0.03172628581523895, 0.02048986218869686, 0.0, 0.015479136258363724, 0.0687234029173851, 3.0578837394714355, 0.06355281919240952, 0.005775787401944399, 0.16378633677959442, 0.0, 0.27121779322624207, 0.0030414084903895855, 0.04789704829454422, 0.19807566702365875, 0.4408852756023407, 0.02169688791036606, 0.055081382393836975, 0.1700878143310547, 0.08649888634681702, 0.13438081741333008, 0.1091860756278038, 0.28645551204681396, 0.3498721122741699, 0.6506231427192688, 0.2381829023361206, 0.16817650198936462, 0.41696181893348694, 0.09536612778902054, 0.0, 0.3124535083770752, 0.0, 0.7147138118743896, 0.7013034224510193, 0.036296818405389786, 0.49154210090637207, 0.0, 0.02110946923494339, 0.4016337990760803, 0.011392184533178806, 0.05956488102674484, 0.4421108365058899, 0.0, 1.1315118074417114, 0.09555873274803162, 2.2941744327545166, 0.016439834609627724, 0.0, 0.05470171570777893, 0.015447675250470638, 0.1663074940443039, 0.1963026076555252, 0.0, 0.41478636860847473, 1.9994739294052124, 0.028725720942020416, 0.2570958435535431, 0.0, 0.017732683569192886, 0.0, 0.7009391188621521, 0.0750163272023201, 0.17160263657569885, 0.6245887875556946, 0.05045818164944649, 0.21881935000419617, 2.4763271808624268, 0.051678016781806946, 0.25169724225997925, 0.05913887545466423, 0.0, 1.4038196802139282, 0.015650520101189613, 0.01348808966577053, 0.059668608009815216, 0.2040708363056183, 0.11437702178955078, 0.017454518005251884, 0.40748852491378784, 0.6795271039009094, 0.0, 0.005354156251996756, 0.24706536531448364, 0.023109324276447296, 0.0, 0.1017129048705101, 0.22039157152175903, 0.17811319231987, 0.0011847189161926508, 0.05184849351644516, 0.17824402451515198, 0.3345034420490265, 0.058781176805496216, 0.029041534289717674, 0.0, 0.0, 0.020136190578341484, 0.2549761235713959, 0.04436904564499855, 0.5854294300079346, 0.5407996773719788, 0.30586445331573486, 1.4067449569702148, 0.40154510736465454, 0.501277506351471, 0.10373547673225403, 0.05223001167178154, 0.1181006208062172, 0.49667826294898987, 0.21566808223724365, 0.18403270840644836, 0.07048772275447845, 0.2528197169303894, 0.031063079833984375, 0.5862827897071838, 0.4312323033809662, 2.481466770172119, 0.08178243786096573, 0.30987900495529175, 0.4614798426628113, 0.0015814523212611675, 1.2084544897079468, 1.7982600927352905, 0.012936319224536419, 1.216374397277832, 0.8194634318351746, 0.0, 0.38824236392974854, 0.0, 0.003730297088623047, 0.0, 0.12841568887233734, 0.42156749963760376, 0.1235133484005928, 0.021360021084547043, 0.8048257827758789, 0.0, 0.01823136769235134, 0.0, 0.16444019973278046, 0.23044434189796448, 0.06019230931997299, 0.0, 0.0, 0.09508775174617767, 4.637386322021484, 0.20052564144134521, 0.09992065280675888, 0.14256274700164795, 0.014073943719267845, 0.4283819794654846, 0.1856757551431656, 0.3002358376979828, 0.3661215007305145, 0.7995505928993225, 0.7142563462257385, 0.0039711096324026585, 0.1993096023797989, 0.22424864768981934, 0.05329465866088867, 0.08703719079494476, 0.04595310986042023, 0.0635901615023613, 0.8536617755889893, 0.6793092489242554, 0.026990583166480064, 0.16309380531311035, 0.0, 1.6541835069656372, 0.0, 0.021778162568807602, 0.18063358962535858, 0.09799906611442566, 0.03676600009202957, 0.30577903985977173, 0.8904610276222229, 0.16729581356048584, 0.07851181924343109, 1.1296124458312988, 2.3541643619537354, 0.2311401218175888, 0.16868343949317932, 0.03663488104939461, 0.09125891327857971, 0.0, 0.04983924701809883, 0.07975248247385025, 0.0, 0.20961323380470276, 0.5288121104240417, 0.06428166478872299, 0.7491625547409058, 0.12241262197494507, 0.507836639881134, 1.0234788656234741, 0.06781578063964844, 0.030247686430811882, 0.3340597450733185, 0.011787799187004566, 0.3567247688770294, 0.4811438322067261, 0.39223363995552063, 0.04142788052558899, 0.057598620653152466, 0.18152466416358948, 0.023731231689453125, 0.21158744394779205, 0.0, 0.13963210582733154, 2.944448471069336, 0.0084427110850811, 0.00010664365981938317, 1.4988576173782349, 0.23258528113365173, 0.15100617706775665, 1.6386455297470093, 0.0, 0.0, 0.36164218187332153, 0.2550879418849945, 0.3406297266483307, 2.287795305252075, 0.7874290943145752, 0.00042303241207264364, 0.007082012016326189, 0.03185662999749184, 0.7953117489814758, 0.5064589977264404, 0.4554331600666046, 0.058620553463697433, 0.3717493414878845, 0.7565231323242188, 1.87578284740448, 0.3630576729774475, 0.11091349273920059, 0.029744474217295647, 0.06715106219053268, 0.009454512968659401, 0.0, 0.0, 0.3593001365661621, 0.708091139793396, 0.03484862297773361, 0.17939871549606323, 0.29321160912513733, 0.42583295702934265, 0.012050132267177105, 0.11181025952100754, 0.5180680155754089, 0.029470127075910568, 0.4509485960006714, 2.990675210952759, 0.0, 0.15656498074531555, 0.0946948379278183, 0.0, 0.008216687478125095, 1.9434653520584106, 0.0, 0.007849717512726784, 0.25344234704971313, 1.8729491233825684, 0.04592492803931236, 0.09921227395534515, 1.4078826904296875, 0.3383418917655945, 1.8476754426956177, 0.0, 0.2608104944229126, 0.1447647213935852, 0.040948785841464996, 0.006140061654150486, 0.22993619740009308, 0.4299803078174591, 0.0, 0.18025004863739014, 0.0, 2.4605979919433594, 0.06876484304666519, 1.0360755920410156, 0.0, 0.11502548307180405, 0.11420662701129913, 0.02634696662425995, 0.21733899414539337, 0.0, 5.967467784881592, 1.58967125415802, 0.10491659492254257, 0.1708574742078781, 0.013918585143983364, 0.0, 1.2308752536773682, 0.9053581357002258, 0.029091443866491318, 0.38238415122032166, 0.4409993588924408, 0.0, 0.2241644561290741, 0.3487950265407562, 0.17049528658390045, 0.05324859917163849, 0.0, 0.0, 0.09203049540519714, 0.0, 0.0377487987279892, 0.0, 0.0, 2.7124907970428467, 0.46088993549346924, 0.13196924328804016, 0.147673562169075, 0.9389030337333679, 0.23047210276126862, 0.7718249559402466, 1.2149025201797485, 0.0, 0.2097206711769104, 1.1519625186920166, 0.4065425395965576, 0.006919522769749165, 0.5975697636604309, 0.19087274372577667, 0.0013928437838330865, 0.3294356167316437, 0.3276861011981964, 0.4308108389377594, 0.019117869436740875, 0.8737490773200989, 0.2611042857170105, 0.5474815964698792, 0.22943590581417084, 0.0, 0.0, 0.3359537720680237, 0.39780059456825256, 0.23593024909496307, 0.266844779253006, 0.03378123790025711, 0.8738609552383423, 1.2849249839782715, 0.0, 0.02030716836452484, 0.0, 0.3139401376247406, 0.606785774230957, 0.01338899414986372, 0.0, 0.0, 0.7907017469406128, 0.14621788263320923, 0.16733214259147644, 0.0, 2.1551713943481445, 0.0, 0.2630239725112915, 0.7396613955497742, 0.1951885223388672, 0.0, 0.42580854892730713, 0.10045240074396133, 0.09781500697135925, 0.37171754240989685, 0.13047796487808228, 0.5560617446899414, 0.0, 0.0, 0.14050576090812683, 0.0, 0.006663161795586348, 0.03540266677737236, 1.0967004299163818, 0.026473458856344223, 0.025460349395871162, 0.8986483216285706, 2.433703899383545, 2.669149875640869, 0.07703988254070282, 1.1637353897094727, 0.48960673809051514, 0.0, 0.2425820529460907, 0.9715055227279663, 1.3030891418457031, 0.2589206397533417, 2.6426937580108643, 0.48951494693756104, 2.7361695766448975, 0.05514182522892952, 2.018392562866211, 0.3511890769004822, 0.0, 0.10542942583560944, 0.0, 0.065651535987854, 0.38936465978622437, 0.0, 0.0, 0.2885472774505615, 0.06563910841941833, 0.014702072367072105, 0.0, 0.7912747859954834, 0.0014519740361720324, 0.31362855434417725, 1.5890264511108398, 0.12434752285480499, 1.9861879348754883, 0.44706475734710693, 0.002495171967893839, 1.5699213743209839, 0.9028620719909668, 0.6854339241981506, 0.13152863085269928, 3.0109944343566895, 1.3168816566467285, 0.3344944417476654, 0.0, 0.4879952669143677, 1.6567538976669312, 0.14344006776809692, 0.0, 1.7536901235580444, 0.12429875880479813, 1.236148476600647, 0.504340648651123, 0.03213001415133476, 0.004433777648955584, 0.13291369378566742, 0.16265137493610382, 0.0005095297237858176, 0.04470574110746384, 0.006362204439938068, 0.0, 3.782200336456299, 0.20364989340305328, 0.4227598011493683, 0.09624134749174118, 0.0, 0.7378047108650208, 2.2958431243896484, 0.32332417368888855, 0.0, 0.030719198286533356, 0.04666384309530258, 0.002669848967343569, 0.0, 0.25757309794425964, 0.0, 0.03121458925306797, 0.11389611661434174, 0.7166089415550232, 0.0, 0.0, 0.5030074715614319, 0.0057751452550292015, 0.10223712027072906, 0.08909353613853455, 0.20832909643650055, 0.26328858733177185, 0.01777373068034649, 1.3474631309509277, 0.2498876005411148, 0.5367637276649475, 0.06732769310474396, 0.4985419809818268, 0.6009443402290344, 0.04585009813308716, 3.3759889602661133, 0.06961508840322495, 0.02126494236290455, 0.20178502798080444, 0.023215128108859062, 0.06190045177936554, 0.2624374032020569, 0.1674232929944992, 0.012365149334073067, 0.0, 0.8182207942008972, 0.06742306053638458, 0.0, 0.1194949671626091, 0.27160951495170593, 1.071550965309143, 1.640616774559021, 0.02350487932562828, 0.5527253150939941, 0.3181610107421875, 0.12282279878854752, 0.4423072934150696, 0.17089207470417023, 0.01381075382232666, 0.01563478447496891, 0.09207411110401154, 0.0, 0.07099243998527527, 0.1192176416516304, 1.1695637702941895, 0.042931411415338516, 0.3884774446487427, 0.3551616370677948, 0.0, 0.007368574384599924, 0.005752947647124529, 0.3706934452056885, 0.5318445563316345, 0.0, 0.6271461844444275, 0.0, 0.23108069598674774, 0.007055467460304499, 0.21827565133571625, 1.5320582389831543, 0.18593837320804596, 1.3986804485321045, 0.0034203846007585526, 0.06267920136451721, 0.400000661611557, 0.20116373896598816, 0.07865834981203079, 0.46359238028526306, 0.09749942272901535, 0.36655575037002563, 0.34175533056259155, 0.1316111981868744, 0.0018859177362173796, 0.048163075000047684, 0.18947511911392212, 0.0, 0.04061173275113106, 0.013718152418732643, 0.03885716199874878, 0.10256125777959824, 0.9003539681434631, 0.8402557373046875, 0.17849214375019073, 0.10188929736614227, 0.5821914672851562, 3.7030861377716064, 0.0, 0.0, 0.0, 1.082777738571167, 0.07197535783052444, 0.06157055124640465, 0.07165699452161789, 0.48075228929519653, 0.6424616575241089, 0.647182285785675, 0.7547273635864258, 0.06752709299325943, 0.20774000883102417, 0.42868945002555847, 1.4927353858947754, 0.3531756103038788, 0.0341951884329319, 0.30520448088645935, 0.033504847437143326, 0.0, 2.503848075866699, 0.6793233156204224, 0.0, 0.4347040355205536, 2.8258445262908936, 0.18040746450424194, 0.022381236776709557, 0.0, 0.0, 0.08819465339183807, 0.0, 0.4778268039226532, 0.3195960819721222, 0.005386630073189735, 0.19693881273269653, 0.09528321772813797, 0.1542256623506546, 1.4495594501495361, 0.9919695258140564, 0.4294905662536621, 0.07597734034061432, 0.02950635924935341, 0.023215843364596367, 0.21262989938259125, 0.48572206497192383, 0.0031732344068586826, 0.0, 0.6214755177497864, 0.5790636539459229, 0.0, 0.33229967951774597, 0.0, 0.008199424482882023, 0.0629584938287735, 0.02746572531759739, 0.1455116719007492, 0.0, 1.257974624633789, 0.0, 0.689873993396759, 1.302583932876587, 0.0, 0.04754134640097618, 0.7084547281265259, 0.03849172964692116, 0.0, 0.0, 0.3606720268726349, 0.4857746958732605, 0.0, 0.7157855033874512, 0.0, 0.3731658458709717, 0.6284966468811035, 0.5236726999282837, 0.8402049541473389, 0.019205117598176003, 0.5616356730461121, 0.4932992160320282, 0.7585892081260681, 0.0, 0.0, 0.196173295378685, 0.15780723094940186, 0.01591108739376068, 0.10833750665187836, 0.10750407725572586, 0.018513096496462822, 0.061116017401218414, 0.2951167821884155, 0.023495834320783615, 0.008607316762208939, 0.854144811630249, 0.1545378863811493, 0.8281263113021851, 0.1118057370185852, 0.026873741298913956, 0.030776789411902428, 0.06943312287330627, 0.05589566007256508, 0.20094217360019684, 0.22889015078544617, 0.6050158739089966, 0.0254950113594532, 2.439951181411743, 0.0, 0.3813413381576538, 1.4474499225616455, 0.03110773302614689, 1.4682730436325073, 2.039012908935547, 3.213278293609619, 0.009260104969143867, 0.0, 0.0, 0.14939922094345093, 0.11214768886566162, 0.040015798062086105, 0.2056131511926651, 0.45071038603782654, 0.11906392127275467, 0.6037839651107788, 0.13481734693050385, 0.0, 0.0, 0.0849803239107132, 0.7874824404716492, 0.10172754526138306, 0.14875848591327667, 0.896028459072113, 0.0, 0.11633164435625076, 0.0, 0.16655360162258148, 0.019553253427147865, 0.9638668894767761, 0.0656990110874176, 0.017940908670425415, 1.2218616008758545, 0.38610053062438965, 0.0, 1.2243460416793823, 0.21860434114933014, 0.02217174507677555, 0.08265794068574905, 0.08530285954475403, 0.0, 0.004034909885376692, 1.572530746459961, 2.5995373725891113, 0.48639196157455444, 0.0, 0.0, 0.0, 0.0, 0.853521466255188, 0.03912109136581421, 0.20503129065036774, 0.0, 0.4579539895057678, 1.2344077825546265, 0.06075901538133621, 0.5761063098907471, 0.06402517855167389, 0.7215397357940674, 0.10776916891336441, 0.0973634123802185, 0.17698393762111664, 0.0, 0.059388481080532074, 0.018979888409376144, 0.0, 1.7129385471343994, 0.0656561478972435, 0.16952158510684967, 0.0964355543255806, 0.04218924790620804, 0.0004432931309565902, 0.7983938455581665, 0.09508790820837021, 0.0, 0.25360289216041565, 0.3287636935710907, 0.03147915005683899, 0.02412646822631359, 0.055543433874845505, 0.4928089380264282, 1.093997597694397, 0.08680830150842667, 0.20112405717372894, 0.8981569409370422, 0.03502005711197853, 1.8575667142868042, 0.0, 5.809293746948242, 0.06188282370567322, 0.09068726748228073, 0.4352867305278778, 0.7912852764129639, 0.002905813977122307, 0.2920624613761902, 0.7751908302307129, 0.0, 0.41123121976852417, 0.0, 1.7039827108383179, 0.05712945759296417, 0.0, 0.004436828661710024, 0.3436114192008972, 0.055778976529836655, 0.05531829595565796, 0.01136117521673441, 0.002067731460556388, 0.11850648373365402, 0.34263741970062256, 0.0, 0.03812941163778305, 0.046914197504520416, 0.1617128998041153, 0.04402127116918564, 0.8912032842636108, 0.3335992395877838, 0.0074470434337854385, 0.012119377963244915, 0.1471555233001709, 0.158516526222229, 0.1911860853433609, 0.3344530761241913, 0.0, 0.14209452271461487, 0.9331089854240417, 0.016556307673454285, 0.25405043363571167, 0.001086877309717238, 0.01211125310510397, 1.1115347146987915, 0.39708298444747925, 0.16031603515148163, 0.4285367727279663, 0.38341009616851807, 0.01357943657785654, 0.1886211335659027, 0.29325294494628906, 1.0001825094223022, 0.009813331067562103, 0.5880188941955566, 0.3829345703125, 0.21220789849758148, 0.0, 0.0351480171084404, 0.9953371286392212, 0.036984678357839584, 0.38726234436035156, 0.012826584279537201, 0.09121590852737427, 2.1393561363220215, 0.19189581274986267, 0.0, 0.007300102151930332, 0.13092140853405, 0.014526990242302418, 0.002564644441008568, 0.07498691231012344, 3.3133585453033447, 0.5325499773025513, 0.06796833127737045, 0.46139416098594666, 1.8246067762374878, 0.1003553718328476, 0.03388803452253342, 1.0370979309082031, 0.16499324142932892, 0.0, 0.16498203575611115, 0.4001164436340332, 0.0, 0.03310586139559746, 0.24006430804729462, 0.4959378242492676, 0.0282598864287138, 0.3106781244277954, 0.020230641588568687, 0.02510821633040905, 0.06419007480144501, 0.6484764218330383, 0.94717937707901, 0.0, 0.6743919253349304, 0.5589380264282227, 0.0, 0.1038154810667038, 0.0074135479517281055, 0.0, 0.057266756892204285, 0.06551220268011093, 0.05359158292412758, 0.2328917235136032, 0.3120003640651703, 4.271563529968262, 0.0004082893719896674, 0.08744776248931885, 0.7998049855232239, 0.13490106165409088, 0.02906876616179943, 0.0, 0.04583263024687767, 0.009237890131771564, 0.02816195785999298, 0.010231300257146358, 0.864001989364624, 0.012234278954565525, 0.41107168793678284, 0.03842387720942497, 0.0, 0.0, 2.110480308532715, 0.35339558124542236, 1.2996941804885864, 0.06512945145368576, 0.15242443978786469, 0.12595972418785095, 1.0593287944793701, 0.09454990923404694, 0.6862773299217224, 0.007676688954234123, 0.011282429099082947, 0.13740698993206024, 0.38010066747665405, 1.8005201816558838, 0.0, 0.33836743235588074, 0.0, 0.0982930138707161, 0.0, 0.1094137579202652, 0.2584221363067627, 0.5214879512786865, 0.1470635086297989, 0.038568977266550064, 0.29995012283325195, 0.05770429968833923, 0.0, 0.7318150997161865, 0.6719703078269958, 0.029770685359835625, 0.011869044043123722, 1.8641571998596191, 0.0, 0.0, 1.0365300178527832, 0.03943212330341339, 0.5249603986740112, 0.026834998279809952, 0.08823052048683167, 0.11337881535291672, 0.0, 0.5060843825340271, 0.0036027480382472277, 1.303274154663086, 0.7764742970466614, 0.3831239342689514, 0.49105343222618103, 0.0004922370426356792, 0.05711501091718674, 0.008851161226630211, 0.012821455486118793, 0.05407851189374924, 0.856367290019989, 0.6651336550712585, 1.503461241722107, 0.0786663293838501, 1.2153500318527222, 0.008721660822629929, 0.7991474866867065, 0.026441143825650215, 4.484882354736328, 0.05161537975072861, 2.839305877685547, 0.0, 0.3467520475387573, 0.22390520572662354, 0.39379018545150757, 2.4992458820343018, 0.45062196254730225, 0.191083163022995, 0.5735396146774292, 0.0, 0.15937016904354095, 0.2204849123954773, 0.15460200607776642, 0.9660789370536804, 0.8329190611839294, 0.14795947074890137, 0.01410573348402977, 0.013360465876758099, 0.0, 0.6005425453186035, 0.043964337557554245, 1.8020848035812378, 0.003925963304936886, 0.01609991490840912, 0.1213635802268982, 1.1523778438568115, 0.3468332886695862, 0.018197422847151756, 0.013340171426534653, 0.8959124088287354, 0.027558550238609314, 0.17206937074661255, 0.0, 0.2820478081703186, 0.0499582402408123, 0.06882119178771973, 0.06798971444368362, 0.14005614817142487, 0.0, 0.0018211384303867817, 3.2833712100982666, 1.0990958213806152]",Testing/glioma_tumor/image(20).jpg
"[0.7088752388954163, 0.6642941236495972, 0.0, 0.11010582745075226, 0.808769702911377, 0.14323775470256805, 0.12100842595100403, 0.3198382258415222, 0.0, 0.0, 0.03640981763601303, 0.0, 0.7246467471122742, 1.1626614332199097, 0.2998109459877014, 0.013292662799358368, 0.04684653505682945, 0.0834508016705513, 0.5188137888908386, 0.33962178230285645, 0.38135653734207153, 2.4495902061462402, 0.0995415598154068, 0.2971210181713104, 0.6895444393157959, 0.03322777524590492, 2.983534812927246, 0.13400636613368988, 0.04295140877366066, 0.07159622758626938, 0.3650999665260315, 0.07256943732500076, 0.794177770614624, 0.7933062314987183, 0.02856917679309845, 0.3840201199054718, 0.003338877111673355, 0.12873050570487976, 0.0, 0.0, 0.6737381815910339, 0.4880025386810303, 0.18808357417583466, 0.006261030212044716, 0.11159400641918182, 0.08589966595172882, 0.021391090005636215, 0.0, 0.025864990428090096, 0.6222689151763916, 3.709054470062256, 0.6844446659088135, 1.1282422542572021, 0.26227205991744995, 1.4867936372756958, 2.2619144916534424, 0.6179433465003967, 0.014434748329222202, 0.4047525227069855, 0.028924694284796715, 0.1320904940366745, 0.465200275182724, 0.0856085792183876, 1.9893962144851685, 0.14770478010177612, 0.00336758466437459, 0.5181367993354797, 0.039511583745479584, 0.15948784351348877, 0.057365451008081436, 0.05689625442028046, 0.032753992825746536, 0.06586767733097076, 2.415807008743286, 2.784982204437256, 0.05313791707158089, 1.8807621002197266, 0.0, 0.0, 0.7665557265281677, 0.08849869668483734, 0.24889424443244934, 2.989867925643921, 0.09831982851028442, 0.7590544819831848, 0.036298517137765884, 3.1990268230438232, 0.1150505319237709, 0.22470244765281677, 0.15839853882789612, 0.33353206515312195, 0.2711679935455322, 0.38914528489112854, 2.488945245742798, 0.09651774168014526, 0.0, 0.25150156021118164, 0.17587605118751526, 0.1777867078781128, 0.12459538877010345, 0.2786465585231781, 0.6180354356765747, 0.14778105914592743, 0.004964862484484911, 1.4729589223861694, 0.17805224657058716, 0.579139232635498, 2.047415256500244, 0.1014285683631897, 0.9740574955940247, 0.2128937840461731, 0.30170735716819763, 0.09971770644187927, 0.059510521590709686, 0.4173697233200073, 0.0995233878493309, 0.7719289660453796, 2.2905046939849854, 0.32724064588546753, 0.032151494175195694, 0.006769659463316202, 0.08100595325231552, 0.04572348669171333, 0.0, 1.7443561553955078, 0.6656867861747742, 0.04253756254911423, 0.29032737016677856, 2.2566850185394287, 0.016858158633112907, 0.02097984217107296, 1.2488869428634644, 0.3353501558303833, 0.6721814870834351, 0.013271944597363472, 2.832298517227173, 0.012248029932379723, 0.0, 0.01662030816078186, 0.3548496663570404, 0.020821182057261467, 0.21560904383659363, 0.0, 0.0, 0.0, 0.0, 0.2566746771335602, 3.4395029544830322, 0.2575400471687317, 0.011658119037747383, 1.1004307270050049, 1.0348353385925293, 0.0691705271601677, 0.0330582819879055, 0.0884389653801918, 0.2580873370170593, 0.03350435569882393, 0.0, 1.8816592693328857, 0.02620416320860386, 0.15447264909744263, 1.245811104774475, 0.0, 0.0, 0.0, 0.45383572578430176, 0.987657904624939, 0.0, 0.12042483687400818, 6.147533893585205, 1.3173010349273682, 0.18107441067695618, 0.20850726962089539, 0.0017438908107578754, 5.117090702056885, 0.02087685838341713, 0.12695220112800598, 0.12247329205274582, 0.05310739949345589, 1.3018614053726196, 0.1449281871318817, 0.0, 0.3102732300758362, 0.009977268055081367, 1.1571295261383057, 0.4800633490085602, 0.5104552507400513, 0.4693298637866974, 0.5289193987846375, 0.11369292438030243, 0.0, 0.10296780616044998, 0.06528735160827637, 0.0, 0.0, 0.4921996593475342, 0.11250651627779007, 0.42445358633995056, 0.0, 0.3729204535484314, 0.5887582898139954, 0.42670202255249023, 0.3681682348251343, 0.263365775346756, 0.1290360987186432, 0.00641630357131362, 0.0, 0.06390375643968582, 0.06253476440906525, 0.595329225063324, 0.9394596815109253, 1.0630199909210205, 0.0, 0.05297539755702019, 0.06979300826787949, 0.21480819582939148, 0.05835997685790062, 0.0024597595911473036, 0.3480069935321808, 0.08505048602819443, 0.013012101873755455, 0.005496256053447723, 1.037034034729004, 0.084568090736866, 0.0, 1.5259997844696045, 0.015959301963448524, 0.06459375470876694, 1.5312306880950928, 1.1448907852172852, 0.26449352502822876, 0.4608616828918457, 0.17064763605594635, 0.1500059962272644, 3.3720273971557617, 0.21578443050384521, 0.0, 0.09814484417438507, 0.0037412133533507586, 1.0674450397491455, 0.3438660800457001, 0.19459140300750732, 2.1664161682128906, 0.28689858317375183, 0.1329822689294815, 0.0904797837138176, 0.0, 0.6733772158622742, 0.08034466207027435, 1.1276607513427734, 1.4477473497390747, 0.0, 0.3706384003162384, 0.2619285583496094, 0.02083626389503479, 0.21016453206539154, 0.0, 0.6500515937805176, 0.0, 1.2673743963241577, 0.0, 0.008582579903304577, 0.17766831815242767, 0.13798104226589203, 0.0, 0.037764161825180054, 0.19333897531032562, 0.0, 0.0, 0.016230227425694466, 0.6485655903816223, 0.5997723340988159, 0.4379003047943115, 0.0, 4.1369829177856445, 0.39121729135513306, 0.4004318118095398, 1.507285237312317, 0.7096996903419495, 0.0, 1.3932247161865234, 1.0866503715515137, 3.249425172805786, 0.14710184931755066, 0.0, 1.499035120010376, 0.13484299182891846, 0.12371236085891724, 0.11427982151508331, 0.1283484697341919, 0.272586464881897, 0.40064355731010437, 0.49027392268180847, 0.0, 0.9355288147926331, 0.8864439129829407, 0.25132665038108826, 0.14125956594944, 0.31719890236854553, 0.0, 0.06821529567241669, 0.0533071868121624, 3.868100643157959, 0.21437326073646545, 1.2690107822418213, 0.4170379936695099, 0.0, 0.8389129042625427, 0.07401673495769501, 0.0459321029484272, 0.002215190790593624, 0.49821901321411133, 0.24634139239788055, 0.038868777453899384, 1.0608088970184326, 0.0, 0.4723920226097107, 0.09968152642250061, 0.0, 0.18353833258152008, 0.16654200851917267, 0.03934035077691078, 0.09444502741098404, 0.0, 0.0, 0.1562865972518921, 0.9726572036743164, 0.2075887769460678, 1.9308780431747437, 0.023013576865196228, 0.06004299595952034, 0.0, 0.2543836534023285, 0.0, 0.0, 0.019708301872015, 0.037574462592601776, 0.8833150863647461, 1.279255747795105, 0.23235327005386353, 0.0, 0.12740054726600647, 0.08466275036334991, 0.2259412258863449, 0.0, 0.4022413492202759, 0.11951162666082382, 0.15129506587982178, 0.018347973003983498, 1.4596830606460571, 0.06068809702992439, 0.0, 0.13487374782562256, 0.0, 0.013085535727441311, 0.12940241396427155, 0.06874166429042816, 0.49551355838775635, 0.32611775398254395, 0.6230166554450989, 0.3567681610584259, 1.0974538326263428, 0.29606515169143677, 0.14490869641304016, 0.0903719887137413, 0.04812261089682579, 0.09380826354026794, 0.0, 1.3406000137329102, 0.047109685838222504, 0.027224969118833542, 0.0, 1.9218817949295044, 2.2139346599578857, 0.11823807656764984, 0.006134977098554373, 3.004695415496826, 0.4043949246406555, 0.0, 0.0, 0.1980021744966507, 0.11021929979324341, 0.0, 0.055456988513469696, 0.054065216332674026, 0.5839046239852905, 0.21678218245506287, 0.002218835288658738, 0.0, 0.004319375846534967, 0.0, 0.0045079016126692295, 0.0, 0.3552965521812439, 0.5489460825920105, 2.505021810531616, 0.059340376406908035, 0.3060789108276367, 0.0, 0.0, 0.4279792904853821, 0.0273030623793602, 0.01947755180299282, 0.2338825911283493, 0.2420094609260559, 1.7611384391784668, 0.13710463047027588, 0.2633642852306366, 0.11529556661844254, 0.3088587820529938, 0.1741051822900772, 0.005446074064821005, 0.22457148134708405, 0.14091739058494568, 0.27161163091659546, 2.2695698738098145, 0.0, 0.0974736139178276, 0.0007732450030744076, 0.19308032095432281, 0.17664703726768494, 0.08757733553647995, 0.0143426563590765, 0.4274047017097473, 0.09066765010356903, 0.0, 0.026468295603990555, 0.12564875185489655, 0.0, 0.0, 0.24577313661575317, 0.2147471010684967, 0.6201289296150208, 0.2202674150466919, 0.7474855780601501, 1.4276113510131836, 0.0034515566658228636, 3.5507473945617676, 0.2607980966567993, 0.5014539957046509, 0.07635144144296646, 0.0, 0.6013729572296143, 0.026854874566197395, 0.22848299145698547, 0.025692464783787727, 0.0, 0.7833801507949829, 0.046703778207302094, 0.01959085278213024, 1.1627497673034668, 0.0, 0.1555490642786026, 0.0, 0.0, 0.6122583150863647, 0.5267764329910278, 1.8810149431228638, 0.06817902624607086, 0.7406759262084961, 0.0, 0.6733131408691406, 0.46131134033203125, 0.055264681577682495, 0.10341144353151321, 0.0523376427590847, 0.28341996669769287, 0.212154820561409, 0.0014180286088958383, 0.6820823550224304, 0.0952751487493515, 0.20023949444293976, 0.7108829021453857, 0.10575306415557861, 0.22972869873046875, 0.03820142149925232, 0.0054381913505494595, 0.0, 0.15826591849327087, 0.4227396845817566, 0.44907146692276, 0.0, 0.608284056186676, 0.09009788185358047, 0.04155753180384636, 0.6172242760658264, 0.0, 0.0, 0.35689815878868103, 0.2059812694787979, 1.467952013015747, 1.0046652555465698, 0.317889004945755, 0.0, 0.5832780599594116, 0.07426383346319199, 0.726923406124115, 0.040721289813518524, 0.27173444628715515, 1.5619802474975586, 0.8725072145462036, 0.0, 0.018225640058517456, 6.4716973304748535, 0.5458391308784485, 0.18140418827533722, 0.0, 0.22048884630203247, 0.23340167105197906, 0.0, 0.0, 0.07548744976520538, 0.033775631338357925, 0.29848790168762207, 0.009540504775941372, 0.03880615532398224, 0.20458582043647766, 0.0370551235973835, 0.24695785343647003, 0.10324288159608841, 0.0, 0.10412129759788513, 0.11679401993751526, 0.5325124859809875, 0.0, 0.07796041667461395, 0.0, 0.0, 0.3732573986053467, 0.9576036334037781, 0.04645159840583801, 0.660875678062439, 0.4325542747974396, 3.1695637702941895, 0.0, 0.798866868019104, 0.2932801842689514, 0.18930977582931519, 0.5819320678710938, 0.5100507736206055, 0.0, 0.270008385181427, 0.778387725353241, 0.433885782957077, 0.6213056445121765, 0.08171114325523376, 0.0, 0.38520681858062744, 0.05615871399641037, 0.0, 0.3551994562149048, 0.8146423697471619, 0.446773499250412, 0.14177514612674713, 2.6182973384857178, 4.505542278289795, 0.055668897926807404, 0.0, 0.02541191875934601, 0.9708561897277832, 1.9927363395690918, 0.9491328001022339, 0.02190368063747883, 0.0376187264919281, 0.002518797293305397, 0.034482572227716446, 0.7853615283966064, 0.044105127453804016, 1.2860838174819946, 0.058015111833810806, 3.0319762229919434, 0.0985247865319252, 1.4345459938049316, 0.0, 0.02922005020081997, 2.137211322784424, 0.30133485794067383, 1.6826645135879517, 0.0953877866268158, 0.14946624636650085, 0.5665766000747681, 0.0, 0.5909265279769897, 0.1571035534143448, 0.0, 0.157548189163208, 0.023694703355431557, 0.2728607654571533, 0.6818667054176331, 0.0, 0.005757458508014679, 0.0, 0.4848348796367645, 0.003911242354661226, 0.055305127054452896, 0.34074246883392334, 0.7963991165161133, 0.0, 0.01422847993671894, 0.16690599918365479, 0.2749386131763458, 0.019642509520053864, 3.685415506362915, 0.13995146751403809, 0.0, 0.0, 0.07968733459711075, 0.178396075963974, 0.14757795631885529, 1.7085448503494263, 0.0, 0.023536808788776398, 0.04981004819273949, 1.6941379308700562, 0.07263737916946411, 0.0, 0.0, 0.17739619314670563, 0.0, 0.06379339098930359, 1.0372121334075928, 0.0, 1.9290581941604614, 0.0948527604341507, 1.0509309768676758, 0.2722533941268921, 0.26165875792503357, 0.0, 0.2288604974746704, 0.2238326519727707, 0.3773248493671417, 1.5476216077804565, 0.0823439359664917, 0.027481507509946823, 0.1582307666540146, 0.0, 0.0008596619591116905, 0.021392105147242546, 0.8341935873031616, 0.25782811641693115, 1.2675591707229614, 0.0, 1.7117595672607422, 0.3774210214614868, 0.0, 1.268620491027832, 2.4144766330718994, 0.11575479060411453, 0.0, 0.09038180112838745, 0.9747462272644043, 0.16688722372055054, 0.21965283155441284, 0.0, 1.56598699092865, 0.0, 0.040692344307899475, 0.3972727656364441, 0.10915746539831161, 0.0, 0.535914421081543, 0.3271845281124115, 0.33260831236839294, 0.004850407131016254, 1.4649534225463867, 0.0, 2.3708391189575195, 0.8913832902908325, 0.0, 0.9425127506256104, 0.0, 0.1932247281074524, 0.06436634063720703, 0.010589497163891792, 0.09595426172018051, 0.03916364163160324, 0.0033903755247592926, 0.002495408058166504, 0.9291596412658691, 1.19327712059021, 1.5473283529281616, 0.08814055472612381, 0.008205762133002281, 0.02381012588739395, 1.3111110925674438, 0.5588589310646057, 0.004017795901745558, 0.1420288234949112, 0.4997073709964752, 0.01509474404156208, 0.04142607003450394, 0.16558076441287994, 0.0943370908498764, 0.06562325358390808, 0.3793996572494507, 0.49159860610961914, 0.03548481687903404, 0.7736485004425049, 0.0, 0.01094107236713171, 0.2596391439437866, 0.18776842951774597, 0.24336139857769012, 0.08187408745288849, 0.0, 0.07479142397642136, 1.7555012702941895, 1.6134129762649536, 1.0713380575180054, 0.0, 1.385098934173584, 0.03977975994348526, 0.2632215619087219, 0.00036166151403449476, 0.7897931337356567, 0.0, 0.7624627947807312, 0.20836158096790314, 0.0, 0.012854957953095436, 0.18529339134693146, 3.5674214363098145, 0.026394234970211983, 0.11887327581644058, 0.06310787796974182, 2.947554588317871, 0.5016507506370544, 0.00987093336880207, 0.0, 2.445988893508911, 0.05454891175031662, 1.4122563600540161, 0.01592404581606388, 0.41786617040634155, 0.3260081708431244, 0.04954663664102554, 0.8726529479026794, 0.629720151424408, 0.41469117999076843, 0.06769368052482605, 0.02008376270532608, 0.03395610302686691, 0.9359802007675171, 0.004059105645865202, 0.0, 0.33868423104286194, 0.8767324090003967, 0.07887661457061768, 0.0, 1.025191307067871, 0.5332392454147339, 2.884004831314087, 0.18388259410858154, 0.0, 2.1449451446533203, 0.6455003619194031, 0.7981141805648804, 0.40112876892089844, 0.030898984521627426, 0.1193859800696373, 0.9036508798599243, 0.32183754444122314, 0.7683303356170654, 1.6926833391189575, 0.008109666407108307, 0.00302074383944273, 0.031213458627462387, 0.16067147254943848, 0.20521582663059235, 0.11489181220531464, 0.0, 0.04560987278819084, 0.11542454361915588, 0.07431458681821823, 0.0, 0.0, 0.034112703055143356, 0.12485770881175995, 1.117795467376709, 0.290922611951828, 0.6814654469490051, 0.6000528335571289, 0.20300693809986115, 0.0, 0.35133713483810425, 0.0, 2.7060251235961914, 0.8338900208473206, 0.15752696990966797, 0.04136217385530472, 1.615931749343872, 1.7097305059432983, 0.304781973361969, 0.0, 0.09240469336509705, 0.8704421520233154, 0.31861481070518494, 0.04165894165635109, 0.04404149577021599, 0.001359251094982028, 0.0, 0.12812411785125732, 0.012957077473402023, 0.29423782229423523, 0.0, 0.37304455041885376, 0.846727192401886, 2.268829584121704, 0.48042207956314087, 0.20585964620113373, 0.358356773853302, 0.0, 3.936525344848633, 0.0, 1.7004072666168213, 0.13116112351417542, 2.0424253940582275, 0.14219994843006134, 0.07141155004501343, 0.0, 0.08403580635786057, 0.0, 0.3229632079601288, 0.05624447017908096, 0.0, 0.873377799987793, 0.06366875022649765, 0.0, 0.020098725333809853, 4.243907451629639, 0.25163885951042175, 0.8627141118049622, 0.025248249992728233, 1.0826772451400757, 0.2638546824455261, 1.395064115524292, 0.040430281311273575, 0.0, 0.0, 0.7148098349571228, 0.0, 0.0, 1.6929148435592651, 3.4261679649353027, 0.6902002096176147, 0.3790420591831207, 0.4499928653240204, 0.021637581288814545, 1.2695627212524414, 1.8545236587524414, 0.0, 0.36903131008148193, 0.08828680217266083, 0.0, 0.3328898549079895, 0.0, 0.18389786779880524, 0.039772696793079376, 0.03277624770998955, 1.766556978225708, 0.3745805025100708, 0.0, 0.29340696334838867, 0.011493779718875885, 0.44673770666122437, 0.3805134892463684, 0.3087787628173828, 0.016814006492495537, 0.4007153809070587, 2.609297513961792, 0.15051929652690887, 0.19421064853668213, 0.0, 0.0003728355804923922, 0.11335497349500656, 0.8015838861465454, 0.010972346179187298, 0.0, 1.4765732288360596, 1.3387404680252075, 0.17385049164295197, 1.037552833557129, 0.06633646786212921, 0.0, 0.28723904490470886, 0.0, 1.1896475553512573, 1.6973556280136108, 0.08340765535831451, 0.07717080414295197, 0.6794894337654114, 0.09798590838909149, 0.03322723135352135, 0.0, 0.0, 0.015481837093830109, 0.49595409631729126, 0.0, 0.11395081877708435, 0.8096590638160706, 0.0, 0.809382975101471, 0.24309566617012024, 0.08054304867982864, 3.9660346508026123, 0.012566708028316498, 0.05485938489437103, 1.5768253803253174, 0.5976022481918335, 0.015095535665750504, 1.8922970294952393, 0.2483813464641571, 0.13978278636932373, 0.5084795951843262, 0.020025009289383888, 0.5476464033126831, 0.03332577645778656, 0.05398049205541611, 0.02175934426486492, 0.0, 0.0770781934261322, 0.35396435856819153, 0.418170690536499, 0.27109619975090027, 0.22162970900535583, 0.0, 0.5461945533752441, 0.5783270001411438, 3.917315721511841, 0.0, 0.0, 0.1739577203989029, 0.235519677400589, 0.0, 0.21611201763153076, 0.8218048810958862, 0.0, 0.07547689974308014, 0.0, 0.06346043944358826, 0.009643559344112873, 0.14339978992938995, 0.11946862936019897, 0.29473841190338135, 0.16895954310894012, 0.7643342018127441, 0.0, 0.45492884516716003, 0.021657809615135193, 0.23276931047439575, 0.012902113609015942, 1.1383614540100098, 0.0007313246605917811, 0.025530800223350525, 0.24251089990139008, 0.0, 0.09185329079627991, 5.123224258422852, 3.4301700592041016, 0.09699004143476486, 1.1062618494033813, 0.0, 0.0, 1.0686054229736328, 0.13324105739593506, 1.6394824981689453, 0.2142389714717865, 0.005806952249258757, 0.11845991760492325, 0.13897643983364105, 2.342827428947203e-05, 0.28114762902259827, 0.0, 0.07799247652292252, 0.0, 0.25613072514533997, 0.5387845039367676, 0.0, 0.0, 0.0348721407353878, 2.5035057067871094, 1.841317892074585, 0.0, 0.0045972890220582485, 0.7917630672454834, 0.0, 0.07524549961090088, 0.0, 0.2597675919532776, 0.3505481779575348, 0.35326191782951355, 0.09818534553050995, 0.9071268439292908, 0.050098929554224014, 0.1257443130016327, 0.33434879779815674, 0.0, 0.0833602249622345, 0.04941360279917717, 0.01244351826608181, 0.5217801928520203, 0.0, 0.0, 0.05995655059814453, 0.9347987771034241, 0.1408982276916504, 0.0286600012332201, 0.25499391555786133, 1.4431501626968384, 0.0, 0.5810320377349854, 0.05234861746430397, 0.25855085253715515, 4.084239959716797, 0.115615613758564, 0.0, 0.08313349634408951, 0.11858084052801132, 0.03831716999411583, 0.058738358318805695, 0.7412686944007874, 0.9056270122528076, 0.0, 0.0018063808092847466, 0.39172911643981934, 0.023719271644949913, 0.013557739555835724, 0.10194017738103867, 0.0, 0.04470472037792206, 0.038059018552303314, 0.061995234340429306, 0.17651380598545074, 0.10434514284133911, 0.0, 0.6413700580596924, 0.0, 0.0, 0.0, 0.0, 0.034060873091220856, 0.0, 0.5170234441757202, 0.03889697045087814, 0.0, 0.5397531390190125, 0.029247833415865898, 0.10838717967271805, 0.060872141271829605, 0.07211735844612122, 0.0791177973151207, 0.0, 0.15963418781757355, 0.2713753879070282, 0.0, 0.0, 0.17795059084892273, 2.6071133613586426, 0.13663385808467865, 0.11131209880113602, 0.15512417256832123, 0.050964608788490295, 0.7575833201408386, 0.004165189806371927, 0.06343033164739609, 0.0, 0.0678478553891182, 0.296804279088974, 0.0, 0.12292357534170151, 0.7669936418533325, 2.7273342609405518, 0.028975168243050575, 0.2968212962150574, 1.3432588577270508, 0.07765813916921616, 0.14013361930847168, 0.0, 0.0020491103641688824, 0.024169137701392174, 3.95003342628479, 0.22461026906967163, 0.28872227668762207, 6.0950846672058105, 0.01964803785085678, 0.12461064010858536, 0.06680856645107269, 1.5173304080963135, 0.0009853328811004758, 2.029787063598633, 0.001696314080618322, 0.0, 0.11090926826000214, 0.0, 1.5987318754196167, 0.0, 0.005353881511837244, 0.2650282084941864, 0.0, 0.20465900003910065, 0.0, 0.22788265347480774, 0.07153409719467163, 0.49647459387779236, 0.02488783374428749, 0.0, 0.035925935953855515, 0.19699351489543915, 0.0918394923210144, 0.10767005383968353, 0.052605364471673965, 0.047532036900520325, 0.140620619058609, 0.0, 0.2632907032966614, 0.0, 0.13170920312404633, 0.0, 0.0, 0.37989670038223267, 0.4692387580871582, 0.0, 0.2977522313594818, 0.3427043557167053, 0.0, 0.0, 0.3801550269126892, 0.7717825174331665, 0.02113572135567665, 0.1611204594373703, 0.0, 0.18800218403339386, 0.021465301513671875, 2.4359171390533447, 0.0, 0.0, 0.0, 0.0028184361290186644, 0.11662311851978302, 0.08187813311815262, 0.0, 0.13733848929405212, 3.311436653137207, 0.0, 0.03043746016919613, 0.0, 0.012812487781047821, 0.0023829061537981033, 0.15254205465316772, 0.17402197420597076, 0.17165863513946533, 0.14031386375427246, 0.0, 0.047430019825696945, 1.2265417575836182, 0.8591820597648621, 0.42806750535964966, 0.0, 0.061484500765800476, 0.34997016191482544, 0.0, 0.04826986417174339, 0.0836944580078125, 0.08122855424880981, 0.22757740318775177, 0.0026681083254516125, 0.5157538652420044, 0.19243870675563812, 0.3047211170196533, 0.0, 0.4497547447681427, 0.0592045933008194, 0.0077658649533987045, 0.5176326036453247, 0.0, 0.30139315128326416, 0.010632229968905449, 0.018007297068834305, 0.11960578709840775, 1.7142131328582764, 0.08103255182504654, 0.08312714099884033, 0.03322319686412811, 0.0, 0.0031425319612026215, 0.3575643002986908, 0.05492265895009041, 0.21606554090976715, 0.0968744307756424, 0.025616150349378586, 0.9309896230697632, 0.7299043536186218, 0.5372546315193176, 0.0, 0.7069684863090515, 0.2557900846004486, 1.2220948934555054, 0.06789380311965942, 0.019857197999954224, 0.31750014424324036, 0.11963170766830444, 0.24771316349506378, 1.5640931129455566, 0.03360207378864288, 0.4016399681568146, 0.05574239417910576, 0.24595887959003448, 0.5232746005058289, 0.02312578074634075, 1.3101072311401367, 0.76446533203125, 0.014829051680862904, 0.08460365235805511, 1.1214228868484497, 0.0, 0.05768807977437973, 0.0, 0.008985563181340694, 0.0, 0.5423344969749451, 0.5436259508132935, 0.0025088153779506683, 0.05938240885734558, 0.042689207941293716, 0.0, 0.7452883124351501, 1.0080863237380981, 0.005700646433979273, 0.404224157333374, 0.13278788328170776, 0.01065156888216734, 0.09448457509279251, 0.0, 2.14396071434021, 0.03962555155158043, 0.08216043561697006, 0.007879026234149933, 0.0, 0.24564747512340546, 0.0006618840270675719, 0.10048507153987885, 0.1348343938589096, 0.957142174243927, 0.3839087188243866, 0.21027152240276337, 1.6734490394592285, 0.9664756059646606, 0.0, 0.212471142411232, 0.407718300819397, 0.2860688865184784, 0.5513963103294373, 0.4728636145591736, 0.00320998253300786, 0.005575540009886026, 0.0, 0.19734935462474823, 0.0, 0.0, 0.3913082480430603, 0.0, 0.0, 0.8278177380561829, 0.8973508477210999, 0.5802826881408691, 0.12006953358650208, 0.10291121155023575, 0.14794017374515533, 0.8048733472824097, 0.7047706246376038, 0.9619331955909729, 0.5191975831985474, 0.0, 0.040047962218523026, 0.38264894485473633, 0.05755031853914261, 0.2473105639219284, 0.5160384178161621, 0.006530948914587498, 0.9022082686424255, 0.029086222872138023, 0.04685976728796959, 0.013384965248405933, 0.013073833659291267, 0.13943642377853394, 0.148663729429245, 0.0, 0.4729512631893158, 0.4323124289512634, 2.9532060623168945, 0.05752841755747795, 0.19132418930530548, 0.024365074932575226, 0.000545273011084646, 0.32128649950027466, 0.004592569544911385, 0.043673351407051086, 0.4459468722343445, 0.00575963594019413, 0.032823022454977036, 0.6290158033370972, 0.21660809218883514, 0.42195069789886475, 0.6388757824897766, 0.0666646733880043, 0.042162105441093445, 0.8120808601379395, 0.10649414360523224, 0.8408783674240112, 2.4134559631347656, 0.4881802797317505, 0.13829964399337769, 0.07738659530878067, 0.007863244041800499, 1.1541643142700195, 1.3122018575668335, 0.1358337253332138, 0.02553006261587143, 0.0, 0.48729437589645386, 1.9736789464950562, 0.2690786123275757, 0.7621124386787415, 0.06564406305551529, 0.09974444657564163, 0.10894707590341568, 0.10359176993370056, 0.0, 0.9120241403579712, 0.0, 0.009938514791429043, 0.42828017473220825, 0.19213294982910156, 0.06661267578601837, 0.15725792944431305, 0.07415870577096939, 1.5688939094543457, 0.17621052265167236, 0.4291338324546814, 1.4792993068695068, 0.0, 1.0481330156326294, 0.03648742288351059, 0.0, 0.01689952239394188, 2.080315351486206, 0.010148389264941216, 0.002392797963693738, 0.0011524303117766976, 3.172689437866211, 0.13931043446063995, 0.3252449035644531, 0.4993315041065216, 0.19505956768989563, 2.1866636276245117, 0.003356558969244361, 0.06997918337583542, 0.3762502372264862, 0.029113730415701866, 0.012154093012213707, 0.43648797273635864, 0.0, 0.0, 0.323014497756958, 0.0, 3.8311266899108887, 0.045023683458566666, 0.06553410738706589, 0.16315729916095734, 0.04515962675213814, 0.8821882009506226, 0.06577552855014801, 0.3921970725059509, 0.0, 5.004277229309082, 0.386931449174881, 0.11303020268678665, 0.0, 0.16655538976192474, 0.007195988669991493, 0.9770451188087463, 1.5736206769943237, 0.0, 1.4551804065704346, 0.49180349707603455, 0.07566782087087631, 0.3405844271183014, 0.3689155876636505, 0.29750168323516846, 0.0, 0.003650862257927656, 0.0, 0.0104737039655447, 0.035317640751600266, 0.0, 0.11951280385255814, 0.045510753989219666, 1.3398863077163696, 0.536344587802887, 0.0, 0.0, 1.6368972063064575, 1.000746488571167, 2.460157632827759, 0.274434894323349, 0.0, 0.3036990463733673, 0.7058448791503906, 0.1101745069026947, 0.025813555344939232, 1.068412184715271, 0.3666738271713257, 0.0, 0.12723782658576965, 0.048951879143714905, 0.4673721492290497, 0.024038825184106827, 0.30853572487831116, 0.011789988726377487, 0.5761324763298035, 0.0, 0.2858351171016693, 0.01415146142244339, 0.4438978433609009, 0.058187153190374374, 0.15734411776065826, 0.26096034049987793, 0.0, 0.3504381477832794, 1.2959519624710083, 0.0, 0.5658846497535706, 0.10375073552131653, 0.00019114358292426914, 0.0983399823307991, 0.0, 0.0, 0.3180927038192749, 0.5663330554962158, 0.01205136813223362, 0.7812148332595825, 0.07010844349861145, 0.21330705285072327, 0.19408518075942993, 0.0, 0.14052091538906097, 0.0, 0.0, 0.2584820091724396, 0.0, 0.3936126232147217, 0.2894677519798279, 0.13816002011299133, 0.0, 0.0, 0.0, 0.005097917281091213, 0.004799273330718279, 0.24229468405246735, 0.3997054696083069, 0.8372856378555298, 0.0, 0.2566640377044678, 0.631493091583252, 1.8429474830627441, 1.8906594514846802, 0.03876344487071037, 0.41653433442115784, 0.252773642539978, 0.0, 0.7972419857978821, 0.8208089470863342, 3.06126070022583, 1.058095097541809, 1.2273606061935425, 0.047081489115953445, 1.0155566930770874, 0.04422549903392792, 1.83536696434021, 0.3609433174133301, 0.03364940732717514, 0.08023116737604141, 0.00784255564212799, 0.03857961297035217, 0.309888631105423, 0.0, 0.02113262005150318, 0.4902973473072052, 0.0, 0.0, 0.0, 3.263852596282959, 0.0, 0.7433952689170837, 3.2751922607421875, 0.03452194854617119, 0.512855589389801, 1.8797932863235474, 0.0, 1.2941646575927734, 0.06538459658622742, 0.19810670614242554, 0.019988514482975006, 0.2454746663570404, 1.5235958099365234, 0.3937130272388458, 0.06787586957216263, 0.08641055971384048, 0.02951553836464882, 0.058315202593803406, 0.010219967924058437, 0.9485008120536804, 0.22395402193069458, 0.5411025285720825, 0.0, 0.0017791475402191281, 0.00813866127282381, 0.0, 0.11460854113101959, 0.05912758409976959, 0.18455271422863007, 0.3478861451148987, 0.7517791390419006, 0.771406352519989, 0.0, 0.08888690173625946, 0.38077977299690247, 0.11561638861894608, 0.0970241129398346, 1.4240682125091553, 0.03703596070408821, 0.0, 0.030999500304460526, 0.0011904726270586252, 0.03871726989746094, 0.05488325282931328, 0.0, 0.06299994885921478, 0.18704929947853088, 0.24037320911884308, 0.9230497479438782, 0.0, 0.0, 0.4616346061229706, 0.08754415065050125, 0.0, 0.0, 0.0, 0.9431933164596558, 0.002288268646225333, 0.6722069382667542, 0.11606995016336441, 1.8285671472549438, 0.14819562435150146, 0.0037363937590271235, 0.35533398389816284, 0.0, 3.1620023250579834, 0.21210211515426636, 0.06636396050453186, 0.3989156484603882, 0.05237593129277229, 0.8691294193267822, 0.10127802938222885, 0.0036149609368294477, 0.202471524477005, 0.0, 0.5191852450370789, 0.3351394832134247, 0.005590998567640781, 1.0595264434814453, 0.0, 1.8538382053375244, 0.4899404048919678, 0.6368380784988403, 0.572890043258667, 0.6168128848075867, 0.15040434896945953, 0.5947578549385071, 0.0, 0.35089462995529175, 0.0, 0.6857267022132874, 0.11623398959636688, 0.034997135400772095, 0.893546462059021, 0.7360493540763855, 0.43805453181266785, 0.2964688241481781, 0.0004070778377354145, 0.2512507438659668, 0.0, 0.0, 0.1733647882938385, 0.4402502477169037, 0.5643594861030579, 0.29633599519729614, 0.0230326596647501, 5.922519683837891, 0.0, 0.1922745555639267, 0.6678388118743896, 0.1468256711959839, 2.527940034866333, 0.08884311467409134, 0.25757238268852234, 1.1630373001098633, 0.0, 0.10729805380105972, 0.6100592613220215, 0.0, 0.3520911931991577, 1.1660027503967285, 0.04702237993478775, 0.0, 0.04999944195151329, 0.18711718916893005, 0.0075645712204277515, 0.5362023115158081, 0.0, 0.04905277490615845, 0.022554786875844002, 0.21448355913162231, 0.10279425978660583, 0.027307067066431046, 0.9975926876068115, 0.027670767158269882, 4.5783915519714355, 0.0, 0.0060713584534823895, 0.08123322576284409, 0.27643778920173645, 0.0, 0.2362995594739914, 0.0, 0.7113054990768433, 0.0, 0.0, 1.1663299798965454, 0.4940541386604309, 0.07671923190355301, 0.0, 2.6003222465515137, 0.009437118656933308, 0.07016346603631973, 0.08891573548316956, 0.0007237852551043034, 0.2035895437002182, 1.2347230911254883, 0.8377842903137207, 0.0018876012181863189, 1.2006051540374756, 4.8665595054626465, 0.09776563942432404, 0.0, 0.0, 0.02300288714468479, 0.6868476867675781, 0.019706005230545998, 0.029733166098594666, 0.08596300333738327, 0.0, 0.0, 0.8974884748458862, 0.0, 1.262709379196167, 1.4588133096694946, 0.07090194523334503, 0.027799218893051147, 0.00043469545198604465, 0.0, 0.05518784373998642, 0.4125021994113922, 0.1941869556903839, 0.0021771606989204884, 0.3786716163158417, 1.045568585395813, 0.506299614906311, 0.06970516592264175, 0.10904578119516373, 0.01222586166113615, 0.032846059650182724, 0.10685822367668152, 0.9235854148864746, 0.000632928335107863, 1.0102864503860474, 0.03953327611088753, 0.05194396525621414, 1.9766162633895874, 0.0, 0.4973635673522949, 0.03227321058511734, 0.23636090755462646, 0.0, 0.08997882157564163, 0.3680992126464844, 0.0, 0.0, 1.5325332880020142, 0.0, 0.01721855066716671, 0.1927485167980194, 0.4666624367237091, 0.1263245940208435, 0.006940340623259544, 0.19587476551532745, 1.1157792806625366, 0.5109062790870667, 0.0033969879150390625, 0.017273878678679466, 0.5570138692855835, 0.0405825637280941, 0.0, 0.0, 0.0, 0.1607879251241684, 0.725554883480072, 0.4378940463066101, 0.0048446510918438435, 0.0, 0.8335092663764954, 0.0, 2.0790529251098633, 0.3522109091281891, 0.2843562066555023, 0.17910727858543396, 0.1719674915075302, 0.37719660997390747, 0.26829954981803894, 0.01522755902260542, 0.5685967206954956, 0.04832369461655617, 0.06502749025821686, 0.0, 2.5400259494781494, 3.3210155963897705, 0.0, 0.9252486228942871, 0.880597710609436, 3.4305615425109863, 0.006131744012236595, 0.0, 0.2795185446739197, 0.21072834730148315, 0.09542437642812729, 0.0, 1.388223648071289, 0.019060032442212105, 0.0, 0.41240501403808594, 0.02250833436846733, 0.008288164623081684, 0.0, 0.08123085647821426, 1.0821866989135742, 0.8106895685195923, 0.012190023437142372, 1.2733337879180908, 0.0, 0.0, 0.004026169888675213, 0.40405428409576416, 0.012836658395826817, 0.29905030131340027, 0.12131503969430923, 0.4596717357635498, 0.8987749218940735, 3.0531036853790283, 0.0, 0.07131761312484741, 0.3722259998321533, 0.031095679849386215, 0.10839655250310898, 0.08870572596788406, 0.02862759307026863, 0.19987384974956512, 0.9143439531326294, 0.501956045627594, 0.364565908908844, 0.30803439021110535, 0.1487240195274353, 0.05127034708857536, 0.011485178023576736, 0.458612322807312, 1.87751042842865, 0.028162147849798203, 0.045248180627822876, 0.4577367603778839, 0.8275343179702759, 0.01833227276802063, 0.8671315908432007, 0.11934645473957062, 0.15892882645130157, 0.04918508231639862, 0.0, 0.0011731653939932585, 0.2918381989002228, 0.11797021329402924, 0.0, 0.0, 4.1714186668396, 0.0617171972990036, 0.028812354430556297, 0.28274261951446533, 0.0, 0.0, 0.5187005400657654, 0.05205129086971283, 0.02178478240966797, 0.04160839319229126, 0.3736504018306732, 0.68142169713974, 0.05270392447710037, 0.4295986592769623, 0.14355525374412537, 0.34665656089782715, 0.8934875726699829, 0.005605135578662157, 0.9867753982543945, 0.5196709632873535, 0.3383338749408722, 0.0, 6.696720600128174, 0.11291554570198059, 0.0, 0.3108721971511841, 2.009364128112793, 0.0, 0.1685503125190735, 0.20724272727966309, 0.0, 0.9378290772438049, 0.05542551726102829, 0.2501169443130493, 0.0, 0.04020458459854126, 0.21178901195526123, 0.22795003652572632, 0.9680795669555664, 0.044843073934316635, 0.03375031426548958, 0.0, 0.02759265899658203, 0.22316473722457886, 0.0, 0.0, 0.0, 0.05275075137615204, 0.23151181638240814, 0.0, 0.0, 0.0, 0.10232748091220856, 0.4274281859397888, 0.19816088676452637, 0.8690758347511292, 3.37650990486145, 0.0, 0.0167225431650877, 0.8696448802947998, 0.2479877471923828, 0.2614882290363312, 0.0, 0.052158959209918976, 1.1664057970046997, 0.07395359873771667, 0.18682236969470978, 0.4310019314289093, 0.35535237193107605, 0.002196219516918063, 0.0, 1.091694712638855, 2.067366361618042, 0.0, 0.5082343816757202, 0.05700879544019699, 0.5222188830375671, 0.0, 0.09541259706020355, 0.8420755863189697, 0.023473666980862617, 0.23986020684242249, 0.0, 2.165377616882324, 1.2479716539382935, 0.014023859053850174, 0.0, 0.032284945249557495, 0.01009452622383833, 0.39821484684944153, 0.0009142622584477067, 0.20199903845787048, 6.616624355316162, 0.5312259793281555, 0.08223313838243484, 0.41116926074028015, 0.7108721137046814, 0.8557436466217041, 0.37884411215782166, 0.3201962411403656, 0.7729110717773438, 0.04129032790660858, 0.09494265913963318, 1.3231828212738037, 0.06224098801612854, 0.07895173877477646, 0.15388406813144684, 0.8200210332870483, 0.0, 0.3230116367340088, 0.0, 0.022342564538121223, 0.006976740900427103, 0.231674462556839, 0.2540147304534912, 0.29755017161369324, 0.6194561719894409, 0.22160284221172333, 0.0, 0.0, 0.42754262685775757, 0.013901075348258018, 0.0, 0.0, 0.10868393629789352, 0.1487969160079956, 0.04426444321870804, 1.4983997344970703, 0.016358016058802605, 0.16529470682144165, 2.4744608402252197, 0.0005988575867377222, 0.061107248067855835, 0.0, 0.20348778367042542, 0.1387995183467865, 0.016938598826527596, 0.1176641583442688, 0.6864655017852783, 0.08943624794483185, 0.04776039719581604, 0.003579317359253764, 0.06557169556617737, 0.0, 3.47178053855896, 0.48031705617904663, 0.8422877788543701, 0.08063394576311111, 0.0, 0.052923981100320816, 0.10023445636034012, 0.053490664809942245, 0.4372521936893463, 0.0, 0.03079482726752758, 0.2058277726173401, 0.7875406742095947, 2.3058581352233887, 0.0, 0.3053131401538849, 0.0, 0.01477881334722042, 0.1485467106103897, 0.0006330524338409305, 0.0, 0.21556681394577026, 0.20067501068115234, 0.005101126153022051, 0.024341924116015434, 0.014766916632652283, 0.0, 0.8327341079711914, 0.9817431569099426, 0.2467791885137558, 0.10325783491134644, 0.5105641484260559, 0.003951041027903557, 0.0, 1.3435765504837036, 0.0, 0.12980088591575623, 0.0, 0.07157783955335617, 0.1532812863588333, 0.0, 2.8441832065582275, 0.0, 0.49394476413726807, 0.32810086011886597, 0.032618675380945206, 0.0, 0.23908661305904388, 0.028033513575792313, 0.07093045115470886, 0.0, 0.14426501095294952, 0.8467887043952942, 0.4365272521972656, 1.9963611364364624, 0.44129616022109985, 3.082003116607666, 0.18959318101406097, 0.7707013487815857, 0.028867918998003006, 8.4384183883667, 0.0, 1.577683925628662, 0.0097952326759696, 0.4518781900405884, 0.019164085388183594, 0.2818436026573181, 1.426615834236145, 0.5694953203201294, 0.34328871965408325, 0.3905237019062042, 0.0, 0.0015077445423230529, 0.27122408151626587, 0.1663173884153366, 0.9946017265319824, 0.5302295088768005, 0.07312805950641632, 0.0, 0.09577816724777222, 0.015519735403358936, 0.0, 0.0, 1.1081188917160034, 0.0, 0.43731561303138733, 0.0, 0.8148009777069092, 0.15247546136379242, 0.40670183300971985, 0.00417320104315877, 0.5937143564224243, 0.0268738754093647, 0.3985591530799866, 0.0, 0.0, 0.0, 0.11005526036024094, 0.0, 1.3812124729156494, 0.03164936974644661, 0.007605457678437233, 2.7687227725982666, 0.5253332853317261]",Testing/glioma_tumor/image(84).jpg
"[0.1103428527712822, 2.022756576538086, 0.13142262399196625, 0.16810676455497742, 0.14132645726203918, 0.6694715619087219, 3.364072322845459, 0.1969532072544098, 0.0, 0.01842893846333027, 0.0, 0.040229056030511856, 0.027815911918878555, 0.974949300289154, 0.14293193817138672, 0.03965812176465988, 0.4428707957267761, 2.1735787391662598, 1.1641052961349487, 0.0, 2.5573549270629883, 0.2842743992805481, 0.4959075450897217, 0.5961558818817139, 1.1523534059524536, 0.3573490083217621, 1.0788578987121582, 0.14950600266456604, 0.0, 0.0, 1.7641113996505737, 0.1212608739733696, 2.1229710578918457, 1.2686797380447388, 0.4120683968067169, 0.3088068962097168, 0.21116001904010773, 0.1488703340291977, 0.0, 1.7494771480560303, 0.9384199380874634, 0.3313561677932739, 0.21286970376968384, 0.5173795819282532, 0.23257045447826385, 0.005132889375090599, 0.005515030585229397, 0.0, 0.0749804750084877, 0.17579957842826843, 3.3412201404571533, 0.0, 1.6896848678588867, 0.07807617634534836, 0.868658185005188, 3.4679269790649414, 0.29371970891952515, 0.6053844094276428, 0.6704137325286865, 0.022312719374895096, 0.04625672101974487, 1.5941931009292603, 0.004494891036301851, 0.8047236204147339, 0.658643901348114, 0.0, 0.5850914716720581, 0.0031034727580845356, 0.19760334491729736, 0.0, 0.7908403873443604, 0.0, 0.009584645740687847, 2.165245532989502, 1.3602697849273682, 0.0, 1.3414753675460815, 0.0028124512173235416, 0.00950214359909296, 1.770639181137085, 0.05131865665316582, 1.6215007305145264, 0.6427721977233887, 0.039745841175317764, 0.6478922367095947, 0.16465817391872406, 3.0873353481292725, 0.021848784759640694, 0.0, 0.4147137701511383, 0.0, 0.2547476887702942, 0.08747885376214981, 1.926816463470459, 0.6600982546806335, 0.2684238851070404, 0.46243175864219666, 0.09955243021249771, 0.049360986799001694, 0.0, 0.07653600722551346, 1.8686672449111938, 0.0, 0.02231638692319393, 4.244082927703857, 0.5197594165802002, 0.32324329018592834, 0.7036246657371521, 0.018468739464879036, 1.6986638307571411, 0.4030478596687317, 0.21811166405677795, 0.03217479959130287, 0.0, 0.5006307363510132, 0.0, 0.0, 1.059896469116211, 0.00015793285274412483, 0.38243594765663147, 0.07605807483196259, 0.0, 0.0, 0.0, 0.012830743566155434, 2.055508613586426, 0.2764348089694977, 4.060389995574951, 2.7739338874816895, 0.0, 0.017705144360661507, 1.7829554080963135, 0.012036157771945, 0.0, 0.6389122605323792, 0.0, 1.3186813592910767, 0.036517225205898285, 0.019054677337408066, 0.2915481925010681, 0.16787299513816833, 0.7903765439987183, 0.04754113033413887, 0.6914945244789124, 0.0, 0.930573046207428, 0.1349589228630066, 5.477004528045654, 0.27215108275413513, 0.42570531368255615, 6.797133922576904, 0.21787437796592712, 0.0, 0.0318145789206028, 0.0, 0.3066885471343994, 0.0, 0.9906834959983826, 0.33902788162231445, 0.0, 0.018361490219831467, 2.031675338745117, 0.0, 0.23186251521110535, 0.5920895338058472, 0.22356060147285461, 0.30855023860931396, 0.0016098801279440522, 0.18301290273666382, 5.237194538116455, 1.9444670677185059, 0.10009345412254333, 0.3785439431667328, 3.081181049346924, 2.5723390579223633, 1.558701753616333, 0.0456373356282711, 1.3193449974060059, 0.15388795733451843, 1.4498376846313477, 0.27351900935173035, 0.06238692253828049, 0.3996458947658539, 0.08851340413093567, 0.5710896849632263, 0.09428238123655319, 0.29538699984550476, 1.0535900592803955, 0.2429025024175644, 0.831696629524231, 0.0, 0.0, 1.3725686073303223, 0.30568018555641174, 1.108899712562561, 0.18936088681221008, 0.1392577439546585, 0.03077114373445511, 0.018815960735082626, 0.2980272173881531, 0.7862924337387085, 0.2571864128112793, 1.4332739114761353, 0.12499351799488068, 3.936288356781006, 0.78432697057724, 0.0, 0.0, 0.013854391872882843, 0.0017297875601798296, 1.1843292713165283, 1.222398042678833, 0.010668282397091389, 0.013142751529812813, 0.18590444326400757, 1.4355533123016357, 0.15282243490219116, 0.17746536433696747, 0.6312903761863708, 0.0, 0.8959962725639343, 0.0, 2.0274817943573, 0.00702766515314579, 0.29811835289001465, 1.4965440034866333, 0.370125949382782, 0.032399628311395645, 1.8388651609420776, 0.06363779306411743, 0.5706819295883179, 0.011763889342546463, 1.5652902126312256, 0.5875305533409119, 0.21115875244140625, 0.26395267248153687, 0.045622486621141434, 0.045966073870658875, 0.21507960557937622, 0.8838503956794739, 0.05103778466582298, 0.043221309781074524, 0.8708236217498779, 0.0, 0.06914918124675751, 0.6461998820304871, 0.056952476501464844, 1.0383703708648682, 0.00894998013973236, 1.9214411973953247, 0.4800615906715393, 0.0, 1.551530122756958, 0.16861362755298615, 0.025939757004380226, 0.17114625871181488, 0.6262283325195312, 0.0, 0.0, 1.1940219402313232, 0.016866158694028854, 0.004022615496069193, 1.8196959495544434, 0.0, 0.03943133354187012, 0.14232726395130157, 0.2614642083644867, 0.0888894721865654, 0.0, 0.0275807473808527, 0.32242727279663086, 0.0, 0.5064346790313721, 1.7432516813278198, 1.1501582860946655, 0.24316279590129852, 0.8275290727615356, 1.3694885969161987, 0.6325651407241821, 0.13209204375743866, 0.9405723214149475, 0.7308974266052246, 1.0925590991973877, 1.111721158027649, 0.804887592792511, 1.2757264375686646, 1.0671641826629639, 0.0074823047034442425, 0.010618523694574833, 0.026511412113904953, 0.436890184879303, 0.2199101597070694, 0.0, 0.33484867215156555, 0.8735635876655579, 3.7418649196624756, 0.284553200006485, 0.0029966854490339756, 0.1478063017129898, 0.09169835597276688, 0.5384805202484131, 0.10005667060613632, 1.6257745027542114, 0.2439885437488556, 2.1435387134552, 0.31508398056030273, 0.9845100045204163, 3.000971794128418, 1.1550874710083008, 0.2627846300601959, 0.24132050573825836, 0.43258246779441833, 0.0, 0.7914631366729736, 0.1893044114112854, 1.9070740938186646, 0.716120719909668, 0.46292510628700256, 0.0, 0.06516873836517334, 0.12709270417690277, 4.180410385131836, 0.4816302955150604, 0.14442400634288788, 0.7075715065002441, 0.0, 0.062074244022369385, 0.13948269188404083, 2.8089730739593506, 0.11904878169298172, 0.022739440202713013, 0.10324296355247498, 1.6635991334915161, 1.4500747919082642, 0.005586711689829826, 0.07157205790281296, 0.2348087877035141, 2.4025800228118896, 1.8800638914108276, 0.9500833749771118, 2.475637435913086, 0.7050172686576843, 0.0, 1.0638608932495117, 0.07835648208856583, 0.0, 0.020622245967388153, 0.10275382548570633, 0.07050304114818573, 1.70145583152771, 0.0013873212737962604, 1.3520183563232422, 0.7991210222244263, 0.07540889829397202, 0.369112104177475, 0.0, 0.0, 0.10384554415941238, 0.47441965341567993, 0.12399087846279144, 0.018063602969050407, 0.5206563472747803, 0.0, 0.5943334102630615, 0.13470520079135895, 0.0, 0.10794230550527573, 0.6073468923568726, 0.44050270318984985, 0.2976055443286896, 0.11056209355592728, 0.014306671917438507, 5.860369682312012, 2.103977680206299, 0.009876660071313381, 0.001568361185491085, 1.9657583236694336, 1.0172429084777832, 0.0, 0.0, 0.0, 0.0, 0.19435080885887146, 0.11596672236919403, 0.9973284602165222, 0.0515783466398716, 1.1803663969039917, 0.2828470766544342, 0.08753794431686401, 0.0640421137213707, 0.019850561395287514, 0.01887602172791958, 0.6935296058654785, 0.08748996257781982, 0.0, 3.8264360427856445, 0.0, 1.8873443603515625, 0.1797971874475479, 0.7762151956558228, 0.0, 0.0, 0.0, 0.0, 0.2531607449054718, 1.870559811592102, 0.0005333715816959739, 0.07785198092460632, 0.4098885655403137, 0.01271362416446209, 0.0, 0.0, 0.1146962121129036, 0.10413868725299835, 0.14225326478481293, 1.5631768703460693, 0.04388486221432686, 0.12335943430662155, 0.0030895350500941277, 0.025261614471673965, 0.10185661166906357, 0.015208642929792404, 0.472775399684906, 0.4844449460506439, 0.19687847793102264, 0.0827777311205864, 0.024129804223775864, 0.0, 0.3145049214363098, 0.0, 0.8416932821273804, 0.10357710719108582, 1.220231294631958, 0.39799097180366516, 2.0461292266845703, 0.7635952830314636, 0.0, 5.35221529006958, 1.9449609518051147, 0.0, 0.0, 0.0, 0.5462964773178101, 0.2873322665691376, 0.26264822483062744, 0.8076788187026978, 0.0032700616866350174, 0.9460228085517883, 0.04261201620101929, 0.0, 0.2358100414276123, 0.8214478492736816, 2.610856056213379, 0.01910495012998581, 0.0, 0.05525261536240578, 0.11326362937688828, 0.03067312017083168, 0.04975663870573044, 2.7101640701293945, 0.04331016167998314, 2.2378454208374023, 0.22396539151668549, 0.22953929007053375, 0.0410352498292923, 0.3396066129207611, 0.0, 0.2162047028541565, 0.34665679931640625, 0.3495034873485565, 0.013868777081370354, 0.0038660254795104265, 0.017073016613721848, 0.032079193741083145, 0.8497865796089172, 0.030336441472172737, 0.38788995146751404, 0.0, 0.2997380197048187, 1.6462407112121582, 0.5531085133552551, 0.4078420102596283, 0.18461480736732483, 0.7630293965339661, 0.034495458006858826, 0.31380537152290344, 1.5142349004745483, 0.0, 0.5171343088150024, 0.652113676071167, 0.03203074261546135, 3.528299331665039, 1.0933971405029297, 0.06593379378318787, 1.119076132774353, 0.6077818870544434, 0.12723426520824432, 0.30240297317504883, 0.8027091026306152, 0.308053582906723, 0.0, 1.4071487188339233, 0.0, 4.156478404998779, 0.5857701301574707, 0.03979400545358658, 0.12200674414634705, 0.05240262672305107, 0.2883719801902771, 0.17963002622127533, 0.0, 2.247323513031006, 0.13622784614562988, 0.14289705455303192, 0.08634427189826965, 0.4260178804397583, 0.25918829441070557, 0.3228367269039154, 0.010532678104937077, 0.0015086178900673985, 2.379964828491211, 1.8284224271774292, 0.017415672540664673, 0.000882128078956157, 0.011915321461856365, 0.48616108298301697, 0.0, 0.0, 0.31328901648521423, 0.3980729579925537, 0.2580781579017639, 0.5896347761154175, 0.3334319591522217, 1.558408260345459, 0.12358291447162628, 0.42124253511428833, 2.841984272003174, 1.1050947904586792, 0.0, 0.2224457561969757, 0.0, 0.7864168286323547, 1.1310219764709473, 0.0713687315583229, 0.2413908839225769, 0.054998889565467834, 0.0, 0.0, 1.332441806793213, 0.1573365330696106, 1.06367027759552, 0.0, 0.31982335448265076, 0.0, 0.11730033159255981, 5.337333679199219, 0.2619944214820862, 0.1737111508846283, 0.18214872479438782, 0.0, 2.9274890422821045, 0.7539734840393066, 1.8430589437484741, 0.0, 0.08087295293807983, 0.5695370435714722, 0.0, 0.12691819667816162, 0.6331903338432312, 0.08669319748878479, 0.15131722390651703, 0.08934241533279419, 0.0, 0.013913816772401333, 0.006231736391782761, 0.375603586435318, 0.0, 1.4466004371643066, 0.023664552718400955, 0.08286381512880325, 0.6492223143577576, 0.0, 0.04529842734336853, 1.2066007852554321, 0.0355512797832489, 0.2030833661556244, 0.17369988560676575, 0.0032153858337551355, 0.0, 0.0, 0.0, 0.7101474404335022, 0.006994904484599829, 0.0, 0.040625568479299545, 0.5620579123497009, 0.0, 0.7687827944755554, 0.06290870904922485, 1.7735509872436523, 1.3110060691833496, 0.0218967292457819, 2.9396097660064697, 0.2316543459892273, 0.3424229621887207, 0.5474106669425964, 0.09300410747528076, 0.006550771649926901, 3.2286620140075684, 1.9075616598129272, 1.131864070892334, 0.6515119671821594, 0.33580872416496277, 0.010757857002317905, 0.009104604832828045, 0.49400395154953003, 0.4479093849658966, 0.1398291140794754, 0.0, 0.30398842692375183, 0.0, 0.0, 1.9510585069656372, 0.580293595790863, 0.5428146123886108, 0.3935397267341614, 0.07181346416473389, 1.4808714389801025, 0.0, 0.36794090270996094, 0.01699441857635975, 0.07296156138181686, 0.06911560893058777, 0.1697414368391037, 0.011316644959151745, 0.036242417991161346, 0.015395903959870338, 0.21556007862091064, 0.017721205949783325, 0.013596607372164726, 0.631798505783081, 0.0, 0.008602947928011417, 0.216970294713974, 0.01041468046605587, 1.4189329147338867, 0.7132189869880676, 0.7054316997528076, 0.2499842494726181, 0.0, 0.0, 0.7189933061599731, 0.08602187037467957, 0.0, 1.1147316694259644, 0.031847964972257614, 2.3483903408050537, 0.5490801334381104, 0.06675291061401367, 0.030640339478850365, 0.9727569818496704, 0.3599693775177002, 0.018565289676189423, 0.0, 1.1522130966186523, 0.2805807590484619, 2.3071048259735107, 0.22088630497455597, 0.47375768423080444, 0.6403159499168396, 0.3684737980365753, 0.005380460061132908, 0.02436693385243416, 0.29663437604904175, 2.614926815032959, 0.5635983347892761, 0.023229876533150673, 0.8074752688407898, 0.37761422991752625, 1.2512998580932617, 2.964911699295044, 0.05868598446249962, 0.190576434135437, 0.08401133120059967, 1.556001901626587, 0.04852347820997238, 0.09216699004173279, 0.03887194022536278, 1.1721116304397583, 0.5917696952819824, 0.03328300639986992, 0.03931616246700287, 0.0, 0.3157612681388855, 0.007801007479429245, 0.0016322792507708073, 2.1024329662323, 0.1591322124004364, 0.010238287039101124, 0.45651572942733765, 0.06767185032367706, 0.036738455295562744, 0.47167399525642395, 0.15675505995750427, 0.02834596484899521, 0.7798808217048645, 0.6858855485916138, 0.0, 1.6337926387786865, 0.060082074254751205, 3.1217639446258545, 0.0, 0.24027638137340546, 0.0, 0.0, 0.14446061849594116, 0.09801337122917175, 0.002512535313144326, 0.05364849045872688, 0.0, 0.24001608788967133, 2.726980447769165, 0.012808583676815033, 0.29531896114349365, 0.18403840065002441, 1.2834290266036987, 0.3472763001918793, 0.5446506142616272, 0.005416627041995525, 0.19264617562294006, 0.1547122746706009, 0.03289951756596565, 0.8660662770271301, 0.7387229204177856, 0.7262446880340576, 0.0, 0.958534300327301, 0.5290947556495667, 2.071112632751465, 0.848692774772644, 0.0, 0.2294016033411026, 1.5012973546981812, 0.05290514975786209, 0.15668685734272003, 1.4722871780395508, 0.0, 0.0, 0.6696608662605286, 0.39396417140960693, 2.237795829772949, 1.4724559783935547, 0.1791515350341797, 0.4123644232749939, 0.09040403366088867, 0.012071967124938965, 1.4199986457824707, 0.11283189058303833, 0.05689750239253044, 0.17483164370059967, 1.19809889793396, 0.9887726306915283, 0.032114654779434204, 0.8405219912528992, 0.32878223061561584, 0.010324244387447834, 0.020212246105074883, 2.802274227142334, 0.5817729830741882, 2.5197479724884033, 0.07994759827852249, 0.05714799091219902, 0.0, 0.6004530191421509, 0.24755164980888367, 0.3511408567428589, 0.05216441676020622, 0.6342836022377014, 0.16904392838478088, 4.1150617599487305, 0.01327067706733942, 0.6846335530281067, 0.8377125859260559, 0.01049230806529522, 1.3558837175369263, 0.34536290168762207, 0.6778243780136108, 0.08038132637739182, 0.022259999066591263, 0.9211156368255615, 0.16555415093898773, 0.019730139523744583, 0.4848300516605377, 0.0009478306164965034, 1.6250252723693848, 0.3357139229774475, 0.300170361995697, 0.0, 0.2789503335952759, 0.5032139420509338, 0.07187887281179428, 0.3545663058757782, 0.11704965680837631, 0.19178493320941925, 0.14645454287528992, 0.13020165264606476, 1.2178943157196045, 0.7555298805236816, 0.6548044681549072, 0.6761072874069214, 0.14904017746448517, 0.36137986183166504, 2.0626492500305176, 0.0, 0.11850188672542572, 0.0006212701555341482, 3.9044179916381836, 1.737966775894165, 0.04013098403811455, 0.0, 0.08703021705150604, 2.0925416946411133, 2.386641025543213, 0.44103237986564636, 0.6092920899391174, 1.0537545680999756, 0.0, 0.0, 0.011313606053590775, 2.8539390563964844, 0.1971074491739273, 0.31845682859420776, 0.9503511786460876, 0.15158697962760925, 0.36878132820129395, 1.2433398962020874, 0.006958195008337498, 0.19804565608501434, 0.031356800347566605, 0.7436754703521729, 0.0008778742630966008, 0.0, 0.01302741002291441, 0.16619877517223358, 2.4128284454345703, 0.2163398563861847, 0.49926260113716125, 0.0, 0.08190326392650604, 0.06490106135606766, 0.021968215703964233, 0.2944789528846741, 0.24171027541160583, 0.0044724359177052975, 1.120334506034851, 0.7260509133338928, 0.05679698288440704, 0.16770358383655548, 0.5012409687042236, 0.9468147158622742, 0.20460714399814606, 0.3127049505710602, 0.4143426716327667, 0.0, 0.786248505115509, 0.1686662882566452, 0.02960045076906681, 0.43474283814430237, 0.3359645903110504, 8.119769096374512, 1.2598615884780884, 0.02682034857571125, 0.0, 0.007082367315888405, 0.4518241882324219, 0.4845317006111145, 0.6219508647918701, 0.3640289306640625, 1.429017186164856, 0.22476808726787567, 0.1348322033882141, 2.386914014816284, 1.2971489429473877, 0.0, 0.9668703675270081, 0.2466604858636856, 0.3084926903247833, 1.2098195552825928, 0.6004363894462585, 0.036408811807632446, 0.13940313458442688, 0.5827701091766357, 0.0, 0.005249816458672285, 0.16360418498516083, 0.22734341025352478, 0.1989973485469818, 0.16972997784614563, 0.016231002286076546, 3.8645823001861572, 0.30421051383018494, 1.5622587203979492, 0.0, 0.030129536986351013, 2.265909194946289, 0.2636188268661499, 0.026651591062545776, 0.9124945998191833, 0.0049996571615338326, 0.4995627999305725, 2.03826904296875, 0.03432593494653702, 0.37298786640167236, 0.0013598568039014935, 0.0, 1.5465470552444458, 0.0, 0.06733951717615128, 0.0, 0.0, 1.2721433639526367, 1.939683437347412, 0.4110012948513031, 0.0, 0.055066533386707306, 0.004289184231311083, 0.24882733821868896, 0.4145807921886444, 1.7899001836776733, 0.5158634781837463, 0.24889840185642242, 3.4324445724487305, 0.23705416917800903, 0.3461790382862091, 0.3293970823287964, 0.42479434609413147, 0.06748482584953308, 0.18301355838775635, 0.0, 0.0, 0.0025093313306570053, 0.16242459416389465, 0.011651343666017056, 0.00191472505684942, 0.2927493751049042, 0.1470533162355423, 0.005202162079513073, 0.2192496508359909, 0.4904474914073944, 1.5050581693649292, 0.004874370526522398, 0.24418815970420837, 0.37868738174438477, 0.447625994682312, 1.1311677694320679, 0.0, 0.02283630147576332, 0.9066481590270996, 0.003930422943085432, 0.6244667768478394, 0.43809932470321655, 0.009296835400164127, 0.016427118331193924, 1.4742226600646973, 0.009699027985334396, 0.3559684455394745, 0.46195122599601746, 0.0, 0.07065460830926895, 0.0, 0.0, 0.024888653308153152, 1.9486891031265259, 0.3335033059120178, 0.0, 0.10714073479175568, 0.04502882808446884, 0.6124613285064697, 0.19522851705551147, 0.1789281815290451, 0.48532775044441223, 0.8930781483650208, 0.6354427933692932, 0.5862862467765808, 2.48846697807312, 0.0, 0.1098400428891182, 0.2981319725513458, 2.0415947437286377, 0.3541777431964874, 0.04481370002031326, 0.7747046947479248, 1.165216088294983, 0.0, 0.008645232766866684, 0.591792106628418, 0.06713641434907913, 0.07388586550951004, 0.025682279840111732, 0.10385662317276001, 1.826577067375183, 0.15338024497032166, 0.010424446314573288, 0.5789098739624023, 1.5262558460235596, 0.38620898127555847, 1.3906126022338867, 0.9031020402908325, 4.091312408447266, 0.01585078239440918, 0.15974126756191254, 0.9095492959022522, 0.5299088954925537, 0.08351083844900131, 0.024370187893509865, 0.8865486979484558, 0.5669409036636353, 0.0028440270107239485, 0.0720321536064148, 4.063041687011719, 0.18484829366207123, 0.008763305842876434, 0.2603623569011688, 0.04589853808283806, 0.0020717845764011145, 0.3427392542362213, 0.0011702727060765028, 0.0, 0.04605475813150406, 0.231210395693779, 0.10281329602003098, 0.2605730891227722, 0.13408350944519043, 2.5569136142730713, 0.291983962059021, 0.4889516234397888, 0.7290062308311462, 0.013336488045752048, 0.3432283103466034, 0.23494797945022583, 1.093136191368103, 0.5374739170074463, 1.2384579181671143, 0.0, 0.0, 0.5654651522636414, 0.09094753861427307, 0.004646021407097578, 0.0, 0.13466483354568481, 0.0, 0.05533558875322342, 0.056687336415052414, 0.00011025155981769785, 0.0, 0.0, 0.18509431183338165, 2.1445841789245605, 0.03884051740169525, 0.838530421257019, 0.6961618661880493, 0.0, 0.0, 0.07829547673463821, 0.0, 0.13590124249458313, 0.7902235984802246, 0.24061357975006104, 0.9514564275741577, 0.9482653737068176, 0.5012204051017761, 3.190626859664917, 0.005629330407828093, 0.33417990803718567, 0.36475348472595215, 0.00975189357995987, 0.0, 0.0, 0.03489859029650688, 0.5141509175300598, 0.22486725449562073, 0.31579670310020447, 0.0, 1.1647833585739136, 0.17203541100025177, 2.4044361114501953, 0.013551125302910805, 3.180422782897949, 8.969508171081543, 0.010589205659925938, 0.1881440430879593, 0.41374993324279785, 0.09224633872509003, 0.03679116815328598, 0.804792046546936, 0.03422600030899048, 0.00868542306125164, 0.00891102571040392, 0.0, 0.729557454586029, 0.2948225736618042, 0.39499926567077637, 0.5874552726745605, 0.3480874001979828, 0.21922869980335236, 0.15317203104496002, 0.4581305980682373, 0.0, 0.12346193939447403, 0.0, 0.1342727243900299, 0.0, 1.1496888399124146, 0.08604339510202408, 0.5362146496772766, 0.26541203260421753, 0.24081256985664368, 0.0, 0.19772294163703918, 0.38354888558387756, 0.013901282101869583, 1.2214542627334595, 0.023765796795487404, 0.7917801141738892, 0.16881205141544342, 1.5153788328170776, 0.18594755232334137, 0.24289879202842712, 1.2081313133239746, 0.060088835656642914, 0.0, 0.25389769673347473, 0.30818605422973633, 0.13162831962108612, 0.06364375352859497, 0.0, 0.0, 0.0, 0.43457603454589844, 0.0, 0.0, 0.03243669122457504, 0.35100749135017395, 0.0, 0.8112901449203491, 0.0, 0.0, 0.30783602595329285, 0.06484860926866531, 0.0, 0.007511679083108902, 0.062378425151109695, 0.034441620111465454, 0.21077409386634827, 2.066023826599121, 0.4026789367198944, 0.001978664891794324, 0.0, 0.10346005111932755, 0.49931204319000244, 0.23277346789836884, 0.8346571922302246, 0.05616375058889389, 0.1711827516555786, 0.04401775822043419, 1.298652172088623, 1.2051676511764526, 0.0392460860311985, 0.0, 0.14533746242523193, 0.12982739508152008, 0.0, 0.0, 0.0051004402339458466, 0.0, 0.21197108924388885, 0.20157179236412048, 0.0, 0.7804886698722839, 0.7534452676773071, 0.0015494993422180414, 0.03779526799917221, 2.5078125, 0.0, 0.0, 0.08702275156974792, 0.0519569031894207, 1.8538236618041992, 0.14550942182540894, 0.594577968120575, 0.02487013302743435, 0.0, 0.733410120010376, 0.0, 0.025327887386083603, 0.6073580980300903, 0.1685623973608017, 1.2021613121032715, 0.38552385568618774, 0.1923145353794098, 0.10327107459306717, 0.5010008811950684, 0.2217315137386322, 0.04454975202679634, 0.17492613196372986, 0.2687961161136627, 0.021863847970962524, 1.8776662349700928, 0.5333006381988525, 0.3916124701499939, 2.2680599689483643, 0.0, 0.15882271528244019, 1.340627670288086, 0.04998251423239708, 0.9335494041442871, 0.185781791806221, 0.2118244171142578, 0.08530215919017792, 0.019355693832039833, 0.24483680725097656, 0.16028206050395966, 0.021640639752149582, 0.3537011444568634, 0.0, 2.831062078475952, 0.351546049118042, 0.06241521239280701, 0.0, 0.06664850562810898, 0.01889839395880699, 0.0, 0.0086521590128541, 0.353456974029541, 0.31246042251586914, 0.10182270407676697, 0.4541073143482208, 0.2309843748807907, 0.18657803535461426, 0.5186582803726196, 0.0, 0.7450764179229736, 0.5442935228347778, 1.3855962753295898, 0.11905765533447266, 0.468065470457077, 0.04416818171739578, 0.0, 0.0, 0.009926516562700272, 0.5544520020484924, 0.29968589544296265, 0.23284465074539185, 0.0, 0.008386378176510334, 0.31010493636131287, 0.17402350902557373, 0.21443133056163788, 0.0, 0.019807154312729836, 2.2105350494384766, 0.8507503867149353, 0.2870422601699829, 1.4382356405258179, 1.1015623807907104, 3.2145943641662598, 0.4874557852745056, 0.6072695255279541, 0.1980159878730774, 0.4997657835483551, 0.012890818528831005, 2.0234298706054688, 0.1501573771238327, 1.8602089881896973, 0.4220183193683624, 0.0, 0.020982975140213966, 0.007039189338684082, 1.4292525053024292, 0.35116320848464966, 0.16522783041000366, 0.6111351847648621, 2.308070182800293, 0.5384543538093567, 0.0, 0.6322374939918518, 0.24311046302318573, 0.42186588048934937, 1.0310230255126953, 1.0813590288162231, 0.053122617304325104, 0.9018800854682922, 0.19772280752658844, 0.0, 0.21989555656909943, 1.9380437135696411, 0.1531476080417633, 1.6750998497009277, 0.07691250741481781, 0.0, 0.9049310684204102, 0.31922268867492676, 0.48234236240386963, 2.620333671569824, 0.08791135996580124, 0.0, 0.08680180460214615, 0.0, 0.8259130716323853, 1.9051015377044678, 0.1249382272362709, 0.009304752573370934, 0.009463619440793991, 0.34145864844322205, 0.0, 1.2636916637420654, 0.5731073617935181, 0.0, 1.258522629737854, 0.14355958998203278, 0.9468889832496643, 0.006048569921404123, 0.0, 4.816587448120117, 0.16583730280399323, 0.07044773548841476, 0.31549304723739624, 0.004261376801878214, 0.4794093668460846, 0.0, 0.2941065728664398, 0.04446000978350639, 3.854945182800293, 0.1277158260345459, 0.28865063190460205, 0.4454731047153473, 0.43846839666366577, 0.006753979716449976, 0.8300601243972778, 0.9405744075775146, 0.0, 0.0, 0.0260865930467844, 0.017090169712901115, 0.0, 4.218856334686279, 0.0, 0.2758585512638092, 0.0, 1.005216360092163, 0.183842733502388, 0.19459958374500275, 0.0735849067568779, 0.0, 3.7480969429016113, 0.24007150530815125, 0.0, 0.12148153781890869, 0.5227079391479492, 0.0, 0.20381703972816467, 0.18303395807743073, 0.039261918514966965, 0.0, 0.0, 0.9026262164115906, 0.21115876734256744, 1.1579835414886475, 0.23846498131752014, 0.01706988736987114, 0.732722282409668, 0.08027178049087524, 0.7600204944610596, 0.0, 2.608064651489258, 1.187757968902588, 0.5438450574874878, 0.0, 0.55855792760849, 0.0, 0.7768741250038147, 0.14895783364772797, 0.0014252517139539123, 0.6596755981445312, 0.3072083592414856, 0.0, 0.6528172492980957, 0.40183025598526, 0.15968525409698486, 0.07473070919513702, 0.03455435857176781, 0.0, 0.28198984265327454, 0.11930055171251297, 0.0, 0.0, 0.0, 1.7761595249176025, 0.0, 0.2523098289966583, 0.32070648670196533, 0.8734990954399109, 0.0, 1.9247604608535767, 0.016206661239266396, 0.038650769740343094, 0.07350010424852371, 2.9696860313415527, 1.1004397869110107, 0.8949753046035767, 0.11872612684965134, 0.14123916625976562, 0.005256713833659887, 0.09851338714361191, 0.21590492129325867, 0.36882853507995605, 0.035681188106536865, 0.06993087381124496, 0.033883288502693176, 0.24586009979248047, 0.0, 0.46974703669548035, 0.0, 1.103624939918518, 0.0, 0.0, 0.14921462535858154, 0.0, 0.35935521125793457, 2.8076729774475098, 1.1732972860336304, 0.0, 0.2920602858066559, 0.5690432190895081, 0.1582077145576477, 0.0, 0.0, 0.0, 0.004988295491784811, 0.4336743950843811, 0.06287791579961777, 0.0, 3.6682467460632324, 0.0, 0.037600163370370865, 1.1685616970062256, 0.024025464430451393, 0.08620370179414749, 0.0, 0.001333061489276588, 0.3420132100582123, 0.0, 0.15947234630584717, 0.3893420994281769, 0.0, 0.0, 0.5063967704772949, 0.07262920588254929, 0.350951611995697, 0.0, 0.0, 0.0, 1.256136417388916, 0.41724729537963867, 1.9117697477340698, 2.2932279109954834, 0.673926055431366, 0.37288814783096313, 0.4659571051597595, 0.02236713469028473, 0.015114560723304749, 0.002023940207436681, 1.6942933797836304, 0.001205361564643681, 2.792098045349121, 0.30546706914901733, 0.43241554498672485, 0.10332079976797104, 2.0604915618896484, 0.020565567538142204, 2.4799935817718506, 0.02746845781803131, 0.43981871008872986, 0.11367714405059814, 0.0, 0.020995372906327248, 0.0, 1.1673717498779297, 0.0002186006458941847, 0.04377276450395584, 0.07195872068405151, 1.6370935440063477, 0.018298251554369926, 0.08755553513765335, 0.12272834777832031, 0.12921662628650665, 3.490709066390991, 0.0, 0.0, 1.0534636974334717, 0.3168776333332062, 0.10905478894710541, 0.006091360934078693, 5.173863410949707, 1.0808006525039673, 0.029040342196822166, 0.07280748337507248, 0.43694403767585754, 1.366501808166504, 0.007207505404949188, 0.0, 1.3155936002731323, 0.3604140877723694, 0.5037068128585815, 0.777973473072052, 0.7663823366165161, 0.012408784590661526, 0.01377516333013773, 0.021930398419499397, 0.0, 0.08449898660182953, 0.8675737977027893, 0.15000484883785248, 2.0901927947998047, 0.17587724328041077, 0.24163366854190826, 0.0, 0.0, 0.051141705363988876, 0.613795816898346, 0.3889934718608856, 0.42936429381370544, 0.19454804062843323, 0.23230430483818054, 0.005849482957273722, 0.0, 0.19764243066310883, 0.03699959069490433, 0.04179767519235611, 0.0, 1.6344096660614014, 0.0, 0.0, 0.09777872264385223, 0.1922057569026947, 0.45396173000335693, 0.011583440005779266, 0.6471691727638245, 1.4817286729812622, 0.008983942680060863, 0.2564263343811035, 1.5239876508712769, 0.038192268460989, 0.13401567935943604, 0.5077292919158936, 0.559775710105896, 2.1340348720550537, 5.377368450164795, 0.4074955880641937, 0.3972255289554596, 0.8815849423408508, 0.03790770843625069, 0.41140317916870117, 0.16290724277496338, 0.07889002561569214, 0.0, 0.3567293882369995, 0.9677507281303406, 0.21584726870059967, 0.784069299697876, 0.11140309274196625, 0.6976413130760193, 0.30087465047836304, 0.8584126234054565, 0.0, 0.17043864727020264, 0.09411486983299255, 0.6056979298591614, 1.6222654581069946, 0.6937000751495361, 0.005991984158754349, 4.656947567127645e-05, 0.98953777551651, 0.6455618739128113, 0.2160475254058838, 0.0, 0.17801165580749512, 0.0, 0.901665210723877, 0.4109261631965637, 0.16302132606506348, 0.0, 2.056256055831909, 0.021846085786819458, 0.20275241136550903, 2.439695358276367, 0.26642298698425293, 0.001152851153165102, 0.1865813136100769, 0.04168790578842163, 0.602321445941925, 0.1275172382593155, 0.0, 0.26823922991752625, 0.0548040047287941, 0.3247659206390381, 1.159205436706543, 0.17321991920471191, 0.0, 3.3637876510620117, 0.0, 0.32311874628067017, 2.0432286262512207, 0.00669812923297286, 0.16320936381816864, 0.1492687463760376, 0.845247209072113, 0.00465855048969388, 0.7000571489334106, 0.16633881628513336, 0.09397970885038376, 0.33852463960647583, 0.01865326054394245, 1.6340839862823486, 1.352822184562683, 0.009297680109739304, 0.2631162106990814, 3.070822238922119, 0.0, 0.021072231233119965, 2.0854320526123047, 2.5395565032958984, 0.2372617870569229, 0.0021827903110533953, 0.02097366936504841, 3.030968427658081, 0.046424753963947296, 0.3103411793708801, 0.7761321067810059, 2.8854899406433105, 0.4329932928085327, 0.8787959218025208, 0.13243867456912994, 0.15454865992069244, 0.06368456035852432, 1.1435626745224, 0.24493299424648285, 0.021944615989923477, 0.09283386170864105, 0.8567654490470886, 0.0, 1.3053396940231323, 2.127258062362671, 0.6202629208564758, 0.2834942936897278, 0.0, 0.0, 0.14251093566417694, 0.0, 0.3945345878601074, 0.16380895674228668, 0.0, 0.0401926189661026, 0.0, 0.041441794484853745, 0.25699448585510254, 1.2282845973968506, 0.013316825963556767, 0.0, 0.3654300272464752, 0.08403001725673676, 1.6617462635040283, 0.479577898979187, 0.1006627157330513, 0.13173939287662506, 0.1837415248155594, 0.5672507882118225, 0.11766605824232101, 0.0, 0.0, 0.08911582082509995, 0.0, 0.5147994756698608, 0.25159165263175964, 0.01292359083890915, 1.0205399990081787, 0.11895996332168579, 3.6258199214935303, 0.050947241485118866, 0.3086888790130615, 0.0, 0.41609373688697815, 0.08792325109243393, 0.0, 0.4729034900665283, 0.20637816190719604, 0.08793515712022781, 0.0, 0.0, 0.0, 0.0445537194609642, 0.3345780670642853, 0.5613414645195007, 1.8183790445327759, 0.048124536871910095, 0.38533854484558105, 0.37056964635849, 0.08939533680677414, 0.0, 0.04586957395076752, 1.1760151386260986, 0.4386342167854309, 0.0, 0.01112560834735632, 0.45181629061698914, 0.0, 0.201745867729187, 0.01056971587240696, 0.0, 0.15430620312690735, 0.6449684500694275, 0.015079459175467491, 0.0, 0.0, 0.0, 0.3004850745201111, 0.004100724123418331, 0.10117585211992264, 0.28148701786994934, 0.7516083717346191, 2.8712995052337646, 0.33977246284484863, 1.9222803115844727, 0.041240934282541275, 0.08370912075042725, 0.5769245624542236, 0.1590563952922821, 0.24349497258663177, 1.0647997856140137, 1.2574186325073242, 0.0, 0.0, 1.9751570224761963, 0.7376496195793152, 0.0, 0.0, 0.0641094520688057, 0.7667810916900635, 0.00014700695464853197, 0.06026846542954445, 0.12028289586305618, 0.7061764597892761, 0.0189206600189209, 0.0, 0.2748943567276001, 0.17052020132541656, 0.2071719616651535, 0.5934903621673584, 0.0, 0.05824195221066475, 0.0, 0.011850505135953426, 0.0, 0.34471991658210754, 0.5282588005065918, 0.9153721332550049, 0.1973147839307785, 1.0137746334075928, 0.12567099928855896, 0.9175615310668945, 0.17546100914478302, 0.16614317893981934, 0.0, 0.058072466403245926, 0.0, 0.1646823137998581, 1.0194941759109497, 0.41856735944747925, 0.11059876531362534, 0.021309876814484596, 0.0695878267288208, 0.3704761862754822, 0.0, 4.128636360168457, 0.0, 0.8268290162086487, 0.15325991809368134, 0.040508680045604706, 2.215492010116577, 0.12199223041534424, 0.0, 0.005963671021163464, 0.9269564151763916, 0.0, 0.0, 2.146495819091797, 0.0, 0.0, 0.0, 0.0, 1.8171442747116089, 0.0, 0.07629993557929993, 0.3349268436431885, 0.3407883048057556, 0.05261901021003723, 1.3222509622573853, 0.0, 0.0, 0.6585277915000916, 0.006101627834141254, 1.0295737981796265, 0.2107829451560974, 0.0, 0.12645111978054047, 0.8208776116371155, 0.05155787989497185, 0.0, 1.8650308847427368, 0.23506690561771393, 0.5197113752365112, 0.09620123356580734, 10.4386625289917, 0.020957475528120995, 0.07297790795564651, 0.922324538230896, 0.002167249098420143, 0.05343388393521309, 3.836258888244629, 0.39275944232940674, 0.0, 0.01699559949338436, 0.008934701792895794, 0.607158899307251, 0.26988789439201355, 0.03442299738526344, 0.0, 0.09739050269126892, 0.35878533124923706, 0.0, 0.006692455615848303, 0.017847562208771706, 0.0030177077278494835, 0.9770068526268005, 0.4312729239463806, 0.0, 0.007915659807622433, 0.06007596477866173, 0.020272692665457726, 0.009703310206532478, 0.10002391040325165, 0.0, 0.10546032339334488, 0.2631007432937622, 0.18493403494358063, 0.006314204540103674, 3.695314645767212, 0.21255329251289368, 0.1902714967727661, 0.005540745798498392, 0.0, 0.16300219297409058, 0.1867302507162094, 0.20838496088981628, 0.5026348829269409, 0.07501038908958435, 0.3942967355251312, 0.20925204455852509, 0.9124580025672913, 0.07616207748651505, 0.004211902618408203, 0.23078176379203796, 1.9424787759780884, 0.10631933063268661, 4.4857964515686035, 0.0029780548065900803, 0.12173303961753845, 0.05308264121413231, 0.37988653779029846, 1.5728703737258911, 0.007447527255862951, 0.6991332173347473, 0.0, 1.7533804178237915, 2.473060131072998, 1.8701614141464233, 0.09897991269826889, 1.1730464696884155, 0.15157389640808105, 0.5375468730926514, 0.0, 0.01265768613666296, 0.5323262214660645, 0.8090145587921143, 0.3609302341938019, 0.0, 2.2813427448272705, 0.536274790763855, 0.0, 0.09101887047290802, 0.0, 0.0, 0.23479816317558289, 0.8174326419830322, 0.0, 0.0039474330842494965, 0.5699079036712646, 0.3309306800365448, 0.14864592254161835, 0.0, 0.011569670401513577, 0.00415183836594224, 0.0, 0.28147491812705994, 0.0, 0.0451117642223835, 0.9235208630561829, 1.3043532371520996, 0.0, 0.03407953679561615, 0.270206093788147, 0.008288994431495667, 0.2057817429304123, 0.0609823539853096, 0.0, 1.4695043563842773, 1.2734624147415161, 1.934357762336731, 0.0, 0.8748133778572083, 0.2782277762889862, 2.7367424964904785, 0.4620424509048462, 0.08474823832511902, 0.13504621386528015, 0.4953291416168213, 0.0031148511916399, 0.0, 0.620788037776947, 0.8099153637886047, 0.0, 0.5126373171806335, 0.08221506327390671, 0.05513586476445198, 0.6521390676498413, 0.7247920632362366, 1.0521142482757568, 2.558621406555176, 0.5206642746925354, 0.06632168591022491, 0.2743787169456482, 0.303617388010025, 3.3985209465026855, 0.17069701850414276, 0.0837426483631134, 0.020230624824762344, 0.04876076802611351, 0.01705445535480976, 0.0, 0.11714309453964233, 0.020302334800362587, 0.20795997977256775, 0.025690339505672455, 1.639853596687317, 0.5349351763725281, 0.07485652714967728, 0.22107329964637756, 0.12453905493021011, 0.0, 0.7925835251808167, 0.003784148022532463, 1.7530375719070435, 0.2224375456571579, 0.2680601477622986, 0.4947907328605652, 0.8926154971122742, 1.910941243171692, 0.2051304429769516, 0.7892122864723206, 2.615652561187744, 0.0, 0.6503222584724426, 0.6808742880821228, 0.4919474720954895, 1.5585987567901611, 0.0, 0.0, 2.6432502269744873, 0.16064010560512543, 0.020900528877973557, 0.0, 1.9382688999176025, 0.22531190514564514, 0.14323072135448456, 0.15128853917121887, 0.1649959534406662, 0.047689005732536316, 0.0, 0.3157632648944855, 0.0, 1.2664765119552612, 0.9908055067062378, 0.0004541533417068422, 0.0, 0.6555928587913513, 0.05782123655080795, 3.96390962600708, 0.0, 0.27251115441322327, 0.4686034917831421, 0.021536333486437798, 0.5628907084465027, 0.7508457899093628, 0.22036699950695038, 0.5530976057052612, 0.3461093604564667, 0.025584770366549492, 0.0043122186325490475, 0.08278276771306992, 0.3831263482570648, 0.0, 0.0981188490986824, 0.0, 0.5932877063751221, 0.0, 0.07041291892528534, 1.2618622779846191, 2.4560601711273193, 0.02141321450471878, 0.0, 0.083968386054039, 0.8942732810974121, 0.2667195200920105, 0.01956409029662609, 0.0, 0.13521428406238556, 0.033126793801784515, 0.031699471175670624, 0.0018528018845245242, 0.2615879476070404, 0.14180785417556763, 0.0, 0.0, 0.5530140399932861, 0.0, 0.008709290996193886, 3.277616500854492, 0.11537990719079971]",Testing/glioma_tumor/image(97).jpg
"[0.14484314620494843, 0.04925491288304329, 0.0, 0.39248767495155334, 0.3456399440765381, 0.09472746402025223, 2.4599363803863525, 0.0, 0.02197313867509365, 0.002008369890972972, 0.03871011361479759, 0.003644675714895129, 0.22111907601356506, 0.9814808368682861, 0.07426459342241287, 0.0, 0.0, 0.4169175922870636, 0.25851109623908997, 0.0, 0.7206214070320129, 0.8206732869148254, 0.5465384125709534, 0.2139805555343628, 0.17236429452896118, 0.15859147906303406, 1.703656554222107, 0.009893572889268398, 0.15366919338703156, 0.15520401298999786, 0.27828118205070496, 0.1359255313873291, 1.0378453731536865, 1.1164368391036987, 0.9256429076194763, 0.08996213972568512, 0.0, 0.02318323403596878, 0.33365997672080994, 0.2315937578678131, 1.6929672956466675, 0.27544277906417847, 0.19067548215389252, 0.006982662249356508, 0.0, 0.0, 0.04808799922466278, 0.0, 0.0, 1.1501744985580444, 0.14148344099521637, 0.5831784009933472, 0.07315872609615326, 0.01233719103038311, 1.5288580656051636, 3.4550859928131104, 0.0, 0.028610223904252052, 0.5029003620147705, 0.19730350375175476, 0.03021944873034954, 0.088468037545681, 0.9105885028839111, 1.5419988632202148, 0.042913708835840225, 0.04001573100686073, 0.0, 0.07172728329896927, 0.0, 0.0, 0.12963902950286865, 0.0, 0.09604257345199585, 3.0936715602874756, 0.5113453269004822, 0.09482215344905853, 4.331039905548096, 0.09159640967845917, 0.0, 0.1462862491607666, 0.34755417704582214, 0.024668866768479347, 0.43311649560928345, 0.4203804135322571, 0.5286046266555786, 0.0, 2.053331136703491, 0.021492721512913704, 0.0, 0.0, 1.2210389375686646, 0.16709615290164948, 0.0, 0.0122630400583148, 0.13633866608142853, 0.021145937964320183, 0.2502436637878418, 0.1098942831158638, 0.4061412513256073, 0.059844762086868286, 0.12242629379034042, 1.1485071182250977, 0.04887391999363899, 0.0, 0.16005635261535645, 0.11363747715950012, 0.004876647610217333, 0.8412356972694397, 0.0, 1.157823085784912, 0.0, 0.05629682168364525, 0.19586828351020813, 0.14381134510040283, 0.21195174753665924, 0.0, 0.557971715927124, 0.39694198966026306, 0.29828041791915894, 0.013530544005334377, 0.0, 0.07055259495973587, 0.0, 0.4176357686519623, 0.6730258464813232, 0.31539931893348694, 0.23434020578861237, 0.015884920954704285, 0.8256480693817139, 0.039769113063812256, 0.00800628773868084, 0.8970146775245667, 0.2027113437652588, 0.4108588695526123, 0.040281884372234344, 0.09266995638608932, 0.13235212862491608, 0.43938329815864563, 0.022471636533737183, 1.1950459480285645, 0.0, 0.016482554376125336, 0.01923241838812828, 0.011912516318261623, 0.024829713627696037, 0.0, 0.49320754408836365, 5.017651081085205, 0.01145690307021141, 0.017263412475585938, 0.3980144262313843, 0.6690696477890015, 0.09199658036231995, 0.0, 0.8823930621147156, 0.12848299741744995, 0.0, 0.0, 1.0902612209320068, 0.0, 0.1220049187541008, 1.034272313117981, 0.0, 0.0, 0.16163283586502075, 0.2364734709262848, 0.3021661341190338, 0.22427445650100708, 0.06219296157360077, 7.049524307250977, 1.1492351293563843, 0.0, 0.09809523820877075, 0.287523478269577, 2.6654720306396484, 0.37251076102256775, 0.0036382991820573807, 0.6485474705696106, 0.05319121107459068, 0.6230924725532532, 0.0, 0.3477839231491089, 0.0020999666303396225, 0.3506927192211151, 0.4794285297393799, 0.2384221851825714, 0.008670738898217678, 0.001874140347354114, 0.023374419659376144, 0.0, 0.017596527934074402, 0.0, 0.15023796260356903, 0.15221641957759857, 0.0, 0.6961783766746521, 0.16469600796699524, 0.4891833961009979, 0.0, 0.09361565858125687, 0.28172141313552856, 0.045240890234708786, 0.1831274777650833, 0.01706749014556408, 0.033680107444524765, 0.11116854846477509, 0.02461743913590908, 0.0, 0.3540148138999939, 0.147356778383255, 0.11360623687505722, 0.5994545221328735, 0.0, 0.04951770603656769, 0.014350752346217632, 0.00695542898029089, 0.15892884135246277, 0.0, 0.0, 0.002333952346816659, 0.04580104723572731, 0.16963781416416168, 0.0, 0.24014849960803986, 0.00871180184185505, 1.6081328392028809, 0.078324094414711, 0.0, 4.266963005065918, 0.02944234013557434, 0.36280977725982666, 0.05567355081439018, 0.24991625547409058, 1.0684641599655151, 1.6384199857711792, 0.5668891072273254, 0.009860909543931484, 0.12255780398845673, 0.07378438860177994, 0.21904011070728302, 0.7203091979026794, 0.319396436214447, 1.7031182050704956, 0.27068090438842773, 0.013410519808530807, 0.06174793466925621, 0.5158777236938477, 1.5101227760314941, 0.017391540110111237, 2.4852428436279297, 0.1552886813879013, 0.0, 0.5434277653694153, 0.0651862695813179, 0.5701704621315002, 0.6389067769050598, 0.06244679540395737, 0.7017226219177246, 0.0, 0.5973654389381409, 0.0, 0.0, 0.025175493210554123, 0.11040845513343811, 0.0, 0.0, 0.0, 0.012599723413586617, 0.0, 0.0, 0.287597119808197, 0.45735394954681396, 0.311452716588974, 0.08011751621961594, 4.444150447845459, 0.2854020595550537, 0.03269198164343834, 1.5794641971588135, 0.4310433566570282, 0.0016444653738290071, 0.8696421384811401, 1.0699952840805054, 3.5828676223754883, 0.28394338488578796, 0.7038270831108093, 0.0, 0.3303067088127136, 0.014544022269546986, 0.0, 0.0, 0.2491433322429657, 0.5113616585731506, 0.0, 0.07535113394260406, 0.5531864762306213, 2.758594036102295, 0.6850476264953613, 0.023611340671777725, 1.0862090587615967, 0.016295544803142548, 0.010145440697669983, 0.0, 4.008150100708008, 0.010226543992757797, 1.7628660202026367, 0.010293043218553066, 0.0, 2.647907257080078, 0.07392170280218124, 0.05209970474243164, 0.0168620478361845, 0.02719867043197155, 0.40017104148864746, 0.006287598982453346, 0.004905377048999071, 0.26271212100982666, 0.0, 0.0, 0.005862921942025423, 0.1374349147081375, 0.03334755450487137, 0.0, 0.0, 0.0, 0.053333885967731476, 0.0634530782699585, 0.6151762008666992, 0.15919974446296692, 2.3224565982818604, 0.553954005241394, 0.01301319245249033, 0.17068064212799072, 1.020334243774414, 0.22932589054107666, 0.0, 0.24865494668483734, 1.2330631017684937, 0.4024604856967926, 2.0733726024627686, 0.007366898003965616, 0.0, 0.12883102893829346, 0.054745737463235855, 0.180362269282341, 0.0, 0.2026364505290985, 0.3751140236854553, 0.22685694694519043, 0.0, 0.09076999872922897, 0.0, 0.0986672043800354, 0.3043403625488281, 0.0, 0.0, 0.05408541113138199, 0.10800937563180923, 0.04624895006418228, 0.21014145016670227, 0.1987534761428833, 0.0, 1.6594961881637573, 0.419098824262619, 0.0, 0.34869998693466187, 0.0, 0.0012450874783098698, 0.3188125193119049, 0.005972351413220167, 0.2768779993057251, 0.03297754004597664, 0.0, 2.5058987140655518, 3.3274126052856445, 0.1790378987789154, 0.08183746039867401, 2.5976929664611816, 0.15786334872245789, 0.006601426284760237, 0.009682592004537582, 0.11018521338701248, 0.09483200311660767, 0.0, 0.009886829182505608, 0.4137558937072754, 0.014880403876304626, 0.44563740491867065, 0.0, 0.016808589920401573, 0.0, 0.0, 0.1310606747865677, 0.0003217702032998204, 0.09966219961643219, 0.41235417127609253, 9.831146240234375, 0.0, 0.062139399349689484, 0.0, 0.0, 0.550621747970581, 0.0, 0.05923258513212204, 0.6405575275421143, 0.0, 0.8325052261352539, 0.004502724856138229, 0.02020445093512535, 0.2574100196361542, 0.44943660497665405, 0.10672442615032196, 0.0, 0.025841834023594856, 0.06574559956789017, 0.1832933872938156, 2.303711175918579, 0.0, 0.0, 0.06119926646351814, 0.02996240183711052, 0.029260840266942978, 0.04794441908597946, 0.704112708568573, 0.11007492244243622, 0.0, 0.13775122165679932, 0.0, 0.022375669330358505, 0.0, 0.010730345733463764, 0.5206028819084167, 0.5022123456001282, 0.7550036311149597, 0.0, 0.831653356552124, 0.6280887722969055, 0.013927260413765907, 4.807920932769775, 0.07184719294309616, 0.0, 0.03368513658642769, 0.020259778946638107, 0.055446650832891464, 0.0, 0.0, 0.019274156540632248, 0.009176596999168396, 0.5680081844329834, 0.06200823932886124, 0.2944934368133545, 2.0011324882507324, 0.0, 0.15223157405853271, 0.0163408275693655, 0.08753101527690887, 0.06759478896856308, 0.1944464147090912, 0.2490263730287552, 0.044044796377420425, 2.1303720474243164, 0.0, 1.3942723274230957, 0.9550488591194153, 0.05979147553443909, 0.0, 0.015354803763329983, 0.14326128363609314, 0.9456215500831604, 0.08262476325035095, 0.0, 0.0, 0.27420172095298767, 0.044735975563526154, 0.024758189916610718, 0.36208271980285645, 0.0, 0.06682932376861572, 0.08789020031690598, 0.9068761467933655, 0.254388689994812, 0.579511284828186, 0.0, 0.13255782425403595, 0.006483117118477821, 0.0, 0.5001545548439026, 0.0, 0.0, 0.4270223379135132, 0.06537912786006927, 0.2880297005176544, 2.565047025680542, 0.3233906626701355, 0.0, 0.3537047505378723, 0.008326077833771706, 0.07444779574871063, 0.23817284405231476, 0.8374752998352051, 0.5629631876945496, 0.027205072343349457, 0.0653686448931694, 0.0, 3.7405433654785156, 1.8089849948883057, 0.04210842773318291, 0.0, 0.02671714685857296, 0.011275140568614006, 0.0, 0.0, 0.0, 0.4370115101337433, 0.015340293757617474, 0.26298514008522034, 0.005325966980308294, 0.43650904297828674, 0.10418421775102615, 0.2953124940395355, 0.017816629260778427, 0.0009069296647794545, 0.14412644505500793, 0.38780614733695984, 0.828953742980957, 0.0, 0.15870092809200287, 0.0, 0.0, 0.0, 0.9498359560966492, 0.3578801155090332, 0.8614667654037476, 1.2067124843597412, 2.0294158458709717, 0.0, 0.6713823080062866, 2.4880435466766357, 0.8338267207145691, 0.0328793004155159, 0.3050009310245514, 0.0, 0.0, 0.3263026773929596, 0.5053710341453552, 0.2748510241508484, 0.0, 0.00035331686376594007, 0.2867887020111084, 0.17807158827781677, 0.04248710721731186, 0.1492244303226471, 1.4137271642684937, 0.3836669921875, 0.06657252460718155, 0.879603922367096, 1.1998894214630127, 0.24151922762393951, 0.0, 0.0, 0.16896237432956696, 4.373190879821777, 0.38227158784866333, 0.009420054033398628, 0.0, 0.0, 0.3370351493358612, 0.016979383304715157, 0.015689831227064133, 0.10905341804027557, 0.0, 1.3135828971862793, 0.029410719871520996, 1.83469557762146, 0.027162060141563416, 0.0, 1.041352391242981, 0.0, 2.438493490219116, 0.013864259235560894, 0.0, 1.0811346769332886, 0.0, 0.019027812406420708, 0.0010268542682752013, 0.0, 0.07682838290929794, 0.08627904951572418, 0.03497038409113884, 0.002227537566795945, 0.0, 0.07122951000928879, 0.011221841908991337, 0.4973478615283966, 0.16110192239284515, 0.4490213096141815, 0.6388452649116516, 0.378885418176651, 0.0, 0.174063578248024, 0.03509719669818878, 0.6128137707710266, 0.0, 0.7406148910522461, 1.2508128881454468, 0.12741002440452576, 0.0, 0.24186253547668457, 0.12225010246038437, 0.24867361783981323, 0.9729037284851074, 0.013471369631588459, 0.1562473177909851, 0.0686504915356636, 1.9250776767730713, 0.0, 0.0038377386517822742, 0.0, 0.09264961630105972, 0.0, 0.40458059310913086, 0.17311453819274902, 0.13849501311779022, 1.5895634889602661, 0.06807857751846313, 0.23583556711673737, 0.2469756305217743, 0.2874807119369507, 0.0, 0.027122261002659798, 0.03834140673279762, 0.13643422722816467, 1.6881933212280273, 0.031393565237522125, 0.0011397964553907514, 0.0, 0.0, 0.16721750795841217, 0.0, 0.024966876953840256, 0.11709331721067429, 2.621835470199585, 0.0, 0.16862362623214722, 0.2760395407676697, 0.0, 0.7058342099189758, 2.3698203563690186, 0.04324185475707054, 0.003836208488792181, 0.0, 0.37878358364105225, 0.42769888043403625, 0.04995451122522354, 0.0, 2.917254686355591, 0.21906159818172455, 0.4335598051548004, 0.0, 0.20307591557502747, 0.0, 1.067781925201416, 0.3898736238479614, 0.01792057976126671, 0.03460616618394852, 0.4089638888835907, 0.0, 0.5336853265762329, 0.7369852066040039, 0.002190609462559223, 0.2912227511405945, 0.0, 0.491047203540802, 0.24543489515781403, 0.028897492215037346, 0.0, 0.3406849205493927, 0.0, 0.029925892129540443, 0.07639122009277344, 2.109543800354004, 1.1840001344680786, 0.0, 0.0, 0.0, 2.364816188812256, 0.9309936761856079, 0.0, 1.0160232782363892, 0.7829068899154663, 0.16317124664783478, 0.02115083672106266, 0.02978740818798542, 0.01953679695725441, 0.08403001725673676, 0.6782617568969727, 0.0, 0.2147592455148697, 0.38738924264907837, 0.00713602127507329, 0.00818839855492115, 0.2785068452358246, 0.2831128239631653, 0.006096854340285063, 0.4646475613117218, 0.10587044060230255, 0.020295092836022377, 2.4066576957702637, 1.7676606178283691, 0.9273982644081116, 0.015482763759791851, 2.3706629276275635, 0.07114604860544205, 0.13953591883182526, 0.0, 0.21648605167865753, 0.17755647003650665, 0.03508681058883667, 0.04197661578655243, 0.0737190917134285, 0.0, 0.07477087527513504, 3.6263105869293213, 0.0781826376914978, 0.9119537472724915, 0.0, 2.1384716033935547, 0.5318232178688049, 0.28132110834121704, 0.08800099045038223, 1.2419369220733643, 0.0, 0.0680307000875473, 0.050410911440849304, 0.19323508441448212, 0.8400635719299316, 0.024950586259365082, 0.09400583803653717, 0.0002713300636969507, 0.19272659718990326, 0.007844158448278904, 0.06609945744276047, 0.23796315491199493, 1.3110665082931519, 0.0008735121227800846, 0.0, 0.955620527267456, 0.11156721413135529, 0.0, 0.0018094218103215098, 1.0262938737869263, 0.3079981207847595, 2.5024290084838867, 0.1028641015291214, 0.038092948496341705, 0.7116223573684692, 0.28634172677993774, 0.8128848671913147, 0.029468609020113945, 0.012051855213940144, 0.019389770925045013, 0.31997108459472656, 0.6342227458953857, 0.12120470404624939, 0.8270984292030334, 0.0, 0.0, 0.0001391342666465789, 0.5809341073036194, 0.6370424628257751, 0.8649691939353943, 0.015093278139829636, 0.21314765512943268, 0.5448890924453735, 0.5291292071342468, 0.08553306758403778, 0.14366385340690613, 0.15299385786056519, 0.00728805223479867, 1.428871989250183, 0.5327638387680054, 0.9961723685264587, 0.5570083856582642, 1.0346251726150513, 0.008956237696111202, 0.9162665605545044, 0.21217869222164154, 1.7775167226791382, 1.1890678405761719, 0.09213761240243912, 0.06885486841201782, 1.735857605934143, 0.8539131283760071, 0.07345221936702728, 0.0, 1.8868274688720703, 0.26590269804000854, 0.036414045840501785, 0.06225942075252533, 0.034430794417858124, 0.0, 0.0, 0.29431068897247314, 0.07803454995155334, 0.008735335431993008, 0.0, 0.32740697264671326, 2.0825037956237793, 0.36678656935691833, 0.23748715221881866, 0.43142208456993103, 0.10884266346693039, 0.005486442241817713, 0.2881917357444763, 0.0, 1.0673378705978394, 0.0006861005676910281, 2.4822587966918945, 0.7212628126144409, 0.03815615922212601, 0.0, 0.0016598846996203065, 0.08368632942438126, 0.7235332131385803, 0.07139760255813599, 0.0, 0.4213802218437195, 0.01802007108926773, 0.030227666720747948, 0.017985329031944275, 4.229809761047363, 0.0, 0.16095979511737823, 0.2399367243051529, 0.2577926814556122, 0.2578299343585968, 1.282393455505371, 0.006086967419832945, 0.0805656686425209, 0.0, 0.5252950191497803, 0.0, 0.0, 0.24468858540058136, 2.297654867172241, 0.8536376953125, 0.0, 0.0, 0.0012839570408686996, 1.4869705438613892, 0.20240744948387146, 0.11830060184001923, 0.14720700681209564, 0.13818404078483582, 0.1004294753074646, 0.03422629088163376, 0.02275839075446129, 0.2634001076221466, 0.007385837845504284, 0.0, 1.71758234500885, 0.15116143226623535, 0.10015220940113068, 0.15373505651950836, 0.034344449639320374, 0.22041697800159454, 0.5206717848777771, 0.4791984558105469, 0.33675500750541687, 0.164773091673851, 4.9963178634643555, 0.32101011276245117, 0.0, 0.0, 0.05626358464360237, 0.11878060549497604, 1.2609196901321411, 0.150640070438385, 0.19383512437343597, 0.7110390663146973, 1.1245359182357788, 0.0, 0.11445267498493195, 0.04433940723538399, 0.013264568522572517, 1.4464300870895386, 0.0, 0.3072949945926666, 0.47368550300598145, 0.2356128692626953, 0.1921386569738388, 0.003531071590259671, 0.04973059147596359, 0.05708299204707146, 0.0, 0.20503725111484528, 0.0, 0.08510840684175491, 0.08813998103141785, 0.055729664862155914, 0.9087889790534973, 0.0, 0.7829451560974121, 0.0, 0.023180732503533363, 2.632113456726074, 0.0547625757753849, 0.04699762910604477, 1.6121456623077393, 1.1104214191436768, 0.010701561346650124, 1.286695957183838, 0.5213189125061035, 0.13504810631275177, 0.07902967929840088, 0.0, 0.2121422290802002, 0.0, 0.09961702674627304, 0.0, 0.0, 0.0, 0.03161681815981865, 0.034571871161460876, 0.09712842106819153, 0.06786028295755386, 0.0, 2.598463296890259, 1.3775725364685059, 2.635990619659424, 0.0, 0.10194021463394165, 0.175750270485878, 1.101581335067749, 0.0, 0.15654318034648895, 2.741513967514038, 0.0, 0.07538542151451111, 0.038895003497600555, 0.0, 0.11454473435878754, 0.010088543407619, 0.12759922444820404, 0.0, 0.6039933562278748, 0.004336201585829258, 0.2095607966184616, 0.15040138363838196, 0.02847953885793686, 0.31614038348197937, 0.0, 0.46990445256233215, 0.03795409947633743, 0.0, 0.3254031240940094, 0.0, 0.04627750813961029, 3.304821729660034, 1.4798166751861572, 0.2900931239128113, 0.22112764418125153, 0.0, 0.07564154267311096, 0.1831388622522354, 0.015895899385213852, 0.5192585587501526, 0.07822267711162567, 0.7263898849487305, 0.18102042376995087, 0.0, 0.06500108540058136, 1.0158023834228516, 0.2171604037284851, 0.2859296500682831, 0.04175551235675812, 0.3056758940219879, 0.009693408384919167, 0.05091526731848717, 0.1563178300857544, 0.0, 1.1666566133499146, 1.9259169101715088, 0.8442834615707397, 0.036701738834381104, 1.2343151569366455, 0.0011388768907636404, 0.11654028296470642, 0.0, 0.3925759196281433, 0.0, 0.18209998309612274, 0.0, 0.19118088483810425, 0.2498316913843155, 0.00250241719186306, 0.002872841665521264, 0.013324684463441372, 0.0, 0.10397029668092728, 0.0, 0.6670361757278442, 0.0862201377749443, 0.0, 0.0, 1.3244333267211914, 1.092611312866211, 0.01403504516929388, 0.1133841872215271, 0.3157406151294708, 0.02100386843085289, 0.12135018408298492, 0.0, 0.35416078567504883, 3.0455565452575684, 0.47036677598953247, 0.0037478525191545486, 0.021426662802696228, 0.0, 0.0, 0.30596616864204407, 0.3517429530620575, 1.0684635639190674, 0.011368291452527046, 0.01893026940524578, 0.05190758407115936, 0.551612913608551, 0.0, 0.17886893451213837, 0.0, 0.0, 0.07362430542707443, 0.5548453330993652, 0.026561705395579338, 0.18902958929538727, 0.0, 1.4626455307006836, 0.0, 0.0, 0.03599529340863228, 0.29806268215179443, 0.009243560954928398, 0.036412663757801056, 1.424694299697876, 0.0, 0.09566473215818405, 0.3029444217681885, 0.06981488317251205, 0.6781463623046875, 0.05474528670310974, 1.1067153215408325, 0.06547397375106812, 0.0, 0.0, 0.3781156837940216, 0.0, 0.2985500395298004, 0.45305147767066956, 1.3803116083145142, 0.28016650676727295, 0.2109486162662506, 0.0, 0.12572726607322693, 0.15498638153076172, 0.18235710263252258, 0.378467857837677, 0.0, 0.7231318950653076, 0.2954477071762085, 0.0263938270509243, 0.032418884336948395, 0.01682351529598236, 2.9429402351379395, 0.23952235281467438, 0.17649516463279724, 0.4199785888195038, 0.3426220417022705, 0.1743410974740982, 0.0, 0.1519271433353424, 0.7618645429611206, 0.11617165058851242, 0.0, 0.10627225786447525, 1.5120538473129272, 0.00754289235919714, 0.1631612330675125, 0.2578434944152832, 1.946556568145752, 0.8070363402366638, 0.058983560651540756, 0.0, 0.006431800778955221, 0.8478631973266602, 0.0, 0.7952088117599487, 0.0, 0.13271495699882507, 0.04635839909315109, 0.0, 0.7350603342056274, 0.00030901480931788683, 0.0, 0.0, 0.19387848675251007, 0.0, 0.0, 0.0, 0.12370546162128448, 0.30582594871520996, 0.06276986747980118, 0.16823387145996094, 0.0, 0.0, 0.0, 0.6272965669631958, 0.051545046269893646, 0.04873525723814964, 0.00016144099936354905, 0.02099950611591339, 0.02853844128549099, 0.134566992521286, 0.1640918254852295, 0.05625588446855545, 0.36756110191345215, 0.0, 0.014891194179654121, 0.025347771123051643, 0.13518941402435303, 0.01233865786343813, 0.4425370395183563, 0.009778144769370556, 0.37086498737335205, 0.0, 2.224133253097534, 0.0, 0.0, 0.008538961410522461, 0.0, 0.029292212799191475, 0.020293649286031723, 0.0, 0.3768143653869629, 1.5069483518600464, 0.0, 0.28821897506713867, 0.0, 0.0, 0.0, 0.5152688026428223, 0.00585635332390666, 0.2965954840183258, 0.0009005434694699943, 0.0, 0.4527279734611511, 2.1570651531219482, 0.2867873013019562, 0.18015433847904205, 0.08941138535737991, 0.0, 4.271663188934326, 0.0, 0.02637488581240177, 0.005366639234125614, 0.0, 0.04248445853590965, 0.01856345497071743, 0.614320695400238, 0.36329954862594604, 0.018057813867926598, 0.18729031085968018, 0.23848856985569, 0.043769579380750656, 0.08355540782213211, 0.08283733576536179, 0.0, 0.13297845423221588, 0.0, 0.0, 0.1247837096452713, 0.5294459462165833, 0.069654181599617, 0.1812196522951126, 0.0, 0.0, 0.03201642632484436, 0.013224747963249683, 0.11945977807044983, 0.2500680983066559, 1.431422233581543, 1.3873368501663208, 0.702262282371521, 0.05425763502717018, 0.42588019371032715, 0.0017533934442326427, 0.15524600446224213, 0.00589495524764061, 0.3141106963157654, 0.09114150702953339, 0.05925380066037178, 0.008597019128501415, 0.12249540537595749, 0.0, 0.6676968932151794, 0.11638329923152924, 1.0725996494293213, 0.023322952911257744, 0.4446132779121399, 0.28975796699523926, 0.1659187376499176, 1.170444369316101, 3.1985960006713867, 0.0, 0.8111506700515747, 1.014323115348816, 0.0, 0.137277290225029, 0.02135564386844635, 0.2200450897216797, 0.027556810528039932, 0.5656940937042236, 0.021508052945137024, 0.026479683816432953, 0.31581762433052063, 0.5524802803993225, 0.0, 0.7697908282279968, 0.10927145183086395, 0.2327287644147873, 0.8483359813690186, 0.3706834614276886, 0.005593560170382261, 0.3143749237060547, 0.04272227734327316, 2.8070414066314697, 0.10892550647258759, 0.02232016995549202, 0.6664631366729736, 0.04615286365151405, 0.1894388198852539, 0.22871004045009613, 0.02039966732263565, 0.03937153518199921, 0.5166199207305908, 0.28907620906829834, 0.3512859046459198, 0.3715704381465912, 0.3049042224884033, 0.169682577252388, 0.06127763167023659, 0.07042451947927475, 0.11856108158826828, 0.5855650901794434, 0.8310391306877136, 0.0, 0.1839761584997177, 0.0, 0.7825158834457397, 0.005360817536711693, 0.00558818131685257, 0.10609649866819382, 0.0, 0.016901550814509392, 0.20860445499420166, 2.6844382286071777, 0.5254513621330261, 0.2599436640739441, 0.3035915791988373, 1.5287777185440063, 0.7723308205604553, 0.37649908661842346, 0.0, 0.0014776830794289708, 0.1419321596622467, 0.0, 0.04139207676053047, 0.07105553150177002, 0.05176352337002754, 0.46463099122047424, 0.2977234423160553, 0.045004069805145264, 0.1363450586795807, 0.12101035565137863, 0.13840334117412567, 0.4045877754688263, 0.0, 0.5036158561706543, 0.009242694824934006, 0.34921619296073914, 0.38579675555229187, 0.132757768034935, 0.17458395659923553, 0.11510104686021805, 0.04520994424819946, 0.0, 0.025284552946686745, 0.0, 0.6889046430587769, 2.369633197784424, 0.005719766486436129, 0.0, 1.0564504861831665, 0.0, 0.056866634637117386, 0.5444809198379517, 0.06761828809976578, 0.0, 0.03577405959367752, 0.0, 0.6112086176872253, 4.050868034362793, 0.4359220862388611, 0.07672674208879471, 0.5197128653526306, 0.0, 0.21235981583595276, 0.5818418264389038, 0.29355183243751526, 0.3050996661186218, 0.0, 0.3358687162399292, 1.457093358039856, 0.00014705804642289877, 0.49342089891433716, 0.0, 0.3354077935218811, 0.0, 0.13871842622756958, 0.0, 0.5265710353851318, 0.0, 0.0, 0.03787139803171158, 0.9158037900924683, 0.0, 0.17610786855220795, 0.006325916387140751, 0.3424299955368042, 0.0, 0.8283938765525818, 3.882554054260254, 0.0, 0.09412812441587448, 0.24091382324695587, 0.0, 0.020410630851984024, 0.4703451693058014, 0.0, 0.009709453210234642, 0.09322436153888702, 1.9637731313705444, 0.0, 0.09658313542604446, 1.3237829208374023, 0.0960717722773552, 1.487136960029602, 0.0, 0.1744023859500885, 0.06702359765768051, 0.17543886601924896, 0.017796741798520088, 0.025583116337656975, 0.0532052218914032, 0.0, 0.4357494115829468, 0.0, 4.09306001663208, 0.08019255846738815, 0.07691660523414612, 0.11864280700683594, 0.0, 0.004510305356234312, 0.09501959383487701, 0.041979625821113586, 0.0, 2.6463654041290283, 1.0159364938735962, 0.319000244140625, 0.24569405615329742, 0.042726967483758926, 0.0, 1.5203180313110352, 0.729790210723877, 0.0, 0.42174914479255676, 0.12499723583459854, 0.0, 0.15523496270179749, 0.15845058858394623, 0.5646960735321045, 0.02604326419532299, 0.0, 0.0, 0.3263167142868042, 0.0, 0.0, 0.18685555458068848, 0.0, 2.1567816734313965, 0.06750233471393585, 0.4656393229961395, 0.0, 2.2284698486328125, 0.058190297335386276, 0.6900650262832642, 0.4280959963798523, 0.0, 0.34486719965934753, 0.2916598916053772, 0.3495228886604309, 0.03669733181595802, 0.5192748308181763, 0.3345848023891449, 0.0, 0.0, 0.2219049632549286, 0.3599802851676941, 0.2937353551387787, 0.04697968438267708, 0.14302502572536469, 0.1060619056224823, 0.0, 0.0, 0.0, 0.04513818398118019, 0.024507896974682808, 0.005881550256162882, 0.2864688038825989, 0.0, 0.7078041434288025, 1.4465513229370117, 0.0, 0.0, 0.05088673159480095, 0.024970950558781624, 0.05013778433203697, 0.0, 0.0, 0.02280510775744915, 0.5071834921836853, 0.051718249917030334, 0.0782315582036972, 0.06446997076272964, 0.628136157989502, 0.0, 0.07100320607423782, 0.3161625266075134, 0.024757161736488342, 0.0, 0.11541230976581573, 0.15745903551578522, 0.5473694801330566, 0.0, 0.06220844015479088, 0.0003367540775798261, 0.0, 0.0, 0.003885772777721286, 0.0, 0.055696386843919754, 0.03659076988697052, 0.7831196784973145, 0.0, 0.45297911763191223, 0.7732847332954407, 1.274787425994873, 3.247347354888916, 0.011666025035083294, 0.708742618560791, 0.7752047181129456, 0.0, 0.2619813084602356, 0.8000765442848206, 1.8667449951171875, 0.21136130392551422, 3.688237190246582, 0.08091836422681808, 1.1846048831939697, 0.19675621390342712, 1.0457230806350708, 0.16854363679885864, 0.15159888565540314, 0.0909886434674263, 0.0, 0.15482653677463531, 0.866187572479248, 0.08853308111429214, 0.0, 0.5580074787139893, 0.04398861527442932, 0.0, 0.0077092694118618965, 1.5475496053695679, 0.0, 0.36988207697868347, 0.07618081569671631, 0.5864892601966858, 2.9459187984466553, 0.2830066382884979, 0.0, 1.7385427951812744, 1.0913089513778687, 0.7362465262413025, 0.4237039387226105, 1.1465157270431519, 0.5323953032493591, 0.2525542378425598, 0.0, 1.0666377544403076, 0.633010983467102, 0.0, 0.0, 1.6464415788650513, 0.13883553445339203, 1.792427897453308, 0.11941935867071152, 0.013337373733520508, 0.2014458328485489, 0.04727150872349739, 0.08624047785997391, 0.3172593116760254, 0.19189190864562988, 0.27001771330833435, 0.30758607387542725, 2.210890054702759, 0.29809361696243286, 0.029026636853814125, 0.0, 0.002678303048014641, 0.6578822135925293, 0.3501453399658203, 0.12617678940296173, 0.024681804701685905, 0.0, 0.004570182412862778, 0.02602718025445938, 0.0, 0.12257523089647293, 0.079360730946064, 0.0, 0.0, 0.5202268362045288, 0.0, 0.0, 0.10955454409122467, 0.0, 0.0359080508351326, 0.004920317325741053, 0.0, 0.13254503905773163, 0.08415138721466064, 1.5945241451263428, 0.021159004420042038, 0.004050102550536394, 0.008954283781349659, 0.30992650985717773, 0.6488695740699768, 0.05289579927921295, 2.122152090072632, 0.2025003582239151, 0.3526078164577484, 0.17331242561340332, 0.014283798635005951, 0.4869113862514496, 0.0039929174818098545, 0.020707368850708008, 0.24767851829528809, 0.0, 0.9568231701850891, 0.005853249225765467, 0.0, 0.009583008475601673, 0.05751803517341614, 1.3518807888031006, 1.3823258876800537, 0.06753165274858475, 0.16848735511302948, 0.40029600262641907, 0.33326441049575806, 0.0, 0.0, 0.046814970672130585, 0.01166995707899332, 0.38760626316070557, 0.051398977637290955, 0.021791638806462288, 0.1801236867904663, 0.6150107979774475, 0.049056049436330795, 0.19440655410289764, 0.10572647303342819, 0.0, 0.0, 0.0014810513239353895, 0.0030153284315019846, 1.112183690071106, 0.16195274889469147, 0.867850661277771, 0.016502374783158302, 0.5189338326454163, 0.10833127051591873, 0.865755558013916, 1.2098969221115112, 0.008293414488434792, 0.1619146764278412, 0.0, 0.18399754166603088, 0.20470985770225525, 0.0, 0.17036248743534088, 0.3071942627429962, 0.06314115971326828, 0.13822340965270996, 0.17080198228359222, 0.0, 0.014247670769691467, 0.0569639652967453, 0.2588036060333252, 0.03644535318017006, 0.02267020381987095, 0.0, 0.0, 0.09782595187425613, 1.008775234222412, 0.600300669670105, 0.3781093657016754, 0.8048796653747559, 1.8113627433776855, 4.348388195037842, 0.10157179087400436, 0.04016375541687012, 0.0, 0.428289532661438, 0.006877819076180458, 0.0, 0.018520696088671684, 1.0597257614135742, 0.02695939503610134, 0.0, 0.0963415578007698, 0.1142309159040451, 0.22908879816532135, 0.8018417954444885, 0.8962870836257935, 0.8894941210746765, 0.026225106790661812, 0.5202544331550598, 0.0030880875419825315, 0.0, 1.8756725788116455, 0.33055225014686584, 0.024377120658755302, 0.13640333712100983, 2.507030487060547, 0.12497133761644363, 0.005074036307632923, 0.05603897199034691, 0.0, 0.0042465366423130035, 0.03285972401499748, 0.29164546728134155, 0.3621920347213745, 0.014598783105611801, 0.005510347429662943, 0.0, 0.02985868975520134, 0.48077893257141113, 0.6416575312614441, 0.08704043179750443, 0.02755758725106716, 0.02744363062083721, 0.0, 0.0, 0.19075852632522583, 0.033941060304641724, 0.3491874933242798, 0.518309473991394, 0.19253641366958618, 0.4457794427871704, 0.0, 0.04066154360771179, 0.0, 0.0, 0.01248918753117323, 0.01975233294069767, 0.0014421355444937944, 0.5519724488258362, 0.008584910072386265, 0.4617748558521271, 1.1063685417175293, 0.0, 0.050259366631507874, 0.1308303326368332, 0.008590389043092728, 0.0, 0.0, 1.3777858018875122, 0.19212563335895538, 0.0, 0.7869172096252441, 0.0, 0.11639659106731415, 0.018060551956295967, 0.5299912095069885, 1.1022733449935913, 0.0, 0.4659462869167328, 0.47242504358291626, 0.5119160413742065, 3.7850164517294616e-05, 0.00994181353598833, 0.035994917154312134, 0.5218190550804138, 0.12731945514678955, 0.16171270608901978, 0.0, 0.0, 0.0, 0.07911749929189682, 0.003709525568410754, 0.0, 0.8406270742416382, 0.25494611263275146, 2.1271755695343018, 0.7488834857940674, 0.24735061824321747, 0.0, 0.0975349098443985, 0.0, 0.7661283612251282, 0.04175964742898941, 1.4407531023025513, 0.0, 2.136195659637451, 0.0, 0.403472363948822, 0.9306706190109253, 0.007491715252399445, 0.9234526753425598, 2.6435625553131104, 1.84710693359375, 0.029185548424720764, 0.0, 0.005621910095214844, 1.4138996601104736, 0.0, 0.0, 0.3481336236000061, 0.01765439473092556, 0.01804555207490921, 0.3317677974700928, 0.3126523494720459, 0.0, 0.004262447357177734, 0.13826300203800201, 0.11029371619224548, 0.5947239995002747, 0.04167689010500908, 1.088969349861145, 0.0, 0.03300157189369202, 0.0, 0.31409457325935364, 0.03828892111778259, 0.12719345092773438, 0.204645037651062, 0.2666798532009125, 1.5030381679534912, 1.2001632452011108, 0.0, 0.4088294506072998, 0.0, 0.0949496179819107, 0.09774221479892731, 0.24444708228111267, 0.10669928044080734, 0.0, 1.8533152341842651, 1.2352583408355713, 0.8819386959075928, 0.0, 0.10913974046707153, 0.0, 0.0, 0.37575864791870117, 0.3479130268096924, 0.025484250858426094, 0.0, 0.013344195671379566, 0.09472023695707321, 0.08059471100568771, 0.18841388821601868, 0.022449368610978127, 0.6145871877670288, 0.10637544840574265, 0.0, 0.29122453927993774, 0.10277771204710007, 0.1627776026725769, 0.0, 0.0, 3.02388072013855, 0.031212829053401947, 0.0, 0.05155682936310768, 0.0, 0.07083562761545181, 0.42700931429862976, 0.0, 0.0, 0.3911345303058624, 0.0077655925415456295, 0.39351019263267517, 0.0467798188328743, 0.3989220857620239, 0.009686091914772987, 0.5344129204750061, 0.10445776581764221, 0.4271389842033386, 0.15805402398109436, 0.049672216176986694, 0.9477545022964478, 0.0, 4.0916619300842285, 0.0, 0.05830343812704086, 1.2599577903747559, 0.6108030676841736, 0.005807825364172459, 0.002707425504922867, 0.3198992609977722, 0.0, 0.0037455218844115734, 0.0, 1.2904038429260254, 0.0, 0.05649055913090706, 0.07280571013689041, 0.09029311686754227, 1.2738126516342163, 0.03785285726189613, 0.0, 0.054240792989730835, 0.2446051687002182, 0.2094668745994568, 0.04765060171484947, 0.07504541426897049, 0.0, 0.0017793835140764713, 0.020566636696457863, 0.9957438707351685, 0.0, 0.008796543814241886, 0.0, 0.7250096797943115, 0.09023313224315643, 0.11315486580133438, 0.7802571058273315, 0.21291302144527435, 0.00640517333522439, 0.1924593448638916, 0.0, 0.24688614904880524, 0.0, 0.17636023461818695, 0.9784736037254333, 0.4799089729785919, 0.5494483709335327, 0.1261553317308426, 0.8328666090965271, 0.0, 0.2910802364349365, 0.2321634292602539, 1.4568370580673218, 0.016833359375596046, 0.5426790118217468, 0.7273849248886108, 0.13005556166172028, 0.35716840624809265, 0.0, 0.7806400656700134, 0.0, 0.08768878877162933, 0.0, 1.2243279218673706, 1.1970124244689941, 0.0, 0.0, 0.0, 0.05550666153430939, 0.08374675363302231, 0.04240715876221657, 0.16517016291618347, 3.9037606716156006, 0.4248338043689728, 0.10120604187250137, 0.16762328147888184, 1.8137556314468384, 0.5163568258285522, 0.046170759946107864, 0.5449660420417786, 0.07604564726352692, 0.025266749784350395, 0.07736116647720337, 1.2841347455978394, 0.0, 0.060612455010414124, 0.24609485268592834, 0.34550943970680237, 0.008031333796679974, 0.020633846521377563, 0.3067851960659027, 0.0, 0.06602784991264343, 0.20277933776378632, 0.0, 0.002324586035683751, 0.1226910948753357, 0.20187696814537048, 0.0, 0.0, 0.0, 0.03579920530319214, 0.07351069897413254, 0.0, 0.01100070122629404, 0.25124120712280273, 0.296411395072937, 2.843407154083252, 0.03118746541440487, 0.20192784070968628, 0.9217297434806824, 0.04480323940515518, 0.0, 0.21635876595973969, 0.045178163796663284, 0.1681968718767166, 0.24046337604522705, 0.04720260575413704, 1.1469298601150513, 0.0, 0.12660205364227295, 0.0018364579882472754, 0.0, 0.0, 2.453486680984497, 1.3749587535858154, 1.5144870281219482, 0.0031413277611136436, 0.1301855891942978, 0.0, 0.875420331954956, 0.07069944590330124, 0.01712763123214245, 0.07235151529312134, 0.0, 0.3213319182395935, 0.2260647863149643, 2.5330681800842285, 0.010876543819904327, 0.4995589256286621, 0.016967982053756714, 0.013651478104293346, 0.0, 0.12089494615793228, 0.01825215294957161, 0.06741790473461151, 0.26976633071899414, 0.0, 0.3077481985092163, 0.0006661901716142893, 0.05637087672948837, 0.19553418457508087, 0.8432177901268005, 0.01642412506043911, 0.0, 1.2344117164611816, 0.0, 0.0, 1.8179234266281128, 0.02441098541021347, 0.00857288483530283, 0.0067070722579956055, 0.14264699816703796, 0.1263781040906906, 0.10961851477622986, 1.0261659622192383, 0.0, 0.2916576862335205, 0.7892586588859558, 0.0536014698445797, 0.0, 0.0, 0.013592647388577461, 0.002347201807424426, 0.0, 0.0, 0.8672671914100647, 0.16417719423770905, 1.1214396953582764, 0.38301023840904236, 2.8939754962921143, 0.0, 1.1432350873947144, 0.00816347450017929, 3.212520122528076, 1.0409681797027588, 2.249903678894043, 0.04997686296701431, 0.012355680577456951, 0.19524593651294708, 0.05766061320900917, 2.0894904136657715, 0.20430709421634674, 0.008702156133949757, 0.8130124807357788, 0.03322192654013634, 0.18264342844486237, 0.15560214221477509, 0.35898298025131226, 0.3612903654575348, 0.03299881890416145, 0.26052147150039673, 0.0, 0.021571021527051926, 0.0238824263215065, 0.03484677895903587, 1.3877511024475098, 2.356309652328491, 0.039407696574926376, 0.012524162419140339, 0.00804093200713396, 0.5251849293708801, 0.6593174338340759, 0.7052512168884277, 0.003093573497608304, 0.4048852324485779, 0.0, 0.062180694192647934, 0.004806019831448793, 0.0032698330469429493, 0.0, 0.0, 0.008052371442317963, 0.3928477168083191, 0.0, 0.03531523793935776, 4.217581748962402, 1.0113831758499146]",Testing/glioma_tumor/image(29).jpg
"[1.8619459867477417, 1.7780828475952148, 0.5236853957176208, 0.44789084792137146, 0.0, 0.24848459661006927, 4.1664958000183105, 0.33911922574043274, 0.05686104670166969, 0.0, 0.13514037430286407, 0.14247937500476837, 0.0, 0.6676051020622253, 0.4752265512943268, 0.40802061557769775, 0.39601969718933105, 0.6387485861778259, 1.6772547960281372, 0.07032795250415802, 0.5319281816482544, 0.7496444582939148, 1.6502867937088013, 0.06460197269916534, 0.3553302586078644, 0.0, 1.9542675018310547, 0.6676537394523621, 1.8259140253067017, 0.0, 0.26121267676353455, 1.1630100011825562, 0.3237954378128052, 0.44794806838035583, 0.40219852328300476, 0.7993593811988831, 0.23226261138916016, 1.396670937538147, 0.007738806772977114, 0.9352216720581055, 1.199143886566162, 0.8370330333709717, 0.835070788860321, 0.0018447698093950748, 0.0818256139755249, 0.053067538887262344, 0.38542693853378296, 0.1545403152704239, 0.18564338982105255, 0.0, 0.9397404193878174, 0.12786342203617096, 1.4432159662246704, 0.03659847751259804, 1.5288493633270264, 0.14423257112503052, 0.7423797845840454, 0.6342211365699768, 0.8989243507385254, 0.0173486340790987, 0.33989208936691284, 1.3189945220947266, 0.06973475217819214, 0.05994401499629021, 2.3024561405181885, 0.026935558766126633, 0.7139144539833069, 0.30423927307128906, 0.0, 0.0, 0.12255960702896118, 0.0, 0.0007424792274832726, 0.8143350481987, 0.0, 0.08347729593515396, 1.2514588832855225, 1.8525023460388184, 0.12205460667610168, 4.678817272186279, 0.2894938588142395, 1.0164096355438232, 0.814637303352356, 0.17638084292411804, 0.9851679801940918, 0.1519777774810791, 0.9002349972724915, 0.5911836624145508, 0.07805195450782776, 0.05920301750302315, 0.32525211572647095, 0.13309700787067413, 0.16591185331344604, 1.0747740268707275, 1.819662094116211, 0.18409335613250732, 0.08967536687850952, 1.0410816669464111, 0.27643245458602905, 0.5168251395225525, 0.799006998538971, 0.8655778765678406, 0.3914174735546112, 0.16427849233150482, 1.1124200820922852, 0.1414736956357956, 0.29841348528862, 1.3976649045944214, 0.029107404872775078, 1.8907551765441895, 0.019068226218223572, 1.193236231803894, 0.0, 0.6848708987236023, 0.23637694120407104, 0.00842985324561596, 0.0, 0.18056458234786987, 0.0, 0.06902717053890228, 0.0, 0.20050328969955444, 0.05343243479728699, 0.08741521090269089, 0.026746056973934174, 0.5890577435493469, 0.2793257236480713, 1.0843156576156616, 3.270754337310791, 0.5505897402763367, 0.41238200664520264, 2.490776538848877, 0.005407722666859627, 0.0, 1.8029977083206177, 0.03778975456953049, 0.12262455374002457, 0.13242830336093903, 0.0, 0.8417729139328003, 0.28277814388275146, 1.3832775354385376, 0.0, 0.25024187564849854, 0.09634020924568176, 0.2127392441034317, 0.10694386065006256, 1.6532700061798096, 0.06853564083576202, 0.37576425075531006, 1.6156952381134033, 0.6464016437530518, 2.067854642868042, 0.4970327615737915, 0.5867995619773865, 2.7037158012390137, 0.028317879885435104, 0.11411267518997192, 1.7082747220993042, 0.015084302984178066, 0.18225423991680145, 0.2216692566871643, 0.2376866638660431, 0.24566471576690674, 0.05898825079202652, 0.025275683030486107, 2.9293103218078613, 0.030799131840467453, 0.5723603367805481, 7.534783840179443, 0.1448211967945099, 0.4902336597442627, 0.21380139887332916, 0.6024153828620911, 2.2416598796844482, 0.2561192512512207, 0.24360376596450806, 1.8682891130447388, 0.0077974991872906685, 1.025131106376648, 0.9822131395339966, 0.1031537801027298, 3.0276122093200684, 0.020164981484413147, 0.11222907155752182, 2.2534337043762207, 0.9911239147186279, 2.960973024368286, 0.08630027621984482, 0.11822137981653214, 0.026296839118003845, 0.06766463071107864, 0.3903977870941162, 0.24373213946819305, 2.159792184829712, 1.0428998470306396, 0.0, 0.40723901987075806, 0.03559800982475281, 0.2889554798603058, 4.415844440460205, 0.9611631035804749, 0.23759280145168304, 0.17342731356620789, 1.8426296710968018, 0.5597792267799377, 1.923802137374878, 0.0, 1.0054134130477905, 0.0704922080039978, 0.018174178898334503, 1.6217759847640991, 0.08156726509332657, 0.043607197701931, 0.05762909725308418, 0.43218767642974854, 0.5251297950744629, 0.666271448135376, 0.14915072917938232, 0.0, 0.12796461582183838, 0.0, 1.496498942375183, 0.09298180788755417, 0.3004929721355438, 3.107360601425171, 0.2575419247150421, 0.13797101378440857, 1.3096154928207397, 0.12374573945999146, 0.4873180687427521, 1.4804246425628662, 0.8063133955001831, 0.2133353352546692, 0.750868558883667, 0.5566632747650146, 0.2722717523574829, 1.011220932006836, 0.17167708277702332, 1.0681960582733154, 0.09226412326097488, 0.07646889984607697, 0.39255857467651367, 1.0445809364318848, 0.17503038048744202, 1.1821471452713013, 2.6288228034973145, 0.48214617371559143, 0.0, 2.789053201675415, 2.065727472305298, 0.012068315409123898, 1.1337393522262573, 0.38067567348480225, 0.36818695068359375, 0.04415648430585861, 0.3482353687286377, 0.3134308457374573, 0.0, 0.15651527047157288, 0.2632349729537964, 0.26378482580184937, 2.1983370780944824, 0.0, 0.1953587681055069, 1.1619634628295898, 0.14442133903503418, 0.3286479115486145, 0.06515386700630188, 0.0049307565204799175, 0.3047451972961426, 0.1920595020055771, 0.5051389932632446, 0.11667252331972122, 1.0101263523101807, 0.9020875692367554, 1.636758804321289, 0.0, 0.47104084491729736, 0.5361453294754028, 0.4264577031135559, 0.18220330774784088, 2.5174031257629395, 1.5549424886703491, 0.18786320090293884, 3.4235379695892334, 0.9562926292419434, 0.2944381535053253, 0.2862469255924225, 0.24514946341514587, 0.34266790747642517, 0.5742687582969666, 0.17630499601364136, 0.10217608511447906, 0.2222992181777954, 5.290379047393799, 0.4553886353969574, 0.04477416351437569, 0.0, 1.0352758169174194, 0.28939977288246155, 0.04887223616242409, 2.155860662460327, 0.059784840792417526, 0.10774440318346024, 0.2861795723438263, 0.8507314324378967, 0.21595467627048492, 0.6916338801383972, 1.182145357131958, 0.631638765335083, 0.44542181491851807, 0.019327884539961815, 0.43970346450805664, 0.6858917474746704, 0.3688994348049164, 0.6486920118331909, 1.470333456993103, 0.0, 0.0, 0.20744705200195312, 4.7130446434021, 0.13667413592338562, 0.04013247787952423, 0.5077276825904846, 0.5517765879631042, 0.03005180135369301, 0.17222535610198975, 9.342503547668457, 2.7964203357696533, 0.7192029356956482, 0.05022820085287094, 0.5840049386024475, 0.46313828229904175, 0.07110510021448135, 0.0014762586215510964, 1.8099325895309448, 0.1009797677397728, 0.06434442847967148, 0.7248168587684631, 0.8940805196762085, 0.6976607441902161, 0.970338761806488, 0.7467226386070251, 0.45260390639305115, 0.33233168721199036, 0.4015612006187439, 0.11460462212562561, 0.2782368063926697, 0.25479644536972046, 0.3684168756008148, 0.04165618121623993, 0.7760857343673706, 0.43252718448638916, 2.6667420864105225, 0.2730309069156647, 0.04115389660000801, 0.0, 0.20859363675117493, 0.1672125905752182, 0.17983384430408478, 0.5944172739982605, 0.12030934542417526, 0.5994178652763367, 0.0, 0.0, 0.236149400472641, 0.0007644551224075258, 5.396866798400879, 0.16578833758831024, 0.025982791557908058, 0.5347084403038025, 1.1125034093856812, 2.189871072769165, 0.01886964775621891, 1.1303389072418213, 0.5717852711677551, 1.1729326248168945, 0.029341435059905052, 0.017648959532380104, 0.051449522376060486, 0.003920435905456543, 0.09514480084180832, 0.05631011724472046, 0.11360941082239151, 0.0, 0.3165075182914734, 0.7743092179298401, 0.040035080164670944, 0.01867491938173771, 0.06738872826099396, 0.10560133308172226, 0.18465641140937805, 0.14635151624679565, 0.17862966656684875, 5.117190837860107, 0.3379075229167938, 0.7737080454826355, 0.7480384707450867, 0.5300783514976501, 0.6213549375534058, 0.035272929817438126, 0.3456771969795227, 0.0, 0.03789380192756653, 1.8638585805892944, 1.0259445905685425, 0.17568634450435638, 1.8108514547348022, 1.8710728883743286, 0.08896521478891373, 0.042401205748319626, 0.1408080905675888, 0.24400894343852997, 0.012670665048062801, 5.270351886749268, 0.0444779135286808, 0.05831782519817352, 0.43625500798225403, 1.865769863128662, 2.7175168991088867, 0.0, 0.39975467324256897, 0.00926971435546875, 1.746099829673767, 0.00038249880890361965, 0.0, 0.006922171916812658, 0.1377606987953186, 0.0749947726726532, 1.8143222332000732, 0.32366105914115906, 1.5613042116165161, 0.0, 2.0197389125823975, 0.3568107485771179, 0.02129371091723442, 1.1833223104476929, 1.0790472030639648, 0.07186365872621536, 0.1332111954689026, 0.08093509078025818, 0.2694395184516907, 0.06875793635845184, 0.3300822377204895, 0.9162617325782776, 0.0, 1.718293309211731, 0.16106772422790527, 0.20314738154411316, 0.2769731283187866, 0.12087278068065643, 0.2929280996322632, 0.03589854761958122, 0.03257922828197479, 0.10728643089532852, 0.08580144494771957, 0.0771956518292427, 0.6656621098518372, 0.30507493019104004, 0.19664600491523743, 0.24299204349517822, 0.9228441119194031, 0.12900350987911224, 0.1153920590877533, 0.7117990255355835, 0.5416665077209473, 1.1070815324783325, 1.5836007595062256, 1.0797151327133179, 0.5669454336166382, 0.42954981327056885, 0.006856188643723726, 0.2210230678319931, 0.07488362491130829, 0.037629347294569016, 0.42005282640457153, 0.26591628789901733, 0.15602688491344452, 0.1632501184940338, 2.1236772537231445, 0.10556977987289429, 2.5849897861480713, 0.11983966082334518, 0.0, 0.0, 0.6521468162536621, 0.2237800806760788, 0.26001083850860596, 0.16861574351787567, 0.3777122497558594, 1.0638298988342285, 0.009624962694942951, 0.3695468604564667, 3.4510011672973633, 0.31308144330978394, 0.0, 1.1664531230926514, 3.352036476135254, 0.15050429105758667, 0.1794145703315735, 0.5949975252151489, 0.0, 2.532925605773926, 0.34904348850250244, 1.5032103061676025, 0.23923560976982117, 0.32458826899528503, 1.1942778825759888, 0.31754255294799805, 0.3372769355773926, 0.05624635890126228, 0.0, 0.5992406010627747, 0.15062594413757324, 1.2239385843276978, 0.28817689418792725, 0.2521398067474365, 0.027175623923540115, 0.1422852873802185, 0.02504448965191841, 1.360055923461914, 0.0911390632390976, 0.21015536785125732, 0.09038130193948746, 1.1108399629592896, 0.0, 0.07913926243782043, 0.3861291706562042, 0.0, 0.9122088551521301, 0.4721974730491638, 0.8475001454353333, 1.6987407207489014, 0.738685131072998, 2.7478644847869873, 1.1910227537155151, 0.33292117714881897, 0.07357874512672424, 0.07095378637313843, 0.15941528975963593, 0.047063250094652176, 1.6772923469543457, 0.0, 0.23025396466255188, 0.5414021611213684, 0.5771448016166687, 0.061958134174346924, 0.989226222038269, 0.06961439549922943, 0.37281593680381775, 0.03306873142719269, 0.11739826947450638, 0.014398952014744282, 0.2787739038467407, 1.4274320602416992, 0.22812025249004364, 0.02778339385986328, 0.3307175934314728, 0.0361982136964798, 0.5701000094413757, 0.3231794834136963, 1.4384937286376953, 0.0955919548869133, 0.0, 0.40047937631607056, 1.2567332983016968, 0.0008161189616657794, 0.0, 0.01025135163217783, 0.12536507844924927, 0.0, 0.08941727876663208, 0.7575088143348694, 0.11760598421096802, 0.030294524505734444, 0.0, 0.7301368713378906, 1.532309651374817, 0.1019681990146637, 3.427966356277466, 0.008231163024902344, 0.0833849236369133, 0.48751211166381836, 0.20020656287670135, 0.005607700906693935, 0.0, 0.04698595777153969, 0.0, 0.0, 0.0017848160350695252, 0.11672243475914001, 0.0, 0.0010019370820373297, 0.06003597751259804, 0.0040449900552630424, 0.09158305823802948, 0.5131661295890808, 0.0, 0.3199117183685303, 0.16729407012462616, 0.5003147125244141, 0.7869924306869507, 0.0747436061501503, 0.2609548270702362, 0.589957594871521, 0.2517046332359314, 0.1346869319677353, 1.6551035642623901, 6.602152347564697, 2.3335037231445312, 0.28903502225875854, 2.163708209991455, 0.0, 0.0, 0.17404529452323914, 0.0, 0.014271777123212814, 0.3657570779323578, 0.038033515214920044, 0.0, 0.41864943504333496, 1.0771015882492065, 1.1287671327590942, 1.691902756690979, 0.4739031195640564, 0.0, 0.0, 0.0, 0.9680191278457642, 0.01675456389784813, 0.01847561076283455, 0.17123116552829742, 0.016893917694687843, 0.31308862566947937, 0.07719719409942627, 0.12872377038002014, 0.08168894052505493, 0.01280626468360424, 0.0011140545830130577, 1.0642192363739014, 0.0, 1.2154732942581177, 0.3158235251903534, 0.0, 1.1355016231536865, 1.1740463972091675, 0.752589762210846, 0.05695943906903267, 0.0, 0.24715910851955414, 3.7210676670074463, 0.0, 0.040228575468063354, 0.3236072361469269, 0.32476305961608887, 0.7180941700935364, 0.40467187762260437, 0.049882665276527405, 0.09661366790533066, 0.2726864814758301, 0.6614074110984802, 0.6368308067321777, 0.0, 1.2067276239395142, 0.31459420919418335, 1.73390793800354, 0.3044423460960388, 0.0016658257227391005, 0.7336247563362122, 0.44155579805374146, 0.02887059934437275, 0.6506989002227783, 0.09459754079580307, 3.8301124572753906, 0.6480183601379395, 0.18136084079742432, 0.42958274483680725, 2.8705379962921143, 1.03665292263031, 0.8874204754829407, 1.041658878326416, 0.4476030766963959, 0.35074135661125183, 5.473438262939453, 1.9637755155563354, 0.04056559130549431, 0.4542114734649658, 0.6159507632255554, 0.705804705619812, 0.1153261810541153, 0.003596909111365676, 0.0841326043009758, 0.11489250510931015, 0.29627659916877747, 0.4149346351623535, 2.1655397415161133, 0.6757773756980896, 0.5059787034988403, 0.26784881949424744, 0.4798613488674164, 0.06434279680252075, 0.33866384625434875, 1.5898618698120117, 0.013870136812329292, 0.015486069954931736, 2.1621992588043213, 0.6145398020744324, 1.6064057350158691, 0.03886120766401291, 4.853222370147705, 0.0, 0.03535386919975281, 0.07775083929300308, 0.681699812412262, 0.037129584699869156, 0.09427420794963837, 0.23256249725818634, 0.007737823761999607, 0.024528859183192253, 1.5477741956710815, 4.259974956512451, 0.3178325295448303, 0.03772836923599243, 0.22704532742500305, 2.006253480911255, 1.4038136005401611, 0.10747131705284119, 0.5439561009407043, 0.7373395562171936, 0.1155819371342659, 0.47967520356178284, 0.04583689570426941, 0.396936297416687, 0.13191281259059906, 0.16968543827533722, 0.06947165727615356, 0.5400209426879883, 1.4026936292648315, 0.7008922100067139, 0.053953785449266434, 0.8159601092338562, 0.8510777354240417, 0.02776818908751011, 0.042926374822854996, 6.549676895141602, 0.2661992609500885, 0.0, 3.0399558544158936, 0.1365521103143692, 0.6195430159568787, 0.539413571357727, 0.7861877083778381, 0.28640037775039673, 0.4283066689968109, 0.4602733552455902, 1.7786897420883179, 2.641274929046631, 0.09233871847391129, 0.06372252851724625, 1.3846639394760132, 0.13343651592731476, 0.2458961457014084, 2.287013053894043, 0.7304100394248962, 0.1447218805551529, 0.2675996422767639, 0.2355034500360489, 2.898245334625244, 2.1481940746307373, 0.49988582730293274, 0.012875196523964405, 0.15565645694732666, 0.7158058285713196, 0.174010768532753, 0.26101255416870117, 0.4045746922492981, 0.8082952499389648, 1.0463297367095947, 0.6332091093063354, 0.13965098559856415, 0.1863315999507904, 0.9831672310829163, 0.08489182591438293, 0.22069136798381805, 0.6420684456825256, 0.30610910058021545, 0.025221848860383034, 0.04817325249314308, 0.004387006629258394, 0.0857425406575203, 0.13091573119163513, 0.1551191806793213, 0.0, 2.1397337913513184, 0.07027497887611389, 0.05587533861398697, 0.0, 0.04791666194796562, 0.0, 0.0021406703162938356, 0.275411993265152, 0.11799410730600357, 0.37018492817878723, 0.0, 0.8809249997138977, 1.9736822843551636, 0.6156902313232422, 1.553389072418213, 1.0867351293563843, 0.5240776538848877, 0.3715837299823761, 1.905957579612732, 0.0, 0.8838915228843689, 0.0, 5.5723676681518555, 1.5241804122924805, 0.0, 0.0, 0.4852602481842041, 0.24574458599090576, 1.4458439350128174, 0.6190918684005737, 0.7460858225822449, 0.9845093488693237, 0.20730315148830414, 0.0, 0.6532264947891235, 2.5039758682250977, 0.011471262201666832, 0.29825422167778015, 0.5742372274398804, 0.7130928039550781, 0.0, 1.7916834354400635, 0.024797819554805756, 0.4942379295825958, 0.0, 0.0, 0.04348016902804375, 0.0, 1.2194886207580566, 2.2220394611358643, 0.7009023427963257, 0.3662990629673004, 0.4904220700263977, 0.0, 0.07485204935073853, 0.04624314606189728, 0.0031666902359575033, 0.21553045511245728, 3.027486801147461, 0.0019691719207912683, 0.18415048718452454, 4.3024702072143555, 0.6037205457687378, 0.18929345905780792, 0.5785129070281982, 1.1752138137817383, 0.735359251499176, 1.7217708826065063, 0.3394576907157898, 0.004649772774428129, 1.8118194341659546, 0.2129773050546646, 1.398377537727356, 1.0700815916061401, 0.10187263786792755, 8.507148742675781, 0.39053964614868164, 1.4447687864303589, 0.0, 0.415243536233902, 0.6565129160881042, 0.8166359066963196, 1.5140626430511475, 0.16066229343414307, 1.186849594116211, 0.2758646607398987, 0.17122595012187958, 0.20267561078071594, 0.7863443493843079, 0.00010762409510789439, 0.0035248971544206142, 0.19305694103240967, 1.9377529621124268, 0.376764178276062, 0.3035491406917572, 0.9885068535804749, 0.0, 0.14525936543941498, 0.2676820755004883, 0.8367738723754883, 0.045298848301172256, 0.014340930618345737, 0.23405912518501282, 0.07452588528394699, 0.14440001547336578, 2.8440656661987305, 0.4446578919887543, 0.5157453417778015, 0.0, 0.15182837843894958, 2.836671829223633, 0.18279032409191132, 0.7527300119400024, 0.9049201607704163, 0.14351153373718262, 0.41887375712394714, 0.4726385772228241, 0.1876658946275711, 0.3760332763195038, 0.06570439785718918, 0.0, 0.317111611366272, 0.0754106268286705, 0.11754156649112701, 0.6122279763221741, 0.12457036972045898, 0.7039408087730408, 0.887144923210144, 1.2009999752044678, 0.002528611570596695, 1.2368108034133911, 0.7167974710464478, 0.3837588429450989, 0.9292681813240051, 2.363656997680664, 0.016009178012609482, 0.7683242559432983, 0.6537907123565674, 2.352365016937256, 0.10755395144224167, 0.39100173115730286, 1.3312666416168213, 0.1897779405117035, 0.04932462424039841, 0.14638537168502808, 0.027758890762925148, 0.7259622812271118, 0.3700083792209625, 0.46324804425239563, 0.5214101672172546, 0.5674833059310913, 0.2797432839870453, 0.0, 0.0, 0.2677591145038605, 0.0058089010417461395, 0.011096905916929245, 0.014109117910265923, 0.7393373847007751, 0.4545991122722626, 0.0, 0.20193631947040558, 1.2262704372406006, 0.5370766520500183, 0.09839492291212082, 0.5569775104522705, 0.03470555692911148, 0.11515048146247864, 0.5448915958404541, 0.5281519293785095, 0.6333894729614258, 1.0872193574905396, 0.0, 0.0, 0.15456882119178772, 0.31802234053611755, 0.004395533353090286, 0.18979249894618988, 0.009774767793715, 0.1649690419435501, 0.07159899920225143, 1.1306140422821045, 0.5579947233200073, 0.00957742240279913, 2.3443603515625, 0.18896523118019104, 1.654807209968567, 2.005138874053955, 0.6993805170059204, 0.015461619943380356, 0.7548344731330872, 0.0, 0.00292612100020051, 0.1414804309606552, 0.011606041342020035, 0.14495915174484253, 0.17613135278224945, 0.4236956238746643, 0.4074772298336029, 1.165969729423523, 0.25346142053604126, 0.8340098857879639, 0.9928698539733887, 0.06259934604167938, 2.1607604026794434, 0.15962402522563934, 0.2478233128786087, 0.908058762550354, 0.19740526378154755, 0.34265249967575073, 0.3072826564311981, 0.6031272411346436, 0.019934995099902153, 0.3575224280357361, 4.909134387969971, 0.046041473746299744, 0.04267031326889992, 0.686890721321106, 0.012818370945751667, 1.2350537776947021, 0.0060144467279314995, 0.3708256185054779, 1.1733850240707397, 0.30430158972740173, 0.18636983633041382, 0.8300840258598328, 1.1420255899429321, 0.030264822766184807, 0.17959441244602203, 0.0, 0.030679192394018173, 0.0, 0.3712439239025116, 0.05245247483253479, 0.0, 0.0036238674074411392, 0.5906229615211487, 1.3106794357299805, 0.2132921814918518, 0.22372417151927948, 0.5034723877906799, 0.2767851948738098, 0.5165219902992249, 0.40620142221450806, 0.07291237264871597, 0.055014874786138535, 0.06807585060596466, 0.43310409784317017, 0.05818899720907211, 0.20137907564640045, 0.0, 0.0, 0.07528701424598694, 1.014358401298523, 0.07014283537864685, 0.962027907371521, 0.0533795990049839, 0.8394775986671448, 0.008267403580248356, 0.5684562921524048, 0.015793168917298317, 0.0, 0.060579728335142136, 2.423711061477661, 0.06886710226535797, 1.3242889642715454, 0.8412070274353027, 0.01929301768541336, 0.1377427875995636, 0.08193138986825943, 0.031117219477891922, 0.0, 0.5893222093582153, 0.0, 0.2886885404586792, 0.6573774218559265, 0.9948690533638, 4.552761554718018, 0.1367756575345993, 0.14871759712696075, 0.5438464283943176, 1.4931944608688354, 0.276157945394516, 0.03210686519742012, 0.11336521059274673, 0.4317037761211395, 0.4922776520252228, 0.4934997260570526, 0.00934283621609211, 1.426525354385376, 0.16546905040740967, 0.05874035879969597, 0.0, 0.6928293704986572, 2.7846567630767822, 0.04847009479999542, 0.0, 0.0, 0.03063783422112465, 0.2134230136871338, 1.9927834272384644, 1.055692434310913, 0.0, 0.0, 0.33001115918159485, 0.550585925579071, 0.0001320303708780557, 0.2720901668071747, 0.0, 0.1440678834915161, 0.06742233037948608, 0.0, 0.9458587169647217, 0.0639592707157135, 0.375466525554657, 0.1870749592781067, 0.02880856953561306, 0.6315839886665344, 0.0, 0.3375025689601898, 0.8195895552635193, 0.3265796899795532, 2.01538348197937, 0.3024941682815552, 0.40412449836730957, 0.6206573843955994, 1.1869994401931763, 1.96009361743927, 0.23230236768722534, 1.346053957939148, 0.02039967104792595, 0.0007396109285764396, 0.7011136412620544, 0.1891179233789444, 0.03674850985407829, 0.033449430018663406, 0.1290055513381958, 0.07605911791324615, 0.5041945576667786, 1.8337513208389282, 0.0, 0.0984668955206871, 0.9697075486183167, 0.0798020288348198, 0.07564806193113327, 0.05680841952562332, 0.2532796561717987, 0.5465476512908936, 2.83331298828125, 0.4161020517349243, 0.06260328739881516, 0.07490453869104385, 0.17694605886936188, 0.02421434037387371, 0.020473649725317955, 0.038517072796821594, 0.21596360206604004, 0.7629938125610352, 0.0, 1.1672812700271606, 0.5496023893356323, 0.8963419198989868, 0.1438525915145874, 3.824101448059082, 0.08512481302022934, 0.5949106216430664, 0.9576094746589661, 0.08855623006820679, 0.2487485408782959, 0.4982025623321533, 0.04503209888935089, 1.7706084251403809, 0.6884891986846924, 0.0, 0.05910459905862808, 1.1476494073867798, 0.7516379356384277, 0.0, 1.2285351753234863, 0.005174491088837385, 0.25140663981437683, 0.06840091943740845, 0.011744718067348003, 0.3644125759601593, 0.9720185995101929, 3.6963541507720947, 0.06153213605284691, 0.31446054577827454, 0.07058718800544739, 0.28319138288497925, 0.12531577050685883, 0.03649360314011574, 0.10452242940664291, 0.588215708732605, 0.0, 0.0014999399427324533, 0.19261373579502106, 0.4157169461250305, 0.11840815097093582, 0.033682506531476974, 0.0, 2.150810480117798, 0.0012802736600860953, 0.033783599734306335, 0.5963261127471924, 0.0, 1.2059919834136963, 1.8147718906402588, 0.31290844082832336, 0.13960421085357666, 0.08848164975643158, 0.031216105446219444, 0.017620721831917763, 0.3849591612815857, 1.0505051612854004, 0.0, 1.1323390007019043, 0.0, 0.76226806640625, 1.9170582294464111, 0.15322141349315643, 0.5366361141204834, 0.0, 1.9969689846038818, 0.015635782852768898, 0.17672374844551086, 0.6242890954017639, 2.2110934257507324, 0.5005574822425842, 0.44377556443214417, 0.4501626193523407, 0.17322777211666107, 0.3218572437763214, 0.7186850905418396, 0.9187942147254944, 0.45952463150024414, 0.05303627997636795, 0.5993084907531738, 0.06022803485393524, 3.5970258712768555, 0.011350251734256744, 0.012158929370343685, 0.2818114161491394, 0.3254375755786896, 0.06041458621621132, 0.16260020434856415, 1.1160858869552612, 3.8116343021392822, 0.13882790505886078, 2.2065956592559814, 0.5180519223213196, 2.494173049926758, 0.11186391115188599, 0.05762505158782005, 0.46299806237220764, 0.2276175171136856, 0.5944860577583313, 1.4993520975112915, 0.075679250061512, 0.07700081169605255, 0.0689016580581665, 0.08502436429262161, 2.5517570972442627, 0.03302161023020744, 0.9420614242553711, 0.4338833689689636, 0.49446815252304077, 0.06987739354372025, 0.04421968758106232, 0.4701942205429077, 0.5309035778045654, 0.7553678750991821, 1.6853971481323242, 0.028809472918510437, 0.026414992287755013, 3.5715465545654297, 0.696800172328949, 0.36882567405700684, 0.0, 0.7676535844802856, 0.2300606369972229, 0.11053025722503662, 0.5334851741790771, 0.5783452987670898, 0.03551681339740753, 2.428955078125, 0.04199419543147087, 1.0298975706100464, 1.8473771810531616, 0.25267550349235535, 0.10287975519895554, 1.6845941543579102, 0.04281099513173103, 0.9417724609375, 0.2653323709964752, 5.293117046356201, 0.4787108898162842, 2.0068085193634033, 0.4892067313194275, 1.8872145414352417, 0.0007086286786943674, 1.57015061378479, 0.20474356412887573, 1.4350306987762451, 0.34101516008377075, 0.11869435757398605, 0.2561427056789398, 0.0, 0.1572827249765396, 1.2241326570510864, 0.6081891655921936, 0.007131632417440414, 0.9294710755348206, 0.6322662830352783, 2.2139124870300293, 2.8251895904541016, 0.024023260921239853, 0.32613226771354675, 0.022752219811081886, 0.12900516390800476, 0.0061228470876812935, 0.4273689091205597, 0.14432555437088013, 0.054197221994400024, 1.6560739278793335, 2.0005042552948, 0.0, 1.0650644302368164, 0.05406150966882706, 0.3409454822540283, 0.2324114888906479, 0.0, 0.2055300921201706, 0.013883196748793125, 3.374814748764038, 0.06660467386245728, 0.14834849536418915, 1.381537914276123, 2.893509864807129, 0.0, 0.10875699669122696, 0.017171412706375122, 0.06829844415187836, 0.4182529151439667, 0.27648189663887024, 0.8285970687866211, 0.0, 0.6130110621452332, 0.01534061785787344, 0.1943550556898117, 0.01665731891989708, 3.496314287185669, 0.09239926934242249, 0.13052186369895935, 0.13246417045593262, 0.06926470994949341, 0.12878312170505524, 0.642002522945404, 0.0, 0.02803046815097332, 7.6544694900512695, 0.3137989044189453, 0.09898312389850616, 0.400720477104187, 0.057205915451049805, 0.9016994833946228, 0.0, 0.005094182677567005, 0.11784689873456955, 0.22681602835655212, 0.003335776273161173, 0.09830930083990097, 0.222451314330101, 1.5290628671646118, 0.0903552770614624, 0.023775281384587288, 0.0, 0.24042358994483948, 0.33863604068756104, 0.0037470520474016666, 0.4806537926197052, 0.6931407451629639, 0.4314517080783844, 0.26172029972076416, 0.48321545124053955, 0.0, 0.24688199162483215, 0.24957804381847382, 0.32682058215141296, 0.37233927845954895, 0.0073550245724618435, 0.14325270056724548, 0.7809910774230957, 0.09946652501821518, 0.07329655438661575, 0.02173403836786747, 0.7562927007675171, 0.21525493264198303, 0.36719968914985657, 0.15923108160495758, 0.0, 0.2759438455104828, 0.13826969265937805, 0.5847675800323486, 0.08922839909791946, 0.644364595413208, 0.0, 1.0320525169372559, 0.0581369586288929, 1.320486068725586, 0.3141648769378662, 0.0034939537290483713, 0.726387083530426, 0.21836984157562256, 0.849220871925354, 0.09954648464918137, 0.026694169268012047, 1.264356255531311, 0.33939963579177856, 0.007045322563499212, 0.006457474548369646, 1.2012096643447876, 0.0, 3.243966579437256, 0.020893046632409096, 0.21970969438552856, 0.06223699077963829, 0.26834574341773987, 0.0, 0.7636253237724304, 0.43642017245292664, 0.14364592730998993, 0.19258879125118256, 0.16052304208278656, 0.06325143575668335, 4.483164310455322, 0.4742618501186371, 0.9703612327575684, 0.19407221674919128, 0.0809638500213623, 1.0761878490447998, 0.002699893433600664, 0.2784821391105652, 0.8155282735824585, 1.2123277187347412, 0.0, 0.1991753876209259, 0.8177386522293091, 0.6391794085502625, 0.10140717029571533, 0.2092907577753067, 0.06054028868675232, 0.005632244981825352, 0.12425050139427185, 0.009602057747542858, 0.34042856097221375, 0.18188321590423584, 1.137069582939148, 0.4727430045604706, 0.729676365852356, 0.011926261708140373, 0.10713246464729309, 0.06608779728412628, 0.17845575511455536, 0.047923214733600616, 3.399498701095581, 0.3381929099559784, 0.0054349168203771114, 0.49710574746131897, 0.0204914640635252, 2.748518228530884, 1.9870169162750244, 0.15662133693695068, 0.3241082727909088, 1.7212090492248535, 0.0, 0.6007579565048218, 0.004250694066286087, 0.4863201081752777, 0.07288038730621338, 0.8313707709312439, 0.05494045838713646, 1.2274572849273682, 1.1402877569198608, 2.0016958713531494, 0.03040260262787342, 2.3618669509887695, 0.286283403635025, 0.020530106499791145, 0.7252896428108215, 0.1461181789636612, 0.027202200144529343, 0.0, 1.1884251832962036, 0.09209438413381577, 0.49020639061927795, 0.19542962312698364, 1.503841757774353, 1.6648551225662231, 0.025283215567469597, 0.6535099744796753, 0.027329152449965477, 1.232698678970337, 0.002473721746355295, 0.26157835125923157, 0.3035573959350586, 0.12796518206596375, 0.12142384052276611, 0.07946745306253433, 1.8790802955627441, 1.3890025615692139, 0.13375556468963623, 0.0976046547293663, 0.0, 0.170284703373909, 0.018598277121782303, 0.0, 3.262152910232544, 0.12450198829174042, 0.8383087515830994, 0.006886696442961693, 0.1972089558839798, 0.018691232427954674, 0.2983522117137909, 0.2849332392215729, 0.0, 0.0, 0.04425135254859924, 0.41123324632644653, 0.41371843218803406, 0.39441627264022827, 0.126872256398201, 0.19172632694244385, 0.040410663932561874, 0.0, 0.7169560790061951, 2.0701301097869873, 0.2793959379196167, 0.03698107972741127, 0.23752255737781525, 0.6120210886001587, 0.0, 0.5964345932006836, 0.0005633514956571162, 1.622837781906128, 0.0778004378080368, 1.2646267414093018, 0.06320280581712723, 0.22841225564479828, 0.5759648680686951, 0.22174134850502014, 0.0, 0.0, 0.842595636844635, 0.32467886805534363, 1.6539902687072754, 0.6371215581893921, 0.6916993856430054, 0.9802914261817932, 0.6081305742263794, 0.19391250610351562, 1.1778432130813599, 1.0017517805099487, 2.172795295715332, 0.705314576625824, 0.4355597198009491, 1.856248140335083, 0.02606283314526081, 0.4239436089992523, 1.9391915798187256, 0.39460816979408264, 0.0409223735332489, 0.1366506665945053, 0.4738956391811371, 2.4000601768493652, 0.03182242438197136, 0.0, 0.4525335133075714, 0.01440837699919939, 0.7358500361442566, 0.012823542580008507, 0.009182990528643131, 0.02115025371313095, 0.4484860599040985, 1.7779037952423096, 0.17627088725566864, 0.026116522029042244, 0.0, 2.9943675994873047, 0.5804961323738098, 0.05645865201950073, 0.0, 0.0, 0.08174246549606323, 0.039735764265060425, 0.021837664768099785, 0.11146257072687149, 0.09531262516975403, 0.44685301184654236, 0.0, 0.016606926918029785, 3.698061227798462, 0.21785488724708557, 0.017279328778386116, 1.0248218774795532, 0.0, 0.15359236299991608, 0.680142879486084, 0.29731523990631104, 1.3189382553100586, 0.03349388390779495, 0.09203744679689407, 2.1129279136657715, 0.20808686316013336, 0.9430867433547974, 3.0563395023345947, 0.30684468150138855, 0.14924100041389465, 3.946963310241699, 0.3564227223396301, 1.3143212795257568, 0.30647122859954834, 0.013195901177823544, 0.03275875374674797, 1.1358232498168945, 0.06988086551427841, 0.24266281723976135, 1.9980851411819458, 0.08937679976224899, 0.2663058042526245, 0.6284456253051758, 2.788947343826294, 0.005149276927113533, 1.0649570226669312, 0.6318002939224243, 0.5944439768791199, 0.48306912183761597, 0.8884832262992859, 1.1306105852127075, 0.0, 0.0, 5.316931247711182, 0.0, 0.011460145935416222, 0.005598102230578661, 0.25599589943885803, 1.0369672775268555, 0.1349896937608719, 2.2158520221710205, 0.07231269776821136, 0.2823379933834076, 0.5049496293067932, 0.0, 0.10459473729133606, 0.2975943386554718, 0.9005666971206665, 0.3116363286972046, 1.7533074617385864, 2.4062442779541016, 0.9327110648155212, 0.01612759567797184, 0.0, 0.015178429894149303, 0.2722344994544983, 0.3511769771575928, 0.3078869879245758, 0.004689951427280903, 0.15144029259681702, 1.242255449295044, 0.0, 1.1008766889572144, 1.8699384927749634, 0.6904555559158325, 0.0343276709318161, 0.002098450902849436, 0.33779382705688477, 0.044076502323150635, 1.6812433004379272, 0.0, 0.1062755212187767, 0.0, 0.008316827937960625, 0.0, 0.18881258368492126, 0.6570335030555725, 0.20997865498065948, 0.15968546271324158, 0.00013813437544740736, 0.2333957850933075, 0.928887665271759, 0.27119460701942444, 0.4784281849861145, 0.09931603074073792, 0.1967216283082962, 0.3125820457935333, 1.1468098163604736, 0.0, 0.2494761049747467, 0.8202036023139954, 0.32074305415153503, 0.24680398404598236, 0.07057899981737137, 0.033639222383499146, 0.0, 0.27620089054107666, 0.056180018931627274, 0.538922905921936, 0.1918351948261261, 0.514153242111206, 0.529148280620575, 0.11386597156524658, 1.3571758270263672, 0.11317773908376694, 0.6115742325782776, 0.19807320833206177, 0.0237873662263155, 0.09067262709140778, 0.05222039669752121, 0.21494756639003754, 0.03438683599233627, 0.41842198371887207, 0.0, 0.09258606284856796, 0.22039005160331726, 0.1660379320383072, 0.004988446366041899, 1.1860923767089844, 0.021589435636997223, 0.15070010721683502, 0.06841037422418594, 0.054268818348646164, 0.6761789917945862, 1.241421103477478, 1.2017931938171387, 0.7808730602264404, 1.5682357549667358, 1.706610083580017, 0.3962806463241577, 1.29053795337677, 0.6342418193817139, 0.0375155508518219, 1.7936848402023315, 1.2485774755477905, 0.3992631435394287, 0.383664071559906, 0.3272099494934082, 0.13960175216197968, 0.00891843345016241, 0.10659894347190857, 0.43016406893730164, 0.13636063039302826, 0.37276116013526917, 0.011306884698569775, 0.6921095848083496, 0.057782888412475586, 0.20601463317871094, 0.22192426025867462, 0.0, 0.31605640053749084, 0.33789607882499695, 1.3824167251586914, 2.220073699951172, 0.049272723495960236, 0.8646520376205444, 0.004837571177631617, 0.5883020162582397, 0.28376659750938416, 0.2216292768716812, 0.047919340431690216, 1.6152387857437134, 0.2247636616230011, 0.4017600119113922, 0.00923987291753292, 5.67728853225708, 7.51480765757151e-05, 0.4108245372772217, 0.007682569324970245, 0.6890103220939636, 0.06563959270715714, 0.12403056025505066, 0.0, 0.30011942982673645, 0.018842142075300217, 0.2586134374141693, 0.05838834494352341, 0.016932399943470955, 0.0, 0.12398362904787064, 0.0, 5.355842590332031, 0.6295225024223328, 0.8085245490074158, 0.0, 0.0, 2.355992317199707, 0.002283568261191249, 1.7385884523391724, 0.041947830468416214, 0.3579294681549072, 0.4998381733894348, 0.07373596727848053, 4.453494548797607, 0.11720464378595352, 0.10900043696165085, 0.17835044860839844, 0.1453947126865387, 1.135542869567871, 0.12435010820627213, 0.29549989104270935, 0.1057843491435051, 0.10492277890443802, 0.0, 0.5842925906181335, 0.0, 0.04164613038301468, 0.43967366218566895, 0.2093910276889801, 5.155625820159912, 0.2332790493965149, 0.0, 0.04922524094581604, 0.844847559928894, 0.4358311891555786, 0.0, 1.506810188293457, 0.19259388744831085, 0.0, 2.172492265701294, 10.01519775390625, 0.2640340030193329, 0.19201263785362244, 0.7674466371536255, 0.180913046002388, 0.12277526408433914, 0.8574464917182922, 0.9495248794555664, 0.1369742453098297, 0.2740738093852997, 0.4435572326183319, 0.97350013256073, 0.6358215808868408, 0.015765350311994553, 0.35285046696662903, 0.21331143379211426, 0.46226346492767334, 0.0, 0.05763944238424301, 0.3252406120300293, 0.2936766743659973, 1.0053391456604004, 0.040423642843961716, 0.061898376792669296, 0.005039879120886326, 0.568115770816803, 0.0, 2.470508575439453, 0.0, 0.13196499645709991, 0.03898722678422928, 0.1858411580324173, 0.333818644285202, 0.0, 2.56101393699646, 0.0, 0.7765898704528809, 0.23138438165187836, 0.09410345554351807, 1.1054790019989014, 0.1810191422700882, 0.6234403252601624, 1.9342366456985474, 0.33926087617874146, 0.04440900683403015, 1.5312128067016602, 0.15255407989025116, 0.0, 0.5290955305099487, 0.4395868480205536, 2.580420970916748, 0.702171802520752, 3.6176841259002686, 0.05144873261451721, 0.0, 0.46321025490760803, 0.33176857233047485, 2.1072323322296143, 0.6689043045043945, 0.1339975893497467, 0.0007449023541994393, 1.9546449184417725, 0.7896872758865356, 1.1661728620529175, 0.0, 0.5274708271026611, 0.17010566592216492, 0.014625106938183308, 0.0, 0.22500298917293549, 0.5190459489822388, 0.33739206194877625, 0.8503566384315491, 0.2580142915248871, 3.458169937133789, 1.0764029026031494, 0.0, 0.8981882929801941, 1.1065958738327026, 0.052702464163303375, 0.4304332435131073, 1.0789119005203247, 0.7945039868354797, 0.21457773447036743, 0.8108522891998291, 0.15542492270469666, 0.1932581067085266, 0.001984095200896263, 0.26804178953170776, 0.0, 0.0, 0.2888975739479065, 0.3776496648788452, 0.15482904016971588, 1.0850093364715576, 0.5639124512672424, 0.0, 0.14410622417926788, 1.4966135025024414, 0.031730856746435165, 0.11947011202573776, 0.02328992821276188, 0.5420635342597961, 0.7081747055053711, 0.6130661964416504, 0.8499031066894531, 0.0, 0.3959539830684662, 1.65669846534729, 5.6444268226623535, 0.12445459514856339, 0.38504406809806824, 0.2993398904800415, 0.07482901215553284, 0.5444567799568176, 0.0018295268528163433, 1.3889468908309937, 0.4726407825946808, 0.07028332352638245, 0.7027842998504639, 0.581235408782959, 0.15930664539337158, 0.12314984947443008, 0.20186558365821838, 1.1776190996170044, 0.36781612038612366, 0.5536367297172546, 0.015042893588542938, 0.32210612297058105, 0.8950995802879333, 1.588637113571167, 0.15863214433193207, 0.07333245873451233, 0.05493384972214699, 0.021552013233304024, 0.513264536857605, 0.03425128757953644, 1.0807409286499023, 0.1316220760345459, 0.9034180641174316, 0.11657673120498657, 1.3988388776779175, 0.5054835677146912, 0.07670539617538452, 1.3165078163146973, 0.44891613721847534, 0.0, 0.009802412241697311, 0.20450425148010254, 0.5227680802345276, 0.3689836263656616, 1.5346711874008179, 0.07060511410236359, 0.3370669186115265, 0.07400950789451599, 0.0, 2.1262967586517334, 0.6457459330558777, 0.6231106519699097, 0.0, 0.2636740207672119, 0.10837799310684204, 1.575425148010254, 0.8557129502296448, 0.0, 0.5020444393157959, 0.0, 0.09626296907663345, 0.014445251785218716, 1.375946044921875, 0.09209748357534409, 0.07111580669879913, 0.20411576330661774, 0.08111175894737244, 0.2843274176120758, 1.7432372570037842, 0.225065216422081, 0.095594123005867, 0.9556574821472168, 0.07409827411174774, 0.015318687073886395, 0.07478906959295273, 0.3010706901550293, 0.43452462553977966, 3.3981547355651855, 0.29006898403167725, 0.3604539632797241, 0.5528950095176697, 1.07558012008667, 1.5211552381515503, 0.24553650617599487, 0.0325683057308197, 0.9157366752624512, 0.42190173268318176, 0.21324829757213593, 0.17426662147045135, 0.44914108514785767, 0.7568544745445251, 0.6963567733764648, 0.30423504114151, 0.0, 0.7076827883720398, 0.05798112973570824, 0.6865900754928589, 0.05408567190170288, 0.29906708002090454, 0.0, 0.13077512383460999, 0.0, 2.4085168838500977, 0.02173501066863537, 1.1294071674346924, 0.034434664994478226, 0.42359134554862976, 0.08706139773130417, 0.2071894109249115, 0.0, 0.18839621543884277, 0.0654810220003128, 1.2515321969985962, 0.42649412155151367, 1.0406588315963745, 0.1824682354927063, 0.0, 0.9422670602798462, 0.5968793034553528]",Testing/glioma_tumor/image(46).jpg
"[1.0715852975845337, 1.9380630254745483, 0.013288374058902264, 0.7782576680183411, 0.6676856875419617, 0.012755422852933407, 1.592811107635498, 0.4096395969390869, 0.42294442653656006, 0.0, 0.0, 0.10148130357265472, 0.0, 0.5048567056655884, 0.26542407274246216, 0.025647960603237152, 1.033328890800476, 0.8359074592590332, 0.36083781719207764, 0.0028722528368234634, 0.05013288930058479, 0.2985047399997711, 0.7839510440826416, 0.0, 0.3450632691383362, 0.10420271009206772, 1.3431962728500366, 0.6654571294784546, 0.9182587265968323, 0.0, 0.10111851245164871, 1.0450453758239746, 0.021592188626527786, 0.5193802118301392, 0.04346499964594841, 0.9325733780860901, 0.13889338076114655, 0.5128495097160339, 0.12248564511537552, 0.24317613244056702, 1.2049286365509033, 2.407366991043091, 0.8254069685935974, 0.05482276529073715, 0.1297737956047058, 0.0931735634803772, 0.09675252437591553, 0.07615520805120468, 0.5595892071723938, 0.23531949520111084, 1.091842770576477, 1.0945054292678833, 1.0008994340896606, 0.03235296905040741, 0.5979270935058594, 0.133597731590271, 0.9605227708816528, 0.07914029061794281, 0.8523167371749878, 0.0, 0.4905179738998413, 0.9834237098693848, 0.003958157263696194, 0.06673721224069595, 0.7586150765419006, 0.07750816643238068, 0.64931321144104, 0.023076049983501434, 0.15798227488994598, 0.0, 0.519960343837738, 0.1530669927597046, 0.0, 0.954048752784729, 0.27218499779701233, 0.005802519619464874, 2.138211250305176, 0.7782803177833557, 0.0063385916873812675, 0.7258548140525818, 0.20886731147766113, 0.017541121691465378, 0.7767329216003418, 0.0046081566251814365, 1.1975449323654175, 0.7143605351448059, 0.9771120548248291, 0.01992703415453434, 0.0, 0.046412114053964615, 0.4823625385761261, 0.027682941406965256, 0.9247530102729797, 0.49248939752578735, 0.7655215263366699, 0.11816426366567612, 0.11811751127243042, 0.6788275837898254, 0.08586964011192322, 0.20545868575572968, 0.4800450801849365, 0.9739993214607239, 0.05815969035029411, 0.10321309417486191, 2.072181463241577, 0.04582369700074196, 0.17662650346755981, 1.0032998323440552, 0.21341846883296967, 2.4664318561553955, 0.0017229829682037234, 0.9610310792922974, 0.26877301931381226, 0.0, 0.6775209307670593, 0.029823414981365204, 0.028453543782234192, 0.1679047793149948, 0.0, 0.29362252354621887, 0.0752025693655014, 0.08218000084161758, 0.017443744465708733, 0.2552456259727478, 0.23413196206092834, 0.4436933696269989, 0.5071157217025757, 0.6258177757263184, 0.31130295991897583, 0.0, 0.046391651034355164, 1.1757229566574097, 0.041880618780851364, 0.0, 0.7606394290924072, 0.4468204379081726, 0.02233210951089859, 0.41302552819252014, 0.27293676137924194, 0.22631874680519104, 0.46957820653915405, 0.5718015432357788, 0.009099205955862999, 0.16497834026813507, 0.015563969500362873, 0.5586471557617188, 1.5006591081619263, 1.2095973491668701, 0.3594609498977661, 0.5463623404502869, 0.8915338516235352, 0.1283523142337799, 0.38300633430480957, 0.0, 0.0, 0.987389326095581, 0.0, 0.4962986409664154, 1.7110748291015625, 0.002943542553111911, 0.33042898774147034, 0.3106490969657898, 0.002781366929411888, 0.2344515323638916, 0.22362291812896729, 0.12141529470682144, 3.5784573554992676, 0.18059013783931732, 0.24524734914302826, 10.395086288452148, 1.100204348564148, 0.17533008754253387, 0.19789238274097443, 1.505854606628418, 2.696338176727295, 1.5698559284210205, 0.2895793914794922, 0.46047505736351013, 0.14602316915988922, 1.448683500289917, 1.374821424484253, 0.0, 0.30020371079444885, 0.0669732466340065, 0.013073203153908253, 1.0285587310791016, 0.06445901095867157, 2.264244318008423, 0.30719536542892456, 0.06142871081829071, 0.007442364934831858, 0.8053873181343079, 0.03783264011144638, 0.039266493171453476, 1.0673404932022095, 0.12029869854450226, 0.04668914154171944, 0.005273089278489351, 0.18475890159606934, 0.16199848055839539, 3.5305042266845703, 0.42009323835372925, 0.8556577563285828, 0.032640207558870316, 2.0488038063049316, 0.3463899791240692, 0.34134432673454285, 0.0, 1.364875316619873, 0.22282344102859497, 0.5257904529571533, 2.060749053955078, 0.0, 0.28849828243255615, 0.34738263487815857, 0.02548937499523163, 0.0016756203258410096, 0.6537981629371643, 0.050280336290597916, 0.0, 0.28512853384017944, 0.017682084813714027, 2.067770481109619, 0.0, 0.1827467679977417, 2.9959683418273926, 0.11205483227968216, 0.5734429359436035, 0.9848564267158508, 0.9911396503448486, 0.001678289147093892, 0.7332517504692078, 1.4145811796188354, 0.4325779974460602, 0.9207373857498169, 0.9180309772491455, 0.020022258162498474, 0.9114779829978943, 0.7039768695831299, 0.0, 0.32455363869667053, 0.0, 1.643993616104126, 0.2684907615184784, 0.24526220560073853, 0.598662793636322, 0.24368304014205933, 1.483350157737732, 0.0, 0.8934058547019958, 0.538447916507721, 0.005029439926147461, 0.5913686752319336, 0.6575518250465393, 0.905354380607605, 0.06527599692344666, 0.04283132404088974, 0.3508220911026001, 0.0, 0.3505445122718811, 0.15096691250801086, 0.051261454820632935, 1.089216709136963, 0.23679578304290771, 0.0, 0.5971103310585022, 0.003955033142119646, 0.08149039000272751, 0.04151231050491333, 0.009749555960297585, 0.15166634321212769, 0.0363776795566082, 0.809873104095459, 0.2843296527862549, 1.7431581020355225, 0.5886757969856262, 0.9665928483009338, 0.11276533454656601, 0.43483471870422363, 0.14295890927314758, 0.7196042537689209, 0.6061668992042542, 2.738539457321167, 0.4701502025127411, 0.1131686419248581, 2.6185925006866455, 0.4074275493621826, 0.03767332434654236, 0.2684517800807953, 0.13855497539043427, 0.10247253626585007, 1.0640465021133423, 0.4253218472003937, 0.0, 0.11145640164613724, 4.380151271820068, 0.3471851050853729, 0.2758532464504242, 0.0, 1.6254135370254517, 0.203543022274971, 0.009672914631664753, 2.9412128925323486, 0.46058663725852966, 1.1649636030197144, 0.7121003866195679, 0.5117371082305908, 0.46007654070854187, 0.2300267517566681, 0.9301462173461914, 0.10711339116096497, 1.2557833194732666, 0.0, 0.3471086919307709, 0.5047086477279663, 1.088265061378479, 1.0746657848358154, 0.37439700961112976, 0.0, 0.8494530320167542, 0.1706176996231079, 3.5582997798919678, 0.012848759070038795, 0.07682187855243683, 0.1582517772912979, 0.044244617223739624, 0.7274261713027954, 0.04265005886554718, 7.206815242767334, 0.9458743333816528, 0.28587353229522705, 0.02718893438577652, 0.2537354528903961, 0.649786651134491, 0.01039236132055521, 0.3157832622528076, 1.5522592067718506, 0.6442702412605286, 0.14235565066337585, 0.3217751681804657, 0.74038165807724, 0.033444844186306, 0.20348051190376282, 0.5790276527404785, 0.0, 0.2048877775669098, 0.0, 0.6135644912719727, 0.02516067959368229, 0.8178209662437439, 0.0036777767818421125, 0.2601626515388489, 0.7131840586662292, 0.07173127681016922, 1.5907548666000366, 0.2659306526184082, 0.22109925746917725, 5.796004188596271e-05, 0.09867458045482635, 0.4195801615715027, 0.5922244191169739, 3.159409761428833, 0.0139433853328228, 0.6162933111190796, 0.007767823059111834, 0.0, 0.016754522919654846, 0.011895707808434963, 2.825399398803711, 0.21858519315719604, 0.08855889737606049, 0.6317702531814575, 0.8323845863342285, 3.689592123031616, 0.07120981812477112, 0.48203593492507935, 1.0067954063415527, 1.5895946025848389, 0.5882954597473145, 0.17717227339744568, 0.10279013216495514, 0.15929575264453888, 0.13743194937705994, 0.28843918442726135, 0.2727537453174591, 0.01570018380880356, 0.6460976600646973, 0.5483442544937134, 0.026632430031895638, 0.11983855813741684, 0.030329976230859756, 0.05311964824795723, 0.220382958650589, 0.0, 0.5701853036880493, 5.1361403465271, 0.0, 2.2584481239318848, 0.22483405470848083, 0.815879225730896, 1.1340311765670776, 0.0, 0.010126279667019844, 0.11403663456439972, 0.06093700975179672, 0.43710482120513916, 1.2390882968902588, 0.10583663731813431, 2.3112246990203857, 0.4619912803173065, 0.005886381957679987, 0.04552511125802994, 0.1724414974451065, 0.0790041834115982, 0.03844287991523743, 1.577849268913269, 0.0, 0.2926982045173645, 0.0, 0.42907291650772095, 0.9398297667503357, 0.036341726779937744, 0.46421509981155396, 0.03893250972032547, 1.1830098628997803, 0.0, 0.23816867172718048, 1.5426489114761353, 0.06463433057069778, 0.16692319512367249, 2.4407875537872314, 0.24561934173107147, 1.666613221168518, 0.10512610524892807, 1.774244785308838, 0.3728869557380676, 0.08969135582447052, 1.0340983867645264, 0.3438495695590973, 0.03373187780380249, 0.39192962646484375, 0.06163439527153969, 0.13316231966018677, 0.0, 0.5939549803733826, 0.24628759920597076, 0.0, 1.2016640901565552, 0.17302803695201874, 0.01680642180144787, 0.10746759921312332, 0.2048836201429367, 0.09374084323644638, 0.0, 0.0, 0.2529020607471466, 0.07517874985933304, 0.0, 0.3964194357395172, 1.5509322881698608, 0.8577501177787781, 1.469040870666504, 0.6420649290084839, 0.2908104360103607, 0.028596116229891777, 0.6216008067131042, 0.23970724642276764, 0.0, 0.5266460180282593, 0.8064671158790588, 0.8162354230880737, 0.42848145961761475, 0.8668773174285889, 0.28238433599472046, 1.0938434600830078, 0.044000305235385895, 2.0061495304107666, 0.10025380551815033, 0.03618541359901428, 1.8426326513290405, 1.4301594495773315, 0.011753077618777752, 2.6765241622924805, 0.0, 0.016667794436216354, 0.17504481971263885, 0.031780146062374115, 0.21211624145507812, 0.0320618599653244, 0.0, 0.5706265568733215, 1.102127194404602, 0.0, 0.673485279083252, 2.7020657062530518, 0.18904349207878113, 0.5252238512039185, 1.2352726459503174, 2.7238857746124268, 0.07578358054161072, 0.09340757131576538, 0.4852457642555237, 0.0, 2.8481082916259766, 0.13252027332782745, 0.6635749936103821, 0.862199068069458, 0.10547206550836563, 0.06281407177448273, 0.3298652768135071, 0.0, 0.5677432417869568, 0.015559975057840347, 0.4980233311653137, 0.10756880789995193, 0.3972923755645752, 1.0705441236495972, 0.016401203349232674, 0.0, 0.46308207511901855, 0.0, 0.3739437162876129, 0.042074840515851974, 0.074370376765728, 0.05449520796537399, 0.4151817560195923, 0.03734840452671051, 0.0, 0.969572901725769, 0.06633620709180832, 0.1302926242351532, 0.43621498346328735, 2.2704598903656006, 1.415997862815857, 0.553415834903717, 1.7011098861694336, 1.9956965446472168, 0.5836968421936035, 0.565483570098877, 0.11952453851699829, 0.0, 0.6222549676895142, 0.3373434841632843, 0.18142415583133698, 0.28941017389297485, 0.6923825740814209, 0.08106639236211777, 0.022235363721847534, 0.5253644585609436, 0.4483563303947449, 0.8212364912033081, 0.016998061910271645, 0.20939278602600098, 0.035250309854745865, 0.34522345662117004, 1.3247380256652832, 0.5192975997924805, 0.0, 0.01853889785706997, 0.0, 0.29680657386779785, 0.6256994009017944, 1.759549856185913, 0.0, 0.007926230318844318, 1.1246730089187622, 1.197084903717041, 0.006923843175172806, 1.2952214479446411, 0.7383928894996643, 0.8900948166847229, 0.0007929655839689076, 0.0, 0.2501569390296936, 0.08514533936977386, 0.0907626673579216, 0.026081521064043045, 0.30694130063056946, 0.01211746409535408, 0.002053049160167575, 2.904214382171631, 0.0, 0.34767454862594604, 0.30154141783714294, 0.0054970127530395985, 0.055747050791978836, 0.07422859966754913, 0.8299524784088135, 0.08269166946411133, 0.0, 0.14473871886730194, 0.0022387723438441753, 0.0, 0.06026383489370346, 0.006325162015855312, 0.03184986487030983, 0.0390753448009491, 0.7468336224555969, 0.08401413261890411, 0.7274754047393799, 0.5852115154266357, 0.1641145497560501, 1.1710782051086426, 0.21054522693157196, 0.16385872662067413, 0.16182950139045715, 0.6396309733390808, 1.7941075563430786, 1.3094066381454468, 4.300705432891846, 2.812568426132202, 0.9165952801704407, 0.21608920395374298, 0.03666325658559799, 0.0, 0.25904691219329834, 0.004599036183208227, 0.02683078497648239, 0.07952868938446045, 0.03591616824269295, 0.0031859315931797028, 0.11353062838315964, 1.079911231994629, 0.8253374695777893, 0.32373398542404175, 1.2893247604370117, 0.3242500126361847, 0.2875255346298218, 0.0038921029772609472, 0.307981014251709, 0.36646705865859985, 0.06651539355516434, 0.12366737425327301, 0.015241963788866997, 0.01492983940988779, 0.01930810883641243, 0.0, 0.155092254281044, 0.0007784172194078565, 0.0, 0.3312273323535919, 0.0, 0.4747840464115143, 0.003973240964114666, 0.0, 0.7839763164520264, 1.3964059352874756, 0.0, 0.09579440206289291, 0.02369460090994835, 0.02838078886270523, 0.435077965259552, 0.12839877605438232, 0.08467260748147964, 0.23057112097740173, 1.1231917142868042, 0.6872121095657349, 0.0851743072271347, 0.04479606822133064, 0.0, 1.511225700378418, 0.0, 0.672931969165802, 0.08516868948936462, 1.2915419340133667, 0.08887235820293427, 1.6028255224227905, 1.2041345834732056, 0.0016788123175501823, 1.2847453355789185, 0.01245911791920662, 0.013017403893172741, 0.3301789462566376, 1.7083250284194946, 0.5871615409851074, 0.05026867985725403, 0.006835472770035267, 0.5742418169975281, 0.42792361974716187, 0.8691062331199646, 1.6716437339782715, 0.0, 0.0, 0.8665102124214172, 3.4643466472625732, 0.25458741188049316, 0.02173951268196106, 0.0, 0.37146323919296265, 0.4533419609069824, 0.7624030709266663, 0.0, 1.351418375968933, 0.015947487205266953, 0.009324923157691956, 0.435614675283432, 1.582315444946289, 0.0, 0.46976327896118164, 0.5925441980361938, 0.4473673701286316, 0.005772332660853863, 0.07516413182020187, 0.024488892406225204, 0.013929157517850399, 0.14964839816093445, 1.393570899963379, 0.07474192976951599, 1.2820090055465698, 0.10244357585906982, 4.609329700469971, 0.2891727089881897, 0.0730593353509903, 0.0, 0.0076034483499825, 0.15302135050296783, 0.1677287518978119, 0.055347152054309845, 0.0, 0.1251196563243866, 0.3816099762916565, 2.6328554153442383, 0.01613338105380535, 0.1866639256477356, 0.06461292505264282, 1.708603858947754, 0.47982144355773926, 0.9016556739807129, 0.0, 1.053444266319275, 0.03439001739025116, 0.1951349973678589, 0.2283989042043686, 0.20880131423473358, 0.2805024981498718, 0.2495703548192978, 0.0, 0.16585777699947357, 0.6984014511108398, 0.07541059702634811, 0.5714835524559021, 0.2372751086950302, 0.010122009553015232, 0.49487873911857605, 0.09744720160961151, 0.9686816334724426, 0.11508850008249283, 0.0, 0.856390655040741, 0.5982136726379395, 0.32719430327415466, 0.8284617066383362, 0.8145124316215515, 0.0, 0.6095248460769653, 0.24296453595161438, 0.5670158863067627, 0.6063628792762756, 0.7297255992889404, 0.39994311332702637, 0.1433335542678833, 0.0009462079033255577, 0.19459021091461182, 2.3986003398895264, 0.09647347778081894, 0.027729010209441185, 0.30581000447273254, 0.022163620218634605, 2.0454328060150146, 0.5614739060401917, 0.09154337644577026, 0.0, 0.2830538749694824, 1.7937959432601929, 0.062048766762018204, 0.2354404330253601, 0.25633540749549866, 0.12478015571832657, 0.4927074909210205, 1.0359528064727783, 0.4207707643508911, 2.3426291942596436, 0.12701813876628876, 0.3607844114303589, 0.016498325392603874, 0.11016321927309036, 0.26830172538757324, 0.16272613406181335, 0.14092330634593964, 0.147508442401886, 0.38185906410217285, 0.03973160311579704, 2.572446823120117, 0.022516654804348946, 0.5699909925460815, 0.05168846994638443, 0.002862881636247039, 0.02551787719130516, 0.7087922096252441, 1.0652251243591309, 0.07975943386554718, 0.0, 0.22300231456756592, 0.5564948916435242, 0.0, 2.603989601135254, 1.8790068626403809, 1.2799367904663086, 1.0114777088165283, 0.5462572574615479, 0.028453843668103218, 0.5776039958000183, 0.02576540969312191, 0.0, 0.3022123873233795, 0.03091435134410858, 6.018023490905762, 1.2689571380615234, 0.011024066247045994, 0.0193652231246233, 0.7635748982429504, 0.5449501276016235, 1.5229640007019043, 0.5189213156700134, 0.3024134933948517, 0.8817927837371826, 0.04880065470933914, 0.011549735441803932, 0.7617502212524414, 2.053070068359375, 0.01757105067372322, 1.7495514154434204, 0.0033298851922154427, 0.0, 0.12406975775957108, 0.8807281851768494, 0.0, 0.43297117948532104, 0.030714740976691246, 0.006007800344377756, 0.003643067553639412, 0.051596153527498245, 2.603609561920166, 0.03239436820149422, 0.2735383212566376, 0.02352721057832241, 0.35326534509658813, 0.0, 0.00815136544406414, 0.040836650878190994, 0.0, 0.9979223012924194, 3.6854982376098633, 0.02040957473218441, 0.0, 2.403705596923828, 0.2666045129299164, 0.0, 0.2631950080394745, 1.6111037731170654, 1.3288723230361938, 0.6801318526268005, 0.2694931924343109, 0.0, 0.4937325417995453, 0.007184208836406469, 1.7064822912216187, 0.3871663808822632, 0.020360682159662247, 4.875851631164551, 1.2824571132659912, 0.19182948768138885, 0.009029361419379711, 0.6245771646499634, 0.783507764339447, 0.39765027165412903, 0.6123736500740051, 0.19049163162708282, 2.2359423637390137, 0.047491490840911865, 0.023137332871556282, 0.2861349582672119, 0.6678420901298523, 0.0, 0.5766201019287109, 0.6593449115753174, 0.7804853320121765, 0.007698204834014177, 0.5165244340896606, 0.11571193486452103, 0.0, 0.019492898136377335, 0.31094643473625183, 0.15053485333919525, 0.08790747076272964, 0.04355689510703087, 0.11148621886968613, 0.36062201857566833, 0.0, 0.6665688157081604, 0.03813962638378143, 0.0, 0.011177870444953442, 0.8867360353469849, 2.5789570808410645, 0.0, 0.30207374691963196, 0.9862701892852783, 0.29061159491539, 1.3865790367126465, 0.014550724998116493, 0.4941257834434509, 0.7659169435501099, 3.1185030937194824, 0.0, 0.44252386689186096, 0.6344472169876099, 0.03191220760345459, 0.9818971753120422, 0.021437041461467743, 0.0, 1.5997178554534912, 0.05238568037748337, 0.5371649861335754, 0.2706328332424164, 0.11680306494235992, 0.7722285389900208, 2.277963399887085, 0.18680408596992493, 0.18884804844856262, 0.20201975107192993, 1.1856845617294312, 0.7050939798355103, 0.0, 0.2553132474422455, 2.2463064193725586, 0.09856975078582764, 0.1705998331308365, 0.046334605664014816, 0.0, 0.2719322144985199, 0.11465991288423538, 0.006138339173048735, 0.802751362323761, 0.13269861042499542, 0.03251063451170921, 0.0, 0.14721627533435822, 0.003885729005560279, 0.6277461647987366, 0.0, 0.0, 0.2887456715106964, 0.3245711028575897, 0.13469894230365753, 0.0, 2.2120323181152344, 0.25270000100135803, 0.312458872795105, 0.0, 0.0044434997253119946, 0.006273943465203047, 0.19916802644729614, 1.9737657308578491, 0.2539558410644531, 1.369327187538147, 0.010312761180102825, 0.0, 0.7913627028465271, 0.013382220640778542, 0.3171430230140686, 0.5177359580993652, 0.0025091900024563074, 0.5025581121444702, 0.05277307331562042, 0.0, 1.138224720954895, 0.004111938178539276, 0.8928120732307434, 0.0, 0.5864706635475159, 0.8875820636749268, 0.17001156508922577, 0.31081530451774597, 1.2733304500579834, 0.0, 0.023800844326615334, 0.008779143914580345, 0.08892259746789932, 0.0, 0.22859251499176025, 0.07508113235235214, 0.0, 0.0, 0.3842167258262634, 0.49075838923454285, 0.12875546514987946, 0.0, 0.2871555685997009, 0.005938168615102768, 0.22339972853660583, 1.679421305656433, 0.7656548023223877, 0.22705179452896118, 0.014126578345894814, 0.3330930471420288, 0.12179200351238251, 0.5224046111106873, 2.331063985824585, 0.09074820578098297, 0.03822173923254013, 0.9442555904388428, 0.3032977879047394, 0.9414153695106506, 0.09548848122358322, 0.1648096740245819, 1.948945164680481, 0.10022377222776413, 0.10307938605546951, 1.0058274269104004, 0.23870708048343658, 0.201931893825531, 0.00036516968975774944, 0.016563337296247482, 0.12341277301311493, 0.05418746918439865, 0.22751691937446594, 0.250457227230072, 0.02965354733169079, 0.0162076223641634, 0.07933551073074341, 1.22474205493927, 0.03982618823647499, 0.4702794849872589, 0.09579245746135712, 0.3592565059661865, 0.0, 0.1173468679189682, 0.003402812173590064, 0.0, 0.2938693165779114, 0.01674678362905979, 0.15937647223472595, 0.06197291985154152, 0.0, 0.43104544281959534, 0.2646056115627289, 0.13447609543800354, 0.08297869563102722, 0.28465092182159424, 0.0, 0.31409406661987305, 0.16231881082057953, 0.08674323558807373, 0.05203833058476448, 0.3765023648738861, 0.0, 0.8900811076164246, 0.0979330912232399, 0.3460651636123657, 0.0, 0.4484262764453888, 0.01242160052061081, 0.02886330522596836, 0.48424044251441956, 0.0, 0.419891893863678, 0.11427056044340134, 0.049172088503837585, 0.2825455069541931, 0.2784835994243622, 5.054333209991455, 1.0964415073394775, 0.027519473806023598, 0.8636987805366516, 0.0623856857419014, 0.005556617397814989, 0.09087856113910675, 0.008075629360973835, 0.3721010684967041, 1.3742804527282715, 0.2683718800544739, 0.18757598102092743, 0.0, 0.0, 0.40821290016174316, 0.08609841763973236, 0.09740524739027023, 1.8780741691589355, 0.056443583220243454, 0.0, 0.22190530598163605, 0.4769855737686157, 0.44997677206993103, 3.7568085193634033, 0.06888455152511597, 0.0, 0.0, 0.05467531457543373, 0.7401140332221985, 0.00939792301505804, 0.1462554633617401, 0.015323026105761528, 0.11428896337747574, 0.5428809523582458, 0.0, 0.4951663613319397, 0.04927889257669449, 0.13063247501850128, 0.0, 0.0, 0.3276463747024536, 0.6773262023925781, 0.645393967628479, 1.4807312488555908, 0.15416525304317474, 0.4756338894367218, 0.0, 0.1749556064605713, 0.2011307328939438, 1.2043083906173706, 1.9045790433883667, 0.0, 0.3728215992450714, 0.014839021489024162, 0.14690947532653809, 0.48709094524383545, 1.8553887605667114, 0.0, 0.0, 0.1527342051267624, 0.0, 0.1790744960308075, 0.1000184640288353, 0.1528664231300354, 0.0, 0.34836453199386597, 0.22449567914009094, 0.0, 0.007522471249103546, 0.011874038726091385, 0.39398545026779175, 1.2194812297821045, 0.10123974829912186, 0.16354237496852875, 0.0, 0.12347109615802765, 0.13872204720973969, 0.26538366079330444, 0.20442363619804382, 0.41495195031166077, 0.029002530500292778, 0.0, 0.583813488483429, 1.8677313327789307, 0.48329293727874756, 0.0, 1.40776789188385, 0.060648754239082336, 0.06705042719841003, 0.05414627119898796, 0.15247371792793274, 0.5792240500450134, 0.14544932544231415, 0.011269679293036461, 0.5558965802192688, 0.4230458736419678, 0.0, 0.08091234415769577, 0.6484941244125366, 0.03632498160004616, 0.04140755161643028, 0.4864124357700348, 0.0, 0.003202511230483651, 0.16117851436138153, 0.0014713297132402658, 0.30359405279159546, 0.044526875019073486, 2.4312329292297363, 0.21745909750461578, 0.08165107667446136, 0.0, 0.3845783472061157, 0.0, 0.08825379610061646, 0.22703149914741516, 0.8682904243469238, 0.07670564949512482, 0.0709293931722641, 0.07948971539735794, 0.0, 0.14391089975833893, 0.0, 0.05802605673670769, 1.1022634506225586, 0.012713364325463772, 0.0, 1.4985170364379883, 0.010965649038553238, 0.7556641101837158, 0.412911981344223, 0.015416249632835388, 0.04670872911810875, 0.13497035205364227, 0.11965443193912506, 0.005996480118483305, 0.45534002780914307, 1.233925700187683, 0.3500556945800781, 3.052025556564331, 0.007455178536474705, 1.3225091695785522, 2.634331464767456, 0.0651644915342331, 0.0, 0.01361791417002678, 0.33074620366096497, 0.027715474367141724, 0.089805006980896, 0.5785390734672546, 0.5341155529022217, 0.25800594687461853, 0.32493913173675537, 1.177748441696167, 0.05285324528813362, 0.43598875403404236, 0.017892882227897644, 0.6195147633552551, 0.36497408151626587, 0.06123467907309532, 0.0, 0.0, 1.127631425857544, 0.0, 0.2704299986362457, 0.8833740949630737, 0.3777698576450348, 0.11368168890476227, 0.3513343334197998, 0.9570356607437134, 1.548997402191162, 0.09794733673334122, 3.564791202545166, 1.1652734279632568, 0.6752408742904663, 0.033524587750434875, 0.00759023567661643, 0.14905619621276855, 0.04829999431967735, 0.06297735124826431, 0.15399794280529022, 0.15649846196174622, 0.5237576961517334, 0.002089831279590726, 0.005314836744219065, 0.7268386483192444, 0.14174529910087585, 0.038471560925245285, 0.3752232789993286, 0.17663779854774475, 0.0, 0.032469555735588074, 0.6567314863204956, 0.13355566561222076, 1.0558809041976929, 1.7785018682479858, 0.26633501052856445, 1.4883695840835571, 0.7127050161361694, 0.7477387189865112, 0.12660180032253265, 0.1536215990781784, 0.545695960521698, 0.4351988136768341, 0.01597292535007, 0.11370959877967834, 0.15219910442829132, 0.8708867430686951, 2.1363866329193115, 0.0, 0.40172046422958374, 1.9357243776321411, 0.023414840921759605, 0.0, 0.4186730980873108, 0.16051486134529114, 2.3482227325439453, 2.2755775451660156, 2.401747703552246, 0.32658883929252625, 1.1963515281677246, 0.15069124102592468, 1.3878393173217773, 0.0, 0.791231632232666, 0.20525512099266052, 1.6923925876617432, 0.0, 0.13156700134277344, 0.6844930648803711, 0.11052903532981873, 0.03302251920104027, 1.2910975217819214, 0.3424864411354065, 0.0, 0.8962084650993347, 0.0, 0.40531665086746216, 2.253953456878662, 0.2691953480243683, 0.15969538688659668, 0.2771991789340973, 0.1523277759552002, 0.08781640231609344, 0.007671249099075794, 0.00178423710167408, 0.004794393200427294, 0.6048503518104553, 1.6579391956329346, 0.0, 1.1229966878890991, 0.0056054494343698025, 0.7742055654525757, 0.010335941798985004, 0.11087585240602493, 0.12855981290340424, 0.1296260803937912, 2.238098382949829, 0.5112768411636353, 1.1227964162826538, 0.2922496497631073, 0.7148632407188416, 0.2794521749019623, 0.23047968745231628, 0.0, 0.3166356682777405, 1.8705226182937622, 0.18859070539474487, 0.4825926125049591, 0.0, 0.8023087382316589, 0.13632480800151825, 0.0, 0.34797677397727966, 5.198449611663818, 0.028226764872670174, 0.06957798451185226, 0.06627002358436584, 0.3290407657623291, 0.3158136010169983, 0.2558012902736664, 0.4976135492324829, 0.9136660099029541, 6.350392818450928, 0.18230226635932922, 0.011400274932384491, 0.27490827441215515, 0.025280650705099106, 0.041845764964818954, 0.004468217026442289, 0.20124411582946777, 0.0, 0.010525170713663101, 0.0, 0.440310537815094, 0.24342498183250427, 0.669647216796875, 1.5921727418899536, 0.0, 0.134347602725029, 0.22539761662483215, 0.027852267026901245, 0.0, 2.503645896911621, 2.421218156814575, 0.52241051197052, 0.022388502955436707, 0.011112203821539879, 0.0, 0.4161348044872284, 0.26407867670059204, 0.1181008592247963, 1.4060759544372559, 0.6156980991363525, 0.07022137194871902, 0.2677677869796753, 0.11587008833885193, 0.14634521305561066, 0.1832718402147293, 0.03868241608142853, 0.06224282458424568, 0.10369873046875, 0.0, 0.0, 0.053194522857666016, 0.0038892445154488087, 1.2194082736968994, 0.18701089918613434, 0.32321423292160034, 0.011688529513776302, 0.9413102865219116, 0.05420676991343498, 1.0444530248641968, 0.7121689319610596, 0.0, 0.057559747248888016, 0.12127815932035446, 0.3645637035369873, 0.0, 0.4165782630443573, 0.1449943333864212, 0.6354777812957764, 0.006444016471505165, 0.1279948353767395, 0.04244611784815788, 0.0, 1.8224936723709106, 0.05848638713359833, 0.08046365529298782, 0.5075620412826538, 0.37251001596450806, 0.0, 0.6596953868865967, 0.1626364290714264, 0.0350872166454792, 0.37639912962913513, 0.006701902486383915, 0.35876473784446716, 2.942514419555664, 0.3997515141963959, 0.08759237825870514, 0.0401562862098217, 0.12761777639389038, 0.38549384474754333, 0.03237445652484894, 0.08473259210586548, 0.766626238822937, 0.21630795300006866, 1.0716149806976318, 0.11162436008453369, 0.030126772820949554, 0.8368356823921204, 0.0759783536195755, 0.08574984967708588, 0.4103667140007019, 0.12530121207237244, 0.0, 0.28677624464035034, 0.0650501623749733, 0.003343528602272272, 0.17153270542621613, 0.48776915669441223, 0.47148916125297546, 0.0, 0.0, 0.2881745398044586, 0.03329368308186531, 0.04297382012009621, 0.33694201707839966, 0.9940202832221985, 0.940159261226654, 1.9717382192611694, 0.0, 3.4350645542144775, 3.726362466812134, 0.36652320623397827, 0.14461351931095123, 1.1692249774932861, 0.0, 0.028685953468084335, 0.09091378003358841, 1.1201781034469604, 0.17499962449073792, 1.836461067199707, 0.2446400374174118, 1.5687224864959717, 0.8832842707633972, 3.446824073791504, 0.0, 1.1705238819122314, 0.0, 0.0, 1.0239609479904175, 0.11035671830177307, 0.0, 0.0, 0.2578561305999756, 0.886274516582489, 0.052385393530130386, 0.0, 0.6605610251426697, 0.20958183705806732, 0.0, 0.9207776188850403, 0.6362690925598145, 2.5321671962738037, 0.003622052725404501, 0.20644912123680115, 0.6193763017654419, 0.4603712260723114, 0.0, 0.2865767776966095, 2.206225872039795, 1.6551177501678467, 0.0, 0.2805454730987549, 0.14735648036003113, 0.25940579175949097, 0.10458208620548248, 0.5761315822601318, 4.796741485595703, 0.0, 1.4595694541931152, 0.19381622970104218, 0.05211035907268524, 0.0035705347545444965, 0.8217254877090454, 0.282033771276474, 0.0, 0.1705186665058136, 0.012707953341305256, 0.15886302292346954, 0.26473695039749146, 0.24826250970363617, 0.3845040500164032, 0.4729808568954468, 0.06067551299929619, 0.16381710767745972, 0.21440868079662323, 0.8137070536613464, 0.23330779373645782, 0.0, 0.1925102174282074, 0.09868593513965607, 0.0, 0.616438090801239, 0.02936806157231331, 1.2329094409942627, 0.0006894408725202084, 1.4472148418426514, 0.0, 0.3911339044570923, 0.09367196261882782, 0.9770498275756836, 0.04086391627788544, 0.008444027043879032, 0.43142130970954895, 1.7045729160308838, 0.21265628933906555, 0.30819281935691833, 0.3543567359447479, 1.2771278619766235, 0.4745311737060547, 0.02376275695860386, 0.5326573252677917, 2.042680025100708, 4.332198619842529, 0.0, 0.39121299982070923, 1.535935640335083, 0.031074348837137222, 0.11107437312602997, 0.9549323916435242, 0.2672279179096222, 0.11333993077278137, 0.183707594871521, 0.11444410681724548, 1.7792819738388062, 0.0, 0.17657606303691864, 0.005622552242130041, 0.7391977310180664, 0.1542806774377823, 0.07579440623521805, 0.18103934824466705, 0.0, 0.5401889681816101, 0.31782621145248413, 0.5256521105766296, 0.0, 0.0, 2.158085346221924, 0.17428040504455566, 0.0, 0.2564501166343689, 0.07229290902614594, 0.0, 0.13860204815864563, 0.0, 0.08509566634893417, 0.0, 1.954998254776001, 0.3698354959487915, 0.061766136437654495, 1.602388620376587, 0.0, 0.05729027837514877, 0.31271591782569885, 0.0, 0.21858340501785278, 0.6541226506233215, 0.30541104078292847, 0.4382167458534241, 0.0, 0.07478129118680954, 1.5505518913269043, 0.11057544499635696, 0.8867167830467224, 1.7624927759170532, 0.10674984753131866, 0.10175637900829315, 1.8553645610809326, 0.2759198546409607, 0.2154671549797058, 0.2957436442375183, 0.03802957013249397, 0.2521524429321289, 0.4944424629211426, 0.05333955958485603, 0.04458964243531227, 0.6879571676254272, 0.13926711678504944, 0.07825717329978943, 0.040452491492033005, 0.5818124413490295, 0.11474183201789856, 1.1166439056396484, 0.10788708925247192, 0.07114169746637344, 0.3472234904766083, 0.4925478994846344, 0.7002620100975037, 0.0019839005544781685, 0.007790925446897745, 4.07527494430542, 0.009789771400392056, 0.017457177862524986, 0.35489094257354736, 0.40041494369506836, 0.03932207077741623, 0.36728447675704956, 0.5932228565216064, 0.5404493808746338, 0.041987720876932144, 0.16258740425109863, 0.09501650184392929, 0.08120736479759216, 0.6554294228553772, 0.7126051187515259, 0.2023809254169464, 3.9939348697662354, 0.8636599183082581, 1.5296869277954102, 0.03662481531500816, 0.0, 0.05529800057411194, 0.0, 0.050207965075969696, 0.3945361077785492, 0.03271391615271568, 0.07173672318458557, 0.18669408559799194, 0.020800573751330376, 0.4500086307525635, 0.05579822510480881, 0.64734947681427, 0.011387382633984089, 0.08037767559289932, 1.3543624877929688, 0.019996700808405876, 0.5967106819152832, 0.2815791666507721, 0.000393142516259104, 0.0, 0.31155717372894287, 0.0, 0.9475262761116028, 0.8644894957542419, 0.03136467933654785, 0.17847251892089844, 0.27127739787101746, 0.02037949301302433, 1.3106052875518799, 0.037531930953264236, 0.23384913802146912, 0.005820634309202433, 0.691379964351654, 0.4353456199169159, 0.5896621346473694, 0.0, 0.23202073574066162, 1.0113697052001953, 0.0, 0.27879011631011963, 0.0, 0.26984861493110657, 0.24644684791564941, 0.19680945575237274, 0.0, 0.02986999973654747, 0.0, 0.35371649265289307, 0.04549207538366318, 0.14813001453876495, 0.1399093121290207, 0.09436577558517456, 0.7771509289741516, 0.0, 0.02808200754225254, 0.0, 0.03235980123281479, 0.01897124946117401, 0.005898495204746723, 0.07358255982398987, 0.0, 1.0618090629577637, 0.8569623827934265, 0.07793797552585602, 0.3001009225845337, 2.4258084297180176, 0.04561159387230873, 0.03899316117167473, 0.0, 0.0, 0.4071909785270691, 0.6822561025619507, 1.9551126956939697, 0.2676115930080414, 0.6920017600059509, 2.652932643890381, 0.31968042254447937, 1.5776042938232422, 0.30233728885650635, 0.4277983605861664, 1.2936147451400757, 1.2085177898406982, 1.1961363554000854, 0.362737238407135, 0.4272749125957489, 0.41517889499664307, 0.06084863469004631, 0.14447252452373505, 0.9773187637329102, 0.0, 0.0, 0.02992592751979828, 0.17632630467414856, 0.06281284242868423, 0.008008514530956745, 0.0, 0.0, 0.10901187360286713, 0.5341359376907349, 0.2157507985830307, 0.03826075792312622, 0.23740540444850922, 1.1131799221038818, 0.0, 0.6042512059211731, 0.05086681619286537, 0.3173064887523651, 0.05124311149120331, 0.9472488164901733, 0.9269130229949951, 0.04233700409531593, 0.030112966895103455, 7.7408270835876465, 0.0, 0.3076114356517792, 0.20194880664348602, 1.1316275596618652, 0.03599914163351059, 0.12329849600791931, 0.0, 0.4867171049118042, 1.5028609037399292, 0.7300059795379639, 0.7386561036109924, 0.037548333406448364, 0.04348205029964447, 0.14324218034744263, 0.0, 3.239516496658325, 1.4240045547485352, 0.256513386964798, 0.012499812059104443, 0.0627487450838089, 1.5386745929718018, 0.22252380847930908, 0.0, 0.02530706115067005, 0.3402976989746094, 0.02867969498038292, 0.0597507506608963, 3.1908602714538574, 0.06379924714565277, 0.09349486976861954, 0.006795138586312532, 0.021884417161345482, 1.6614482402801514, 0.016293691471219063, 0.24865183234214783, 0.23547890782356262, 0.046986375004053116, 0.027705226093530655, 0.029251249507069588, 0.02471594139933586, 0.0, 0.628616988658905, 0.07638626545667648, 4.783517837524414, 0.12663093209266663, 0.35510867834091187, 0.07252128422260284, 0.40693968534469604, 0.3443461060523987, 0.028582682833075523, 0.27385351061820984, 0.7565153241157532, 0.5946601033210754, 0.5717297196388245, 7.15606689453125, 0.07984890043735504, 0.24911749362945557, 0.2220350205898285, 0.9306575059890747, 0.14038406312465668, 0.15262708067893982, 0.3500058650970459, 0.014340974390506744, 0.1754494309425354, 0.1476205438375473, 0.41122984886169434, 1.0648319721221924, 0.13846920430660248, 0.2976408302783966, 0.013541973195970058, 0.37702810764312744, 0.0, 0.04686855897307396, 0.06374657154083252, 1.1228199005126953, 0.37565597891807556, 0.11872867494821548, 0.28423038125038147, 0.12519016861915588, 0.21936552226543427, 0.0, 0.2108725756406784, 0.4097924828529358, 0.30391228199005127, 0.015680376440286636, 0.6121427416801453, 0.17614960670471191, 0.019019601866602898, 1.8629454374313354, 0.01645657978951931, 1.2954671382904053, 0.5131258368492126, 0.006614407524466515, 0.949580729007721, 0.005160672124475241, 0.2984260320663452, 1.3866256475448608, 1.1808918714523315, 0.015337605960667133, 0.2022799402475357, 0.03649620711803436, 0.0, 0.0, 0.3048918843269348, 3.270278215408325, 0.5453367233276367, 2.326268196105957, 0.24853947758674622, 1.3198068141937256, 0.22384943068027496, 0.7347925901412964, 1.3125418424606323, 0.2480321079492569, 0.15362194180488586, 0.3688744008541107, 0.5970690846443176, 1.4308724403381348, 0.811188280582428, 0.0, 0.00644379248842597, 0.0, 0.32067111134529114, 0.0, 0.0, 1.0678447484970093, 0.037118326872587204, 0.3563348054885864, 0.17956900596618652, 3.1967215538024902, 0.16512790322303772, 0.2946002781391144, 0.14536325633525848, 0.7238426804542542, 0.8818295001983643, 0.06511649489402771, 1.6278194189071655, 0.1291826069355011, 0.04483504220843315, 0.5462560653686523, 0.7151224613189697, 0.061666090041399, 0.0596691332757473, 0.17652812600135803, 0.002249727491289377, 0.02060709148645401, 0.5508654713630676, 0.508644700050354, 0.32345446944236755, 0.6619115471839905, 0.1946292668581009, 0.0, 0.11193358898162842, 1.4485805034637451, 0.08362554013729095, 0.14939819276332855, 0.5140458941459656, 0.22895513474941254, 0.32950258255004883, 0.5531015396118164, 1.304750680923462, 0.04841373860836029, 0.8129256367683411, 1.9867947101593018, 1.8675658702850342, 0.20714764297008514, 0.4655469059944153, 0.5357658863067627, 0.5169668197631836, 0.1475515067577362, 0.09202880412340164, 0.2928486168384552, 0.3641601502895355, 0.0, 1.0119421482086182, 1.4033105373382568, 0.0995565801858902, 3.139744758605957, 1.5154972076416016, 0.5335904955863953, 1.9353461265563965, 0.31769561767578125, 0.2276659458875656, 0.5558501482009888, 0.9457087516784668, 0.5308558940887451, 0.006649168208241463, 0.09437216818332672, 0.6746904253959656, 0.0013102511875331402, 0.7430577874183655, 0.03221900761127472, 1.376161813735962, 0.001662020804360509, 0.10219113528728485, 0.01700536347925663, 0.4820865988731384, 0.2382320910692215, 0.12209232151508331, 1.1438319683074951, 0.49941521883010864, 0.3089664578437805, 0.6535463333129883, 0.13694040477275848, 0.17630550265312195, 1.0706602334976196, 0.8081535696983337, 0.17606714367866516, 0.27625176310539246, 0.021437818184494972, 0.09966476261615753, 1.968580961227417, 0.29050928354263306, 0.0, 0.7587292194366455, 0.25175151228904724, 0.023830506950616837, 0.8741330504417419, 0.11233098059892654, 0.0, 2.170858144760132, 0.26233425736427307, 0.0, 0.0, 1.267879605293274, 0.07545089721679688, 0.025883706286549568, 0.12156998366117477, 0.09792917966842651, 0.39163699746131897, 0.7289703488349915, 0.198975071310997, 0.2136533260345459, 2.3246498107910156, 0.326691210269928, 0.11064557731151581, 0.36931711435317993, 0.6240421533584595, 0.056057997047901154, 3.233372211456299, 0.7838813066482544, 0.1440466344356537, 0.09112517535686493, 0.49528756737709045, 0.2597135901451111, 1.2095415592193604, 0.36984655261039734, 0.5548045635223389, 0.0, 0.1637589931488037, 0.044947195798158646, 0.09087145328521729, 0.11069627851247787, 0.011414805427193642, 1.7744991779327393, 0.0, 0.5615633130073547, 0.13024400174617767, 0.9920967221260071, 0.30309343338012695, 1.1104148626327515, 0.3864094614982605, 0.022176947444677353, 0.08138134330511093, 0.6402332782745361, 0.04425213113427162, 0.44942015409469604, 0.07090237736701965, 0.04011302441358566, 0.3625132441520691, 0.33713898062705994, 0.020756149664521217, 0.0, 0.7885017991065979, 1.580161213874817, 0.13688336312770844, 1.1140533685684204, 0.36419686675071716, 0.0, 0.41353684663772583, 0.034599076956510544]",Testing/glioma_tumor/image(54).jpg
"[0.00842294842004776, 2.0266449451446533, 0.051442887634038925, 0.8099865913391113, 0.38327139616012573, 0.21485041081905365, 1.0445971488952637, 0.0, 0.35336121916770935, 0.0, 0.017801500856876373, 0.34963834285736084, 0.04743922874331474, 0.7243454456329346, 0.0, 0.0, 0.14314010739326477, 0.15774859488010406, 0.3328443169593811, 0.013597901910543442, 0.6041638255119324, 1.2927225828170776, 0.03464603051543236, 0.007141522131860256, 0.030125970020890236, 0.0868193730711937, 1.032355785369873, 0.40375056862831116, 0.16673119366168976, 0.21931453049182892, 0.2014598846435547, 0.18086573481559753, 2.3291049003601074, 1.1591904163360596, 0.5948681831359863, 0.2636864483356476, 0.1257215440273285, 0.1628790944814682, 0.058283135294914246, 0.046832453459501266, 2.639544725418091, 0.820902943611145, 0.122968889772892, 0.0, 0.0, 0.25995296239852905, 0.18963217735290527, 0.39519819617271423, 0.0261776614934206, 0.5948591232299805, 0.3042445778846741, 1.1315056085586548, 1.2149896621704102, 0.2549653947353363, 0.5357178449630737, 3.655426025390625, 0.1768278181552887, 0.5409186482429504, 0.37885892391204834, 0.018564622849225998, 0.0635232999920845, 0.9646100997924805, 0.5999042391777039, 1.7529942989349365, 0.013277236372232437, 0.10857924818992615, 0.47208866477012634, 0.0, 0.5082026124000549, 0.019007112830877304, 0.03508232906460762, 0.001710963435471058, 0.03392781689763069, 1.3239201307296753, 0.08066726475954056, 0.43878480792045593, 4.741578578948975, 0.0, 0.0, 0.10813367366790771, 0.43359434604644775, 0.0, 0.21667499840259552, 0.1014002189040184, 1.1852630376815796, 0.03447428345680237, 0.9697609543800354, 0.015541804023087025, 0.0, 0.021901613101363182, 0.8435010313987732, 0.0, 1.1233692169189453, 0.07375301420688629, 0.0, 0.0, 0.4052369296550751, 0.10394028574228287, 0.4456822872161865, 0.2629172205924988, 0.0, 0.2846653163433075, 0.0, 0.4252595007419586, 1.540458083152771, 0.39214107394218445, 0.21087177097797394, 1.421775221824646, 0.02598506025969982, 0.7826220393180847, 0.0, 0.5958704352378845, 0.06174864619970322, 0.0644560158252716, 0.12018591165542603, 0.0, 0.0995296910405159, 0.18340888619422913, 0.052748970687389374, 0.20832683145999908, 0.0, 0.11040233820676804, 0.007189648691564798, 0.11833614856004715, 0.740587055683136, 0.5558282136917114, 0.04215620458126068, 0.35132676362991333, 1.9276220798492432, 0.0, 0.0, 1.3848267793655396, 0.002606065943837166, 0.28941869735717773, 0.15773767232894897, 0.0, 0.2313331812620163, 0.24399109184741974, 0.5482119917869568, 0.03242075815796852, 0.07740823924541473, 0.10515004396438599, 0.015926316380500793, 0.22494380176067352, 0.4369904696941376, 0.021426521241664886, 0.700543224811554, 2.6666147708892822, 0.17377008497714996, 0.0, 0.5254514813423157, 0.8577176928520203, 0.0, 0.0, 0.7353881597518921, 0.797779381275177, 0.0, 0.08893497288227081, 0.7308818101882935, 0.008913115598261356, 0.36977121233940125, 1.2161024808883667, 0.24961908161640167, 0.3790263831615448, 0.013893049210309982, 0.010015478357672691, 0.6513568162918091, 0.04109584540128708, 0.24972788989543915, 9.392007827758789, 2.9022955894470215, 0.042963866144418716, 0.03319195285439491, 0.02501608431339264, 1.421736717224121, 0.0859188437461853, 0.17950338125228882, 0.2378896176815033, 0.008641739375889301, 0.3971145451068878, 0.0, 0.353240042924881, 0.020943179726600647, 0.27705803513526917, 0.14516645669937134, 0.1848510056734085, 0.0360257588326931, 0.26288750767707825, 0.5849235653877258, 0.0, 0.008159628137946129, 0.21799273788928986, 0.3407796323299408, 0.12745821475982666, 0.0, 0.029341189190745354, 0.3939947485923767, 0.7523972392082214, 0.07580114156007767, 0.036049894988536835, 0.07256536930799484, 0.5136833190917969, 0.020269960165023804, 0.0240748543292284, 0.18573708832263947, 0.5010592937469482, 0.0, 0.10320457071065903, 0.18047262728214264, 0.0, 0.0, 0.17593149840831757, 0.0, 0.04036299139261246, 0.07464169710874557, 0.35260891914367676, 0.043202780187129974, 0.027316277846693993, 0.21525076031684875, 0.06675075739622116, 1.15131413936615, 0.06699441373348236, 1.9206005334854126, 0.14200058579444885, 0.014891796745359898, 1.6384814977645874, 0.10763917863368988, 0.0, 2.1764092445373535, 0.04484494403004646, 0.10211824625730515, 0.0, 1.137831211090088, 1.5834885835647583, 0.11200974881649017, 0.9994382262229919, 0.0, 0.1417098343372345, 0.0, 0.3046121895313263, 0.16704745590686798, 0.2623811960220337, 0.5866478085517883, 0.005404829978942871, 0.09979134798049927, 0.0, 0.0, 1.1427264213562012, 0.01109271589666605, 0.009300143457949162, 0.8527865409851074, 0.01518814917653799, 0.43426287174224854, 0.3071972727775574, 0.632252037525177, 0.02317756600677967, 0.08796514570713043, 1.0874390602111816, 0.011528472416102886, 1.9120967388153076, 0.044792551547288895, 0.0, 0.5466995239257812, 0.0, 0.0, 0.03546654060482979, 0.027987075969576836, 0.2454127073287964, 0.0, 0.01895705610513687, 0.0568552166223526, 0.11829084157943726, 0.0462656132876873, 0.45098358392715454, 2.650571823120117, 0.2818356156349182, 0.07312340289354324, 0.0, 0.8919395804405212, 0.0, 0.8965861797332764, 0.36059173941612244, 0.6543667912483215, 0.0, 2.239631175994873, 1.0483224391937256, 1.2417709827423096, 0.5471713542938232, 0.0, 0.039985787123441696, 1.5743175745010376, 0.31811410188674927, 0.1759612262248993, 0.0, 0.0, 2.298672914505005, 0.30347076058387756, 0.0, 0.11910761892795563, 0.0, 0.0, 0.010332401841878891, 2.058835506439209, 0.13098318874835968, 0.020551452413201332, 0.10850512236356735, 0.7244083881378174, 0.8318438529968262, 0.2153071165084839, 0.0019040692131966352, 0.5611348152160645, 0.4168836772441864, 0.03322073444724083, 0.0, 0.2040611207485199, 1.2307928800582886, 0.7190963625907898, 0.32089728116989136, 0.0, 0.07560257613658905, 0.11729847639799118, 0.0, 0.0, 0.0066384198144078255, 0.218107670545578, 0.0, 0.4906589984893799, 0.0, 2.1777758598327637, 0.8234240412712097, 0.3660699129104614, 0.0, 2.280629873275757, 0.9686377644538879, 0.0, 0.0036729159764945507, 1.3292759656906128, 1.3291131258010864, 2.1168715953826904, 0.11223743110895157, 0.11930494755506516, 0.2847534120082855, 0.0, 0.6186060905456543, 0.047753363847732544, 0.027217252179980278, 0.08400066196918488, 0.20189721882343292, 0.0, 1.4854989051818848, 0.03885214030742645, 0.40358495712280273, 1.724135160446167, 0.5489567518234253, 0.0, 0.06073138490319252, 0.1294703334569931, 0.0, 0.1760297566652298, 0.1570272594690323, 0.0, 0.382475882768631, 0.04179437831044197, 0.0, 0.38151419162750244, 0.0, 0.047373879700899124, 0.17016182839870453, 0.01884608156979084, 0.3366180658340454, 0.8458092212677002, 2.5889430046081543, 2.2919363975524902, 2.8867666721343994, 0.2683389484882355, 0.11625252664089203, 0.5271960496902466, 0.1522672474384308, 0.16718408465385437, 0.09758318960666656, 0.0, 0.009726276621222496, 0.0, 0.23159624636173248, 0.3157275319099426, 0.19007562100887299, 3.353673219680786, 0.0, 0.01949940249323845, 0.00562793854624033, 0.0, 0.2455986887216568, 0.019518375396728516, 1.4905757904052734, 0.05089050903916359, 1.8088271617889404, 0.0028213956393301487, 0.7124188542366028, 0.0, 0.09239187836647034, 0.5446465015411377, 0.0, 0.0, 0.4947553277015686, 0.07571586221456528, 0.6668533682823181, 0.0, 0.7258836627006531, 0.010284985415637493, 0.4113369882106781, 1.351281762123108, 0.0, 0.042031873017549515, 0.0, 0.04778556525707245, 1.5369938611984253, 0.09500477463006973, 0.0, 0.0, 0.056882672011852264, 0.05445435270667076, 0.3559948205947876, 0.018149783834815025, 0.3131149113178253, 0.013273837976157665, 0.0, 0.18519102036952972, 0.17920725047588348, 0.0, 0.0, 0.7792081832885742, 0.16082929074764252, 0.3727598488330841, 0.9295624494552612, 0.0918005108833313, 0.047288816422224045, 0.0, 4.773568153381348, 0.7767024636268616, 0.0, 0.0, 0.042923182249069214, 0.4350368082523346, 0.0, 0.11861250549554825, 0.05562055483460426, 0.041113898158073425, 0.0030204958748072386, 0.037838153541088104, 0.0, 1.184781551361084, 0.06099846959114075, 0.0, 0.043128255754709244, 0.07836522907018661, 0.02798955701291561, 0.025176165625452995, 0.6612038612365723, 0.009846853092312813, 3.3615434169769287, 0.060915544629096985, 0.4804794192314148, 0.05059799551963806, 0.009953094646334648, 0.028485378250479698, 0.0023399568162858486, 0.1838776171207428, 1.440883755683899, 0.12695257365703583, 0.0, 0.00451913895085454, 5.5605050874873996e-05, 0.12515053153038025, 0.133137047290802, 1.598763346672058, 0.32738205790519714, 0.1620377004146576, 0.0, 0.1707794964313507, 0.2766348421573639, 0.030647538602352142, 0.0690917894244194, 0.2968709170818329, 0.2560269236564636, 0.07575365155935287, 0.0635049045085907, 0.011193538084626198, 0.0, 0.12491260468959808, 0.059462759643793106, 0.1772235631942749, 3.13871431350708, 0.9772868752479553, 0.0008703226922079921, 0.9369739890098572, 0.12610004842281342, 0.0, 0.2627359628677368, 0.03547179326415062, 0.584321916103363, 0.008433322422206402, 0.21779344975948334, 0.5001198053359985, 1.3092100620269775, 0.8025566935539246, 1.283819317817688, 0.0, 0.04687635228037834, 0.019219573587179184, 0.4679281413555145, 0.0, 1.1847662925720215, 0.43289846181869507, 0.7974309325218201, 0.5817431807518005, 0.052250951528549194, 0.19551008939743042, 0.4346606135368347, 0.5731865763664246, 1.3902649879455566, 0.0, 0.2559908330440521, 0.11072146147489548, 0.4409177005290985, 0.0, 0.7537980079650879, 0.0, 0.0745089128613472, 0.11477161198854446, 0.7321877479553223, 0.2826671004295349, 3.1198790073394775, 0.5871099829673767, 2.541489601135254, 0.012919214554131031, 0.23642440140247345, 0.33011630177497864, 0.41588303446769714, 0.2979974150657654, 0.008352017030119896, 0.0, 0.00726466765627265, 0.30647414922714233, 0.015084607526659966, 1.2712656259536743, 0.07044510543346405, 0.1633336842060089, 0.5371485352516174, 0.12279997020959854, 0.019507193937897682, 0.03671051934361458, 0.013746721670031548, 0.16704274713993073, 0.11164020746946335, 1.9197688102722168, 0.8601475954055786, 1.1039170026779175, 0.021080223843455315, 0.6042938232421875, 0.12694062292575836, 4.5171942710876465, 2.3746044635772705, 0.396500825881958, 0.041171714663505554, 0.10232952982187271, 0.3277534246444702, 0.12237495929002762, 0.15890736877918243, 0.062116459012031555, 0.0, 0.005971013102680445, 0.02333197370171547, 0.13333860039710999, 0.057556718587875366, 0.0, 1.289548635482788, 0.015963977202773094, 1.0428560972213745, 0.0001045489771058783, 0.0, 0.7242839336395264, 0.0, 0.0, 8.825623081065714e-05, 0.009076736867427826, 0.0, 0.0, 0.01626911386847496, 0.02892191708087921, 0.0, 0.178094282746315, 0.0, 0.19003205001354218, 0.0, 0.0006221118965186179, 0.4322357475757599, 0.20289136469364166, 0.006967014167457819, 0.8442702889442444, 0.14243242144584656, 0.0, 0.0, 2.446763753890991, 0.9669873118400574, 0.23955969512462616, 0.20129039883613586, 1.1084781885147095, 0.13930988311767578, 0.09853585064411163, 1.384053111076355, 0.35517415404319763, 0.09851127862930298, 0.8606866598129272, 0.32639479637145996, 0.11671116948127747, 0.07176882773637772, 0.0, 0.14590829610824585, 0.055859167128801346, 0.00808669812977314, 0.052320752292871475, 0.07860621809959412, 1.616593837738037, 0.5792209506034851, 1.7928404808044434, 0.5400487184524536, 0.10705191642045975, 1.41526198387146, 0.0, 0.007463788613677025, 0.06488489359617233, 0.049816545099020004, 0.1838928908109665, 0.0, 0.0, 0.0, 0.020510999485850334, 0.0, 0.5800798535346985, 0.05445866659283638, 1.4870842695236206, 0.0, 0.9186961054801941, 0.21440847218036652, 0.0, 0.030789341777563095, 4.167483806610107, 0.0, 0.008785082027316093, 0.0, 0.14785224199295044, 0.07832465320825577, 0.20510433614253998, 0.07938486337661743, 3.9952332973480225, 0.09178855270147324, 1.5715079307556152, 0.9676222801208496, 0.3583233952522278, 0.07670153677463531, 0.5520308613777161, 0.14975222945213318, 0.09897641092538834, 0.35015934705734253, 0.33703702688217163, 0.015700245276093483, 1.4240484237670898, 0.6920344233512878, 0.0011000633239746094, 0.06212795898318291, 0.0, 0.5410540103912354, 0.01519762258976698, 0.8943156003952026, 0.09344809502363205, 0.30978935956954956, 0.10894725471735, 0.03488031029701233, 0.0, 2.0301737785339355, 2.015439033508301, 0.08513049781322479, 0.0, 0.018886277452111244, 0.23666349053382874, 0.6484890580177307, 0.08400837332010269, 0.44788333773612976, 0.3957499563694, 0.02164311707019806, 0.07436653971672058, 0.08628924190998077, 0.0, 0.22595742344856262, 0.00793556310236454, 1.1791449785232544, 1.425197958946228, 0.23979385197162628, 0.06733081489801407, 0.0, 0.09631326049566269, 0.04812925308942795, 1.879173755645752, 0.6095981597900391, 0.19096532464027405, 0.0, 0.9585655331611633, 1.2446250915527344, 1.6577483415603638, 0.00012228927516844124, 2.591559648513794, 0.2250436693429947, 0.214987650513649, 0.0, 0.13252343237400055, 0.021907394751906395, 0.0, 0.060778792947530746, 0.5589871406555176, 0.12976154685020447, 0.3051295876502991, 2.3119306564331055, 0.7290430665016174, 0.0, 0.1794000118970871, 4.407984256744385, 1.2493295669555664, 0.42676520347595215, 0.0, 0.13361962139606476, 0.010172880254685879, 0.35061267018318176, 0.3951267600059509, 0.6214243769645691, 1.2919058799743652, 0.04817362129688263, 0.01860329881310463, 0.9561986327171326, 0.43223434686660767, 0.054934896528720856, 0.02259921468794346, 0.024848470464348793, 2.4356205463409424, 1.387617826461792, 0.0, 0.47669780254364014, 0.4885343313217163, 0.0, 0.03799291327595711, 0.03017888218164444, 0.7263040542602539, 3.7619900703430176, 0.1924484670162201, 0.8123871088027954, 0.0, 0.3867632746696472, 0.4249604344367981, 0.0, 0.10035479813814163, 6.220291834324598e-05, 0.7340092658996582, 0.37622031569480896, 0.601945161819458, 1.3881943225860596, 0.03490136191248894, 0.0, 0.003644933458417654, 1.4009186029434204, 1.4109783172607422, 0.10793477296829224, 0.05379761382937431, 0.004403768572956324, 0.6649961471557617, 0.23116435110569, 0.3778143525123596, 0.04658961668610573, 0.008144371211528778, 0.13621099293231964, 0.7536377906799316, 0.5453853011131287, 0.3162216246128082, 0.0950336828827858, 0.008834537118673325, 0.4012300670146942, 1.4423803091049194, 0.05778142437338829, 1.4518026113510132, 1.3833497762680054, 0.0024712742306292057, 0.0, 0.2137528508901596, 0.8168312907218933, 1.0260441303253174, 0.0, 1.5129963159561157, 0.8297879099845886, 0.0, 0.0, 1.1728487014770508, 0.0, 0.0, 0.38735389709472656, 0.13077159225940704, 0.017561202868819237, 0.0, 0.11669246852397919, 0.9107388854026794, 1.113061547279358, 0.7971922159194946, 0.19205622375011444, 0.03265252336859703, 0.0, 0.8123506903648376, 0.0, 0.773372232913971, 0.014733844436705112, 4.858822345733643, 0.7551739811897278, 0.01271528098732233, 0.0, 0.37553712725639343, 0.21287688612937927, 1.103420376777649, 0.0, 0.29114827513694763, 0.10014912486076355, 0.0, 0.06738778203725815, 0.5436486005783081, 4.046645641326904, 0.0, 0.24310126900672913, 0.010606152936816216, 1.5686599016189575, 1.1539027690887451, 1.6400865316390991, 0.0, 0.0, 0.0, 0.04102426767349243, 0.0, 0.0, 0.07704219222068787, 1.2437580823898315, 0.5735460519790649, 0.25548192858695984, 0.04564911499619484, 0.025113966315984726, 0.0, 0.0, 0.0, 0.007728087715804577, 0.8811267018318176, 0.05576890707015991, 0.0, 0.1440085768699646, 0.481555312871933, 0.049447279423475266, 0.22463224828243256, 0.5219457745552063, 0.0011754181468859315, 0.06017434224486351, 0.09377444535493851, 0.018209178000688553, 0.193010151386261, 0.47067785263061523, 0.504514753818512, 0.02200969308614731, 0.12140457332134247, 2.467744827270508, 1.756024718284607, 0.002826486248522997, 0.0, 0.17342135310173035, 0.291751891374588, 1.20918869972229, 0.1696488857269287, 0.18189997971057892, 1.7311913967132568, 0.16058872640132904, 0.024684740230441093, 1.4230494499206543, 0.6819104552268982, 0.0, 1.7630305290222168, 0.7532585263252258, 1.1048437356948853, 1.1708259582519531, 0.521937370300293, 0.1822344958782196, 0.5062084794044495, 0.04949114844202995, 0.0, 0.0, 0.14460919797420502, 0.0, 0.0, 0.11639782786369324, 0.02913890779018402, 2.406914710998535, 0.05319324880838394, 1.6972548961639404, 0.006246123928576708, 0.0, 3.426964521408081, 0.040608443319797516, 0.023432239890098572, 1.3170164823532104, 0.026273291558027267, 0.14618714153766632, 1.1922701597213745, 0.0, 0.005674891173839569, 1.6450148820877075, 0.3117935061454773, 0.7446995377540588, 0.0, 0.0, 0.29682615399360657, 0.0, 0.0, 0.13340583443641663, 0.0, 0.2708047926425934, 0.21077698469161987, 0.9975146651268005, 1.4622011184692383, 1.029891014099121, 1.2920998334884644, 0.0, 0.05832807719707489, 0.053924351930618286, 0.20693708956241608, 0.044584643095731735, 0.5042707324028015, 1.6497868299484253, 0.0028938078321516514, 0.07150784134864807, 0.0, 0.0124787213280797, 0.12840384244918823, 0.061968326568603516, 0.01216229610145092, 0.0, 0.10709092766046524, 0.045229606330394745, 0.09080830216407776, 0.49167177081108093, 0.3010460138320923, 1.3780981302261353, 0.0, 0.48345860838890076, 0.12549154460430145, 0.08847618103027344, 0.22817428410053253, 0.0, 0.0, 1.799983024597168, 0.33226943016052246, 0.012924235314130783, 0.019834842532873154, 0.17945756018161774, 0.012074052356183529, 0.1824590265750885, 0.027099313214421272, 3.2937889099121094, 0.0, 1.2218475341796875, 0.624164879322052, 0.013910595327615738, 0.01730681024491787, 1.57819664478302, 1.352432370185852, 0.4763626456260681, 0.0, 1.0688450336456299, 0.7958439588546753, 0.10567159205675125, 1.5515763759613037, 0.021655987948179245, 1.2021676301956177, 0.8974827527999878, 0.21074484288692474, 0.11345596611499786, 2.3195583820343018, 0.04132802039384842, 0.07615089416503906, 0.0251773614436388, 0.016483783721923828, 0.0, 0.13800078630447388, 0.0, 0.0, 0.278669148683548, 0.06435508280992508, 0.0, 0.031140107661485672, 0.0, 0.19771221280097961, 0.09736635535955429, 2.1231653690338135, 0.08142682164907455, 0.0007434012950398028, 0.0, 2.5890471935272217, 0.03748352453112602, 0.0, 0.40618056058883667, 1.1911031007766724, 0.231695294380188, 0.07479673624038696, 0.0, 0.8211830854415894, 3.519252300262451, 0.35672101378440857, 0.016898062080144882, 1.2362629175186157, 0.0017164581222459674, 0.0, 3.536494255065918, 0.04449428245425224, 1.2181379795074463, 0.03202996030449867, 1.5188934803009033, 0.029920348897576332, 1.0353312492370605, 0.010078377090394497, 0.5026293992996216, 0.030257215723395348, 0.16355007886886597, 0.7129616141319275, 0.0773177370429039, 0.03984920307993889, 0.4689527153968811, 0.21891328692436218, 2.004592180252075, 0.30541443824768066, 0.045915257185697556, 0.05145268887281418, 0.0, 0.0, 0.0, 1.7035139799118042, 0.07419200241565704, 0.0, 0.03139543905854225, 0.058863166719675064, 0.2984806001186371, 0.47883760929107666, 0.039764728397130966, 0.0, 0.041669294238090515, 0.5575794577598572, 0.021648017689585686, 0.09618956595659256, 0.0, 2.9383938312530518, 2.4884471893310547, 0.6272525191307068, 0.0, 0.0, 0.3548183739185333, 0.1340738832950592, 0.26104339957237244, 0.027247657999396324, 0.013389348983764648, 0.5132251381874084, 0.03410705178976059, 0.004332498647272587, 0.212418794631958, 0.6145774722099304, 3.01820969581604, 0.2508796751499176, 0.26286840438842773, 0.15655595064163208, 0.39424002170562744, 0.006814662367105484, 0.4048408269882202, 0.10196119546890259, 1.1908570528030396, 1.0637781620025635, 0.4461461007595062, 1.5814266204833984, 0.4563724398612976, 0.16608430445194244, 0.2956588566303253, 0.0, 1.3018672466278076, 4.5176568031311035, 0.09215063601732254, 0.027312522754073143, 0.04363019019365311, 0.013243850320577621, 0.04243725538253784, 3.134343385696411, 0.0, 0.0, 0.0, 0.0, 0.2375071793794632, 0.0, 0.14412005245685577, 0.11399953067302704, 0.6741206645965576, 0.2519281208515167, 0.012023750692605972, 0.44298794865608215, 0.03961397334933281, 0.3737114369869232, 0.6692836284637451, 0.07784543186426163, 0.05299392342567444, 0.36536499857902527, 0.0014375472674146295, 0.6066473126411438, 0.020864104852080345, 0.12180262058973312, 0.0, 0.0, 0.0561172291636467, 1.5693938732147217, 0.2795702815055847, 0.08944353461265564, 0.39034271240234375, 0.0, 0.08893431723117828, 0.17985799908638, 0.35602498054504395, 0.00164438271895051, 0.012663549743592739, 0.06645262241363525, 2.594181537628174, 0.023023944348096848, 0.297228068113327, 0.24017728865146637, 0.05217347294092178, 0.22906482219696045, 0.00576282013207674, 0.025188222527503967, 0.23066499829292297, 0.03125777840614319, 0.3251305818557739, 0.9180667400360107, 0.19638079404830933, 0.5031619668006897, 0.008592401631176472, 0.0, 0.0, 0.30127382278442383, 0.20063401758670807, 0.13464684784412384, 0.24247398972511292, 0.0, 0.5502835512161255, 0.8994458317756653, 0.0, 0.2842486500740051, 0.45221367478370667, 0.003279547207057476, 0.0, 0.011357161216437817, 0.003927926532924175, 0.0, 0.2731325328350067, 0.0, 0.0, 0.07594681531190872, 1.0404282808303833, 0.0794101282954216, 0.07876316457986832, 0.8165097832679749, 0.18712684512138367, 0.19696860015392303, 0.0158188808709383, 0.011130984872579575, 0.4197221100330353, 0.1982487142086029, 0.01708700694143772, 0.0, 3.1724326610565186, 0.1186213493347168, 0.0, 0.0, 0.0, 0.033300817012786865, 0.22141976654529572, 0.0, 0.867585301399231, 0.49518445134162903, 2.1698379516601562, 2.384371280670166, 0.18145930767059326, 0.5373387932777405, 0.0, 0.0728268101811409, 2.1608469486236572, 0.032661110162734985, 0.41329386830329895, 0.5349281430244446, 0.26629170775413513, 0.008151516318321228, 0.0024889439810067415, 0.00630442937836051, 1.2923758029937744, 0.5096613168716431, 0.1007705107331276, 0.021155551075935364, 0.3933381736278534, 0.0, 0.2965063452720642, 1.484423279762268, 0.0, 0.16426117718219757, 0.24999022483825684, 0.03559585288167, 0.07893534749746323, 0.9245927929878235, 0.003388638375326991, 0.08162674307823181, 1.164943814277649, 0.34239721298217773, 0.11084885150194168, 0.0099409818649292, 0.1165379136800766, 0.27410808205604553, 0.20831075310707092, 0.034848690032958984, 0.09759628772735596, 0.3100786507129669, 0.0, 0.0, 0.3451883792877197, 0.0, 1.9874136447906494, 0.3744814097881317, 0.5333358645439148, 0.16842637956142426, 0.0, 0.054083310067653656, 0.49378010630607605, 0.026888737455010414, 0.0, 0.07237115502357483, 1.914410948753357, 0.02002985216677189, 0.04082847014069557, 0.08137331902980804, 0.0, 0.000932005001232028, 0.27345699071884155, 0.13837090134620667, 1.4526269435882568, 0.6561042070388794, 0.03816450759768486, 0.005930713377892971, 0.000666632957290858, 0.5269010663032532, 0.055228933691978455, 0.0459495410323143, 0.055823471397161484, 0.0, 0.06884318590164185, 0.2316942811012268, 1.2174485921859741, 1.7579700946807861, 1.478366494178772, 0.628783106803894, 0.0, 0.3288430869579315, 0.0, 0.01389622688293457, 0.014152653515338898, 0.10222312062978745, 0.04211799055337906, 0.024149471893906593, 0.004608655348420143, 0.0, 0.0, 0.050261639058589935, 0.6576906442642212, 0.07251692563295364, 0.0, 0.0129140205681324, 0.634858250617981, 0.0, 0.9617707133293152, 0.0, 0.5124793648719788, 0.32436633110046387, 1.2076691389083862, 0.24993334710597992, 0.03889930248260498, 1.4935342073440552, 0.024974076077342033, 0.03992607071995735, 0.0, 0.15724241733551025, 1.1514229774475098, 0.0, 0.0, 0.7074751853942871, 0.0743567943572998, 0.13193774223327637, 1.8370856046676636, 0.0, 0.0, 0.031918853521347046, 0.0, 1.0029908418655396, 1.145449161529541, 0.42694705724716187, 0.18672358989715576, 0.035389676690101624, 0.0, 0.09837817400693893, 1.3349900245666504, 2.4246208667755127, 0.0, 0.04429512098431587, 1.6455824375152588, 3.230537176132202, 0.970247209072113, 0.1481410413980484, 0.0, 0.12635526061058044, 0.0, 0.0835990384221077, 0.0, 0.3145601749420166, 0.3279327154159546, 0.03825274109840393, 0.0481526181101799, 0.03893055394291878, 0.0, 0.0, 0.11932411789894104, 0.9910542368888855, 0.8580746054649353, 0.49971461296081543, 2.8434581756591797, 0.010869493708014488, 0.26579993963241577, 0.25995349884033203, 0.023380393162369728, 0.049215614795684814, 3.8236918449401855, 0.0, 0.2578776776790619, 0.0, 0.19172221422195435, 0.17717552185058594, 0.0482015460729599, 1.1384823322296143, 0.08666855841875076, 1.5667393207550049, 0.02158697322010994, 0.0708436369895935, 0.2701251804828644, 0.1808481365442276, 0.04287652671337128, 0.5324302911758423, 0.5524629950523376, 0.015089942142367363, 0.015349733643233776, 0.015842629596590996, 1.4147746562957764, 0.0, 0.25213751196861267, 0.7110412120819092, 0.054179005324840546, 0.948360025882721, 0.18679384887218475, 0.3962651491165161, 0.18944969773292542, 2.3357439041137695, 0.39976298809051514, 0.021229783073067665, 0.08589255809783936, 0.22506441175937653, 0.030815884470939636, 3.276135206222534, 0.49980759620666504, 0.0555436946451664, 1.4815456867218018, 0.6708688735961914, 0.0, 0.2541978657245636, 0.16857504844665527, 0.27260422706604004, 0.0, 0.0, 0.03984115645289421, 0.013185301795601845, 0.04408793896436691, 0.0548488013446331, 0.024574635550379753, 0.0015531242825090885, 2.7264299392700195, 0.056240178644657135, 0.5766199231147766, 0.006543684750795364, 1.4297242164611816, 0.06450973451137543, 3.583043336868286, 0.15930743515491486, 0.0038000515196472406, 0.010172717273235321, 0.6536094546318054, 2.0185067653656006, 0.010783667676150799, 0.5522521734237671, 0.8497344255447388, 0.012289567850530148, 0.1990346759557724, 0.08690650016069412, 0.27172937989234924, 0.13884930312633514, 0.04695906862616539, 1.3187766075134277, 0.07714541256427765, 0.06718184053897858, 0.29761311411857605, 0.0, 1.119612455368042, 0.19657185673713684, 0.18047398328781128, 0.10122398287057877, 0.0, 0.0005047661834396422, 2.405759811401367, 0.004803078714758158, 0.04190955311059952, 0.09110729396343231, 0.14910368621349335, 0.21891847252845764, 0.10569891333580017, 0.0, 0.02691234089434147, 1.894431233406067, 0.1334281712770462, 0.0, 0.037072908133268356, 2.7710814476013184, 0.0, 0.0, 0.0, 0.336269348859787, 0.0, 0.5684138536453247, 0.015119323506951332, 0.051604099571704865, 0.025487860664725304, 0.2613586187362671, 0.013371126726269722, 0.08917512744665146, 0.0, 0.5049353837966919, 0.0, 0.0, 0.539188027381897, 0.7227337956428528, 0.033563077449798584, 0.30196499824523926, 0.7889186143875122, 2.5527234077453613, 4.813983917236328, 0.3589751124382019, 0.4658983051776886, 0.19865620136260986, 0.0, 0.016433265060186386, 0.7298842668533325, 0.5224419236183167, 0.6076300740242004, 2.3131275177001953, 0.06119861826300621, 0.4872403144836426, 0.09915972501039505, 0.7924235463142395, 0.03424259275197983, 0.04894689470529556, 0.0, 0.1183372214436531, 0.6850728988647461, 1.3295029401779175, 0.4171115458011627, 0.0, 0.2191157042980194, 0.3423026204109192, 0.0, 0.22788694500923157, 0.16684609651565552, 0.013373195193707943, 0.427615225315094, 0.4140394628047943, 0.11480319499969482, 3.308523654937744, 0.04797276109457016, 0.0360741913318634, 1.0240964889526367, 2.7967355251312256, 0.7078203558921814, 0.07219197601079941, 1.741556167602539, 0.9977757930755615, 0.5678904056549072, 0.6041495203971863, 0.07435936480760574, 0.7393213510513306, 0.06635161489248276, 0.0, 0.9348668456077576, 0.015449956990778446, 1.7279301881790161, 0.1955786794424057, 0.0, 0.21765904128551483, 0.29983651638031006, 0.17991949617862701, 0.012366071343421936, 0.0015676800394430757, 0.13550812005996704, 0.06220598518848419, 2.1352617740631104, 0.2584386169910431, 0.019438933581113815, 0.11762877553701401, 0.01802249252796173, 0.36489447951316833, 1.8768056631088257, 0.5392255783081055, 0.014737754128873348, 0.0, 0.2779066562652588, 0.1215631514787674, 0.0, 0.28309166431427, 0.03773882985115051, 0.09605821967124939, 0.1772562861442566, 0.2465773969888687, 0.005500358063727617, 0.0, 0.19925105571746826, 0.8317310810089111, 0.05645978823304176, 0.9827885627746582, 0.17620308697223663, 0.9662315845489502, 0.2556299567222595, 0.41105571389198303, 0.16514331102371216, 1.052116870880127, 0.06747014820575714, 0.23715077340602875, 0.7613434791564941, 0.4679899513721466, 3.5084962844848633, 0.04183740168809891, 0.4070322513580322, 0.45517975091934204, 0.31501761078834534, 0.1757277101278305, 0.11734184622764587, 0.29153522849082947, 0.9425793290138245, 0.08812756091356277, 1.0078434944152832, 0.049775317311286926, 0.0, 0.0, 0.0560859739780426, 1.1565515995025635, 0.43756571412086487, 0.0, 0.7403210997581482, 0.3517049252986908, 0.04011249169707298, 0.9564418196678162, 0.0, 0.04883943125605583, 0.021190430968999863, 0.884398341178894, 0.0, 0.0, 0.014560500159859657, 1.2315654754638672, 0.05334074795246124, 0.0365755558013916, 0.0, 0.19342707097530365, 0.0, 0.014108102768659592, 0.5860292315483093, 0.5477406978607178, 0.2742735743522644, 0.28902363777160645, 0.040703486651182175, 0.19915471971035004, 0.0, 0.6375041604042053, 2.5793521404266357, 0.0, 0.4147234559059143, 0.006436766590923071, 0.0, 0.0343947596848011, 0.08342291414737701, 0.03172466531395912, 1.644260287284851, 0.0, 0.09782657027244568, 0.18764419853687286, 0.053813669830560684, 0.06554563343524933, 0.0034341178834438324, 0.17246155440807343, 0.10308385640382767, 0.1943458467721939, 0.5206655263900757, 0.0, 0.2705271244049072, 0.20730818808078766, 1.1993942260742188, 1.8528863191604614, 0.6452755928039551, 2.616431474685669, 3.1098685264587402, 0.012600450776517391, 0.0031645980197936296, 0.03109505958855152, 3.0238118171691895, 0.2682553231716156, 0.0, 0.20820726454257965, 0.07606053352355957, 0.13201025128364563, 1.0552603006362915, 0.016229385510087013, 0.6575632691383362, 0.8922098875045776, 0.5128931403160095, 0.06162188947200775, 0.5486708879470825, 0.016353599727153778, 0.0012317433720454574, 0.0, 0.0, 1.7406940460205078, 0.3459130525588989, 0.0, 1.9281561374664307, 0.02259106934070587, 0.03844548761844635, 0.021082652732729912, 0.2091323733329773, 0.038369011133909225, 0.0, 0.028811151161789894, 0.38507962226867676, 0.0934332013130188, 0.0, 0.14605237543582916, 0.0, 0.6092300415039062, 0.16668665409088135, 0.4429979622364044, 0.0, 0.0, 0.6565855145454407, 0.15381182730197906, 0.252149760723114, 0.12017285078763962, 0.0908791646361351, 0.12225272506475449, 1.0098516941070557, 1.412251353263855, 0.032481659203767776, 0.1424407809972763, 0.0, 0.06552759557962418, 0.0025561926886439323, 0.035019371658563614, 2.113156795501709, 0.0, 1.1171667575836182, 0.0, 0.5430036187171936, 0.6032239198684692, 0.0, 0.0, 0.03101995959877968, 0.0, 0.08868423849344254, 0.0, 0.0332949161529541, 0.3014471232891083, 1.0013841390609741, 2.473931312561035, 0.0, 0.0, 0.11660231649875641, 0.20794813334941864, 0.6462889909744263, 0.09564950317144394, 0.6205228567123413, 0.0, 0.05654362589120865, 0.0, 0.0, 0.09324418008327484, 1.647132396697998, 0.040683966130018234, 0.3713262379169464, 0.0, 0.008242554031312466, 0.20835073292255402, 0.1875840425491333, 0.11750464886426926, 0.0, 1.549576997756958, 0.048079345375299454, 0.9150546193122864, 0.12165684252977371, 0.26592281460762024, 0.0, 0.01972663216292858, 0.10592955350875854, 0.3068641424179077, 1.1140745878219604, 0.24405230581760406, 0.0042305574752390385, 1.4234933853149414, 0.14066773653030396, 0.01739666983485222, 1.2776230573654175, 0.3119068443775177, 1.4852406978607178, 1.133653163909912, 2.0127675533294678, 0.0023513522464782, 0.031530965119600296, 0.013848822563886642, 0.34399843215942383, 0.0, 0.0, 0.29298731684684753, 0.46202850341796875, 0.0, 0.04957752302289009, 0.36168622970581055, 0.0, 0.030498625710606575, 0.559967041015625, 0.1635931432247162, 0.02664300799369812, 0.2864692509174347, 1.332403540611267, 0.004988616798073053, 0.043276671320199966, 0.00837558414787054, 0.18787989020347595, 0.0029036658816039562, 0.4250946044921875, 0.32323500514030457, 0.38192039728164673, 0.05701228603720665, 0.14805831015110016, 0.0, 0.7183542251586914, 0.17096635699272156, 0.0, 0.06487507373094559, 0.1204151064157486, 0.002556659746915102, 0.3294279873371124, 0.023330535739660263, 2.3681323528289795, 1.169956088066101, 0.08759445697069168, 0.31060361862182617, 0.0, 0.0, 1.867364525794983, 0.6915638446807861, 0.010703719221055508, 0.0, 0.12003447860479355, 1.0238373279571533, 0.03801843896508217, 0.020140137523412704, 0.01691392995417118, 0.0470462329685688, 0.621587872505188, 0.0, 0.7616534233093262, 0.0, 0.016892313957214355, 0.090203195810318, 0.22859758138656616, 1.723128080368042, 0.0, 0.002653049072250724, 0.0, 0.01036785077303648, 0.09155318140983582, 0.30777397751808167, 0.0696231797337532, 0.0, 0.5467516183853149, 0.9086222648620605, 1.9143383502960205, 0.028054673224687576, 0.1902831494808197, 0.5391232967376709, 0.6687180399894714, 0.1747579574584961, 0.033206310123205185, 0.3961867392063141, 0.18342341482639313, 0.21695996820926666, 0.0, 6.055968761444092, 0.26195967197418213, 0.36742085218429565, 2.320413589477539, 1.3039671182632446, 0.23342126607894897, 0.1287941038608551, 0.5790798664093018, 0.0, 0.09874925762414932, 0.006572645623236895, 1.6507271528244019, 0.01833503507077694, 0.011873388662934303, 0.1605546474456787, 0.16568246483802795, 0.0, 0.029808558523654938, 0.0, 0.1338331401348114, 0.7847142815589905, 0.4438014626502991, 0.18922431766986847, 0.0, 0.16939307749271393, 0.0, 0.16308662295341492, 0.33911269903182983, 0.0, 0.0029231018852442503, 0.000621827261056751, 0.5585655570030212, 0.0, 0.00237375870347023, 0.5153952836990356, 0.1439477503299713, 0.0, 0.17564648389816284, 0.0, 0.1362638622522354, 0.0, 0.19557252526283264, 1.1224361658096313, 0.012572931125760078, 0.15821634232997894, 0.08231299370527267, 0.32501840591430664, 0.0, 0.4588787257671356, 0.04909690096974373, 0.7409205436706543, 0.12506531178951263, 4.580827236175537, 0.9409261345863342, 0.0, 0.20796990394592285, 0.9156635999679565, 0.5598487257957458, 0.4048064053058624, 0.3419795036315918, 0.3393820524215698, 0.1031925231218338, 0.6017951369285583, 0.15649722516536713, 0.0, 0.0, 0.06002546846866608, 0.6853844523429871, 0.0, 0.1675790697336197, 2.2421417236328125, 0.857725203037262, 0.37549689412117004, 0.054644327610731125, 2.5150880813598633, 1.0077491998672485, 0.019627094268798828, 0.027648868039250374, 0.0, 0.14763565361499786, 0.011405020020902157, 0.662941575050354, 0.0, 0.0, 0.12486932426691055, 0.9932600259780884, 0.0, 0.16666258871555328, 0.07042036950588226, 0.0, 0.1934332549571991, 0.2847810387611389, 0.25193190574645996, 0.20103536546230316, 1.0124965906143188, 0.8922538161277771, 0.0011916306102648377, 0.33972591161727905, 0.01214456558227539, 0.0, 0.0, 0.0, 0.0457359254360199, 0.6260359883308411, 0.7184418439865112, 1.4492794275283813, 0.0, 0.5788910388946533, 0.3454243540763855, 0.5542848706245422, 0.17291516065597534, 0.13653384149074554, 0.06618288904428482, 0.6104229688644409, 0.2753653824329376, 0.04113076999783516, 1.5588241815567017, 0.010072902776300907, 0.682084321975708, 0.2515373229980469, 0.0, 0.008610720746219158, 1.249446153640747, 0.47806182503700256, 0.9274175763130188, 0.0, 0.22430384159088135, 0.013113503344357014, 0.17987452447414398, 0.0, 0.44670769572257996, 0.01617233082652092, 0.0, 0.38209888339042664, 0.46361351013183594, 0.4628027677536011, 0.18373140692710876, 0.03269941359758377, 0.004463431891053915, 0.0, 0.0, 0.0, 0.007889850065112114, 0.2822364866733551, 0.07285340875387192, 0.3261433243751526, 1.841490626335144, 0.09417393058538437, 0.0, 0.23800340294837952, 0.9883713126182556, 0.7346107363700867, 0.16532497107982635, 1.0407509803771973, 0.020619941875338554, 0.0, 0.41436436772346497, 0.08379921317100525, 0.035615224391222, 0.0, 0.04141917824745178, 0.39266738295555115, 1.0028445720672607, 0.33750635385513306, 0.03310314938426018, 1.3925714492797852, 0.9676365852355957, 0.01687552034854889, 0.12284326553344727, 0.15954457223415375, 0.0, 0.0, 0.0, 0.0, 1.3406577110290527, 0.621577799320221, 1.4957339763641357, 0.05852768197655678, 2.9740190505981445, 0.0014426076086238027, 1.348484754562378, 0.0, 0.9349929690361023, 0.054708827286958694, 1.2234327793121338, 0.7454239130020142, 0.18941032886505127, 0.9135861396789551, 0.08569398522377014, 2.8317244052886963, 1.2265275716781616, 0.02664295583963394, 0.12007181346416473, 0.0, 0.11821789294481277, 0.9171923995018005, 0.1760106235742569, 1.8451493978500366, 0.19841396808624268, 0.08173766732215881, 0.0, 0.3390530049800873, 0.0, 0.26612502336502075, 1.6050790548324585, 2.3294074535369873, 0.0, 0.246957927942276, 0.001820975448936224, 0.012174212373793125, 0.002865737769752741, 0.10283768177032471, 0.04028833284974098, 1.1796481609344482, 0.0863426923751831, 0.29857319593429565, 0.0, 0.0812024176120758, 0.0, 0.250389039516449, 0.25547850131988525, 0.0, 0.004430542234331369, 0.1381307691335678, 5.201839923858643, 0.09129062294960022]",Testing/glioma_tumor/image(48).jpg
"[0.3587910532951355, 0.4132261872291565, 0.011242525652050972, 0.9261746406555176, 1.7651780843734741, 0.4242706000804901, 1.7241184711456299, 0.0, 0.044635023921728134, 0.0, 0.02041013352572918, 0.14681269228458405, 0.2583177089691162, 0.9852281808853149, 0.0, 0.09288691729307175, 0.5674132704734802, 0.20869147777557373, 0.7347137928009033, 0.010205117985606194, 0.8102895021438599, 0.3358561098575592, 0.28772395849227905, 0.01565750688314438, 0.2369188368320465, 0.05823437124490738, 0.4559061527252197, 0.2949187755584717, 0.2546621561050415, 0.07047334313392639, 0.029908912256360054, 0.0, 1.5461721420288086, 0.5499277710914612, 0.06497016549110413, 0.10266193002462387, 0.0, 0.17716701328754425, 0.005818376783281565, 0.01846606843173504, 2.743391752243042, 1.2758193016052246, 0.0, 0.0, 0.010016344487667084, 0.006521575152873993, 0.4443865418434143, 0.0, 0.0, 0.8073942065238953, 0.004155803471803665, 0.8421865105628967, 2.4563357830047607, 0.28174594044685364, 1.4931782484054565, 4.648428916931152, 0.7512785196304321, 0.37177059054374695, 0.5415028929710388, 0.016255013644695282, 0.34002676606178284, 0.671409547328949, 0.30761903524398804, 1.8524649143218994, 0.5536385178565979, 0.0, 0.1646910458803177, 0.0, 0.10224348306655884, 0.07166287302970886, 0.03336334973573685, 0.010264727286994457, 0.03404983878135681, 4.275460243225098, 0.09769151359796524, 0.2047538310289383, 2.5539348125457764, 0.08807019889354706, 0.0, 0.11609328538179398, 0.8179106712341309, 0.0, 0.20685838162899017, 1.074973464012146, 0.6520088911056519, 0.3636777698993683, 1.0004769563674927, 0.12087125331163406, 0.0, 0.024963749572634697, 1.5971426963806152, 0.05713589861989021, 0.7856274247169495, 0.0731590986251831, 0.0, 0.17903873324394226, 0.160284161567688, 0.0600115992128849, 0.26309698820114136, 0.2875990569591522, 0.3364101052284241, 0.3432103395462036, 0.038176827132701874, 0.002623757580295205, 2.8984193801879883, 0.008143480867147446, 0.21206875145435333, 0.22495530545711517, 0.08161511272192001, 1.1083688735961914, 0.0, 0.22697412967681885, 0.0021311896853148937, 0.0, 0.2156032770872116, 0.07726489752531052, 0.2675391733646393, 0.6183404922485352, 0.2963055372238159, 0.15652836859226227, 0.08617062121629715, 0.05328059196472168, 0.021877143532037735, 0.5368097424507141, 0.2525564432144165, 0.8317649960517883, 0.05232434347271919, 0.31120824813842773, 0.9284531474113464, 0.0, 0.0, 0.4073213040828705, 0.033806897699832916, 0.3513396382331848, 0.2059633880853653, 0.0001337090361630544, 0.7625158429145813, 0.3171784281730652, 0.01578861102461815, 0.22951410710811615, 0.5135433077812195, 0.06397049129009247, 0.0, 0.0, 0.10369455814361572, 0.0722033828496933, 0.01648293063044548, 2.4623706340789795, 0.05019218102097511, 0.3385200798511505, 0.9468845725059509, 0.8567796945571899, 0.6769449710845947, 0.0, 0.06385496258735657, 3.062849998474121, 0.0, 0.0, 0.6813098192214966, 0.3539855480194092, 1.0685789585113525, 0.9106159806251526, 0.10827337205410004, 0.028288306668400764, 0.0, 0.01920126937329769, 0.6869980096817017, 0.12079783529043198, 0.2267458587884903, 6.76542329788208, 1.3087085485458374, 0.0, 0.0, 0.3527211546897888, 1.3336454629898071, 0.5421739816665649, 0.14056667685508728, 0.0, 0.46049565076828003, 0.7753728628158569, 0.11727900058031082, 0.024083008989691734, 0.0, 0.27176937460899353, 0.013032578863203526, 0.8351777791976929, 0.30950942635536194, 0.3988568186759949, 0.5164800882339478, 0.0, 0.01748095080256462, 0.014480605721473694, 0.12010601907968521, 0.13192282617092133, 0.033795036375522614, 0.39514797925949097, 0.46609005331993103, 0.5248266458511353, 0.2521716058254242, 0.006281006149947643, 0.7367755174636841, 0.04913565516471863, 0.14609113335609436, 0.027127783745527267, 0.8705266714096069, 0.4808858633041382, 0.0, 0.0, 0.7633088827133179, 0.11819934099912643, 0.5804390907287598, 0.7144203782081604, 0.0, 0.609592854976654, 0.0, 1.0400470495224, 0.3740888237953186, 0.0678664967417717, 0.05198543518781662, 0.009048267267644405, 0.5118687152862549, 0.6810949444770813, 3.0215420722961426, 0.2277262806892395, 0.0, 1.994271993637085, 0.18143212795257568, 0.5008918046951294, 2.8541667461395264, 0.15495406091213226, 0.05160389468073845, 0.0, 0.23430466651916504, 0.45038461685180664, 0.6370677351951599, 0.01973709464073181, 0.0, 0.3402644693851471, 0.0, 0.10850009322166443, 0.23391573131084442, 0.6204185485839844, 1.2149028778076172, 0.09623164683580399, 0.4952581822872162, 0.0, 0.7746449708938599, 1.6706714630126953, 0.15867099165916443, 0.0001914501190185547, 0.33626267313957214, 0.0, 0.41258955001831055, 0.7292142510414124, 0.21702507138252258, 0.6823151111602783, 0.10560882091522217, 0.11748997867107391, 0.02844596467912197, 0.2529197335243225, 0.0, 0.12207511812448502, 0.47108086943626404, 0.002449100138619542, 0.047520823776721954, 0.1480034589767456, 0.007911390624940395, 0.18904566764831543, 0.0, 0.0, 0.021349359303712845, 0.14184066653251648, 1.4013564586639404, 0.08395473659038544, 2.4459617137908936, 0.21805152297019958, 0.07045375555753708, 0.5503225922584534, 0.14104096591472626, 0.0, 2.669428825378418, 0.8498184680938721, 0.27284467220306396, 0.03593694418668747, 0.7857495546340942, 0.9104342460632324, 0.6641638875007629, 0.11676166206598282, 0.1827336698770523, 0.17641772329807281, 0.23612740635871887, 0.30587244033813477, 0.0, 0.07154050469398499, 0.17600330710411072, 1.408902645111084, 0.1266532987356186, 0.0, 0.29218369722366333, 0.0, 0.0011702119372785091, 0.0, 1.711338758468628, 0.4231702387332916, 1.33149254322052, 0.16880539059638977, 0.11172843724489212, 1.0879414081573486, 0.16356505453586578, 0.49692675471305847, 0.10938168317079544, 0.874214768409729, 0.07981874793767929, 0.028520038351416588, 0.05513138696551323, 0.16017811000347137, 1.6774522066116333, 0.050069306045770645, 0.0, 0.17821010947227478, 0.04157037287950516, 0.09091856330633163, 0.11481717228889465, 0.04658757895231247, 0.07729940861463547, 0.0, 1.4168778657913208, 0.10309261828660965, 1.2943130731582642, 0.5709614157676697, 0.17905794084072113, 0.0, 0.7751703262329102, 0.23399309813976288, 0.02137622982263565, 0.009504731744527817, 2.3700156211853027, 1.7157007455825806, 2.704587936401367, 0.0796649381518364, 0.0, 0.32925742864608765, 0.026850996538996696, 0.019345777109265327, 0.0, 0.043681494891643524, 0.15597790479660034, 0.1092568039894104, 0.011527497321367264, 1.9884475469589233, 0.10639286041259766, 0.7497975826263428, 0.4553908407688141, 0.7364435791969299, 0.019086653366684914, 0.28278592228889465, 0.11755497753620148, 0.009348300285637379, 0.016548682004213333, 0.0, 0.08791273832321167, 1.875747799873352, 0.004730608779937029, 0.10719598829746246, 0.6852961778640747, 0.20222678780555725, 0.45431241393089294, 0.1393488496541977, 1.350925087928772, 0.13641142845153809, 0.19673646986484528, 0.5262788534164429, 1.1539579629898071, 1.9312763214111328, 0.04619596526026726, 0.10700072348117828, 1.9796644449234009, 1.2106647491455078, 0.2597945034503937, 0.0, 0.19602824747562408, 0.11776093393564224, 0.0, 0.14839373528957367, 0.4752221405506134, 0.9561887383460999, 2.5895333290100098, 0.0, 0.0, 0.05929161608219147, 0.0, 0.0303027406334877, 0.6738660335540771, 0.6404027938842773, 0.46137404441833496, 3.2477223873138428, 0.0, 0.7149003744125366, 0.0, 0.01609674282371998, 1.9333416223526, 0.0, 0.0, 0.6679085493087769, 0.02118486352264881, 1.4386837482452393, 0.06446802616119385, 0.09231193363666534, 0.3027332127094269, 0.47858595848083496, 1.3556283712387085, 0.0, 0.056955497711896896, 0.029095832258462906, 0.0, 0.019746821373701096, 0.017934607341885567, 0.011753907427191734, 0.003950946033000946, 0.08852418512105942, 0.48723286390304565, 0.3958929479122162, 0.1994701623916626, 1.7591060400009155, 0.28420162200927734, 0.05190809443593025, 0.06060005724430084, 0.12463454902172089, 0.06337760388851166, 0.06011534109711647, 0.8027392029762268, 0.18153151869773865, 1.4746133089065552, 0.09304710477590561, 0.21405836939811707, 0.04920713230967522, 0.0204114131629467, 5.17123556137085, 0.2838101089000702, 0.0, 0.0, 0.05320184677839279, 0.8824071884155273, 0.06822307407855988, 0.27821171283721924, 0.0, 0.0, 0.33617621660232544, 0.393503338098526, 0.10215914994478226, 1.187887191772461, 0.04842371866106987, 0.027938097715377808, 0.0, 0.3806683421134949, 0.12756666541099548, 0.11389948427677155, 0.0, 0.041785452514886856, 2.163005828857422, 0.03326192498207092, 0.5775034427642822, 0.21305948495864868, 0.0, 0.325178325176239, 0.21769247949123383, 0.31752297282218933, 1.1461853981018066, 0.03902040049433708, 0.014659090898931026, 0.017954522743821144, 0.20699839293956757, 0.0, 2.631380558013916, 0.37137874960899353, 0.08487047255039215, 0.7278235554695129, 0.16174405813217163, 0.0, 0.34363093972206116, 0.06249818578362465, 0.027776552364230156, 1.3958425521850586, 0.03509006276726723, 0.03981161490082741, 0.23066022992134094, 0.0, 0.0, 0.8172507882118225, 0.11433546245098114, 0.3313036561012268, 2.41495680809021, 0.6114039421081543, 0.08054722845554352, 2.0775704383850098, 0.15531162917613983, 0.04156254604458809, 0.31068792939186096, 0.4693630039691925, 0.3906339406967163, 0.018072960898280144, 0.14417415857315063, 0.0, 1.6740739345550537, 0.6410499811172485, 1.1333755254745483, 0.8510451912879944, 0.39292943477630615, 0.43054819107055664, 0.3733309805393219, 0.0, 0.010604926384985447, 0.06589473783969879, 0.5967119336128235, 0.4764690101146698, 0.09420306980609894, 0.20101243257522583, 0.12758110463619232, 0.22412529587745667, 0.17818817496299744, 0.0, 1.5485138893127441, 0.09318147599697113, 0.0746004581451416, 0.0, 0.6568698287010193, 0.28363776206970215, 0.0, 0.691153883934021, 1.028310775756836, 0.06731193512678146, 1.6175645589828491, 0.0708770602941513, 0.8868950009346008, 0.13872064650058746, 0.6490387320518494, 1.3721177577972412, 0.8531064987182617, 0.7387122511863708, 0.3043573796749115, 0.022226542234420776, 0.039397187530994415, 0.12366993725299835, 0.29979148507118225, 1.1905220746994019, 2.2810304164886475, 0.005052743945270777, 0.060048069804906845, 0.2018326222896576, 0.05032965913414955, 0.4487893283367157, 0.0, 0.10370013862848282, 0.2897547483444214, 1.2231190204620361, 1.7816859483718872, 0.23809704184532166, 0.0020566789899021387, 0.6909425854682922, 0.2967778146266937, 1.713828444480896, 2.0525062084198, 1.2924832105636597, 0.006890678778290749, 0.1693987399339676, 0.5480198860168457, 0.018350224941968918, 0.2781851887702942, 0.6786646842956543, 0.0, 0.6348363757133484, 0.443470299243927, 0.48917630314826965, 0.41580942273139954, 0.01022342313081026, 0.6980016231536865, 0.013130880892276764, 0.16909046471118927, 0.07748068869113922, 0.06387051194906235, 1.153346300125122, 0.0, 0.050741229206323624, 0.03118709847331047, 0.0, 0.0, 0.006243693642318249, 0.11725328117609024, 0.0019088448025286198, 0.0, 0.04132712632417679, 0.00804287288337946, 0.49415552616119385, 0.28365597128868103, 0.09050209820270538, 0.014361060224473476, 0.4056980013847351, 0.07021643966436386, 0.273436963558197, 1.1333390474319458, 0.17704817652702332, 0.9192090034484863, 3.4700863361358643, 0.42068567872047424, 0.010178632102906704, 0.11194115877151489, 1.9631407260894775, 0.4659753441810608, 0.05508377030491829, 0.9569631218910217, 0.4380358159542084, 0.0044340211898088455, 1.3501310348510742, 0.004199901595711708, 0.003133365185931325, 0.0, 0.0, 0.23642529547214508, 0.01863928884267807, 0.19568918645381927, 0.03878379985690117, 0.008213106542825699, 2.218337297439575, 1.0263588428497314, 0.7650935053825378, 0.24832189083099365, 0.3032108247280121, 0.5412675738334656, 0.04085804894566536, 0.033186979591846466, 0.020137503743171692, 0.20446893572807312, 0.6996152400970459, 0.0, 0.00510040856897831, 0.0, 0.10305589437484741, 0.0, 0.0, 0.0158348698168993, 2.842359781265259, 0.06542536616325378, 0.9761887192726135, 0.024235691875219345, 0.0, 0.3126271665096283, 3.778855085372925, 0.0, 0.03568954020738602, 0.0, 0.24291229248046875, 0.03866490721702576, 0.014488497748970985, 0.0, 6.707956790924072, 0.4654056429862976, 1.3374395370483398, 0.8931571841239929, 0.2159726321697235, 0.12112594395875931, 0.4060627818107605, 0.1584630161523819, 0.07846475392580032, 0.09383039176464081, 0.9033923745155334, 0.05709785968065262, 1.8068759441375732, 0.3161964416503906, 0.03919150307774544, 0.17832128703594208, 0.0, 0.4904755651950836, 0.03204689547419548, 0.490675687789917, 0.0, 0.1002255529165268, 0.003389029996469617, 0.0, 0.16585375368595123, 3.4896647930145264, 1.1688047647476196, 0.393149733543396, 0.025956183671951294, 0.043373916298151016, 0.1492490917444229, 0.26670852303504944, 0.07626508921384811, 0.8066258430480957, 0.6406535506248474, 0.09173021465539932, 0.6139254570007324, 0.0, 0.0, 0.07206586748361588, 0.02616569958627224, 0.09540007263422012, 1.4161070585250854, 0.323741614818573, 0.24858666956424713, 0.01294721383601427, 0.22588874399662018, 0.020461859181523323, 1.0873439311981201, 0.06011239439249039, 0.024105073884129524, 0.3779970407485962, 1.228988766670227, 2.2297475337982178, 1.3597530126571655, 0.0, 5.551807403564453, 0.0, 0.26907044649124146, 0.0, 0.15999802947044373, 0.0, 0.09359271824359894, 0.040659237653017044, 0.04871628060936928, 0.0, 0.07457466423511505, 2.7811222076416016, 0.873454213142395, 0.017504196614027023, 0.7077087163925171, 2.8732411861419678, 0.2999149262905121, 0.28499266505241394, 0.0, 0.5134931206703186, 0.7241798043251038, 0.7917560935020447, 0.7779253125190735, 1.0772477388381958, 2.061556339263916, 0.08470267057418823, 0.009186139330267906, 0.3576570749282837, 1.1497011184692383, 0.0, 0.2968203127384186, 0.14090527594089508, 2.001481294631958, 0.30821493268013, 0.051763005554676056, 0.015110738575458527, 0.18934021890163422, 0.00018889806233346462, 0.1720539629459381, 0.05067063495516777, 0.8557667136192322, 0.34446820616722107, 0.1759340763092041, 0.03006323240697384, 0.26951509714126587, 0.08854378759860992, 1.3330389261245728, 0.0, 0.11612565070390701, 0.0, 2.580435276031494, 0.08357789367437363, 0.39461246132850647, 0.8496860861778259, 0.1573726087808609, 0.11879858374595642, 0.24263662099838257, 1.0883656740188599, 1.7347151041030884, 0.8772953748703003, 0.11215014010667801, 0.04102908447384834, 0.11269360035657883, 0.11164145916700363, 0.5778232216835022, 0.1650160551071167, 0.2418617457151413, 0.041637759655714035, 1.374685525894165, 0.6352578401565552, 0.43027907609939575, 0.46865248680114746, 0.13041794300079346, 0.7345016598701477, 0.10187969356775284, 0.035977572202682495, 1.7887449264526367, 0.058745257556438446, 0.0, 0.1806252896785736, 0.04316738620400429, 0.6694010496139526, 0.6768015623092651, 0.03338450938463211, 0.9354631304740906, 1.4061808586120605, 0.05302027612924576, 0.0681658461689949, 0.23607569932937622, 0.06667403131723404, 0.0, 0.009851342998445034, 0.1686064600944519, 0.001722053624689579, 0.08572578430175781, 0.025118695572018623, 2.6743686199188232, 0.8860817551612854, 0.4464552700519562, 0.038260363042354584, 0.2968883514404297, 0.049186814576387405, 1.082513689994812, 0.08796829730272293, 1.0777597427368164, 0.15340310335159302, 2.6357972621917725, 0.7573618292808533, 0.2725105583667755, 0.05709807202219963, 0.053949445486068726, 0.2780919373035431, 1.413486123085022, 0.22697609663009644, 0.08402853459119797, 0.2072407603263855, 0.4628926217556, 0.014033614657819271, 0.05216338858008385, 2.081599712371826, 0.011061585508286953, 0.8437149524688721, 0.0, 0.141631081700325, 0.4587193429470062, 1.629460334777832, 0.0, 0.0, 0.0, 0.0, 0.0, 0.0, 0.02500571496784687, 1.6587169170379639, 1.212552547454834, 0.06161465868353844, 0.07771660387516022, 0.0, 1.0749800205230713, 0.6344466805458069, 0.0, 0.021906765177845955, 0.6600053906440735, 0.0, 0.0, 0.18609687685966492, 0.4541598856449127, 0.0, 0.2721121907234192, 0.5891027450561523, 0.5762407183647156, 0.04554419592022896, 0.0, 0.01921723783016205, 0.0, 0.9496518969535828, 1.0960056781768799, 0.5868625640869141, 0.0, 2.5011508464813232, 1.8538110256195068, 0.04587859660387039, 0.0, 0.5031328201293945, 0.38844841718673706, 1.44476318359375, 0.35432901978492737, 0.024224478751420975, 1.7896928787231445, 0.02050340175628662, 0.02485956996679306, 3.1905813217163086, 0.1475435495376587, 0.0, 1.1412323713302612, 0.04001722112298012, 0.5917723774909973, 1.7248855829238892, 1.868898630142212, 0.0, 0.20589116215705872, 0.09516433626413345, 0.15160274505615234, 0.0, 0.0, 0.0, 0.0068495613522827625, 0.0, 0.05243219807744026, 1.8063186407089233, 0.1644902378320694, 1.68231201171875, 0.24311745166778564, 0.03609205409884453, 4.9834723472595215, 0.0, 0.04370490834116936, 1.292423963546753, 0.3500280976295471, 0.1728198230266571, 2.4084174633026123, 0.006803332362323999, 0.11682911217212677, 0.969433605670929, 0.016772236675024033, 0.9544800519943237, 0.14843237400054932, 0.013866027817130089, 1.1750918626785278, 0.0, 0.04549884423613548, 0.1358252912759781, 0.004736720118671656, 1.874769687652588, 0.15927182137966156, 0.3446340262889862, 0.927460789680481, 1.0811028480529785, 2.39133882522583, 0.0, 0.004563307389616966, 0.2904921770095825, 0.6679997444152832, 0.0, 0.020265497267246246, 1.9937230348587036, 0.0, 0.019703330472111702, 0.0, 0.06964466720819473, 2.121915340423584, 0.3533874452114105, 0.02786947228014469, 1.0667059421539307, 0.2189023196697235, 0.25944215059280396, 0.07619597017765045, 1.8193343877792358, 0.5525340437889099, 0.7448105812072754, 0.0, 0.48576152324676514, 0.005906856618821621, 0.012290584854781628, 0.5551723837852478, 0.005024440586566925, 0.05575024336576462, 1.1207338571548462, 0.123146191239357, 0.054518744349479675, 0.004623025190085173, 0.05835917592048645, 0.008819458074867725, 0.7816235423088074, 0.0, 0.4524998664855957, 0.05544915422797203, 0.3895186483860016, 0.9628956317901611, 0.21342545747756958, 0.0, 0.990171492099762, 0.18006716668605804, 0.23606733977794647, 0.0, 0.41027793288230896, 0.23792210221290588, 0.005547547712922096, 1.5943611860275269, 0.0, 1.1844950914382935, 1.3748072385787964, 0.09232693165540695, 0.0, 1.6892592906951904, 0.0, 0.016431428492069244, 0.01726694405078888, 0.12848210334777832, 0.12590913474559784, 0.012770027853548527, 0.26596617698669434, 0.0, 0.04065372049808502, 0.006945089437067509, 0.0, 0.0022452266421169043, 0.051201630383729935, 0.4401530921459198, 0.042459823191165924, 1.4743733406066895, 0.0, 0.044889722019433975, 0.11257021129131317, 2.0804121494293213, 0.047252558171749115, 0.0, 0.17858093976974487, 0.9265221357345581, 0.0, 0.08431492745876312, 0.0602615624666214, 0.62311851978302, 1.6991970539093018, 0.09118029475212097, 0.211763396859169, 1.2952035665512085, 0.0, 0.0, 1.7116353511810303, 0.9821048378944397, 0.7911410927772522, 0.0, 0.7364470958709717, 0.1402077078819275, 0.4396674633026123, 0.00029837354668416083, 0.36136993765830994, 0.0, 0.15986661612987518, 0.16576507687568665, 0.07397226989269257, 0.07942117005586624, 2.1579160690307617, 0.6477252244949341, 0.3078681528568268, 0.0, 0.03140179440379143, 0.0, 0.0, 0.00015039346180856228, 0.0, 1.7094244956970215, 0.0, 0.0030783487018197775, 0.06038568541407585, 0.1580534726381302, 0.16007868945598602, 0.21425503492355347, 0.18761050701141357, 0.0, 0.055171046406030655, 0.6338167786598206, 0.29706573486328125, 0.0872664526104927, 0.003718398045748472, 0.8277776837348938, 1.2334134578704834, 0.23329590260982513, 0.2895700931549072, 0.026313649490475655, 0.04865337908267975, 0.03541386127471924, 0.05219327658414841, 0.047371286898851395, 0.0, 0.9204490184783936, 0.08707595616579056, 0.033963583409786224, 0.21575412154197693, 0.5007946491241455, 4.595776081085205, 0.028780978173017502, 0.0, 0.40350624918937683, 0.025981202721595764, 0.0, 0.02997187152504921, 0.08556076884269714, 0.34767088294029236, 0.23700931668281555, 0.2539524435997009, 1.2496215105056763, 0.267278790473938, 0.017462387681007385, 0.44249433279037476, 0.017571114003658295, 1.3203413486480713, 2.5988035202026367, 0.0, 0.01522577553987503, 0.3840811252593994, 0.29665035009384155, 0.232435405254364, 4.800375938415527, 0.00021009055490139872, 0.09301003813743591, 0.0, 0.0, 0.08603478223085403, 0.011591441929340363, 0.09402891248464584, 0.10159331560134888, 0.06804575026035309, 0.13989628851413727, 0.1754845231771469, 0.09323285520076752, 0.0023637718986719847, 0.06171325221657753, 0.8838510513305664, 0.012130634859204292, 0.0186281930655241, 0.4679809510707855, 0.0003202010120730847, 0.6980136036872864, 0.07627813518047333, 0.13587181270122528, 0.0, 0.0, 0.0, 2.604916572570801, 0.13632123172283173, 0.43994227051734924, 0.3843201696872711, 0.0, 0.0, 0.8917840719223022, 1.0940840244293213, 0.02297210693359375, 0.43013763427734375, 0.0, 0.3224102258682251, 0.09863404929637909, 0.17157025635242462, 0.17213848233222961, 0.02992204949259758, 0.20954951643943787, 0.07368524372577667, 0.02610972709953785, 0.5816737413406372, 0.006179517600685358, 0.13402549922466278, 2.7873995304107666, 0.029032060876488686, 0.37862348556518555, 0.09986859560012817, 0.02452503889799118, 0.03029819205403328, 0.035903800278902054, 0.19893822073936462, 0.43245014548301697, 0.08899974077939987, 0.045827288180589676, 0.06655404716730118, 2.1738884449005127, 0.021285679191350937, 0.0, 0.008888916112482548, 0.0001765246270224452, 0.02751428820192814, 0.05344107747077942, 0.1957220584154129, 0.0, 0.46406686305999756, 0.22390392422676086, 0.11696480959653854, 0.09873819351196289, 0.0, 0.028994010761380196, 0.8219699263572693, 0.294299840927124, 0.3321956694126129, 0.017983978614211082, 0.0, 0.052367668598890305, 0.5776347517967224, 0.22208952903747559, 0.004251142032444477, 0.0, 0.5797222852706909, 0.11186208575963974, 0.13352786004543304, 0.0, 0.0, 0.0, 0.0, 0.03413863480091095, 0.19703349471092224, 0.3622942566871643, 0.2693950831890106, 1.656411051750183, 0.03352256864309311, 0.3208477795124054, 0.0, 0.09251419454813004, 1.334250807762146, 0.5925836563110352, 0.015991026535630226, 0.40270739793777466, 0.37571555376052856, 0.17603950202465057, 0.0, 0.0, 0.2815701961517334, 0.08744990825653076, 0.0, 0.2260032594203949, 0.27506229281425476, 0.1873955875635147, 0.6608836054801941, 1.918674349784851, 0.0, 0.24919132888317108, 0.6105394959449768, 0.0, 0.15984535217285156, 0.15183742344379425, 0.060809820890426636, 0.25229179859161377, 0.5101317763328552, 0.5882448554039001, 0.1735914796590805, 0.0, 0.6857614517211914, 0.006814085878431797, 0.12561263144016266, 0.0, 0.9776517152786255, 0.5153693556785583, 0.10627320408821106, 0.0309508815407753, 0.08711270242929459, 0.07111156731843948, 1.7281575202941895, 0.17408955097198486, 0.16148065030574799, 0.1706283688545227, 0.030676420778036118, 0.09387356787919998, 0.41912081837654114, 0.010439367033541203, 0.05935453251004219, 0.002019643783569336, 2.2742061614990234, 0.112812839448452, 0.01282193697988987, 0.6233308911323547, 0.07987838238477707, 0.15247052907943726, 0.5242977738380432, 0.07535164058208466, 1.7328189611434937, 1.74741530418396, 0.20788581669330597, 0.016406336799263954, 0.0, 0.9035395383834839, 0.10570596158504486, 0.0, 0.05926869437098503, 0.018025361001491547, 0.08293552696704865, 0.14390304684638977, 0.33138784766197205, 0.6397430896759033, 3.3315703868865967, 1.7560957670211792, 1.106460690498352, 0.06863795220851898, 0.0, 0.3872827887535095, 0.021474292501807213, 0.4113636910915375, 0.6885500550270081, 0.09915602207183838, 0.27661406993865967, 0.0906091257929802, 0.010355433449149132, 0.1253901571035385, 0.5526875257492065, 0.12332792580127716, 0.710966944694519, 0.018919896334409714, 1.9867467880249023, 0.005168593488633633, 0.08934774994850159, 0.1080695167183876, 0.7729564309120178, 0.7818527221679688, 1.709385871887207, 1.2658206224441528, 0.034373436123132706, 0.5244383215904236, 0.0, 0.03748641163110733, 0.022194113582372665, 0.13903877139091492, 1.578162670135498, 0.0, 0.005549073219299316, 1.007455587387085, 0.03148169443011284, 0.0191084872931242, 2.1577250957489014, 0.19151683151721954, 0.0, 0.373211532831192, 0.04951699823141098, 0.5593291521072388, 2.292607069015503, 1.3720102310180664, 0.01617882214486599, 0.06306365132331848, 0.0, 0.6858977675437927, 0.8322847485542297, 0.05088995024561882, 0.0, 0.47680819034576416, 1.14851975440979, 3.724208354949951, 0.13216713070869446, 0.12498307973146439, 0.0049795424565672874, 0.0, 0.025103595107793808, 0.00970437377691269, 0.008595672436058521, 0.7637069225311279, 0.07288283854722977, 0.215782031416893, 0.020560812205076218, 0.47163844108581543, 0.12882323563098907, 0.22276560962200165, 0.14173159003257751, 1.2417868375778198, 0.6333057880401611, 0.10595566779375076, 0.3633958399295807, 0.6679286360740662, 0.5874205231666565, 0.1463668942451477, 0.0, 0.1127561628818512, 5.600160598754883, 0.0, 0.06727442145347595, 0.025570303201675415, 1.5345840454101562, 0.639629602432251, 0.5727527141571045, 1.4325916767120361, 0.08888264000415802, 1.9926944971084595, 0.05373738706111908, 0.0, 0.26325470209121704, 0.0, 0.0071958620101213455, 1.3127288818359375, 0.0077140843495726585, 0.0, 0.006665777415037155, 0.0, 1.107653260231018, 0.0, 0.6920113563537598, 0.7881810069084167, 0.0, 0.8689114451408386, 0.2683314085006714, 0.2222691774368286, 0.09778747707605362, 2.8619778156280518, 0.2668255865573883, 0.1344657838344574, 0.4248960316181183, 0.003898048773407936, 0.0, 5.17501163482666, 1.5537618398666382, 0.13929817080497742, 0.4626922905445099, 0.10717668384313583, 0.031049951910972595, 0.42054376006126404, 0.20515406131744385, 0.39025506377220154, 0.05986282229423523, 0.0, 0.0, 0.03982492536306381, 0.0, 0.024922944605350494, 0.06329168379306793, 0.04559006914496422, 2.4630255699157715, 0.0, 0.4724276661872864, 0.19784176349639893, 2.258641242980957, 0.27278515696525574, 0.9955297708511353, 0.24871140718460083, 0.0, 0.015417356975376606, 0.11172538995742798, 0.34989646077156067, 0.11038150638341904, 0.9619080424308777, 0.10351668298244476, 0.05154561996459961, 0.0, 0.195962592959404, 0.4170618951320648, 0.19389890134334564, 0.0, 0.18796709179878235, 0.08161436766386032, 0.0, 0.1439422369003296, 0.0, 0.16709719598293304, 0.04928556829690933, 0.0772288516163826, 0.043439749628305435, 0.0, 0.36871206760406494, 2.4468977451324463, 0.004481853451579809, 0.0, 0.13668088614940643, 0.12493874877691269, 0.0, 0.017733551561832428, 0.0, 0.2607661485671997, 0.22757810354232788, 0.8297634720802307, 0.01298060268163681, 0.2814874053001404, 1.321815848350525, 0.0, 0.007394206710159779, 0.3411877751350403, 0.0, 0.0, 0.4091217517852783, 0.9775340557098389, 0.16096702218055725, 0.23720379173755646, 0.021137017756700516, 0.03604777902364731, 0.0, 0.027742475271224976, 0.5000520944595337, 0.0, 0.0, 0.3887990117073059, 0.28315991163253784, 0.2937154471874237, 0.1873711198568344, 1.0871946811676025, 1.401637077331543, 2.3534414768218994, 0.14291389286518097, 2.310974359512329, 0.355998694896698, 0.0, 0.3765605092048645, 0.16601182520389557, 2.373548746109009, 0.3885253667831421, 1.3825347423553467, 0.1574193686246872, 1.9064626693725586, 0.6178253889083862, 1.0342391729354858, 0.03691403195261955, 0.0, 0.0, 0.0, 0.5416873693466187, 1.2937731742858887, 0.0014815136091783643, 0.0, 0.33546316623687744, 0.9560493230819702, 0.0, 0.0, 1.5926342010498047, 0.0088744992390275, 1.2520101070404053, 0.8446916937828064, 0.0, 2.381868839263916, 0.25095370411872864, 0.016101179644465446, 1.7994576692581177, 0.7979698777198792, 1.7087764739990234, 0.5646167993545532, 1.2125874757766724, 1.7595058679580688, 0.3587873876094818, 0.0608457587659359, 0.17852288484573364, 0.9555386900901794, 0.09826456010341644, 0.28621214628219604, 0.9078270196914673, 0.35758185386657715, 1.8692882061004639, 0.36342471837997437, 0.04679963365197182, 0.019512102007865906, 0.0034541888162493706, 0.057227835059165955, 0.0, 0.16488178074359894, 0.36756250262260437, 0.08139101415872574, 1.6086772680282593, 0.8872222900390625, 0.026168258860707283, 0.00874400045722723, 0.0, 0.4805014729499817, 1.484499454498291, 0.25971242785453796, 0.0, 0.0, 0.1578129082918167, 0.13182245194911957, 0.0, 0.1479736566543579, 0.19763967394828796, 0.09331878274679184, 0.516046941280365, 0.783611536026001, 0.0, 0.0, 0.3083314001560211, 1.030777931213379, 0.5555127263069153, 0.4048555791378021, 0.0, 0.34523332118988037, 0.23009902238845825, 0.5472102165222168, 0.09830664843320847, 0.5834890604019165, 0.14405784010887146, 0.4534440040588379, 1.1196684837341309, 0.8364171981811523, 4.76151180267334, 0.8708810806274414, 0.3886640965938568, 0.36946144700050354, 0.2072254866361618, 0.024634765461087227, 0.4716170132160187, 0.6391075849533081, 0.47861364483833313, 0.02822132036089897, 0.5994632244110107, 0.08669839799404144, 0.3186591863632202, 0.10496501624584198, 0.0896327942609787, 1.9449131488800049, 0.5545591115951538, 0.2091732770204544, 0.07114245742559433, 0.39608368277549744, 0.28077432513237, 0.5250682830810547, 0.0, 0.1349174529314041, 0.0, 0.12896829843521118, 0.005680485628545284, 0.0, 0.006126800552010536, 1.350607991218567, 0.050576165318489075, 0.7202626466751099, 0.24839012324810028, 0.12683790922164917, 0.0, 0.069784015417099, 0.41761916875839233, 0.3562278747558594, 0.19227957725524902, 0.5281128883361816, 0.07981795072555542, 2.073615789413452, 0.0003335670626256615, 0.5468249917030334, 0.6140003800392151, 0.3741658926010132, 1.037176251411438, 0.1928136795759201, 0.03330189734697342, 0.5411834716796875, 0.01767144724726677, 0.0, 2.5861241817474365, 0.025373298674821854, 1.048872470855713, 0.23720523715019226, 0.2521947920322418, 0.0, 0.13074006140232086, 0.13486264646053314, 0.010869216173887253, 0.05041570961475372, 0.0, 0.0, 0.4799865484237671, 0.5361398458480835, 0.12840120494365692, 1.1568734645843506, 0.09937818348407745, 1.2839168310165405, 2.0164945125579834, 0.01580299623310566, 0.4328120946884155, 0.0, 0.9164387583732605, 0.8879386782646179, 0.06893444061279297, 0.0, 1.2141356468200684, 0.5871666073799133, 0.13506875932216644, 0.623572051525116, 0.2396373599767685, 1.0220319032669067, 1.168593168258667, 0.3410481810569763, 0.6869853138923645, 0.0, 0.20811858773231506, 0.022903092205524445, 0.0, 1.0439499616622925, 0.11826060712337494, 0.05278867483139038, 2.0907669067382812, 0.3630753457546234, 0.052106618881225586, 0.10119692981243134, 0.022270742803812027, 0.0, 0.0, 0.1563243865966797, 0.044326052069664, 0.0, 0.08164292573928833, 0.2583674192428589, 0.0, 0.9652199149131775, 0.10417578369379044, 0.6500135064125061, 0.051012177020311356, 0.0, 0.050715792924165726, 0.06547791510820389, 0.1606251299381256, 0.06298624724149704, 0.0029775488656014204, 0.08692970871925354, 0.0969572365283966, 1.5751876831054688, 2.0772817134857178, 0.006566597614437342, 0.0, 0.11096635460853577, 0.06964892894029617, 0.026064332574605942, 0.4563312530517578, 0.0, 0.7199336290359497, 0.019617702811956406, 0.17582888901233673, 0.3158428370952606, 0.002338263439014554, 0.015562755987048149, 0.06365348398685455, 0.003446136135607958, 0.0035784244537353516, 0.00016028783284127712, 0.1946442723274231, 0.13077768683433533, 0.28945261240005493, 1.5934889316558838, 0.0, 0.0649891197681427, 0.07733277231454849, 0.881636381149292, 0.6828789114952087, 0.4087630808353424, 1.9690449237823486, 0.05181170627474785, 0.2864522337913513, 0.006547762546688318, 0.0610668919980526, 0.1977413296699524, 0.32591667771339417, 0.005718732252717018, 0.18899491429328918, 0.026708319783210754, 0.0, 0.6823987364768982, 0.6631383895874023, 0.12446429580450058, 0.047807421535253525, 0.643964946269989, 0.10852543264627457, 0.8903388381004333, 0.3986430764198303, 0.02450926974415779, 0.0, 0.13260629773139954, 0.23405805230140686, 0.45625993609428406, 0.523243248462677, 0.18535347282886505, 0.12202921509742737, 0.9882676005363464, 0.0002315676974831149, 0.16568660736083984, 1.6250977516174316, 0.1563442200422287, 0.3081589937210083, 0.03996017202734947, 1.9732649326324463, 0.008338674902915955, 0.0, 0.005463702138513327, 0.37915724515914917, 0.0, 0.0, 0.23225823044776917, 0.33852410316467285, 0.0, 0.01726573333144188, 2.812554121017456, 0.011024120263755322, 0.11573328077793121, 0.2882426977157593, 0.5843220949172974, 0.20123246312141418, 0.5420316457748413, 0.5032712817192078, 0.008234028704464436, 0.038658257573843, 0.0018813391216099262, 0.17839255928993225, 0.03193657845258713, 2.130316734313965, 0.16171902418136597, 1.072265386581421, 0.8144901990890503, 2.078023910522461, 0.0, 0.053117841482162476, 0.2551414966583252, 0.20251168310642242, 0.008814310654997826, 0.2352014034986496, 0.1580589860677719, 0.058313339948654175, 0.8251597285270691, 0.464089035987854, 1.199035406112671, 0.0, 0.08418908715248108, 0.0, 0.06191587075591087, 3.8240725994110107, 1.1135764122009277, 0.25680476427078247, 0.08616584539413452, 0.10880797356367111, 0.8054811358451843, 0.09037639945745468, 0.6692726612091064, 0.034017376601696014, 0.0828411728143692, 0.1180664449930191, 0.0, 0.973821759223938, 0.06625757366418839, 0.001080364570952952, 0.15044595301151276, 0.0626889318227768, 2.1300017833709717, 0.05986636132001877, 0.050728846341371536, 0.0, 0.008045036345720291, 0.12404967099428177, 0.9518589973449707, 0.08483460545539856, 0.0, 0.6978869438171387, 0.22668705880641937, 1.47301185131073, 0.0, 1.0927019119262695, 1.1297309398651123, 0.9724741578102112, 0.5768986344337463, 0.08285156637430191, 0.2603052854537964, 0.8544092178344727, 1.9493422508239746, 0.0, 7.610024452209473, 0.2941727936267853, 0.29501253366470337, 0.8536942005157471, 0.5413571000099182, 0.044837288558483124, 0.014969169162213802, 1.8715410232543945, 0.0, 0.2792542576789856, 0.03419662266969681, 0.9857137799263, 0.05232349783182144, 0.07218075543642044, 0.7586073875427246, 0.21564596891403198, 0.0, 0.0, 0.0, 0.7009384036064148, 0.7059626579284668, 0.0, 0.006847226060926914, 0.037244927138090134, 0.16418896615505219, 0.3267821967601776, 0.04923555627465248, 0.11212247610092163, 0.0, 0.030597511678934097, 0.29104170203208923, 0.2519287168979645, 0.0, 0.07382529973983765, 0.9582449197769165, 0.033826615661382675, 0.16642995178699493, 0.1598137468099594, 0.007350780535489321, 0.35143762826919556, 0.0, 0.3951704800128937, 0.3925814628601074, 2.152092565665953e-05, 0.8615414500236511, 0.10755910724401474, 0.2360796481370926, 0.03284226730465889, 0.12065492570400238, 0.8542168140411377, 2.854611873626709, 0.011217995546758175, 2.4246230125427246, 1.4443278312683105, 0.24892620742321014, 0.12638553977012634, 0.5224851965904236, 0.6280044317245483, 0.0, 0.05087495222687721, 0.018348436802625656, 0.793994665145874, 1.7979459762573242, 0.07487311959266663, 0.0, 0.0022237300872802734, 0.10632212460041046, 0.5655377507209778, 0.0, 0.17451629042625427, 1.0133072137832642, 0.06580843031406403, 0.6993120908737183, 1.8029663562774658, 3.529244899749756, 0.3616589605808258, 0.3168127238750458, 0.8634098768234253, 0.6526987552642822, 0.0, 0.004120780620723963, 0.1684110164642334, 0.0, 0.01597532257437706, 0.5359111428260803, 0.418258398771286, 0.0, 0.3162365257740021, 0.09771136939525604, 0.0, 0.2210271805524826, 0.7778246402740479, 0.0473494827747345, 0.0, 2.3023011684417725, 0.9426943063735962, 0.0, 0.021850503981113434, 0.0, 0.0, 0.008082810789346695, 0.27169302105903625, 0.056256964802742004, 0.04919847100973129, 1.0571120977401733, 1.6798031330108643, 0.0015667701372876763, 0.059454500675201416, 0.49221622943878174, 0.8377257585525513, 0.0761377215385437, 0.0, 0.2845495045185089, 0.26935020089149475, 0.1390123814344406, 0.5229735374450684, 0.752111554145813, 0.3947281837463379, 0.15580566227436066, 0.41211840510368347, 0.015044844709336758, 0.03877681493759155, 3.8518729209899902, 0.5154489278793335, 0.6933067440986633, 0.12486257404088974, 0.1784963756799698, 0.057335298508405685, 0.10563447326421738, 0.06878625601530075, 0.36912232637405396, 0.0, 0.0, 0.07670944184064865, 1.1355533599853516, 0.24506409466266632, 0.5668982267379761, 0.23158372938632965, 0.0, 0.007615712005645037, 0.0, 0.15568889677524567, 0.0, 0.14772005379199982, 0.8161958456039429, 0.7729087471961975, 1.2904428243637085, 0.054542433470487595, 0.13657815754413605, 0.10787802934646606, 1.2216393947601318, 0.42645061016082764, 0.2983298897743225, 1.2372560501098633, 0.0805366262793541, 0.03985194116830826, 0.9171680808067322, 0.16136164963245392, 0.1688423901796341, 0.2913673222064972, 0.08107452094554901, 0.11531343311071396, 0.7592829465866089, 0.6012150049209595, 0.005541689693927765, 2.58298397064209, 0.5061886310577393, 0.021995076909661293, 0.03292839974164963, 0.08829367905855179, 0.0, 0.0, 0.0, 0.30162540078163147, 0.3603130578994751, 1.2723287343978882, 0.21124117076396942, 0.02871258184313774, 2.3983211517333984, 0.04910874739289284, 1.6166144609451294, 0.0, 3.7748050689697266, 0.027044327929615974, 1.9310903549194336, 0.38022831082344055, 0.5373187065124512, 0.38778558373451233, 0.13419218361377716, 0.708771824836731, 0.1851857304573059, 0.004133005626499653, 0.016475623473525047, 0.0, 0.18353918194770813, 0.2026687115430832, 0.2496139109134674, 0.5264050364494324, 0.0, 0.7323336601257324, 0.14858441054821014, 0.042119402438402176, 0.0, 1.0471731424331665, 0.11511878669261932, 1.103712797164917, 0.0, 0.0, 0.13056853413581848, 0.21239854395389557, 0.05556129291653633, 0.78711998462677, 0.0, 1.0111238956451416, 0.0, 0.4467366337776184, 0.007748265750706196, 0.0371660515666008, 0.32198405265808105, 0.010940858162939548, 0.08449973165988922, 0.09764067083597183, 0.0, 0.19857457280158997, 7.096088409423828, 0.45879054069519043]",Testing/glioma_tumor/image(57).jpg
"[0.7278761863708496, 0.014767522923648357, 0.5945024490356445, 0.5334841012954712, 0.2015204280614853, 0.38188424706459045, 0.8942677974700928, 0.004132153932005167, 0.0, 0.0, 0.0, 0.0, 0.0, 0.28424736857414246, 0.0, 0.799010694026947, 0.14683857560157776, 1.165837049484253, 0.1488233059644699, 0.00625256635248661, 0.0, 0.08208097517490387, 0.015497898682951927, 0.0, 0.7117999196052551, 0.0, 0.9277192950248718, 0.03322065621614456, 0.18155504763126373, 0.7638590335845947, 0.0, 0.0, 0.0, 0.21522316336631775, 3.8759920597076416, 0.29356053471565247, 0.0, 0.011198624968528748, 0.1585657298564911, 0.06776870042085648, 0.2777779996395111, 1.739457130432129, 0.0, 0.0, 0.5596031546592712, 0.0, 0.0, 0.0, 0.0, 1.365927815437317, 0.10481485724449158, 0.06008879840373993, 1.3098359107971191, 0.02590387873351574, 0.14168396592140198, 2.3906803131103516, 0.10754139721393585, 0.1508762240409851, 0.13945668935775757, 0.11235655844211578, 0.37139689922332764, 0.7869086861610413, 1.0757777690887451, 0.3191463053226471, 0.12878942489624023, 0.16015112400054932, 0.09701405465602875, 0.0, 1.1959223747253418, 0.027371365576982498, 0.8653111457824707, 0.14969322085380554, 0.11064139008522034, 6.512365341186523, 0.0, 0.10933675616979599, 2.110440254211426, 1.4902042150497437, 0.0, 0.0651458129286766, 0.0, 0.0, 0.030379898846149445, 0.20232632756233215, 0.5309008955955505, 0.015712633728981018, 0.0012936105486005545, 0.10705321282148361, 0.10862772911787033, 0.0, 0.04669632390141487, 0.3038720190525055, 0.07320205867290497, 0.20642368495464325, 0.015350193716585636, 0.0, 0.6063061952590942, 0.3814656734466553, 0.14000080525875092, 0.09227785468101501, 1.096617579460144, 1.077921986579895, 0.0032524941489100456, 0.1185099333524704, 1.645024061203003, 0.037575263530015945, 0.974208414554596, 0.2480618953704834, 0.5553563833236694, 2.9639792442321777, 0.1546296626329422, 0.13690365850925446, 1.8795037269592285, 0.17849895358085632, 1.3268485069274902, 0.5106427073478699, 0.17861607670783997, 0.026823870837688446, 0.8645052313804626, 0.07921285927295685, 0.1878928691148758, 0.37336310744285583, 0.0, 0.007404356729239225, 0.4587877094745636, 0.7666244506835938, 0.0, 0.7119870781898499, 1.3758938312530518, 0.0, 0.0, 0.9287201762199402, 0.13088831305503845, 0.0, 0.0, 0.24883398413658142, 0.7548174262046814, 0.5189157724380493, 0.12513315677642822, 0.0, 0.14885716140270233, 0.008279080502688885, 0.0, 0.01900745928287506, 0.5561649799346924, 0.0, 0.3602396547794342, 0.5118775963783264, 0.13793587684631348, 0.02719813957810402, 0.9472417235374451, 0.2655891180038452, 0.19514578580856323, 0.0, 0.42282867431640625, 0.21662069857120514, 0.06115633249282837, 0.0, 0.9879665970802307, 0.028007635846734047, 0.4982418119907379, 0.051025547087192535, 0.246616929769516, 0.254627525806427, 0.03525378927588463, 0.038292840123176575, 0.07562089711427689, 0.31007272005081177, 1.573865294456482, 5.544935703277588, 3.4672939777374268, 0.0, 0.0, 0.0, 0.3031938970088959, 0.9441461563110352, 0.0, 0.3660188913345337, 0.21987920999526978, 3.9556703567504883, 0.2597499489784241, 0.03429953753948212, 0.1752190887928009, 0.8786364197731018, 0.3800666630268097, 0.389761358499527, 0.1307010054588318, 1.5477837324142456, 0.3694570064544678, 0.0, 0.6781924366950989, 0.14542962610721588, 0.07261190563440323, 0.20765316486358643, 0.050452958792448044, 0.12032082676887512, 0.13026149570941925, 1.5157864093780518, 0.022922232747077942, 0.06692418456077576, 0.22809545695781708, 0.01982063241302967, 1.062462329864502, 0.6161558032035828, 3.135725736618042, 0.24011631309986115, 0.0, 0.0009736577048897743, 0.627228856086731, 2.4298274517059326, 0.10579251497983932, 0.2949739098548889, 0.0, 1.9213545322418213, 0.05092219263315201, 0.014104794710874557, 0.030170470476150513, 0.04144706577062607, 0.019352339208126068, 0.0, 0.5651379823684692, 0.8766186833381653, 2.127718210220337, 0.015076451934874058, 0.0, 5.021633625030518, 0.24513933062553406, 0.12209370732307434, 3.6843974590301514, 0.09374602884054184, 1.1584692001342773, 0.46826428174972534, 0.03489585220813751, 0.4274859130382538, 1.398582935333252, 0.5230096578598022, 0.00763758085668087, 0.5570206046104431, 0.04171181842684746, 0.07428989559412003, 0.3396974205970764, 1.6771353483200073, 0.08299003541469574, 0.002603903179988265, 0.0, 0.0, 1.1366790533065796, 2.0544466972351074, 0.06436000764369965, 3.088331937789917, 0.372699499130249, 0.0, 0.7451245188713074, 0.7299032211303711, 0.9305770397186279, 1.1693994998931885, 0.29302892088890076, 1.7003198862075806, 0.0, 0.342962384223938, 0.06295891106128693, 0.03511437773704529, 0.3226202726364136, 0.5196660757064819, 0.0, 0.0027452707290649414, 0.0, 0.00625862879678607, 0.21487781405448914, 0.0, 0.3312051594257355, 0.8237895369529724, 1.8998665809631348, 0.010319643653929234, 2.5104258060455322, 0.04861357808113098, 0.010252122767269611, 1.5142765045166016, 0.22535310685634613, 0.0448603630065918, 4.129144668579102, 2.405700922012329, 6.378669738769531, 0.5607678294181824, 1.1108702421188354, 0.12973253428936005, 0.09312476217746735, 0.05253062769770622, 0.3024922311306, 0.2112542688846588, 0.5510296821594238, 0.2823779284954071, 0.0, 0.011236193589866161, 0.22484950721263885, 0.7223828434944153, 0.31713202595710754, 0.41079777479171753, 0.8436586856842041, 0.2674701511859894, 0.4987984895706177, 0.057064808905124664, 6.053147792816162, 0.02037973701953888, 2.340275764465332, 1.2550464868545532, 0.6908296942710876, 0.0, 0.057250216603279114, 0.727582573890686, 0.28578969836235046, 0.49530139565467834, 0.21147821843624115, 0.10341005027294159, 0.012898988090455532, 0.0, 0.43706077337265015, 0.0, 0.0, 0.0011754595907405019, 0.05066118389368057, 0.10194031149148941, 0.06907714158296585, 0.32590004801750183, 0.0661185011267662, 0.00040130713023245335, 1.365850806236267, 0.021107615903019905, 2.089710235595703, 1.3987888097763062, 0.0, 0.0, 4.553024768829346, 0.07816547155380249, 0.17184516787528992, 0.7957626581192017, 0.8103117942810059, 0.32119929790496826, 1.464011549949646, 0.10869278013706207, 0.015274354256689548, 0.04772356152534485, 0.012343795970082283, 0.0, 0.00021143592312000692, 0.41422101855278015, 0.0, 0.0, 0.7120689749717712, 0.0, 0.44565802812576294, 0.0, 0.7244727611541748, 0.0, 0.07080278545618057, 0.010976625606417656, 2.992367744445801, 1.0956627130508423, 0.09588108956813812, 0.0, 0.21261903643608093, 0.8042887449264526, 0.6043359637260437, 0.18965445458889008, 0.5424554347991943, 0.16723397374153137, 0.372601717710495, 0.0, 0.10995432734489441, 0.0, 0.0, 0.0, 1.4193480014801025, 4.263101577758789, 1.1649317741394043, 0.2520483732223511, 0.18889591097831726, 0.0, 0.0, 0.1262316256761551, 0.06610701233148575, 0.8704627156257629, 0.10321516543626785, 0.0, 0.20447732508182526, 0.03535173833370209, 0.43492090702056885, 0.0, 0.02423829771578312, 0.9382031559944153, 0.0231663566082716, 0.4304959177970886, 1.6229699850082397, 0.0027263846714049578, 0.40944454073905945, 7.140354633331299, 0.0, 2.3360822200775146, 0.0, 0.0, 0.07410003989934921, 0.0010814691195264459, 0.12767955660820007, 0.05128173530101776, 0.08534151315689087, 5.734313488006592, 0.04580426216125488, 0.5999221205711365, 0.0415741391479969, 0.5807887315750122, 0.08623313903808594, 0.7864723205566406, 0.0, 0.08120537549257278, 0.232914537191391, 1.0705785751342773, 0.0, 0.020329894497990608, 0.1572243571281433, 0.9433218240737915, 0.8697683215141296, 0.004770004190504551, 0.04762895777821541, 4.329708099365234, 0.014216301031410694, 0.018322676420211792, 0.08877464383840561, 0.12230030447244644, 0.0642780065536499, 0.0, 0.045505620539188385, 0.3309278190135956, 1.498172640800476, 0.0, 3.2378292083740234, 0.01375317107886076, 0.18875771760940552, 2.331313371658325, 0.0, 0.10344034433364868, 0.03097403049468994, 3.2170093059539795, 1.1039754152297974, 1.3403799533843994, 0.3927403390407562, 0.0, 0.0, 2.022324800491333, 0.6185829639434814, 0.7778547406196594, 0.2142050862312317, 0.005588409956544638, 0.0, 0.18070119619369507, 0.0, 0.0, 0.09476855397224426, 0.0, 0.0, 0.567676842212677, 0.8160457015037537, 0.5253776907920837, 2.0954325199127197, 0.0, 0.15009808540344238, 0.13701386749744415, 0.10798647254705429, 0.33031514286994934, 0.8304944038391113, 0.0, 0.016104362905025482, 0.1090894266963005, 0.016973763704299927, 1.232195496559143, 0.011362124234437943, 0.7723589539527893, 0.0, 0.0, 0.0, 2.892270565032959, 0.4956882894039154, 0.02557477168738842, 0.7260187268257141, 0.21405638754367828, 0.015695346519351006, 0.10097933560609818, 0.07082480192184448, 0.0, 0.6541170477867126, 0.9292745590209961, 0.04258538410067558, 1.2604081630706787, 3.057607889175415, 0.0, 1.8641678094863892, 0.0, 1.3487203121185303, 0.4754374027252197, 0.6027296185493469, 0.0, 0.27279284596443176, 0.20593838393688202, 0.2692611813545227, 1.2787545919418335, 0.6893320083618164, 0.009806394577026367, 0.13795840740203857, 0.0, 0.013378158211708069, 0.002481691772118211, 0.9701187014579773, 0.0, 0.005779906176030636, 0.6218586564064026, 0.0, 0.6242431402206421, 0.05872759595513344, 0.12553679943084717, 0.008815288543701172, 0.0, 0.06918826699256897, 4.310762405395508, 0.0, 0.0, 0.0, 0.332464337348938, 0.021074777469038963, 0.0, 0.614564061164856, 0.37260639667510986, 0.04587535932660103, 3.975942850112915, 0.0232675950974226, 1.7045375108718872, 0.0, 1.6129268407821655, 4.055546283721924, 0.0, 0.03122233785688877, 0.0, 0.0, 0.32993507385253906, 0.0, 2.859304904937744, 2.5937066078186035, 0.16488565504550934, 0.8587014079093933, 1.525403380393982, 0.026965882629156113, 0.02906421758234501, 0.33211952447891235, 0.7972725629806519, 0.42002180218696594, 0.015558107756078243, 2.341400384902954, 0.6097630858421326, 0.04946359246969223, 0.0, 0.06609328091144562, 0.022999364882707596, 6.019230365753174, 1.219650149345398, 1.143976092338562, 0.0, 0.36731448769569397, 0.0, 0.0, 0.6507996320724487, 4.188429832458496, 0.2903306782245636, 1.2180598974227905, 0.0, 1.1090322732925415, 0.20939935743808746, 0.0, 0.07120603322982788, 0.024515697732567787, 0.09872645139694214, 0.07958456873893738, 0.06911901384592056, 1.8169621229171753, 0.10327999293804169, 0.4965987205505371, 0.1761694997549057, 0.0, 0.0, 0.30959782004356384, 0.049189042299985886, 0.01113581657409668, 0.0, 0.03505636006593704, 0.37231358885765076, 1.5637636184692383, 0.06162100285291672, 1.8185474872589111, 0.0, 0.40577980875968933, 0.2819422781467438, 0.17007946968078613, 0.15034499764442444, 0.009026464074850082, 0.0, 1.9013086557388306, 0.07073304057121277, 0.00196126289665699, 0.0, 1.541271448135376, 0.26604655385017395, 2.0690970420837402, 2.2896385192871094, 0.011086955666542053, 0.2958734333515167, 0.880665123462677, 0.13344304263591766, 0.5893187522888184, 0.008810780942440033, 0.06422235071659088, 0.003953196574002504, 0.035863976925611496, 0.3617061674594879, 0.09116119891405106, 0.7612853646278381, 2.815711736679077, 0.2971213161945343, 0.1599753350019455, 0.5947299599647522, 0.04592285305261612, 0.3539412021636963, 0.0, 0.09343403577804565, 0.34526965022087097, 2.1483471393585205, 0.09514060616493225, 0.14653566479682922, 0.1317393183708191, 0.0, 0.0, 0.0, 0.5137723088264465, 1.2573081254959106, 0.3037969172000885, 0.0, 0.3525538444519043, 0.34228020906448364, 0.0338422991335392, 0.7085983157157898, 1.9595274925231934, 0.0, 0.30023521184921265, 0.0, 0.8038384318351746, 0.1925862431526184, 0.07116034626960754, 0.011940333060920238, 0.0, 0.08704547584056854, 0.04633551090955734, 0.13742369413375854, 1.0797315835952759, 0.028474172577261925, 0.13832774758338928, 0.8689033389091492, 0.022514523938298225, 0.0, 1.366621494293213, 0.0, 4.567579746246338, 0.46660876274108887, 0.0, 0.7522264719009399, 0.0, 0.3564290404319763, 0.31600913405418396, 0.04943157732486725, 0.0, 0.21122384071350098, 0.16181042790412903, 0.40476444363594055, 0.4131670892238617, 3.0351829528808594, 0.6542149782180786, 0.05386781319975853, 0.056655168533325195, 0.02440156787633896, 2.4729437828063965, 1.424390196800232, 0.280460000038147, 0.033326659351587296, 0.9319040179252625, 1.855353832244873, 0.041251230984926224, 0.3341994881629944, 0.11003020405769348, 0.0, 0.45274171233177185, 0.6271565556526184, 1.6758356094360352, 1.4641711711883545, 0.0, 0.0, 0.2431827038526535, 0.0, 0.010215557180345058, 0.056997667998075485, 0.0, 0.04030930995941162, 0.8664703965187073, 3.1612725257873535, 0.5125472545623779, 0.0, 2.4224534034729004, 1.355042576789856, 0.007716055028140545, 0.0, 0.27325960993766785, 0.22887597978115082, 0.0030584821943193674, 0.0, 0.2585981786251068, 0.0, 1.8710565567016602, 1.314505696296692, 4.139610767364502, 0.08439815044403076, 0.0, 2.556137800216675, 0.2468504160642624, 0.45099344849586487, 0.21987468004226685, 0.6378484964370728, 0.06327362358570099, 0.7252345085144043, 0.007266256492584944, 0.08633207529783249, 0.8325826525688171, 0.005930657498538494, 0.1547689437866211, 0.09166977554559708, 0.2471354603767395, 0.0, 0.0, 0.12438812851905823, 1.261789321899414, 0.6073457598686218, 0.0, 0.7395888566970825, 0.30569174885749817, 0.0, 0.5830979347229004, 0.1334027200937271, 0.012172234244644642, 0.1443181335926056, 4.353281497955322, 0.005236411467194557, 0.07447682321071625, 0.4278792142868042, 1.6230605840682983, 0.3576967716217041, 0.1011410728096962, 0.0, 0.7152661681175232, 0.4454180598258972, 0.8443807363510132, 0.9610252976417542, 0.021483128890395164, 0.0636746734380722, 0.3770614266395569, 0.27784463763237, 0.9008764028549194, 0.5584563612937927, 0.047195158898830414, 0.16707490384578705, 1.2226237058639526, 0.0, 0.07731932401657104, 0.0036235805600881577, 0.0, 0.0, 4.013793468475342, 0.8854320049285889, 6.6529316902160645, 0.580808162689209, 2.063037872314453, 0.0, 0.04597802460193634, 0.30002737045288086, 6.273771286010742, 1.7069569826126099, 2.0711138248443604, 0.01498662494122982, 1.3835831880569458, 2.2213311195373535, 0.13814593851566315, 0.319736123085022, 0.8168906569480896, 0.26964980363845825, 0.0, 0.09283795952796936, 1.6065443754196167, 1.7560421228408813, 0.027627989649772644, 0.0, 0.1510699987411499, 0.5427144765853882, 0.0, 0.07995697110891342, 0.1469998061656952, 0.8599502444267273, 0.2788788676261902, 0.27433738112449646, 0.543687641620636, 0.01272535976022482, 0.3293288052082062, 0.022267641499638557, 0.3395392894744873, 0.05808686837553978, 1.2371746301651, 2.6983397006988525, 0.15243707597255707, 0.4059581458568573, 0.0, 0.05762893706560135, 2.1874566078186035, 0.8257904052734375, 0.08855138719081879, 0.16850483417510986, 0.3443434536457062, 0.0, 0.6901296377182007, 1.8970541954040527, 0.0, 4.338827610015869, 0.20588664710521698, 0.6793730854988098, 0.22169876098632812, 3.5080549716949463, 0.0, 0.1336975246667862, 0.7091788649559021, 0.16967813670635223, 0.08701778203248978, 0.0, 0.0, 2.283627986907959, 0.6824897527694702, 0.6736922860145569, 0.08325067907571793, 0.436420202255249, 0.2868901193141937, 0.1660681962966919, 0.2275920957326889, 0.0, 0.021876459941267967, 0.0, 0.0, 0.5076436996459961, 0.2524537146091461, 0.0, 0.0, 9.539714813232422, 1.4283596277236938, 1.4626247882843018, 0.46171241998672485, 0.0, 0.023700593039393425, 3.331517457962036, 0.04511648416519165, 1.3964890241622925, 0.14956063032150269, 5.623380661010742, 0.0, 0.0, 0.012548699975013733, 0.035309966653585434, 0.02126828022301197, 1.1916345357894897, 1.5228526592254639, 0.06862279027700424, 1.4441343545913696, 0.41976267099380493, 0.02053738199174404, 0.0, 0.260837584733963, 0.0, 0.43870556354522705, 0.5621487498283386, 2.54984450340271, 3.524519920349121, 0.13802939653396606, 0.0, 0.07263775914907455, 0.056711986660957336, 1.0271778106689453, 0.047770462930202484, 0.5345738530158997, 0.3144035041332245, 0.0, 0.0, 0.042713429778814316, 0.6684646606445312, 0.0, 0.5588943362236023, 0.019605455920100212, 0.0, 3.1684398651123047, 0.0, 0.007550633512437344, 0.4645865261554718, 0.6348752975463867, 0.0, 0.06181260198354721, 0.12295477837324142, 0.14863458275794983, 0.030046142637729645, 0.3814520239830017, 0.11787772923707962, 0.0, 0.0023010068107396364, 0.47648707032203674, 0.0, 0.04557358846068382, 0.35568299889564514, 0.0, 0.04519146308302879, 0.035338543355464935, 0.0, 0.1108725443482399, 1.7127493619918823, 1.9174418449401855, 0.0, 0.09532928466796875, 0.1210607960820198, 5.272850036621094, 0.08303040266036987, 0.12486406415700912, 0.0, 0.05419139564037323, 0.5564970970153809, 0.19214147329330444, 0.0, 0.0, 0.014068333432078362, 0.9994943737983704, 0.06369949132204056, 0.0, 0.23933938145637512, 0.4799622595310211, 0.8421729207038879, 0.0, 0.918398380279541, 0.0, 1.461977243423462, 0.0, 0.0, 0.5055577158927917, 0.0117895333096385, 1.858971118927002, 1.3589272499084473, 0.0, 0.018174804747104645, 0.09150152653455734, 0.03646630793809891, 0.24274450540542603, 0.0, 0.8211156725883484, 0.8700947165489197, 0.47648340463638306, 0.9979385137557983, 0.0, 0.12412154674530029, 0.1980706751346588, 0.3336446285247803, 0.6652490496635437, 1.0750148296356201, 0.6104620695114136, 0.0, 3.2822513580322266, 0.0, 0.04191209003329277, 2.6000216007232666, 2.3128769397735596, 2.0484514236450195, 0.31682252883911133, 0.0, 2.544459581375122, 0.6181471943855286, 0.0, 0.0, 0.5098098516464233, 0.12332858145236969, 0.07497638463973999, 0.0, 0.12241863459348679, 0.03304474800825119, 0.3781679570674896, 0.12318019568920135, 0.08049086481332779, 0.13484583795070648, 0.2747739851474762, 0.3352234363555908, 0.6971227526664734, 0.0, 0.0, 0.9347101449966431, 0.2515280842781067, 1.3433594703674316, 0.1285153478384018, 0.4343758523464203, 0.3110509216785431, 0.17854417860507965, 0.3848167657852173, 0.18358057737350464, 0.0, 0.13968156278133392, 0.031394168734550476, 0.09581925719976425, 0.0, 0.0532381534576416, 0.0, 0.21928659081459045, 0.5259143114089966, 0.015548129566013813, 0.0, 0.4520742893218994, 0.7375507950782776, 0.628513514995575, 0.0, 0.02401816099882126, 0.011796985752880573, 0.0, 0.26460859179496765, 0.0015459692804142833, 0.14476384222507477, 0.2865964472293854, 0.08217379450798035, 0.8849368691444397, 0.09063201397657394, 0.0, 0.020518334582448006, 0.42406806349754333, 0.05208681523799896, 0.0819585919380188, 0.3149310350418091, 0.0, 1.1407413482666016, 0.0011721922783181071, 0.0, 0.12454696744680405, 0.10670292377471924, 0.22983518242835999, 0.19312286376953125, 0.0, 0.0, 0.7278127670288086, 0.003532716305926442, 0.00260821171104908, 0.323056697845459, 1.1439118385314941, 0.5303327441215515, 0.5813058018684387, 0.0, 0.009425493888556957, 0.2856017053127289, 0.0, 1.8227375745773315, 0.0, 0.13947948813438416, 1.737362027168274, 0.3000980317592621, 0.02529745176434517, 0.6290289163589478, 4.008283615112305, 0.0, 0.09124594181776047, 0.0, 0.0, 1.793179988861084, 0.0, 0.22275015711784363, 0.0, 1.0343929529190063, 0.010284832678735256, 2.422346353530884, 1.4652557373046875, 0.0, 0.023073412477970123, 0.5447149276733398, 1.3079335689544678, 1.8528716564178467, 0.4226900339126587, 0.0, 0.42334720492362976, 1.916983723640442, 0.13560932874679565, 1.3352437019348145, 0.04050709679722786, 7.38075832487084e-05, 0.17094770073890686, 0.0, 0.9597875475883484, 0.01851659081876278, 0.0, 0.285406231880188, 1.977303385734558, 0.027679575607180595, 0.3912171423435211, 0.5163835883140564, 1.052719235420227, 0.009985323064029217, 0.06335140019655228, 0.4795798063278198, 0.0, 0.0001793929550331086, 0.017327863723039627, 0.5094807147979736, 0.04251239076256752, 0.0, 0.00467988196760416, 2.104762315750122, 0.3118802607059479, 0.024756941944360733, 1.5799905061721802, 0.0, 0.24030710756778717, 0.0, 0.0, 0.21716122329235077, 0.5166580080986023, 0.006445181556046009, 1.3263401985168457, 0.10464842617511749, 0.0, 0.14556540548801422, 1.9152511358261108, 0.0, 0.009548461996018887, 0.6888142824172974, 0.007698506582528353, 0.8783348202705383, 0.6737327575683594, 0.13170316815376282, 0.03323245048522949, 0.38098374009132385, 0.0, 1.149554967880249, 0.8222053647041321, 0.0, 0.0, 0.01692294515669346, 0.3840177059173584, 0.6954444050788879, 0.01315103005617857, 0.0, 0.0, 3.816502809524536, 0.003168388269841671, 1.985500454902649, 0.059208985418081284, 0.025680644437670708, 1.1733152866363525, 0.0, 0.0033334202598780394, 0.2288307100534439, 0.16018563508987427, 0.30153557658195496, 0.05531330406665802, 0.3776393532752991, 0.0, 0.28370052576065063, 0.0, 3.4090535640716553, 3.2989470958709717, 0.024812696501612663, 0.0, 0.0, 0.1300090253353119, 0.0, 0.0, 0.029521606862545013, 0.37552744150161743, 0.5459458231925964, 0.0, 0.24993036687374115, 0.0964498445391655, 0.0, 0.0, 1.8725672960281372, 0.40420758724212646, 0.6169131994247437, 0.0, 0.12463013082742691, 0.021996818482875824, 0.0, 0.0, 0.27196410298347473, 0.0053640506230294704, 2.558948040008545, 0.09316901862621307, 0.0, 0.0, 1.5992354154586792, 0.00011888815788552165, 3.3098843097686768, 0.6019859910011292, 2.3580620288848877, 0.0, 1.5206538438796997, 0.09746875613927841, 0.0, 0.2317698895931244, 1.98136305809021, 0.011429110541939735, 2.752640962600708, 1.350131630897522, 0.00017347627726849169, 0.0074800471775233746, 0.0, 0.0, 0.0256147850304842, 0.04130619764328003, 0.9308515787124634, 0.0, 0.0, 3.8319122791290283, 0.036832544952631, 0.0, 0.0, 1.3718093633651733, 2.022441864013672, 0.5976235270500183, 1.7842673063278198, 0.006906154099851847, 0.13973510265350342, 0.41267383098602295, 0.1312684714794159, 0.008952029049396515, 0.43960142135620117, 0.02802414819598198, 0.0, 0.15115101635456085, 0.4650440514087677, 0.5945644974708557, 1.671974539756775, 0.4905332922935486, 0.001500154030509293, 1.312442421913147, 0.0, 0.0, 0.29905053973197937, 1.21690833568573, 0.0, 1.1857588291168213, 0.10793829709291458, 0.09009905904531479, 0.0, 0.0, 0.1587332785129547, 0.4649626314640045, 0.0, 0.0, 0.014594666659832, 0.08060547709465027, 0.05183038115501404, 0.07183714956045151, 0.018458900973200798, 0.8321402668952942, 0.02499593049287796, 1.5492141246795654, 0.027927987277507782, 0.39729511737823486, 0.0, 0.0946245789527893, 0.03930714726448059, 0.055684592574834824, 0.018822669982910156, 0.0, 0.861481785774231, 0.11034885048866272, 0.12134145200252533, 0.0, 0.991180419921875, 0.5861960649490356, 0.11102999746799469, 0.2282416820526123, 0.0, 2.018183708190918, 2.3518412113189697, 0.5164201855659485, 0.32792672514915466, 0.021692993119359016, 0.32720518112182617, 0.0041574533097445965, 0.05795306712388992, 0.0, 0.0, 0.0, 0.39961791038513184, 0.7095518112182617, 0.0045553105883300304, 0.011736981570720673, 0.1400744915008545, 0.166626438498497, 0.0, 0.7225784063339233, 0.4153116047382355, 0.06205969303846359, 0.36066579818725586, 1.0750130414962769, 0.12087909877300262, 2.495783805847168, 0.3340442478656769, 0.7052503824234009, 0.4294295310974121, 0.0, 0.9584543704986572, 0.4616937041282654, 0.0, 0.023564856499433517, 0.0, 0.2886708378791809, 0.1321580708026886, 0.47296711802482605, 0.15336120128631592, 0.0, 0.0, 0.01639602705836296, 0.050209127366542816, 0.030269311740994453, 2.545478105545044, 0.6277269721031189, 0.02358478121459484, 0.3194495737552643, 0.0, 0.28334158658981323, 0.0022788436617702246, 0.49658167362213135, 0.35569700598716736, 0.21248416602611542, 0.12035346776247025, 0.293633371591568, 0.0, 0.5742849111557007, 0.10481935739517212, 0.04482501372694969, 0.42379504442214966, 2.4608147144317627, 0.1360509693622589, 0.025505725294351578, 0.8617133498191833, 1.399932861328125, 0.0, 0.250740647315979, 0.7274599075317383, 0.020753957331180573, 0.14072877168655396, 0.4949325919151306, 0.0, 0.4123409390449524, 0.0, 0.6892313957214355, 0.1424286961555481, 0.08112054318189621, 0.0, 0.4630391597747803, 0.0, 2.418041706085205, 1.5074982643127441, 0.0, 0.06586235761642456, 0.021626101806759834, 0.11523045599460602, 0.6224730610847473, 0.05800151824951172, 0.0, 0.16092006862163544, 0.5664294362068176, 0.14820529520511627, 0.9298675060272217, 0.34373143315315247, 0.0, 0.8469244241714478, 1.0237394571304321, 0.6944483518600464, 1.3562374114990234, 0.7864412665367126, 0.31841298937797546, 0.266605406999588, 0.056417230516672134, 1.1569010019302368, 0.0, 0.3498286306858063, 0.0, 0.03638693690299988, 0.22655698657035828, 0.0, 0.0, 0.14566795527935028, 6.019138813018799, 0.7992977499961853, 0.285527765750885, 0.056731317192316055, 0.8136774897575378, 0.0, 0.09799028933048248, 0.16117548942565918, 0.0, 0.39960533380508423, 0.03861190751194954, 1.1628652811050415, 0.0, 2.9572346210479736, 0.34986305236816406, 0.023529984056949615, 0.15086548030376434, 0.03936707228422165, 1.7742294073104858, 0.0, 1.3599588871002197, 0.0, 0.9182363152503967, 0.08173354715108871, 0.6949854493141174, 0.004733061417937279, 0.28023508191108704, 0.0, 0.0, 0.24612434208393097, 0.20272274315357208, 1.7851747274398804, 2.1930954456329346, 0.06478302925825119, 0.022124839946627617, 0.0, 1.8749816417694092, 0.5028861165046692, 0.28536540269851685, 0.008937139995396137, 0.28867265582084656, 1.5031884908676147, 0.47088804841041565, 0.15437090396881104, 0.0, 1.4948241710662842, 0.1527632176876068, 0.45493295788764954, 0.0, 0.07010005414485931, 0.00048499691183678806, 1.8175556659698486, 0.4934234619140625, 0.7651146650314331, 1.1300742626190186, 0.0, 0.4789385199546814, 0.0, 0.0, 0.0, 0.10446392744779587, 0.04887757822871208, 0.057270605117082596, 1.632298469543457, 0.03002605214715004, 0.0, 0.5705166459083557, 0.060790300369262695, 0.9637970328330994, 0.0, 0.5097191333770752, 1.0127472877502441, 0.0, 0.4054715633392334, 0.0028883067425340414, 2.841609001159668, 0.022932959720492363, 0.23593802750110626, 0.0, 4.059315204620361, 0.07430073618888855, 0.01936919428408146, 0.0, 0.0, 0.03856195509433746, 0.03863656893372536, 0.03574272617697716, 0.0, 0.4379114508628845, 0.09581828862428665, 0.0, 0.05367365479469299, 0.0007998018991202116, 0.004506585653871298, 1.664218544960022, 0.054183781147003174, 0.3148091733455658, 0.8378946781158447, 0.09981799870729446, 1.812050700187683, 0.23727074265480042, 0.05230151489377022, 0.2953488230705261, 0.0908765196800232, 1.4667465686798096, 0.14216166734695435, 0.0, 2.8010475635528564, 1.0733832120895386, 0.0, 0.017988217994570732, 0.1390957087278366, 0.3281819820404053, 0.24964626133441925, 1.2913882732391357, 1.0379151105880737, 1.3774124383926392, 0.0, 0.0, 0.0, 1.6257660388946533, 0.5286450982093811, 0.0, 0.11238663643598557, 0.19816456735134125, 0.11394011974334717, 0.5291949510574341, 1.733557105064392, 0.0, 0.0, 0.6636912226676941, 3.9912283420562744, 1.3093128204345703, 0.120562843978405, 0.1684284210205078, 0.0, 0.0, 1.2224780321121216, 0.0, 0.047257617115974426, 0.0, 0.06049473583698273, 0.4343371093273163, 0.5805062055587769, 0.0, 0.03179371729493141, 0.3415895104408264, 0.0, 0.39526987075805664, 0.030416138470172882, 0.0, 0.3001505732536316, 0.0, 0.28214818239212036, 0.22463557124137878, 1.0838018655776978, 0.49752843379974365, 0.1705961376428604, 3.6257083415985107, 0.0, 2.4243924617767334, 0.003196913283318281, 0.025726649910211563, 0.31020474433898926, 0.07416903227567673, 0.0, 0.10317862778902054, 0.0, 0.8413577675819397, 0.07721186429262161, 0.6498799920082092, 0.21328429877758026, 0.28905585408210754, 0.21762597560882568, 0.0, 1.0761628150939941, 0.11829818040132523, 0.09168269485235214, 1.0160913467407227, 0.5353713035583496, 0.4759137034416199, 0.004586480092257261, 0.08760490268468857, 0.005221999250352383, 0.0, 0.04896201938390732, 0.042222898453474045, 0.0, 1.0817646980285645, 0.0050286175683140755, 0.10058075934648514, 0.6912620067596436, 0.09911343455314636, 0.08971856534481049, 0.0, 0.0, 0.025758879259228706, 0.7569890022277832, 0.9322176575660706, 0.5340615510940552, 0.021199440583586693, 2.5233848094940186, 0.03398929163813591, 0.28199267387390137, 0.5083867311477661, 1.9356430768966675, 1.2196093797683716, 0.24043145775794983, 0.17978361248970032, 0.49847105145454407, 0.036421939730644226, 0.8460111618041992, 1.2243605852127075, 0.30013200640678406, 0.6570327281951904, 0.18569152057170868, 0.012488995678722858, 0.0, 0.13123317062854767, 0.1297914683818817, 0.001155040692538023, 0.013169415295124054, 0.0, 0.0, 1.3072142601013184, 0.48057571053504944, 0.752845287322998, 0.6385828256607056, 0.0, 0.9696451425552368, 1.906429409980774, 0.0, 0.23448364436626434, 0.0, 0.3832176625728607, 0.11519934237003326, 0.016491970047354698, 0.153936505317688, 5.368649959564209, 0.04365401342511177, 0.0, 0.0, 0.10653877258300781, 1.6837680339813232, 0.0, 0.49459192156791687, 0.4732820987701416, 0.0, 0.16615621745586395, 0.29428526759147644, 0.008854917250573635, 1.4696344137191772, 0.17476840317249298, 0.49166691303253174, 0.35575002431869507, 1.9022471904754639, 2.122504472732544, 0.9785126447677612, 0.14505527913570404, 0.0, 0.05068197473883629, 0.09295383840799332, 0.006493052467703819, 0.17663909494876862, 0.004581830929964781, 0.031109867617487907, 0.0, 0.022999364882707596, 0.3426523804664612, 0.4536612331867218, 0.24267838895320892, 0.0, 0.12156756222248077, 0.044555023312568665, 0.08688074350357056, 0.0, 0.0, 0.0, 1.463090419769287, 0.5111150145530701, 0.06548655033111572, 1.5788849592208862, 0.31929224729537964, 0.0, 0.47353893518447876, 0.19283516705036163, 0.0, 0.0, 0.3069736957550049, 0.0, 0.05711505934596062, 0.7002176642417908, 0.13543763756752014, 0.6745076775550842, 0.08358792960643768, 0.0, 0.0, 0.0, 0.9508756399154663, 0.0054130456410348415, 0.0, 2.2661526203155518, 0.0, 0.05108930543065071, 0.1253717839717865, 1.864223837852478, 0.29401522874832153, 0.031076986342668533, 0.007062775548547506, 0.5395883917808533, 0.0, 0.08629818260669708, 0.0, 0.09791948646306992, 0.30983036756515503, 0.0, 0.028126828372478485, 0.2219185084104538, 0.008714831434190273, 0.03485988453030586, 1.6618320941925049, 0.0, 0.19178570806980133, 0.44897180795669556, 0.04117497801780701, 2.6005797386169434, 0.0, 0.09792505949735641, 0.36510977149009705, 0.002339552855119109, 0.33403724431991577, 0.0, 0.24862225353717804, 0.7624148726463318, 0.0, 0.48809123039245605, 0.061994023621082306, 0.0835321769118309, 2.6358094215393066, 0.057142507284879684, 3.1783576011657715, 2.5297203063964844, 1.58216392993927, 0.0, 0.0, 0.0, 1.008285403251648, 0.03199692815542221, 0.41173264384269714, 0.028984975069761276, 0.5569692850112915, 0.0, 0.0, 0.004484653472900391, 0.057302042841911316, 0.0026703246403485537, 0.0, 2.7447659969329834, 0.0029533784836530685, 0.12133646011352539, 1.4668442010879517, 0.14136262238025665, 0.06226586177945137, 0.0, 0.027112366631627083, 0.3038100600242615, 0.19941996037960052, 0.0645480677485466, 0.07221852242946625, 0.8928553462028503, 0.2890162169933319, 0.6673177480697632, 1.8553643226623535, 0.14607146382331848, 0.24422116577625275, 0.43679630756378174, 0.0, 0.17081697285175323, 0.0, 2.2196922302246094, 3.1791491508483887, 0.08897271752357483, 0.04706241562962532, 0.021217836067080498, 0.18710249662399292, 0.01252605952322483, 2.3346920013427734, 0.7373581528663635, 3.5357871055603027, 0.0, 0.21116581559181213, 0.7615507245063782, 0.5440857410430908, 0.18221715092658997, 0.18382522463798523, 0.03457722067832947, 0.28021883964538574, 0.0, 0.022000934928655624, 0.14728623628616333, 0.2639999985694885, 0.0, 0.0, 0.6475052237510681, 0.2365979105234146, 0.3221280574798584, 0.0, 0.3376416563987732, 0.05346687138080597, 1.7306450605392456, 0.73892742395401, 0.006860728375613689, 0.2689402103424072, 0.0, 1.1125001907348633, 0.12041011452674866, 0.05888348072767258, 2.384143829345703, 0.28034359216690063, 0.49422115087509155, 0.27028992772102356, 0.4172014594078064, 0.0156851876527071, 0.46191051602363586, 0.44306695461273193, 12.899979591369629, 0.03773397207260132, 0.0, 0.3744271397590637, 0.15494689345359802, 0.0, 0.0, 1.8488534688949585, 0.0, 0.31890377402305603, 0.0557645820081234, 1.8356949090957642, 0.0, 0.08499332517385483, 0.5856342911720276, 0.0, 1.775166392326355, 0.9853057861328125, 0.052274882793426514, 0.0, 0.06554757803678513, 0.02272382564842701, 0.13060703873634338, 0.1764957457780838, 0.2130247950553894, 0.9112685918807983, 0.025768248364329338, 0.07756979763507843, 0.07514311373233795, 0.0, 0.2067183256149292, 0.5651507377624512, 0.44490495324134827, 0.23832359910011292, 3.2434449195861816, 1.5370386838912964, 0.4406268000602722, 0.1570517122745514, 0.2860565483570099, 0.17500968277454376, 0.0074768210761249065, 0.046552613377571106, 1.4187824726104736, 0.048021744936704636, 1.2626919746398926, 0.34932151436805725, 0.9707298874855042, 0.009302343241870403, 0.1803414225578308, 0.5224733352661133, 2.4201321601867676, 0.06295222043991089, 0.4576503336429596, 1.0523922443389893, 1.6440967321395874, 0.06633269041776657, 0.020293202251195908, 0.06297973543405533, 0.0, 0.20299556851387024, 0.0013270719209685922, 4.054258823394775, 0.02116851694881916, 0.8288436532020569, 0.09592311084270477, 0.23876120150089264, 0.0, 0.49381089210510254, 0.07159513980150223, 0.0, 2.3235528469085693, 0.022602282464504242, 1.1100711822509766, 0.7389433979988098, 2.0413217544555664, 0.9545720815658569, 0.4568136930465698, 2.0803868770599365, 0.41688933968544006, 0.042670201510190964, 0.0, 0.35005342960357666, 0.16541677713394165, 0.4081805944442749, 0.99155193567276, 0.027184773236513138, 0.0, 0.07217523455619812, 0.10813038051128387, 0.0, 0.17036667466163635, 0.175198033452034, 0.0, 0.0, 0.7765219807624817, 0.18075169622898102, 0.0, 0.01643488183617592, 0.9755292534828186, 0.10143451392650604, 0.18686214089393616, 0.25941193103790283, 0.8199483156204224, 0.016525890678167343, 2.3541746139526367, 0.6015269160270691, 0.023638751357793808, 0.04820584878325462, 0.5726756453514099, 1.0855424404144287, 0.0, 1.186104416847229, 0.300180584192276, 0.10420659929513931, 0.1796913594007492, 0.07721204310655594, 1.8441499471664429, 0.022454403340816498, 1.5799998044967651, 0.14329884946346283, 0.005019482225179672, 0.0025845644995570183, 0.37743744254112244, 1.6611967086791992, 0.21279098093509674, 0.32310208678245544, 0.13628369569778442, 0.1825723499059677, 0.7228866219520569, 0.0, 0.09802629798650742, 0.007310076616704464, 0.0, 1.348740577697754, 0.17772342264652252, 1.8028315305709839, 0.0, 0.011715908534824848, 0.006645650137215853, 0.04047215357422829, 0.31447863578796387, 0.11134391278028488, 0.7145195007324219, 0.5343625545501709, 0.6767721176147461, 1.3000051975250244, 2.1094648838043213, 0.023034360259771347, 0.0, 1.2173556089401245, 1.0020825862884521, 0.0, 0.0, 0.6934378743171692, 0.0, 0.0, 2.094294548034668, 0.10309015959501266, 0.008846492506563663, 0.14522875845432281, 0.12787604331970215, 0.019203804433345795, 0.0, 4.318255424499512, 0.14460641145706177, 0.02464868873357773, 0.7319403886795044, 2.2004566192626953, 0.051299288868904114, 0.0, 0.03190293535590172, 0.027956726029515266, 0.41643252968788147, 0.4162186086177826, 0.12813110649585724, 0.5071108341217041, 1.3367888927459717, 0.009636723436415195, 0.763831615447998, 0.012995787896215916, 1.152335524559021, 0.04100527614355087, 8.343469619750977, 0.36807844042778015, 0.46063700318336487, 0.10386486351490021, 1.4758039712905884, 0.0552227683365345, 0.09259163588285446, 0.30307960510253906, 0.11202134937047958, 0.13472206890583038, 0.0, 0.0, 0.20516270399093628, 1.2366070747375488, 0.5039335489273071, 1.2181843519210815, 0.0, 0.08806092292070389, 0.0044489833526313305, 0.0, 0.0, 0.0, 0.2422625869512558, 2.006474494934082, 0.0, 0.250283420085907, 0.4466536045074463, 0.7954326272010803, 0.7602875232696533, 0.5849245190620422, 0.19812698662281036, 1.7186509370803833, 0.1564542055130005, 0.12762783467769623, 0.1893760859966278, 0.19204935431480408, 0.0973009392619133, 1.4267771244049072, 0.0, 1.1920533180236816, 0.18525086343288422, 0.023690667003393173, 0.3252824544906616, 2.075608968734741]",Testing/glioma_tumor/image(56).jpg
"[0.7966527342796326, 0.7459545731544495, 0.03704841434955597, 1.1894431114196777, 0.5706437826156616, 0.2274843007326126, 0.8222987651824951, 0.009802261367440224, 0.5502758622169495, 0.06316277384757996, 0.0, 0.1790945678949356, 0.1976386308670044, 0.0077348146587610245, 0.10118663311004639, 0.12854553759098053, 0.9171313047409058, 1.8616795539855957, 1.6712895631790161, 0.22809821367263794, 0.08184763789176941, 0.21311065554618835, 0.11621765047311783, 0.15753677487373352, 0.03491591662168503, 0.30443722009658813, 0.2565375864505768, 0.145104318857193, 0.391184002161026, 0.1711684614419937, 0.02562519907951355, 1.1479897499084473, 0.3029605448246002, 0.1420067399740219, 0.12092851847410202, 0.47998592257499695, 0.2767133414745331, 0.24145585298538208, 0.06056831777095795, 0.038845330476760864, 1.2299175262451172, 3.637651205062866, 0.49221500754356384, 0.4078695774078369, 0.0271553173661232, 0.0, 0.020622029900550842, 0.0, 0.5768854022026062, 0.007689113728702068, 1.0495553016662598, 0.02139967866241932, 2.255417585372925, 0.07253890484571457, 0.037385307252407074, 0.27665480971336365, 1.5132619142532349, 2.485217571258545, 0.42850011587142944, 0.0, 0.3812447488307953, 1.1749905347824097, 0.391534686088562, 0.2873215079307556, 0.3161759674549103, 0.0, 1.0406540632247925, 0.7898486256599426, 0.5722650289535522, 0.25322574377059937, 0.02382638305425644, 0.3732549250125885, 0.022418545559048653, 0.5936504602432251, 0.37878814339637756, 0.08590979129076004, 0.5410999655723572, 0.22602972388267517, 0.0, 0.31326809525489807, 1.2207932472229004, 0.09792426228523254, 0.14964334666728973, 0.1478816270828247, 0.7575384378433228, 0.29073354601860046, 0.3930835425853729, 0.17996792495250702, 0.16440603137016296, 0.16312649846076965, 0.16707006096839905, 0.9120768308639526, 0.8192266225814819, 1.4777379035949707, 0.2908351719379425, 0.4648279547691345, 0.29037895798683167, 0.0, 0.12383750826120377, 0.0, 0.414391428232193, 0.709226667881012, 0.0005461342516355217, 0.6368011236190796, 2.238309383392334, 0.6749574542045593, 0.9521013498306274, 1.3162163496017456, 0.16099359095096588, 1.3937015533447266, 0.08207838982343674, 0.8327172994613647, 0.007587004452943802, 0.0929151326417923, 0.469986230134964, 0.030538534745573997, 0.014148677699267864, 0.05899433046579361, 1.0532413721084595, 0.06407178938388824, 0.5467128157615662, 0.0, 0.013325881212949753, 0.026546375826001167, 0.2417086511850357, 1.6092274188995361, 0.008401772007346153, 0.4317973852157593, 0.3001379370689392, 0.0, 0.01178385317325592, 2.7682619094848633, 0.03880050405859947, 0.5969080924987793, 0.6911657452583313, 0.07147961854934692, 0.7282847762107849, 0.9670135378837585, 0.2875831425189972, 0.42987939715385437, 0.19454337656497955, 1.8060097694396973, 0.0, 0.0, 2.5836424827575684, 0.004722780082374811, 0.8015482425689697, 0.5973873138427734, 0.15376582741737366, 0.3959314823150635, 2.153395891189575, 0.4652290344238281, 0.031426966190338135, 0.0918041542172432, 0.029908437281847, 0.4940012991428375, 0.0023776658345013857, 0.37518465518951416, 0.5998963117599487, 0.20153899490833282, 1.2317063808441162, 0.12436136603355408, 0.7039949297904968, 3.117331027984619, 0.12051932513713837, 0.1963045597076416, 0.3550126552581787, 0.2239781618118286, 0.0017452045576646924, 6.072412014007568, 0.7336263656616211, 0.5322322845458984, 0.6695634722709656, 1.221390724182129, 0.12365666031837463, 1.072044849395752, 0.004144014324992895, 0.16051703691482544, 0.2327680140733719, 0.1675170212984085, 0.8955578804016113, 0.04444288834929466, 1.4150681495666504, 0.42606088519096375, 0.12073051929473877, 0.35021910071372986, 0.5666412711143494, 0.774066686630249, 0.2050096094608307, 0.45801684260368347, 0.03804641216993332, 0.15511707961559296, 0.011752056889235973, 0.0, 0.8227057456970215, 0.1359131634235382, 0.3615057170391083, 0.03960425406694412, 0.01961161009967327, 0.12477384507656097, 0.7692678570747375, 0.024430284276604652, 1.079157829284668, 0.4307531714439392, 1.9831929206848145, 1.4539899826049805, 0.2572903335094452, 0.014880791306495667, 0.30407994985580444, 0.7061853408813477, 0.1111656129360199, 0.6829283833503723, 0.07641255110502243, 0.07835632562637329, 0.36413729190826416, 0.17567583918571472, 0.020462321117520332, 0.22576968371868134, 0.8756291270256042, 0.23950356245040894, 2.117008924484253, 0.022247979417443275, 3.057710647583008, 0.3009961247444153, 0.025483060628175735, 0.9641305804252625, 0.08795331418514252, 0.04448099434375763, 0.9385932087898254, 0.041625384241342545, 0.03827245533466339, 0.026924537494778633, 0.6643157601356506, 0.4813211262226105, 0.0, 0.5345548987388611, 0.0, 0.7481280565261841, 0.09308739006519318, 0.5812109112739563, 0.03694576025009155, 1.5214250087738037, 2.2158305644989014, 0.08418264985084534, 0.04897460341453552, 1.4792753458023071, 0.045235663652420044, 0.622917115688324, 0.0, 0.0481271892786026, 0.12422192841768265, 0.2741251289844513, 1.2314016819000244, 0.3236526846885681, 0.033471785485744476, 0.004632995929569006, 0.214799165725708, 1.7449517250061035, 0.004713583737611771, 0.9426017999649048, 0.42787522077560425, 0.10259438306093216, 0.3449957072734833, 0.17478430271148682, 0.0, 0.3433173894882202, 0.0020723585039377213, 0.0, 0.13662995398044586, 0.0, 0.24684539437294006, 0.26229608058929443, 0.6647636890411377, 0.30927136540412903, 1.1367725133895874, 0.23744334280490875, 0.14903384447097778, 0.5904058218002319, 1.0164707899093628, 0.0, 0.2803960144519806, 0.15084335207939148, 1.8717403411865234, 0.9703652262687683, 0.3482796847820282, 3.957016944885254, 0.9515601396560669, 0.41446685791015625, 0.45130181312561035, 0.022800451144576073, 0.41217780113220215, 0.01599789597094059, 0.0, 0.16573505103588104, 0.3707880973815918, 1.5366419553756714, 0.7769431471824646, 0.007973423227667809, 0.7421224117279053, 0.23455041646957397, 0.5437971353530884, 0.573832094669342, 0.7392550110816956, 0.10946612805128098, 0.6349626779556274, 0.573150634765625, 0.007543965242803097, 0.09249689429998398, 0.12865105271339417, 0.7381800413131714, 0.4995221793651581, 0.9374256730079651, 0.0062713283114135265, 0.14292119443416595, 1.0572495460510254, 1.8725355863571167, 0.45453083515167236, 0.0, 0.32963064312934875, 0.431723415851593, 0.0043893055990338326, 1.072920560836792, 0.0, 0.0301029235124588, 0.0050538997165858746, 0.10125728696584702, 0.0011503794230520725, 0.08769753575325012, 1.9032472372055054, 0.24534918367862701, 0.4607468545436859, 0.026318293064832687, 1.144881010055542, 3.4090447425842285, 0.007508781272917986, 0.06659853458404541, 1.3778568506240845, 0.5239271521568298, 0.4826483726501465, 0.15877287089824677, 0.7097572684288025, 0.024465639144182205, 0.6801485419273376, 0.0, 0.0, 0.7656921744346619, 0.14165055751800537, 0.0, 0.11110836267471313, 1.9834071397781372, 0.08532769978046417, 0.17499715089797974, 0.5006090402603149, 0.37056803703308105, 0.16799329221248627, 0.03313799947500229, 0.17267709970474243, 0.0, 0.20207685232162476, 0.6470597982406616, 0.13557545840740204, 0.4718905985355377, 0.038812410086393356, 1.8779780864715576, 0.5453910827636719, 0.9512231945991516, 0.13577266037464142, 0.027667587623000145, 4.245688438415527, 0.10440301150083542, 0.21144509315490723, 0.36722806096076965, 2.3756155967712402, 2.6735310554504395, 0.3915131986141205, 0.6146069169044495, 3.42710280418396, 1.5394052267074585, 0.062276095151901245, 0.06649114191532135, 0.49853333830833435, 0.6389120221138, 0.6153100728988647, 0.6897196769714355, 0.1825544387102127, 0.01985139772295952, 2.3616156578063965, 1.9369665384292603, 0.21482664346694946, 1.159029245376587, 0.0, 0.022697264328598976, 2.2900567054748535, 0.33500170707702637, 0.8713532090187073, 2.3413302898406982, 0.08781200647354126, 1.4535536766052246, 0.0232092272490263, 0.0927882194519043, 0.8130072951316833, 0.08578825742006302, 0.12756167352199554, 0.009417789056897163, 0.2746956944465637, 1.7501044273376465, 0.29008111357688904, 0.08456753939390182, 0.15722721815109253, 0.28746625781059265, 0.3649955689907074, 0.1025744378566742, 0.34081462025642395, 0.004780720919370651, 0.23741506040096283, 0.9933313727378845, 0.0023838160559535027, 0.4014699161052704, 0.2046646773815155, 0.21266162395477295, 2.9976377487182617, 0.12120618671178818, 0.1477980762720108, 0.09583669900894165, 0.08079574257135391, 0.16644132137298584, 0.15005961060523987, 0.3563486635684967, 0.8226984143257141, 0.02180810086429119, 1.3817182779312134, 0.3141676187515259, 0.6585047245025635, 0.5321739912033081, 1.0967509746551514, 0.6673378348350525, 0.0, 1.3704482316970825, 1.4428104162216187, 0.1541760414838791, 0.0, 0.07487119734287262, 0.934251070022583, 0.14183786511421204, 0.3670945167541504, 0.0675034299492836, 0.3381037712097168, 0.45482340455055237, 0.54013592004776, 0.08549459278583527, 0.7407817244529724, 0.0026203077286481857, 0.8269330263137817, 0.12376806885004044, 0.0, 0.3353436589241028, 1.7809808254241943, 0.08525063842535019, 0.04438848793506622, 3.958000421524048, 0.05218355357646942, 2.415065288543701, 0.10861316323280334, 0.46176016330718994, 0.03485593944787979, 0.3037954568862915, 0.0, 0.09034440666437149, 1.8689690828323364, 0.023902209475636482, 0.3696501553058624, 0.0, 0.12486685812473297, 0.15923631191253662, 0.0997776985168457, 0.4022243320941925, 2.941251516342163, 0.1007469892501831, 0.05266665294766426, 0.33807846903800964, 1.459989309310913, 0.4585035741329193, 1.5802010297775269, 0.042684487998485565, 0.10422372072935104, 1.1351277828216553, 0.1144692674279213, 0.04135020077228546, 0.3635771870613098, 0.0, 0.19498996436595917, 0.36137235164642334, 0.4133838415145874, 0.0779276192188263, 0.5643346309661865, 0.19670850038528442, 0.0, 0.5328737497329712, 0.20031043887138367, 0.5357078313827515, 0.0, 1.6372755765914917, 0.0, 1.1005985736846924, 0.2773244380950928, 0.5324608087539673, 0.04802108183503151, 0.16589853167533875, 0.04315010830760002, 0.7974503040313721, 0.025121770799160004, 1.4508861303329468, 0.2436782419681549, 0.29423001408576965, 0.14563114941120148, 0.1724000871181488, 0.05339206010103226, 0.12310657650232315, 0.0691785141825676, 0.17357230186462402, 0.13684305548667908, 1.3726530075073242, 0.0, 0.23459690809249878, 0.0008216755813919008, 0.15416304767131805, 0.1762493997812271, 0.00022043743229005486, 0.2062242329120636, 0.4296706020832062, 0.0, 2.078568458557129, 0.5849860906600952, 2.5894033908843994, 0.13650135695934296, 0.2033347338438034, 2.362990617752075, 0.1660289764404297, 0.0, 0.0, 0.06963547319173813, 0.17925356328487396, 0.17392507195472717, 0.004095461685210466, 1.0869368314743042, 0.8223139643669128, 0.06079301983118057, 0.009585754945874214, 0.19562767446041107, 1.0693066120147705, 0.1736237108707428, 0.03442290052771568, 0.1873071789741516, 0.011224888265132904, 0.30734530091285706, 0.6305402517318726, 2.1615495681762695, 0.0, 0.7694936990737915, 0.005432557314634323, 1.9227142333984375, 1.5763510465621948, 0.17691271007061005, 0.2126002162694931, 0.0, 0.2045031636953354, 1.525368332862854, 0.6961988210678101, 0.6153416633605957, 0.3521949350833893, 0.2340288758277893, 1.1684921979904175, 0.03621729463338852, 0.00871309358626604, 0.049954600632190704, 0.05350564420223236, 0.021089591085910797, 1.0876282453536987, 0.09498901665210724, 0.0005209153750911355, 0.0, 0.06717664003372192, 0.0014538278337568045, 0.0615936815738678, 0.7226700186729431, 0.0632186308503151, 0.16406938433647156, 0.015540417283773422, 0.10682086646556854, 0.07780217379331589, 0.02239573560655117, 0.03363123536109924, 0.0, 0.0, 0.05532446131110191, 0.00860847719013691, 0.45078784227371216, 1.899850606918335, 0.12370357662439346, 1.980466604232788, 1.364983081817627, 0.30700013041496277, 2.4438252449035645, 0.49320822954177856, 0.18967050313949585, 0.9904866218566895, 1.4529646635055542, 0.6863979697227478, 0.4795907437801361, 2.1139848232269287, 0.24196365475654602, 0.16762235760688782, 0.40193498134613037, 0.08169110864400864, 0.031900253146886826, 0.34558534622192383, 0.020814428105950356, 0.3137279152870178, 0.011205736547708511, 0.47499194741249084, 0.6848729252815247, 0.07533585280179977, 1.391097903251648, 0.08051672577857971, 2.1237165927886963, 0.2580239772796631, 0.4632011353969574, 0.29485437273979187, 0.03825564682483673, 0.19486890733242035, 0.003999272361397743, 0.010171894915401936, 0.049070268869400024, 0.3184695243835449, 0.09573155641555786, 0.014273930341005325, 0.09392442554235458, 0.250525563955307, 0.44125014543533325, 1.7139112949371338, 1.4953653812408447, 0.6912218928337097, 0.2341175228357315, 0.14717456698417664, 0.15913233160972595, 4.106258869171143, 1.428774356842041, 0.30850812792778015, 0.0, 0.0, 0.22562022507190704, 0.15268516540527344, 0.003434285754337907, 0.153140589594841, 0.7981488704681396, 0.05231645703315735, 2.403230667114258, 1.546646237373352, 0.009808043949306011, 0.1557387113571167, 0.968529224395752, 0.04043915867805481, 0.0, 0.3221342861652374, 1.5912461280822754, 0.1676294505596161, 0.9644520878791809, 0.0, 0.41835781931877136, 0.1580580621957779, 1.3954341411590576, 0.003693972248584032, 0.05362871661782265, 0.46444687247276306, 0.20165877044200897, 0.5583254098892212, 0.0015162593917921185, 0.24342983961105347, 0.05856742709875107, 0.46479135751724243, 1.0307230949401855, 0.016348902136087418, 0.10417830944061279, 0.024709921330213547, 0.21249127388000488, 0.7389976382255554, 0.11854490637779236, 0.8389897346496582, 0.5053477883338928, 0.3327220678329468, 0.13212835788726807, 0.26295170187950134, 0.18723322451114655, 0.26835909485816956, 0.0018225129460915923, 1.000921607017517, 2.8811094760894775, 0.0018457806436344981, 0.0, 0.0, 0.06974045187234879, 0.0, 1.2736258506774902, 0.0, 0.16024470329284668, 0.44488078355789185, 1.7419850826263428, 0.43213120102882385, 0.968894898891449, 0.30839601159095764, 2.7688703536987305, 0.10365237295627594, 1.429548740386963, 0.008762462064623833, 0.8309178948402405, 0.5494641065597534, 0.0015214754967018962, 0.02170916274189949, 0.38065922260284424, 0.00914458092302084, 0.14035744965076447, 1.8452666997909546, 1.0127605199813843, 0.14947502315044403, 0.19116637110710144, 1.2943775653839111, 0.5261274576187134, 1.9225627183914185, 0.16746515035629272, 0.06634411215782166, 0.046161092817783356, 0.0923798456788063, 0.29696276783943176, 0.5050550699234009, 0.2432052046060562, 0.5430082082748413, 0.16320815682411194, 0.7172536849975586, 0.3030950129032135, 0.8670926690101624, 0.0, 0.0, 0.9227543473243713, 0.39806386828422546, 0.09844478219747543, 0.8858380317687988, 0.0, 0.0, 0.4536781311035156, 0.2943178713321686, 1.1762499809265137, 1.0880895853042603, 0.41376206278800964, 0.6977851986885071, 0.40878283977508545, 0.0, 1.1311134099960327, 0.06943061202764511, 0.19169147312641144, 0.0, 1.143263816833496, 0.4156332314014435, 1.3470820188522339, 1.0159826278686523, 0.04699622839689255, 0.020212016999721527, 0.0, 0.6110560894012451, 0.6332497000694275, 1.7204804420471191, 0.12673093378543854, 0.0, 0.7977520823478699, 0.13716426491737366, 0.3366943597793579, 0.38852381706237793, 0.2185785472393036, 0.0817331001162529, 1.0322177410125732, 1.425675392150879, 0.01690019480884075, 1.260530948638916, 0.1631123423576355, 0.8301056027412415, 0.5777508616447449, 0.0, 0.9962770342826843, 0.013966361060738564, 0.07872698456048965, 0.7405190467834473, 0.2773061692714691, 1.8352593183517456, 1.455609679222107, 0.651637077331543, 1.1254527568817139, 0.18849241733551025, 0.00913296639919281, 0.0, 0.276378333568573, 1.756683349609375, 0.026748960837721825, 0.014989317394793034, 0.08990786224603653, 1.7144572734832764, 0.0, 0.41994017362594604, 1.768389344215393, 0.8981279730796814, 1.272779107093811, 0.19254960119724274, 0.5267767906188965, 0.43128880858421326, 0.8555877804756165, 0.302147775888443, 4.719363689422607, 0.09715451300144196, 3.4572997093200684, 1.7302753925323486, 0.020406197756528854, 0.1747807413339615, 0.08266916126012802, 0.0, 0.10284315794706345, 0.04571056365966797, 0.31425145268440247, 0.23454469442367554, 0.3755306601524353, 0.06087064743041992, 1.4531749486923218, 2.345196485519409, 0.0, 0.055629778653383255, 0.007941722869873047, 0.03797834366559982, 0.37401044368743896, 2.8968191146850586, 0.0, 0.015605396591126919, 0.0179575365036726, 0.0, 0.02055726759135723, 0.07412730157375336, 0.36852583289146423, 0.5443809032440186, 0.04428478330373764, 0.02651972882449627, 0.17909349501132965, 0.0, 0.4742799997329712, 2.91774320602417, 0.10960105806589127, 0.06356808543205261, 0.8798978328704834, 0.14327724277973175, 0.0, 0.8763495683670044, 0.48029229044914246, 0.0021995913702994585, 1.0531985759735107, 0.231778085231781, 0.6150985360145569, 0.4170801341533661, 0.9186919927597046, 0.02258533425629139, 0.05654818192124367, 0.0, 0.24774706363677979, 0.0633246973156929, 0.10416079312562943, 4.422421932220459, 0.9201202392578125, 0.8827534914016724, 0.0, 0.5668678879737854, 0.10785268992185593, 2.0765881538391113, 0.15289181470870972, 0.8619998097419739, 1.4205399751663208, 0.554507851600647, 0.03726394474506378, 0.8346436023712158, 1.043688416481018, 0.0, 0.44309428334236145, 0.05195865407586098, 1.5714497566223145, 0.25446367263793945, 1.0424420833587646, 0.0, 0.23836547136306763, 0.33691278100013733, 0.014902782626450062, 0.4082772433757782, 0.0, 0.01028501521795988, 0.0012602636124938726, 0.6683040261268616, 0.09650211036205292, 3.7163500785827637, 0.5991615056991577, 1.020218849182129, 0.030577722936868668, 0.0, 3.2714250087738037, 0.0, 0.03280401974916458, 2.093163013458252, 0.10955218970775604, 0.20959064364433289, 0.02935369871556759, 0.0, 0.5854658484458923, 1.715519666671753, 0.0, 0.24974270164966583, 0.8082183599472046, 0.0, 0.4831152856349945, 0.14401187002658844, 0.08060169965028763, 0.7663082480430603, 0.10657691210508347, 0.3521324098110199, 0.9484280943870544, 1.1022077798843384, 0.7586240768432617, 0.13697366416454315, 0.2382458597421646, 0.6276260018348694, 0.11606667935848236, 0.4344211518764496, 0.09903964400291443, 0.03460359200835228, 0.18758679926395416, 1.5105109214782715, 0.20618633925914764, 0.009756910614669323, 0.329749196767807, 0.014500661753118038, 0.15117260813713074, 0.4784609079360962, 0.0, 0.2822214365005493, 0.5822134017944336, 0.27306634187698364, 0.152998149394989, 0.5893042683601379, 0.211846724152565, 0.049236297607421875, 0.0, 0.05523506551980972, 0.21196450293064117, 0.8421599864959717, 0.07465098053216934, 0.3317790925502777, 1.1496015787124634, 0.1618819236755371, 0.06038597598671913, 0.1731315553188324, 0.057085756212472916, 0.30074572563171387, 0.09884538501501083, 2.327430248260498, 0.3587619960308075, 1.323256015777588, 0.663982093334198, 0.7116460800170898, 0.16299474239349365, 0.06995200365781784, 0.0034699367824941874, 0.3564103841781616, 0.34703803062438965, 0.009032431989908218, 0.16620399057865143, 0.005648284684866667, 0.18580923974514008, 0.0, 3.5189483165740967, 0.052883781492710114, 1.3554998636245728, 1.5490083694458008, 0.0, 0.241319477558136, 2.0395913124084473, 0.0, 0.46549296379089355, 0.046745654195547104, 0.5306388735771179, 0.02539340779185295, 0.0714406743645668, 0.3522772192955017, 0.0, 0.44168636202812195, 0.3829740285873413, 1.2300536632537842, 0.18897412717342377, 0.07944823056459427, 1.0697027444839478, 0.18914398550987244, 2.069020986557007, 1.1584830284118652, 0.6012967824935913, 0.6636523604393005, 1.228106141090393, 0.11082503199577332, 1.7908720970153809, 0.6727030873298645, 3.078615665435791, 0.0, 0.27268967032432556, 0.011913340538740158, 0.044677168130874634, 0.8760743141174316, 0.03964165225625038, 0.006151520647108555, 1.2596391439437866, 0.13981981575489044, 0.6659941673278809, 1.477159023284912, 0.23036237061023712, 0.18032392859458923, 0.005747105460613966, 1.0852802991867065, 0.20792585611343384, 0.0, 0.4346662163734436, 0.017905108630657196, 0.25553208589553833, 0.7734324336051941, 0.8767030835151672, 0.35158053040504456, 0.547290027141571, 0.12716366350650787, 2.0182244777679443, 1.0591195821762085, 0.4868668019771576, 0.14881299436092377, 0.08213666081428528, 0.17624545097351074, 0.1968240886926651, 0.011878538876771927, 1.6871758699417114, 0.0, 0.13061079382896423, 0.017807677388191223, 0.14678694307804108, 0.001072348328307271, 0.2075672596693039, 0.02551846392452717, 0.04959172010421753, 0.22651010751724243, 0.6037545800209045, 0.07615784555673599, 0.046627726405858994, 0.061006926000118256, 0.48403817415237427, 1.2346014976501465, 0.011059839278459549, 0.11475858837366104, 0.4403489828109741, 0.4713117778301239, 0.33837854862213135, 0.2116982787847519, 0.0, 0.5232322812080383, 0.10195156186819077, 0.10778407752513885, 0.11178084462881088, 0.2768799662590027, 0.7728024125099182, 1.905853271484375, 0.23046638071537018, 0.7686678171157837, 0.0020429310388863087, 0.17871125042438507, 0.2541360557079315, 0.2750333845615387, 0.015116100199520588, 0.18184705078601837, 0.6763691306114197, 1.5097969770431519, 0.7670040726661682, 1.413371205329895, 0.26285478472709656, 1.9645534753799438, 0.3738595247268677, 2.827071189880371, 3.127608060836792, 0.112465500831604, 0.1799781322479248, 0.18657417595386505, 0.0, 0.16470015048980713, 5.031702041625977, 0.008816276676952839, 0.016498176380991936, 0.11488895118236542, 0.03814465552568436, 0.4433743357658386, 0.0, 0.37235283851623535, 0.34029653668403625, 0.025249116122722626, 0.7980188727378845, 0.23219642043113708, 1.775148868560791, 0.2931702733039856, 0.03342004865407944, 1.3242267370224, 0.04544472321867943, 0.17245538532733917, 0.8376635313034058, 0.28582629561424255, 0.46382880210876465, 0.33183926343917847, 0.0026518958620727062, 0.0, 0.005318393465131521, 0.6762944459915161, 1.976511001586914, 1.1278996467590332, 0.0, 0.847563624382019, 0.0, 1.3853496313095093, 0.04827342554926872, 0.08526691794395447, 1.8398075103759766, 0.5972288846969604, 0.03272959589958191, 0.0, 0.09954500943422318, 0.057268496602773666, 0.6946352124214172, 0.5314688682556152, 0.10087285935878754, 0.019190257415175438, 0.026558788493275642, 0.12674859166145325, 0.0024314899928867817, 0.11941225826740265, 0.49965569376945496, 0.004174550995230675, 0.043966956436634064, 0.566705584526062, 0.19504360854625702, 0.0, 0.03352230787277222, 0.23687919974327087, 0.3177925646305084, 0.11420150846242905, 0.5612126588821411, 0.5416792035102844, 0.3099166750907898, 0.014190610498189926, 0.05940471962094307, 0.028456775471568108, 0.011137930676341057, 0.17475631833076477, 0.5228233337402344, 0.055314403027296066, 0.34345540404319763, 0.9102097153663635, 0.06771738827228546, 0.11289940774440765, 0.009533151984214783, 0.049862101674079895, 0.0, 0.4920080006122589, 0.07044953107833862, 0.17879244685173035, 0.5515505075454712, 0.024147184565663338, 0.0017918178346008062, 0.25343936681747437, 0.12434708327054977, 0.31223785877227783, 0.0, 1.9742612838745117, 0.14598073065280914, 0.19062526524066925, 0.7802320718765259, 0.023332366719841957, 0.055449314415454865, 0.08740557730197906, 0.0720725804567337, 0.3261836767196655, 0.1698664426803589, 0.8427858352661133, 1.6234978437423706, 0.04062345623970032, 0.048867061734199524, 0.23453885316848755, 0.02031099610030651, 0.8973740339279175, 0.3330915868282318, 0.3505818545818329, 0.20990519225597382, 1.1679407358169556, 0.21989691257476807, 0.3287214934825897, 0.004105383064597845, 0.2728620171546936, 0.08156570792198181, 0.1332121044397354, 0.07245633006095886, 0.320268452167511, 0.5662018060684204, 0.15036706626415253, 0.4822532832622528, 0.16633592545986176, 0.261049747467041, 0.12712281942367554, 0.02568497508764267, 0.0, 0.006218253169208765, 0.5564320683479309, 0.19296447932720184, 0.0007841757615096867, 0.7920762896537781, 0.019554760307073593, 0.05472784489393234, 2.9583041667938232, 0.2060101181268692, 0.054986417293548584, 0.5568655133247375, 0.09780620038509369, 0.0290448609739542, 0.03174299746751785, 0.0, 0.2722271978855133, 0.0, 0.5177233219146729, 0.14315052330493927, 0.41868630051612854, 0.9397666454315186, 0.7614057064056396, 0.07741021364927292, 0.0, 0.05885259062051773, 0.6741505265235901, 0.03838075324892998, 3.9486284255981445, 0.052758291363716125, 0.11702661961317062, 0.043396659195423126, 0.0, 0.011779391206800938, 1.0771161317825317, 0.008591647259891033, 1.0369981527328491, 0.0, 0.06944901496171951, 0.025180945172905922, 0.007977831177413464, 0.6453678607940674, 0.16462166607379913, 0.342298299074173, 0.0758097693324089, 0.4792875051498413, 0.0, 0.3126875162124634, 0.4508005678653717, 2.090562105178833, 1.629555583000183, 0.49974533915519714, 2.6198549270629883, 1.8644078969955444, 0.0635261982679367, 0.263060599565506, 0.04901937395334244, 1.4769287109375, 0.23821060359477997, 0.1917048841714859, 0.03460074961185455, 0.2794882357120514, 0.0, 0.1489517092704773, 0.5913744568824768, 0.14868122339248657, 0.06883016973733902, 0.18187838792800903, 1.1314613819122314, 0.08026911318302155, 1.0902620553970337, 0.3797624111175537, 0.34453192353248596, 0.8103209733963013, 0.4734669625759125, 0.3880594074726105, 0.4444875121116638, 0.3110414743423462, 0.0, 0.41106143593788147, 1.140400767326355, 0.5149813890457153, 0.06901678442955017, 0.0, 0.16461403667926788, 0.9793666005134583, 0.7556920051574707, 0.729870617389679, 1.7460576295852661, 0.08432082831859589, 0.02910679392516613, 0.8271474242210388, 0.07219026237726212, 0.23301498591899872, 3.2477853298187256, 0.6101219654083252, 0.05001457780599594, 0.12123065441846848, 0.30072325468063354, 0.17702288925647736, 0.0740056112408638, 1.5831185579299927, 0.0, 2.0694925785064697, 0.6791092157363892, 0.5381810665130615, 0.03927416354417801, 0.17919614911079407, 0.740184485912323, 0.0, 0.31148096919059753, 0.21759968996047974, 0.009127923287451267, 0.5337010025978088, 0.10880972445011139, 0.8308988213539124, 0.0, 0.2609410285949707, 2.8961567878723145, 0.210572749376297, 0.4266144633293152, 0.6982378959655762, 2.323018789291382, 0.41412344574928284, 0.07123161107301712, 0.14331035315990448, 1.1107053756713867, 0.03688366711139679, 0.0, 0.0, 5.437027454376221, 0.01750977151095867, 0.06625978648662567, 0.03536487743258476, 0.8749051690101624, 0.22935448586940765, 0.0, 0.4669281840324402, 0.08190715312957764, 2.521960735321045, 0.38313028216362, 0.1405353993177414, 0.5788275599479675, 0.1521734893321991, 0.0, 0.19488932192325592, 0.23637276887893677, 0.06253257393836975, 0.0, 0.0, 0.18162114918231964, 0.11004607379436493, 0.4557286500930786, 1.1075280904769897, 0.048984065651893616, 0.5695006847381592, 0.40318793058395386, 1.0638008117675781, 0.0639880895614624, 0.8852587938308716, 0.04502607509493828, 0.9404636025428772, 0.05250769108533859, 0.28370338678359985, 0.2413150817155838, 2.218728542327881, 0.22660808265209198, 0.026970425620675087, 0.6269729733467102, 0.057479701936244965, 0.4515201151371002, 0.6739274859428406, 1.3110624551773071, 0.10127461701631546, 0.14848582446575165, 0.05795113742351532, 0.0055246208794415, 0.020067837089300156, 0.07794080674648285, 0.10175850987434387, 0.01568623259663582, 0.14381100237369537, 2.7564024925231934, 0.0048978133127093315, 0.5170649290084839, 0.27377012372016907, 0.148870050907135, 0.0809270516037941, 1.667188048362732, 0.4672619104385376, 0.015045487321913242, 0.035012386739254, 0.18685519695281982, 2.3336830139160156, 0.10363449156284332, 0.0, 0.4592296779155731, 0.022805610671639442, 0.024674659594893456, 0.1364637166261673, 1.0548629760742188, 0.39859288930892944, 0.2701348066329956, 0.8685669302940369, 0.05628206208348274, 0.12670885026454926, 0.1522454172372818, 0.0, 0.8116485476493835, 0.10945327579975128, 0.04538964107632637, 0.5848638415336609, 0.0, 0.4787086546421051, 2.4166886806488037, 0.5549305081367493, 0.0, 0.6630724668502808, 0.38249918818473816, 0.44384509325027466, 0.0, 0.0, 0.00684765400364995, 0.10242604464292526, 0.34472328424453735, 0.06397848576307297, 0.03661874681711197, 1.0046292543411255, 0.015259071253240108, 0.0038169913459569216, 0.0, 0.8127808570861816, 0.0791061595082283, 1.164929747581482, 0.0, 0.2052018642425537, 0.0, 0.04766349494457245, 0.30719053745269775, 0.0, 0.0016168915899470448, 0.15377280116081238, 0.006598759442567825, 0.045946694910526276, 0.23744797706604004, 0.03604530170559883, 0.13404028117656708, 2.7608160972595215, 0.32560375332832336, 0.9760619401931763, 0.970517635345459, 1.8902136087417603, 0.050671420991420746, 0.10060128569602966, 0.2628929913043976, 0.09494006633758545, 0.019430682063102722, 0.20496971905231476, 0.0, 0.6308045387268066, 0.15077249705791473, 0.4347018897533417, 0.7787317633628845, 1.369284749031067, 0.05736822634935379, 1.4821163415908813, 0.4647161662578583, 0.08112841844558716, 0.4823687672615051, 2.2332828044891357, 0.13330096006393433, 0.0, 0.0037732271011918783, 0.12220178544521332, 0.0, 0.0007225031731650233, 1.0466792583465576, 0.0, 0.14502036571502686, 0.4591045677661896, 0.0, 0.18756067752838135, 0.335176557302475, 0.08207499980926514, 0.3151548206806183, 0.8912162184715271, 0.45133158564567566, 0.006044215057045221, 0.7172434329986572, 1.2405004501342773, 0.08250544220209122, 0.5796013474464417, 0.12200674414634705, 2.1634325981140137, 0.2973036766052246, 0.09559337794780731, 0.5621209144592285, 0.17818458378314972, 1.2946887016296387, 1.4473012685775757, 0.00017749532707966864, 0.2765694558620453, 0.05643022432923317, 0.0, 0.020066143944859505, 0.00010510853462619707, 0.1343173235654831, 0.03796153515577316, 0.5264061689376831, 0.19038817286491394, 0.05924079939723015, 0.016376394778490067, 0.31379595398902893, 0.13178035616874695, 1.5420187711715698, 3.0361807346343994, 0.10423823446035385, 0.0, 0.13720373809337616, 0.0, 0.0, 0.013714357279241085, 0.007229002192616463, 0.03229942172765732, 0.0, 1.4555130004882812, 0.0006341958651319146, 0.028247341513633728, 0.14340877532958984, 0.7915305495262146, 0.18438401818275452, 0.24225406348705292, 0.6274926662445068, 0.46597927808761597, 0.000628758454695344, 0.5210109353065491, 1.191542625427246, 0.016584359109401703, 0.2749205529689789, 0.013426600955426693, 0.15679872035980225, 0.4344620704650879, 1.492903709411621, 0.013055214658379555, 0.2538091242313385, 2.248412847518921, 0.3704853355884552, 0.686421275138855, 0.36373671889305115, 0.18041497468948364, 0.2518998384475708, 0.09608723968267441, 0.2214607298374176, 0.016210278496146202, 0.0031699014361947775, 0.1420668363571167, 0.5276728868484497, 0.44398316740989685, 0.06363086402416229, 0.4291231632232666, 0.713721752166748, 0.2939882278442383, 0.0, 0.991936445236206, 0.32352882623672485, 0.0, 0.0, 0.42149609327316284, 0.18365880846977234, 0.8710246086120605, 0.0, 3.1480538845062256, 0.0, 1.4471089839935303, 0.4097881019115448, 0.3652506172657013, 0.03645817190408707, 1.2059179544448853, 0.19525349140167236, 0.08876871317625046, 0.4449857473373413, 0.017517466098070145, 0.024498268961906433, 0.7903724312782288, 0.3982531428337097, 1.0705357789993286, 0.013321885839104652, 0.0, 0.0, 0.11493494361639023, 0.04617031291127205, 0.27438101172447205, 0.14153558015823364, 0.12610578536987305, 2.907712459564209, 0.2983507215976715, 0.8075641989707947, 1.3854867219924927, 0.13374841213226318, 0.17803695797920227, 0.2701895236968994, 0.040431130677461624, 0.060451939702034, 0.8335745930671692, 0.08497078716754913, 0.0, 0.5407025218009949, 0.5283914804458618, 1.4069201946258545, 2.0574121475219727, 0.16719084978103638, 0.36445337533950806, 0.7713243961334229, 0.4135277271270752, 0.18843644857406616, 0.1334802210330963, 0.6069380044937134, 0.613304615020752, 0.0, 0.0, 2.2709567546844482, 0.009480379521846771, 0.6083434224128723, 0.040246158838272095, 0.7916144728660583, 2.4787919521331787, 0.29883500933647156, 0.10862836986780167, 0.12473415583372116, 0.024602362886071205, 0.5175870656967163, 0.3582776188850403, 0.03944389149546623, 1.1527001857757568, 0.3626716136932373, 0.014186272397637367, 2.185102701187134, 0.6014711856842041, 0.18467915058135986, 0.24968844652175903, 0.0, 0.23022206127643585, 0.0, 0.0, 0.0683932825922966, 0.0, 0.3482387065887451, 0.3345285654067993, 0.09385491162538528, 0.12052300572395325, 0.10566425323486328, 0.6570464968681335, 0.0, 0.013390840031206608, 0.5246624946594238, 0.2903527319431305, 1.4023443460464478, 0.5306622385978699, 0.1114058569073677, 0.14021843671798706, 0.42186346650123596, 0.07469727098941803, 1.5344839096069336, 0.0, 0.0, 0.005071298219263554, 0.2964303493499756, 0.028766607865691185, 0.44942864775657654, 0.1256210058927536, 0.946619987487793, 0.10052280873060226, 0.23515763878822327, 0.5000274181365967, 0.17041681706905365, 0.0, 0.0, 0.16708461940288544, 0.48448070883750916, 0.0, 0.13101431727409363, 0.3803131580352783, 0.0662393644452095, 2.086313486099243, 0.0016414291458204389, 0.004437629133462906, 0.03210211172699928, 0.6288102269172668, 0.3743929862976074, 0.08269685506820679, 1.413859486579895, 0.06236889958381653, 0.0050147357396781445, 0.0, 0.0, 0.11134614050388336, 0.6526003479957581, 0.0, 0.3414822518825531, 0.6106888651847839, 0.0, 1.957450270652771, 0.17721405625343323, 0.07686488330364227, 0.03392087295651436, 0.2297791838645935, 0.2604590654373169, 0.008827331475913525, 0.15721118450164795, 0.0, 1.4936071634292603, 0.3063271641731262, 1.4155198335647583, 0.16672927141189575, 1.530268907546997, 1.1193516254425049, 0.44768744707107544, 1.8539304733276367, 0.024969860911369324, 0.030165409669280052, 0.7522395253181458, 0.3852344751358032, 1.14699125289917, 1.2144352197647095, 1.7347135543823242, 0.0035273104440420866, 0.0, 1.1565464735031128, 0.15484429895877838, 0.0, 0.0, 0.010153614915907383, 0.38922184705734253, 0.0, 0.48446375131607056, 0.1041463315486908, 0.0, 0.10127468407154083, 0.2941146492958069, 0.0, 0.012085957452654839, 0.08269461989402771, 1.0109678506851196, 0.06568701565265656, 0.0046646180562675, 0.12186852097511292, 0.9618331789970398, 0.8201396465301514, 0.17037762701511383, 0.4130389094352722, 0.3708456754684448, 0.02045505866408348, 2.351271867752075, 0.027946291491389275, 0.6038117408752441, 0.8412375450134277, 1.918760061264038, 0.3825867772102356, 0.05553506314754486, 0.0, 0.24765631556510925, 0.5636495351791382, 0.011064223013818264, 1.1660354137420654, 0.004417302552610636, 0.028327032923698425, 0.12463801354169846, 0.0458393469452858, 3.2356560230255127, 0.9661754965782166, 0.33653396368026733, 0.0011679761810228229, 0.0, 1.5264344215393066, 0.7047287225723267, 0.2018873691558838, 0.006427083630114794, 0.5064735412597656, 0.07056967169046402, 0.4665672779083252, 0.9673195481300354, 0.0, 0.024738742038607597, 0.09343680739402771, 0.017364079132676125, 0.32722780108451843, 0.0, 0.13568010926246643, 0.41750025749206543, 0.24977290630340576, 0.2883114516735077, 0.40633097290992737, 0.015771111473441124, 0.020673051476478577, 0.23018266260623932, 0.422992080450058, 1.802625060081482, 0.1276295781135559, 0.28454872965812683, 0.04524035379290581, 0.22457349300384521, 0.017505811527371407, 0.007002314552664757, 0.5269415974617004, 1.2815728187561035, 0.11071562021970749, 0.0, 8.820901870727539, 0.008205374702811241, 0.26251107454299927, 0.19558581709861755, 1.3143199682235718, 0.1209268793463707, 0.0761660784482956, 1.600447654724121, 0.0, 0.174923375248909, 0.3224463164806366, 1.6550689935684204, 1.5310454368591309, 0.0, 0.22829066216945648, 0.15349633991718292, 0.011539368890225887, 0.2625183165073395, 0.0, 0.2894875407218933, 0.034925710409879684, 0.8380107283592224, 0.0, 0.05004684254527092, 0.19876106083393097, 0.014856136403977871, 0.0, 0.49884647130966187, 0.7122915387153625, 0.014121702872216702, 0.03228004276752472, 0.16242267191410065, 0.029351944103837013, 0.03138710930943489, 4.046347618103027, 0.03314351662993431, 0.27204060554504395, 0.1717405468225479, 0.6140901446342468, 0.4186810851097107, 0.25345203280448914, 0.7809255123138428, 0.7491956949234009, 1.0698034763336182, 0.5454748868942261, 0.18548882007598877, 0.003409565659239888, 0.0, 0.027643762528896332, 0.21884003281593323, 2.4331650733947754, 0.2110217809677124, 3.4797756671905518, 0.4309987723827362, 0.13659259676933289, 0.16241183876991272, 0.6582968831062317, 0.012535289861261845, 1.3070526123046875, 0.21656949818134308, 0.9485712051391602, 1.6889764070510864, 0.5918503403663635, 0.35455143451690674, 0.00732669560238719, 0.04035313054919243, 0.07664735615253448, 0.5054105520248413, 0.0038420814089477062, 0.1525178700685501, 0.06055572256445885, 0.08837489783763885, 0.840050995349884, 0.27734535932540894, 0.7823328971862793, 0.7627566456794739, 0.30215898156166077, 0.1287464052438736, 0.744414746761322, 0.2821583151817322, 0.08596305549144745, 0.32560208439826965, 0.06207888573408127, 0.0297541543841362, 0.02005169354379177, 0.027790414169430733, 0.034735772758722305, 0.024165786802768707, 0.16866792738437653, 0.997632622718811, 0.1439269483089447, 0.2732158601284027, 0.2676946818828583, 0.0, 2.2328407764434814, 1.124551773071289, 0.07512180507183075, 0.722625732421875, 0.03022793121635914, 0.0, 0.3096385598182678, 0.3002736568450928, 0.03199846297502518, 0.5668652057647705, 1.7121847867965698, 0.48238605260849, 0.023275408893823624, 1.8006442785263062, 2.9328174591064453, 1.1898908615112305, 0.0958542749285698, 0.02625868283212185, 0.0, 0.04356706514954567, 0.12789089977741241, 0.0014467774890363216, 0.4116678833961487, 1.877712607383728, 0.031138762831687927, 0.8637576103210449, 0.16526514291763306, 0.6500945687294006, 1.0826406478881836, 0.01642739586532116, 0.5095793008804321, 1.9688960313796997, 0.02522943913936615, 0.6854795217514038, 0.6804803609848022, 0.9610333442687988, 0.4988539516925812, 0.09627208858728409, 0.0, 0.0005409985315054655, 0.5877079367637634, 0.0, 0.20797838270664215, 0.08187535405158997, 0.014588428661227226, 0.0, 0.26297587156295776, 0.2328309416770935, 1.0603735446929932, 0.10290694981813431, 0.9040827751159668, 0.23996424674987793, 3.2618842124938965, 0.2921278476715088, 0.0, 2.3300724029541016, 0.9146766662597656, 2.4597198963165283, 0.3373308777809143, 0.021832037717103958, 0.28951945900917053, 0.04748808592557907, 0.826629102230072, 0.04643798992037773, 0.7631358504295349, 2.243757724761963, 0.20961295068264008, 0.11521924287080765, 1.7943333387374878, 0.5497652292251587, 0.08534988015890121, 2.6664161682128906, 0.12576329708099365, 0.1202862411737442, 0.017279688268899918, 1.9359817504882812, 0.40090200304985046, 0.4302932918071747, 0.6428865194320679, 0.30484768748283386, 1.5765116214752197, 0.5345770120620728, 2.3703629970550537, 0.9803250432014465, 0.5549962520599365, 0.2065635472536087, 0.06329220533370972, 0.40424686670303345, 0.002904322696849704, 0.05626574903726578, 5.387200355529785, 0.722645103931427, 0.0, 0.17111454904079437, 0.15409734845161438, 0.7093005776405334, 0.0911535695195198, 0.13088887929916382, 2.6819024085998535, 0.3208591341972351, 0.17489293217658997, 0.18395139276981354, 0.6906846761703491, 0.19925189018249512, 0.4578542411327362, 1.3676377534866333, 0.0, 0.11700179427862167, 0.0, 0.10693221539258957, 0.9502850770950317, 1.1662012338638306, 0.07813305407762527, 0.11859738081693649, 0.016875486820936203, 0.02421295829117298, 0.004312802106142044, 0.380321741104126, 0.016102157533168793, 0.4686870276927948, 0.023803291842341423, 1.1006683111190796, 0.0019210455939173698, 0.0, 0.6383824348449707, 0.2076687514781952, 0.10762903839349747, 1.7473576068878174, 0.0, 0.0, 3.1146674156188965, 0.3506622612476349]",Testing/glioma_tumor/image(71).jpg
"[0.5069928765296936, 0.86184161901474, 0.0, 1.1530554294586182, 1.036747932434082, 0.5331587791442871, 2.5153515338897705, 0.037445925176143646, 0.011340501718223095, 0.0, 0.18408308923244476, 0.13337473571300507, 0.8143092393875122, 0.8990816473960876, 0.6732082962989807, 0.08357174694538116, 0.33248814940452576, 1.6652836799621582, 0.8866342306137085, 0.0004323258763179183, 0.9910693168640137, 1.226436734199524, 0.16280703246593475, 0.09557955712080002, 0.009361006319522858, 0.5877833962440491, 1.6465591192245483, 0.27960845828056335, 0.0, 0.034552425146102905, 0.16469991207122803, 0.3144741952419281, 0.33630120754241943, 0.7168623208999634, 1.5178155899047852, 0.24740402400493622, 0.051462747156620026, 0.09486965090036392, 0.107724130153656, 1.3421565294265747, 1.5052422285079956, 2.8596649169921875, 0.3417682647705078, 0.5433651804924011, 0.28294655680656433, 0.01987023465335369, 0.01122981682419777, 0.0, 0.0, 0.2901545464992523, 0.5186377763748169, 0.06568876653909683, 1.1056524515151978, 0.49598032236099243, 1.3651525974273682, 2.6528615951538086, 1.3080687522888184, 0.019297229126095772, 1.197919249534607, 0.0, 0.7235723733901978, 2.2566239833831787, 0.26336464285850525, 0.0951894074678421, 0.28664630651474, 0.12784075736999512, 0.4372957646846771, 0.11892195045948029, 0.0, 0.0, 0.1940474659204483, 0.0006345681031234562, 0.06406101584434509, 1.5019216537475586, 0.02469896711409092, 0.0, 4.506180763244629, 0.43558791279792786, 0.0, 0.35083964467048645, 0.0, 0.06339192390441895, 0.5943259596824646, 0.03711523115634918, 1.8539183139801025, 0.5394831895828247, 2.580653190612793, 0.35759061574935913, 0.0, 0.7700202465057373, 1.6039155721664429, 0.13089784979820251, 1.201278567314148, 1.5067392587661743, 0.1800287663936615, 0.06807716190814972, 0.19343511760234833, 0.596502423286438, 0.3810195028781891, 0.20837737619876862, 1.8343359231948853, 0.3968541920185089, 0.5689656734466553, 0.2641182839870453, 0.22023238241672516, 0.03338917717337608, 0.589273989200592, 0.675761342048645, 0.22282104194164276, 1.7660268545150757, 0.43299600481987, 0.330588698387146, 0.01590356044471264, 0.0011994644301012158, 1.8004636764526367, 0.6890307068824768, 0.09691409766674042, 0.15196402370929718, 0.24031129479408264, 0.4911728799343109, 0.020579727366566658, 0.04789714515209198, 0.0, 0.018077831715345383, 0.6451802253723145, 2.3161749839782715, 0.12554799020290375, 1.0818090438842773, 0.24670574069023132, 0.0, 0.08575702458620071, 0.4119435250759125, 0.8110476136207581, 0.0, 0.12947459518909454, 0.0, 0.3516855835914612, 0.12835538387298584, 0.3076946437358856, 1.0239417552947998, 0.25130853056907654, 1.2743254899978638, 0.06729753315448761, 0.016412049531936646, 0.2771918773651123, 0.9931685924530029, 0.3169318437576294, 2.2257943153381348, 0.5506343245506287, 0.6817967891693115, 1.2061350345611572, 0.2539525628089905, 0.38900405168533325, 0.1278877854347229, 0.10950623452663422, 1.0247918367385864, 0.002952123060822487, 0.08257453143596649, 1.072165608406067, 0.0, 1.3742778301239014, 0.5687028765678406, 0.024329019710421562, 1.4638621807098389, 0.01701413094997406, 0.34151366353034973, 1.198967456817627, 0.4039735198020935, 0.6991379261016846, 8.281407356262207, 1.0782792568206787, 0.0005291675915941596, 0.0, 1.2583043575286865, 2.224039077758789, 0.7460400462150574, 0.05332250893115997, 0.0011029437882825732, 0.31924909353256226, 1.6149495840072632, 0.0, 0.1327979862689972, 0.08011982589960098, 0.05500631779432297, 0.05378945171833038, 0.9767144918441772, 0.013824370689690113, 1.0113451480865479, 0.17862756550312042, 0.062274012714624405, 0.7207975387573242, 0.46583759784698486, 0.004606648348271847, 0.0008437049691565335, 0.104843869805336, 0.02010224759578705, 0.4081404507160187, 0.032050829380750656, 5.3291419135348406e-06, 0.056215763092041016, 0.8470609784126282, 1.7239532470703125, 2.396172285079956, 0.06384899467229843, 2.2460319995880127, 0.005558087024837732, 0.1246839240193367, 0.0, 0.7140762209892273, 1.1921542882919312, 0.3581768870353699, 2.543579578399658, 0.0, 0.7119297385215759, 0.009463626891374588, 0.09130897372961044, 0.44136565923690796, 0.1657591611146927, 0.08717011660337448, 0.010198792442679405, 0.30601590871810913, 0.15419790148735046, 1.16195809841156, 0.16556070744991302, 0.0, 0.09166812896728516, 0.17891176044940948, 0.18733461201190948, 0.9854615926742554, 0.09849835187196732, 0.4892638921737671, 2.0236542224884033, 0.585830569267273, 0.9824193716049194, 1.2931787967681885, 1.2306530475616455, 0.537965714931488, 0.15640884637832642, 0.20863264799118042, 0.09269574284553528, 1.2774481773376465, 0.8350833058357239, 1.6053460836410522, 0.442535400390625, 0.007536377292126417, 0.3657516837120056, 1.5074512958526611, 1.9178532361984253, 0.6865734457969666, 1.7370696067810059, 0.8632653951644897, 0.23927751183509827, 0.2778336703777313, 0.5750590562820435, 0.9394633769989014, 0.9036011099815369, 0.30511459708213806, 0.9329677224159241, 0.021238163113594055, 0.041097525507211685, 0.014493883587419987, 0.22464606165885925, 0.6140800714492798, 0.29590049386024475, 0.0, 0.4987492561340332, 0.07961993664503098, 0.1377335637807846, 0.0, 0.1573447287082672, 0.3297785520553589, 0.4404586851596832, 0.8158457279205322, 0.001957282656803727, 2.5906012058258057, 0.5142263770103455, 0.22690854966640472, 0.3329114317893982, 0.8938524723052979, 0.10887305438518524, 2.684724807739258, 1.1535844802856445, 2.3454363346099854, 1.1146669387817383, 0.710044264793396, 0.24391835927963257, 1.8330718278884888, 0.07830952852964401, 0.7311768531799316, 0.0980820581316948, 0.37616801261901855, 0.8512993454933167, 0.0, 0.9015647172927856, 0.161220982670784, 0.4506925344467163, 0.9232469797134399, 0.14418841898441315, 0.2903370261192322, 0.8117700815200806, 0.27124786376953125, 0.0, 3.9735965728759766, 0.3181033730506897, 1.4739603996276855, 0.026923252269625664, 0.0708075538277626, 0.10897855460643768, 0.4675496816635132, 0.1392209231853485, 0.5134760141372681, 0.7944226861000061, 1.7606322765350342, 0.08836251497268677, 0.15064173936843872, 0.061496470123529434, 0.6457176804542542, 0.07952995598316193, 0.0, 0.05639035254716873, 0.5461143851280212, 2.8530771732330322, 1.6126999855041504, 0.2925819158554077, 2.003931999206543, 0.09120282530784607, 0.0446443110704422, 0.1459067463874817, 4.982067584991455, 1.0593740940093994, 0.4950661063194275, 0.14933209121227264, 1.2482357025146484, 0.9752888679504395, 0.0, 0.20139482617378235, 1.3808099031448364, 0.4834059178829193, 1.90949547290802, 0.3169063925743103, 0.762053370475769, 0.00026719909510575235, 0.0, 0.19044531881809235, 0.0, 0.2718985676765442, 0.38654494285583496, 0.09104818105697632, 0.12845152616500854, 2.2939834594726562, 0.08697760850191116, 0.6118438243865967, 0.6473724842071533, 0.01462898962199688, 0.6569522023200989, 0.018557555973529816, 0.09878222644329071, 0.0, 0.2330213040113449, 0.5648197531700134, 0.020846812054514885, 0.3817636966705322, 1.756940245628357, 0.0693606585264206, 0.6537566184997559, 0.4837847352027893, 0.15917623043060303, 0.0, 1.470167636871338, 0.7135431170463562, 0.1652422547340393, 0.37401172518730164, 0.23698654770851135, 1.505751132965088, 0.14642538130283356, 0.10664662718772888, 2.9075796604156494, 1.2398347854614258, 0.0, 0.24293255805969238, 0.41787829995155334, 0.25577670335769653, 0.46795326471328735, 0.0, 0.0823359563946724, 0.46590521931648254, 4.011049747467041, 1.1599630117416382, 0.0041451784782111645, 0.0, 0.04295770078897476, 0.5007418990135193, 1.4637694358825684, 0.4477967619895935, 1.0163325071334839, 2.3525705337524414, 0.0, 1.9412888288497925, 0.22809602320194244, 0.6652031540870667, 0.0, 0.0, 0.03072413057088852, 0.2323523908853531, 0.049456145614385605, 2.3059866428375244, 0.22839350998401642, 0.4684603810310364, 2.911412239074707, 1.7880436182022095, 0.19115161895751953, 0.047135308384895325, 0.040631990879774094, 0.09481474757194519, 0.217635840177536, 0.6466469764709473, 0.0, 0.3364638388156891, 0.37579408288002014, 0.015756577253341675, 0.5115296840667725, 0.29535311460494995, 1.0058538913726807, 1.3503422737121582, 0.0, 0.2975354790687561, 0.789368748664856, 0.0993688702583313, 0.02198624052107334, 0.07561954855918884, 1.4034911394119263, 0.09876037389039993, 2.1637229919433594, 0.04295894876122475, 6.760528564453125, 0.0, 0.05620058253407478, 1.2348766326904297, 0.35329195857048035, 0.27824878692626953, 0.15192162990570068, 0.0, 0.8834871649742126, 0.0, 0.16746331751346588, 0.10084578394889832, 0.03854396566748619, 1.0237830877304077, 0.19719678163528442, 0.7680850625038147, 0.6970924735069275, 0.13255563378334045, 0.6073514819145203, 0.0, 0.7809793949127197, 0.5533274412155151, 0.4606049954891205, 0.28208833932876587, 0.7756254076957703, 1.545657992362976, 1.8369925022125244, 2.333949565887451, 0.3192959427833557, 0.319489449262619, 0.30596208572387695, 1.5213886499404907, 0.0, 1.0747928619384766, 0.04805690422654152, 0.019140219315886497, 0.5847461819648743, 0.01702243648469448, 0.026315290480852127, 2.6883270740509033, 0.10892102122306824, 0.03195837512612343, 0.5676110982894897, 0.0007964664837345481, 0.0, 1.2692047357559204, 1.442919373512268, 0.32350045442581177, 0.4250319302082062, 0.24692858755588531, 0.1368301957845688, 1.025783658027649, 0.0, 0.0, 0.4595217704772949, 0.37876424193382263, 2.384982109069824, 0.662071943283081, 1.4099836349487305, 0.044035255908966064, 0.880488932132721, 0.009022098034620285, 0.0, 0.12995946407318115, 0.6592172980308533, 0.16645894944667816, 0.10066638886928558, 0.7914866209030151, 0.34497934579849243, 3.339373826980591, 0.0, 0.22386787831783295, 0.21145093441009521, 0.007678601425141096, 0.0705699548125267, 0.3644511103630066, 0.0, 0.21331991255283356, 0.4025097191333771, 0.3012488782405853, 0.36769095063209534, 0.6203732490539551, 1.2457109689712524, 0.2411852926015854, 0.25163665413856506, 0.0070634447038173676, 0.031008116900920868, 3.5410971641540527, 0.0016634464263916016, 0.4544280767440796, 0.15698182582855225, 0.9499163627624512, 0.049151692539453506, 0.0, 0.8860928416252136, 0.9104270935058594, 0.3585761785507202, 0.7801541686058044, 2.0202901363372803, 2.408784866333008, 0.0033046347089111805, 0.03292769938707352, 6.719447612762451, 0.07176794111728668, 2.0269429683685303, 0.07587647438049316, 0.09137420356273651, 0.6347355842590332, 0.2980143427848816, 0.6013809442520142, 2.9243435859680176, 0.8112227916717529, 0.09592840820550919, 0.15003180503845215, 1.1871050596237183, 0.0, 0.640836775302887, 1.3512364625930786, 0.2566956877708435, 0.18983609974384308, 0.29144173860549927, 2.135796070098877, 0.5895448923110962, 0.04422464221715927, 0.23348596692085266, 0.11757482588291168, 2.058677911758423, 0.74280846118927, 0.20762424170970917, 0.10829843580722809, 0.10457964241504669, 0.17248867452144623, 2.0608558654785156, 0.03724177926778793, 1.4867335557937622, 0.5271462202072144, 0.28539249300956726, 0.09304317086935043, 1.1151331663131714, 0.1373496949672699, 0.10697387903928757, 0.29469171166419983, 0.061154354363679886, 0.13768455386161804, 0.025391986593604088, 0.14298704266548157, 2.163698196411133, 0.0, 0.07523167878389359, 0.03382459282875061, 0.0, 0.10645611584186554, 0.2101980298757553, 0.33939045667648315, 0.010045173577964306, 0.010708692483603954, 0.0399632565677166, 0.438631534576416, 0.7730457782745361, 0.2270936369895935, 0.08998271077871323, 0.046222131699323654, 0.5151867866516113, 0.012952422723174095, 0.01799844205379486, 0.6502725481987, 0.3482881784439087, 0.3696615993976593, 4.529759407043457, 0.5427389144897461, 0.18784372508525848, 0.010123821906745434, 1.7568820714950562, 0.2438821792602539, 1.1059457063674927, 1.9054694175720215, 0.40467503666877747, 0.7866765856742859, 0.03658479079604149, 0.14175860583782196, 0.0, 0.34544825553894043, 0.31064164638519287, 0.04414253681898117, 0.059786874800920486, 0.8467361927032471, 2.7047624588012695, 0.3617178499698639, 1.586466908454895, 1.4670078754425049, 0.508567750453949, 0.5871289968490601, 0.3601442575454712, 0.671576976776123, 0.03075011447072029, 0.05800601467490196, 0.0766783282160759, 0.22264832258224487, 0.07090719044208527, 0.20114809274673462, 0.007208483759313822, 0.0, 0.4140332341194153, 0.0971124991774559, 0.11459531635046005, 0.07975205779075623, 3.468994379043579, 0.052888888865709305, 0.0, 0.6589604616165161, 0.0007056776084937155, 1.033810019493103, 4.419055461883545, 0.5201402902603149, 0.04472797363996506, 0.0, 0.26429104804992676, 0.28731799125671387, 0.003668393474072218, 0.004800908267498016, 3.5547895431518555, 2.015223503112793, 0.4567532539367676, 0.1609629988670349, 0.34029072523117065, 0.010486750863492489, 2.0835914611816406, 0.13479198515415192, 0.347430944442749, 0.4267822504043579, 1.6576135158538818, 0.4374240040779114, 4.877620697021484, 0.5735746622085571, 0.012475612573325634, 0.859922468662262, 0.2097756564617157, 0.0, 0.35742515325546265, 0.014156501740217209, 0.07373126596212387, 0.2644996643066406, 0.02300170063972473, 0.12026453763246536, 0.0, 4.0834221839904785, 1.1371490955352783, 0.154359370470047, 0.0, 0.002802196890115738, 2.718611478805542, 0.8708608746528625, 0.2275753617286682, 0.621476948261261, 0.43728700280189514, 0.09216948598623276, 0.3973153829574585, 0.5178300738334656, 0.030709534883499146, 0.0, 0.06027545779943466, 0.7924435138702393, 0.4483361542224884, 0.43730974197387695, 0.27922430634498596, 0.37476131319999695, 0.051147349178791046, 0.13451024889945984, 0.36669260263442993, 0.12878619134426117, 0.6421894431114197, 0.08121258020401001, 0.8983833193778992, 2.2722456455230713, 2.3252172470092773, 0.0, 5.232924938201904, 0.05110657960176468, 0.8760950565338135, 0.0, 0.4989795982837677, 0.04519898071885109, 0.6490590572357178, 0.18581686913967133, 0.3047545552253723, 0.00026594861992634833, 1.0559591054916382, 0.9487345218658447, 0.6727007627487183, 0.09836606681346893, 0.5539811849594116, 0.36368221044540405, 0.5744812488555908, 0.4764942228794098, 0.32789182662963867, 1.0416606664657593, 0.0, 0.0, 0.5360965132713318, 0.15281975269317627, 0.7407875061035156, 0.32802721858024597, 0.5491961240768433, 0.4614087641239166, 1.2427339553833008, 0.02170294150710106, 0.0, 0.20216873288154602, 2.5881125926971436, 0.6027305126190186, 0.0, 0.5332667231559753, 0.13460752367973328, 0.000650447269435972, 0.09580408781766891, 0.07957813888788223, 0.2836872339248657, 0.6273927092552185, 0.3131789267063141, 0.3519752323627472, 2.6406311988830566, 0.3928226828575134, 0.3806663751602173, 0.1908755749464035, 0.1942739337682724, 0.04925820231437683, 0.34468623995780945, 0.31745436787605286, 0.3816116154193878, 1.342337965965271, 0.14453482627868652, 0.47287964820861816, 0.3745134770870209, 0.0, 1.7555304765701294, 0.7121657729148865, 0.08349325507879257, 0.03102126717567444, 0.9401114583015442, 0.24935543537139893, 0.23653848469257355, 0.0, 0.11734192073345184, 0.08166009187698364, 2.314472198486328, 1.7848097085952759, 0.2454093098640442, 1.6632431745529175, 0.27726247906684875, 0.0216338150203228, 0.8855562806129456, 0.20611627399921417, 2.7159619331359863, 0.49180081486701965, 0.8524932861328125, 0.098818838596344, 0.1573004275560379, 1.1987882852554321, 0.18941490352153778, 0.06791044026613235, 0.7061780095100403, 1.5830870866775513, 0.07777729630470276, 0.0, 0.38499194383621216, 0.9273185133934021, 0.0, 0.0, 0.018431518226861954, 2.089754581451416, 0.09798116236925125, 0.3689832091331482, 2.19193172454834, 1.1014152765274048, 0.12523144483566284, 1.4156408309936523, 0.15378627181053162, 0.27744296193122864, 0.717502772808075, 0.09147465229034424, 1.8776732683181763, 0.02274029515683651, 1.4701822996139526, 0.3638777732849121, 0.1960623413324356, 0.10366678237915039, 0.004580395761877298, 1.302903652191162, 1.7962294816970825, 0.015204818919301033, 0.0, 0.8022826313972473, 0.24915942549705505, 0.1391517072916031, 0.27738329768180847, 1.2667008638381958, 0.004147816449403763, 1.5431255102157593, 0.07698006927967072, 0.10665009170770645, 0.2901800572872162, 1.7601395845413208, 0.10562396794557571, 0.0, 0.048819493502378464, 0.4581821858882904, 0.0, 0.004612752236425877, 0.18165506422519684, 1.3164128065109253, 1.1883258819580078, 0.2277531772851944, 0.1371265947818756, 0.11868792772293091, 0.016834083944559097, 1.256966471672058, 1.3120836019515991, 0.04132130742073059, 0.923148512840271, 0.06914367526769638, 0.0, 0.888554036617279, 0.004870003554970026, 0.089615099132061, 0.8843504190444946, 1.4154430627822876, 0.9747530817985535, 1.0907343626022339, 0.14230607450008392, 0.007773589342832565, 0.1258469820022583, 0.5580812692642212, 1.5082590579986572, 1.0068800449371338, 1.080039620399475, 4.2769365310668945, 0.16056345403194427, 0.045504651963710785, 0.014887011609971523, 0.050796348601579666, 1.9236434698104858, 2.2670209407806396, 0.3134440779685974, 1.2543576955795288, 1.3900443315505981, 0.6692825555801392, 0.06635624170303345, 0.5418166518211365, 0.15937946736812592, 0.0, 0.18484224379062653, 0.0022676088847219944, 2.393653154373169, 2.1804733276367188, 0.06470680981874466, 0.0, 0.17151345312595367, 0.1443128138780594, 0.31664738059043884, 0.019057510420680046, 0.19658800959587097, 0.0, 0.39181938767433167, 0.07461223006248474, 0.025726821273565292, 0.4235844612121582, 0.25548434257507324, 0.7242668867111206, 0.07247224450111389, 0.30385342240333557, 4.363201141357422, 0.18745550513267517, 0.2737542688846588, 0.9916599988937378, 1.2210493087768555, 0.12690043449401855, 0.13744305074214935, 0.7141273021697998, 0.1547636240720749, 0.14125041663646698, 0.0, 1.6873642206192017, 1.3389114141464233, 0.12364895641803741, 0.46977174282073975, 0.0, 0.4762429893016815, 0.6529290080070496, 0.24150799214839935, 0.0, 0.030935464426875114, 0.001531077898107469, 0.7678082585334778, 4.131835460662842, 3.4451346397399902, 0.23006515204906464, 0.0, 0.9524906873703003, 1.3990224599838257, 0.08913091570138931, 0.8835822939872742, 1.435543417930603, 0.042181286960840225, 1.0933576822280884, 0.02196093462407589, 0.08872668445110321, 1.2791498899459839, 0.0, 0.2465391755104065, 0.01673254184424877, 0.7545738816261292, 0.07910998165607452, 0.1872193068265915, 0.6275140047073364, 0.025243647396564484, 0.3040192127227783, 0.0, 0.4954352080821991, 0.053424086421728134, 0.022001296281814575, 0.13117238879203796, 0.09936028718948364, 0.006864781491458416, 1.4905201196670532, 0.4076066315174103, 0.0, 0.30640682578086853, 0.0, 0.03722279891371727, 0.3935695290565491, 0.282243013381958, 3.5364115238189697, 0.44504499435424805, 0.5434072613716125, 0.9704765677452087, 0.0, 0.0, 2.5861082077026367, 0.08708938956260681, 0.38854676485061646, 0.2058308869600296, 0.4976426661014557, 0.6233742833137512, 0.023512737825512886, 1.6043473482131958, 0.0, 0.5704888105392456, 0.7580820322036743, 0.5613036155700684, 0.33283063769340515, 1.3539735078811646, 0.0, 0.6759963631629944, 0.0189776960760355, 0.859251081943512, 0.16384264826774597, 0.5092208385467529, 0.4020616114139557, 0.022212106734514236, 1.2370848655700684, 0.09176511317491531, 0.045130401849746704, 0.06366842985153198, 0.06455851346254349, 0.28041329979896545, 0.11257967352867126, 3.605099678039551, 1.2600780725479126, 0.9952186346054077, 0.3216403126716614, 0.6245458722114563, 5.453232765197754, 0.8506142497062683, 0.40114825963974, 1.7036596536636353, 0.0690092220902443, 0.4047982096672058, 0.014398671686649323, 3.355201482772827, 5.494919776916504, 0.2446029782295227, 0.284365177154541, 0.13195277750492096, 0.01771840825676918, 0.5791626572608948, 1.4086679220199585, 0.1679079532623291, 0.09388501197099686, 0.0, 0.2412537783384323, 0.12383206188678741, 0.6549062132835388, 0.0018218463519588113, 0.2684269845485687, 0.10485117137432098, 0.3276408910751343, 0.04850335046648979, 0.32618188858032227, 0.21356002986431122, 1.3278229236602783, 0.13410484790802002, 1.1339119672775269, 0.17927025258541107, 0.02245441824197769, 0.10555919259786606, 0.001964758848771453, 0.2230171114206314, 0.1293889731168747, 3.8437440395355225, 0.009766933508217335, 0.20040294528007507, 0.058602336794137955, 0.0, 0.15142720937728882, 0.010532909072935581, 0.06253442913293839, 0.11413370072841644, 0.0, 0.007001133635640144, 1.1156649589538574, 0.09056803584098816, 0.08298571407794952, 0.40233704447746277, 1.7685400247573853, 0.7597299814224243, 0.39854177832603455, 0.04972273111343384, 0.039871394634246826, 0.053231529891490936, 0.08011097460985184, 0.42201700806617737, 0.05897326394915581, 0.7702729105949402, 0.3606984615325928, 0.0, 0.16896086931228638, 0.4177533686161041, 2.9136762619018555, 0.642301082611084, 0.45427629351615906, 0.2323254495859146, 0.23442600667476654, 0.09224206209182739, 0.1388293355703354, 0.007449546828866005, 0.1413174718618393, 1.7425777912139893, 0.34247320890426636, 0.614942193031311, 0.3647616505622864, 0.018289366737008095, 0.0938577875494957, 0.4414384663105011, 1.7961742877960205, 2.545271873474121, 0.00981689989566803, 0.0, 2.3867061138153076, 0.17193973064422607, 0.04536336660385132, 1.6464840173721313, 0.029860535636544228, 0.040658384561538696, 0.054326992481946945, 0.0, 0.3340882360935211, 0.00931554939597845, 0.03452858328819275, 0.20105446875095367, 1.020742654800415, 0.3898623287677765, 0.07384990900754929, 0.3257249593734741, 0.01179771963506937, 0.057022951543331146, 0.20653583109378815, 0.012044006027281284, 0.05729129910469055, 0.027845971286296844, 0.2878533601760864, 0.31533530354499817, 0.0016426894580945373, 0.0, 0.06948678195476532, 0.6103139519691467, 0.0, 0.516822099685669, 0.11690501868724823, 0.1852787435054779, 0.31366822123527527, 0.07762134075164795, 0.23008868098258972, 0.07384613901376724, 1.9428400993347168, 0.0, 1.7098114490509033, 0.0, 1.073366641998291, 0.21431350708007812, 2.1900699138641357, 0.1496896892786026, 0.16900810599327087, 0.0, 0.0, 0.4743003845214844, 0.3965108394622803, 0.06358806788921356, 0.43732553720474243, 0.7858824729919434, 0.025294547900557518, 0.1128377690911293, 0.0, 0.0010785521008074284, 0.0, 0.010466782376170158, 0.14197249710559845, 0.386963427066803, 0.07638504356145859, 0.5582007765769958, 0.04269532859325409, 0.9195857048034668, 0.0, 0.13051924109458923, 1.834490418434143, 0.0, 1.7226165533065796, 0.11393288522958755, 0.11278946697711945, 0.9305552840232849, 0.07338899374008179, 0.0, 0.016288748010993004, 0.09862133115530014, 0.22337567806243896, 0.0037865443155169487, 0.4471428394317627, 0.6631906628608704, 0.3436264991760254, 0.2534261643886566, 0.01655343547463417, 0.03733684495091438, 0.27586257457733154, 0.0, 0.0, 0.3141218423843384, 1.5541396141052246, 0.8242658376693726, 0.7428420186042786, 0.14339913427829742, 0.0012465398758649826, 0.0, 0.05241229012608528, 0.3220054805278778, 1.264438509941101, 1.280208945274353, 0.0, 0.8021990656852722, 0.03337271884083748, 0.5523936152458191, 0.0761852040886879, 0.06241782009601593, 0.04900575801730156, 0.8437303304672241, 0.5176899433135986, 0.11830796301364899, 0.07427214831113815, 1.6264536380767822, 0.0, 0.9146880507469177, 0.42946383357048035, 1.8310154676437378, 0.08319292217493057, 1.018136739730835, 0.4980770945549011, 2.329613447189331, 0.9028584361076355, 3.3998446464538574, 0.0, 0.9139379262924194, 3.314070463180542, 0.045942142605781555, 0.07118424028158188, 0.13810361921787262, 0.08128373324871063, 0.0, 0.37002602219581604, 0.10226155072450638, 1.5077248811721802, 0.030451489612460136, 0.7623170614242554, 0.28140464425086975, 0.048411983996629715, 1.0537623167037964, 0.7910774350166321, 0.5843668580055237, 0.2468082457780838, 0.5285142660140991, 0.1487293541431427, 0.07573346793651581, 1.4293828010559082, 0.006128128618001938, 0.0, 0.0, 0.31120559573173523, 0.5161504149436951, 0.47502923011779785, 0.2943998873233795, 1.6617740392684937, 1.4474605321884155, 3.900801658630371, 1.8927174806594849, 0.029979417100548744, 0.23606324195861816, 0.0757908895611763, 0.0, 0.11207010596990585, 1.3449386358261108, 0.24273397028446198, 0.786943256855011, 0.13677997887134552, 0.07504703104496002, 0.0038994259666651487, 1.776247262954712, 0.02916433848440647, 0.12845122814178467, 0.40813201665878296, 0.18780517578125, 0.005489412695169449, 0.7147443294525146, 0.10385499894618988, 0.0, 0.3213430941104889, 3.026456832885742, 2.441668748855591, 1.6768375635147095, 1.7063312530517578, 0.01344919204711914, 0.7194076776504517, 0.7016186118125916, 0.2976018786430359, 0.04733243212103844, 0.03351190686225891, 0.7104566097259521, 1.0671916007995605, 0.503596305847168, 0.9203022718429565, 0.2899019718170166, 1.8959405422210693, 0.5575879812240601, 0.34237661957740784, 0.021133167669177055, 1.0533450841903687, 0.20304374396800995, 0.3320862650871277, 0.7279347777366638, 1.1334809064865112, 0.1411849558353424, 0.03355167433619499, 0.9817341566085815, 0.39992332458496094, 0.6401475667953491, 0.08152735233306885, 0.5087004899978638, 1.0738776922225952, 0.031093213707208633, 0.025959063321352005, 0.31309837102890015, 0.0, 0.1343895047903061, 2.698615312576294, 0.052618611603975296, 0.051673926413059235, 0.17941895127296448, 0.041121240705251694, 0.0, 2.8268990516662598, 0.33187374472618103, 0.024110687896609306, 0.2890237271785736, 0.06488152593374252, 0.9837198853492737, 0.24203401803970337, 0.23585884273052216, 0.02726050838828087, 0.3429342806339264, 0.5404787063598633, 1.4833816289901733, 0.0, 0.1374076008796692, 0.0, 0.11524449288845062, 0.0, 0.11195313185453415, 0.0, 0.8984034061431885, 0.7803805470466614, 0.5638990998268127, 0.045026745647192, 1.368095874786377, 1.7627936601638794, 0.0012204148806631565, 1.5607411861419678, 0.7784667015075684, 0.32020673155784607, 0.0, 0.46187248826026917, 0.5695218443870544, 0.9638059735298157, 0.27959051728248596, 0.0, 0.12679526209831238, 1.3405448198318481, 0.038285255432128906, 0.06719516217708588, 0.6392361521720886, 2.794670820236206, 0.09811107814311981, 0.08683764189481735, 1.3332051038742065, 0.33949366211891174, 2.481846809387207, 0.6448206901550293, 0.13377822935581207, 0.37763676047325134, 0.35670995712280273, 0.16919410228729248, 0.4656277894973755, 0.08134643733501434, 0.0, 0.3046945631504059, 0.1771530956029892, 1.2679152488708496, 0.09393343329429626, 0.13714127242565155, 0.2082626223564148, 0.020176084712147713, 0.44699278473854065, 0.23997442424297333, 0.2687567472457886, 0.0, 3.0627076625823975, 2.695889472961426, 0.24101868271827698, 0.08226571977138519, 0.5123976469039917, 0.02415001578629017, 0.8679175972938538, 0.9622206687927246, 0.012612069956958294, 1.0852981805801392, 0.8190744519233704, 0.1852380782365799, 0.36609187722206116, 0.2162795513868332, 0.001837693969719112, 0.0001335727865807712, 0.10269186645746231, 0.0, 0.004000804852694273, 0.2129972279071808, 0.10122673213481903, 0.1459905505180359, 0.10197333246469498, 1.0124189853668213, 0.6099217534065247, 0.4921094477176666, 0.456074059009552, 0.9242650270462036, 0.442762166261673, 1.5093120336532593, 0.19912102818489075, 0.0, 0.05482159182429314, 0.4040234088897705, 0.42752939462661743, 0.041126977652311325, 1.7436461448669434, 0.6984801292419434, 0.2573322355747223, 0.01998692750930786, 0.43990546464920044, 1.3118433952331543, 0.0, 3.5788631439208984, 0.0939318984746933, 1.0625431537628174, 0.920904815196991, 0.8376703262329102, 0.0, 1.4915759563446045, 0.20191404223442078, 0.4025477170944214, 0.3758644461631775, 0.22887761890888214, 1.3748329877853394, 2.4846267700195312, 0.3127235472202301, 0.2157502919435501, 0.01714334264397621, 1.973079800605774, 0.17585374414920807, 0.08112452179193497, 0.0, 0.08153687417507172, 0.02792864665389061, 0.4264047145843506, 0.4210602045059204, 0.16838344931602478, 1.1772080659866333, 0.0, 0.003454420017078519, 0.5471720695495605, 0.49240991473197937, 0.014915033243596554, 1.307295560836792, 0.9392969608306885, 0.6118745803833008, 0.03692188858985901, 0.14527775347232819, 0.3050127625465393, 0.0, 0.06662850826978683, 0.04487208276987076, 0.10827840119600296, 0.01539925392717123, 0.2889220118522644, 0.06809460371732712, 1.1109824180603027, 0.023987555876374245, 0.15977869927883148, 3.975578546524048, 1.0391261577606201, 0.8331888914108276, 1.7125985622406006, 0.15683770179748535, 0.0, 0.1582658290863037, 0.27448534965515137, 1.538192629814148, 0.3849693536758423, 0.42937758564949036, 0.006431229412555695, 2.836855411529541, 0.9734494686126709, 0.4617697596549988, 0.0801977664232254, 0.34178483486175537, 0.015152067877352238, 0.05495475232601166, 0.8986900448799133, 0.6537732481956482, 0.027157163247466087, 0.0032903053797781467, 0.25818485021591187, 0.5805335640907288, 0.00950149167329073, 0.11128721386194229, 0.6033674478530884, 0.10171220451593399, 0.2515149712562561, 4.346442222595215, 0.0, 0.9523945450782776, 0.08193379640579224, 0.025061504915356636, 0.9297490119934082, 0.17199702560901642, 0.40213456749916077, 0.012091891840100288, 1.7895804643630981, 2.9251532554626465, 0.050951384007930756, 0.18778660893440247, 0.0619925856590271, 2.371539354324341, 0.004670929163694382, 0.2137896865606308, 2.571688652038574, 0.20284129679203033, 1.4050586223602295, 0.6262462735176086, 0.0, 0.09700516611337662, 0.23508486151695251, 0.10451507568359375, 0.0, 0.7438596487045288, 0.004481172189116478, 0.0, 2.296351432800293, 1.2083654403686523, 0.02968725375831127, 0.1854405254125595, 0.12501254677772522, 0.2085600346326828, 1.5560156106948853, 0.24484865367412567, 0.0, 0.0007226929301396012, 0.4054657220840454, 0.0, 0.0, 0.6935002207756042, 0.013017464429140091, 0.05195501446723938, 0.04818813130259514, 2.455613374710083, 0.0, 0.06113617867231369, 0.1075260192155838, 0.4471507668495178, 0.37397274374961853, 0.5431052446365356, 0.02405303157866001, 1.0686744451522827, 0.09439439326524734, 1.2423081398010254, 0.13924002647399902, 1.4817205667495728, 0.015186632983386517, 0.2998899221420288, 0.4504125118255615, 2.4871768951416016, 6.176031589508057, 0.13334250450134277, 0.007338470313698053, 0.11607424914836884, 0.0, 0.650031566619873, 0.13194380700588226, 0.25872477889060974, 0.14394670724868774, 0.0, 0.44750353693962097, 0.5042893290519714, 0.08010649681091309, 0.9325098395347595, 0.3271684944629669, 0.0915801152586937, 0.4173436164855957, 0.04708561673760414, 1.4238455295562744, 0.40654027462005615, 0.8895261883735657, 0.21795594692230225, 0.9557051658630371, 0.03350069746375084, 0.0, 0.5253018140792847, 0.46089795231819153, 0.0, 0.4842185080051422, 3.5342700481414795, 0.048694536089897156, 0.9861705303192139, 1.9238111972808838, 0.008068419992923737, 0.006762562785297632, 0.7117237448692322, 0.032472629100084305, 0.1200958862900734, 1.0372302532196045, 0.2759723961353302, 0.5097983479499817, 1.604948878288269, 0.004483222961425781, 0.017207680270075798, 1.5587869882583618, 1.1436820030212402, 0.7490519285202026, 0.13354909420013428, 0.04262560233473778, 1.6506682634353638, 0.17372222244739532, 0.2750266194343567, 1.0616827011108398, 0.0, 0.7704261541366577, 2.059722900390625, 0.05637872591614723, 0.0, 0.1064230352640152, 0.48017653822898865, 0.029741737991571426, 0.33217161893844604, 0.08452824503183365, 0.6550295352935791, 0.10951852798461914, 0.7245805859565735, 0.9054114818572998, 1.1034178733825684, 0.9992683529853821, 0.2090749740600586, 5.088235378265381, 0.0, 0.004017207305878401, 0.07543829828500748, 1.3980367183685303, 0.538179337978363, 0.11197961121797562, 0.01984158344566822, 0.7823445200920105, 0.7869847416877747, 0.008537321351468563, 0.4011722803115845, 0.06403013318777084, 0.5617835521697998, 1.2954953908920288, 0.4075644314289093, 0.3339593708515167, 0.07737258076667786, 0.07980822771787643, 0.009524863213300705, 0.006208621896803379, 2.4361538887023926, 0.5440057516098022, 0.020907018333673477, 0.6436953544616699, 4.489670276641846, 3.8062572479248047, 0.0855923667550087, 0.04510097578167915, 0.0, 0.4615976810455322, 0.08155227452516556, 0.11338964104652405, 0.09671154618263245, 0.35152316093444824, 0.10595232248306274, 0.5050551891326904, 0.36978110671043396, 0.6835312843322754, 0.14562930166721344, 0.663199782371521, 0.0, 0.07680878788232803, 0.0, 0.5441737771034241, 0.3467026650905609, 0.1683824509382248, 0.10930848866701126, 0.8169409036636353, 0.8801693320274353, 0.37711262702941895, 0.19377708435058594, 0.008211987093091011, 0.11957276612520218, 0.26261624693870544, 0.0, 0.0353861041367054, 0.0766010507941246, 1.2337579727172852, 0.0026408068370074034, 0.7912116646766663, 1.0332258939743042, 0.0, 0.0, 0.11653228849172592, 0.2592124044895172, 0.0, 0.4768997132778168, 0.6710458993911743, 0.574125349521637, 0.0, 2.840583562850952, 0.0, 0.02410130575299263, 0.18941918015480042, 0.19186070561408997, 2.047292947769165, 0.1595531851053238, 3.1361002922058105, 0.695923388004303, 3.105376958847046, 0.0, 0.07505127787590027, 0.0, 0.3835662007331848, 0.11626266688108444, 0.17928411066532135, 0.09106723964214325, 0.06448060274124146, 0.008320849388837814, 1.4192872047424316, 0.08733059465885162, 0.1318558156490326, 0.8311324715614319, 0.431805819272995, 0.3567390441894531, 1.5657709836959839, 0.20490404963493347, 1.657114028930664, 0.0726846307516098, 1.5851131677627563, 0.17545980215072632, 1.6449620723724365, 0.09064219892024994, 0.9741343259811401, 2.8624305725097656, 0.0031859048176556826, 0.38652563095092773, 3.663295269012451, 0.4429735541343689, 3.5832831859588623, 1.1568093299865723, 3.4032704830169678, 0.0, 0.0, 0.2654271423816681, 0.4312521517276764, 0.1497368961572647, 0.09810688346624374, 0.24605076014995575, 0.8407248854637146, 0.028951650485396385, 0.6061062812805176, 2.1822526454925537, 0.06560498476028442, 0.14257016777992249, 0.665314257144928, 1.2461028099060059, 0.04358930513262749, 0.4588322639465332, 0.9652839303016663, 0.036045074462890625, 0.09241508692502975, 0.025205038487911224, 0.7368059754371643, 0.0630527138710022, 4.197757720947266, 0.8293024897575378, 0.084313303232193, 0.24083366990089417, 3.5205090045928955, 0.04304075613617897, 0.18219368159770966, 0.6252445578575134, 2.855337619781494, 0.03537740930914879, 0.4086744785308838, 0.32238513231277466, 0.025662554427981377, 4.727342128753662, 0.7574788331985474, 0.37660086154937744, 0.22725823521614075, 0.06364622712135315, 0.0, 0.016586147248744965, 1.6057591438293457, 2.4289419651031494, 0.4783814549446106, 0.0, 0.031712695956230164, 2.2608680725097656, 1.158284306526184, 0.6512738466262817, 0.21945373713970184, 0.0, 0.3456282317638397, 0.0, 1.1039822101593018, 0.013232596218585968, 0.20153582096099854, 0.06924416124820709, 0.17899242043495178, 2.638841390609741, 0.570097804069519, 0.15068434178829193, 0.29307714104652405, 0.2113853394985199, 0.0, 1.5013058185577393, 0.09172344207763672, 0.0, 0.1484944224357605, 0.06358789652585983, 3.1971073150634766, 0.07479559630155563, 1.0761117935180664, 1.8100682497024536, 1.3145430088043213, 0.2396000623703003, 0.08449996262788773, 1.1772327423095703, 0.1102776899933815, 1.2956169843673706, 0.3192046582698822, 4.964119911193848, 0.2832894027233124, 0.920336127281189, 0.46103912591934204, 1.0495628118515015, 0.06567392498254776, 0.08500505238771439, 1.4167062044143677, 0.0, 2.5095503330230713, 0.0, 0.4855089485645294, 0.3660990595817566, 0.07173676788806915, 0.28628599643707275, 0.04320768266916275, 0.05638650804758072, 0.16929586231708527, 0.0, 0.23556020855903625, 1.0560636520385742, 1.0189108848571777, 0.7243629097938538, 0.04656999558210373, 0.09890449047088623, 0.37346819043159485, 0.0, 1.1563754081726074, 0.0, 0.15437757968902588, 0.0, 0.2699732780456543, 0.041919346898794174, 0.00845305249094963, 2.7338407039642334, 0.32436156272888184, 0.4270288646221161, 0.40456685423851013, 0.10290098935365677, 0.08835048228502274, 0.0560820996761322, 0.15389351546764374, 0.1988765299320221, 0.8946884870529175, 0.15316620469093323, 0.5246047377586365, 0.26651403307914734, 0.0, 0.11987990140914917, 0.12554912269115448, 2.4332997798919678, 0.06427353620529175, 1.0524768829345703, 0.18434999883174896, 0.24676525592803955, 0.1452486664056778, 0.49693259596824646, 0.6924036145210266, 0.07731365412473679, 0.16768723726272583, 0.3124815821647644, 2.3972268104553223, 1.5876872539520264, 0.09181902557611465, 0.0, 0.08364995568990707, 0.0018754369812086225, 1.0496017932891846, 0.16087639331817627, 0.010356679558753967, 3.6362271308898926, 0.3555399179458618, 0.08800318092107773, 0.2820393443107605, 3.385585308074951, 0.34821537137031555, 0.2390362024307251, 0.8113884329795837, 0.05055190622806549, 0.15288785099983215, 0.0715223029255867, 0.6765828132629395, 0.0025751590728759766, 0.0331050306558609, 0.6613759994506836, 0.5227394700050354, 0.2251509428024292, 0.12900826334953308, 0.17746831476688385, 0.4807605743408203, 0.020105749368667603, 0.29205915331840515, 0.3742084801197052, 0.16729600727558136, 0.872430682182312, 0.5260132551193237, 0.0, 0.0, 0.05550778657197952, 0.0, 0.09492572396993637, 0.2528168559074402, 0.05114329606294632, 0.042241066694259644, 0.8169146776199341, 2.2191689014434814, 0.18926449120044708, 0.019438765943050385, 1.7881585359573364, 0.41652318835258484, 0.0, 0.07540407031774521, 0.0991242453455925, 0.11654488742351532, 0.13466985523700714, 0.14843015372753143, 0.738464891910553, 0.22345700860023499, 0.06727443635463715, 0.19292142987251282, 0.019713521003723145, 0.023104319348931313, 0.48383787274360657, 0.061586350202560425, 0.042083658277988434, 0.3816289007663727, 0.9986564517021179, 0.34381699562072754, 0.14563775062561035, 0.5602378249168396, 0.8027583360671997, 0.14436368644237518, 0.12813280522823334, 0.13267070055007935, 0.16638700664043427, 3.170240640640259, 0.05370335280895233, 1.1505446434020996, 0.0, 0.22687287628650665, 0.2618221938610077, 0.07968955487012863, 0.5662620663642883, 0.09901167452335358, 1.1972094774246216, 0.00921700894832611, 0.20372053980827332, 0.5219223499298096, 0.0, 1.4189817905426025, 0.784783124923706, 0.0588926337659359, 0.024047695100307465, 2.9315297603607178, 0.0, 0.004195403307676315, 4.409555435180664, 0.028013721108436584, 1.18813157081604, 0.6404024362564087, 0.13644534349441528, 0.5683010816574097, 1.6049368381500244, 0.46726202964782715, 0.10896328836679459, 1.937013864517212, 0.4838535785675049, 1.0119330883026123, 0.2751357853412628, 0.2419549822807312, 0.3884098529815674, 0.0, 0.11328309774398804, 0.11147184669971466, 0.29781121015548706, 2.0338590145111084, 0.6625739336013794, 0.48808178305625916, 0.61767578125, 0.7185318470001221, 0.1495998501777649, 0.1489705890417099, 3.1781697273254395, 0.04058863967657089, 0.8575583696365356, 0.061635714024305344, 0.0146511010825634, 0.04470420256257057, 0.9616943597793579, 0.4302535653114319, 0.06332524865865707, 0.0899101197719574, 2.9533748626708984, 0.1986551135778427, 0.676892876625061, 0.16312803328037262, 0.1464756727218628, 1.2368329763412476, 0.21965765953063965, 0.707697868347168, 0.0, 0.0, 0.0, 0.20807074010372162, 0.0, 2.0302021503448486, 0.004112119786441326, 0.16377273201942444, 0.6784288287162781, 0.20781353116035461, 0.6172042489051819, 1.098925232887268, 0.012272114865481853, 0.13696438074111938, 0.004435984417796135, 0.4008556306362152, 0.47590142488479614, 0.04353458061814308, 0.4287494719028473, 0.0496438667178154, 0.16662192344665527, 2.4717857837677, 0.0, 0.0012342175468802452, 2.2270426750183105, 0.7902102470397949]",Testing/glioma_tumor/image(23).jpg
"[0.0, 1.6036272048950195, 0.033484019339084625, 0.7780036330223083, 0.6282927989959717, 0.13443627953529358, 3.6706979274749756, 0.032645341008901596, 0.044434450566768646, 0.0, 0.0, 0.25463971495628357, 0.1918751448392868, 2.088603973388672, 0.1470308154821396, 0.0, 0.20793603360652924, 0.71499103307724, 0.2929390072822571, 0.05486002564430237, 0.6685342788696289, 0.4141887426376343, 0.23435941338539124, 0.0, 0.0, 0.2588351368904114, 1.0919116735458374, 0.09220045804977417, 0.0911824107170105, 0.0818689614534378, 0.005566565319895744, 0.0, 2.3311920166015625, 2.2517967224121094, 1.4071699380874634, 0.2420659363269806, 0.045499589294195175, 0.5249378681182861, 0.049940381199121475, 0.12361364811658859, 3.8146955966949463, 1.0195235013961792, 0.020361028611660004, 0.0, 0.001454022480174899, 0.29361578822135925, 0.2554238736629486, 0.03041532076895237, 0.0, 0.029279818758368492, 0.24362272024154663, 1.3538182973861694, 1.2767943143844604, 0.3341086208820343, 1.9244496822357178, 3.152583599090576, 0.7794454097747803, 0.06031063571572304, 1.0617778301239014, 0.2700870633125305, 0.31418031454086304, 1.3551697731018066, 0.33090856671333313, 2.1851606369018555, 0.6544308066368103, 0.6066139936447144, 0.38043081760406494, 0.07137809693813324, 1.4170523881912231, 0.052183832973241806, 0.02129431627690792, 0.0, 0.06928058713674545, 2.588120460510254, 0.2749701738357544, 0.3030272424221039, 2.807913064956665, 0.3336780369281769, 0.0, 1.0480947494506836, 0.09627564251422882, 0.0, 2.73124098777771, 0.5569183826446533, 0.7962412238121033, 0.14181837439537048, 3.88938307762146, 0.13936887681484222, 0.00644228421151638, 0.030457409098744392, 3.729203462600708, 0.07693181931972504, 0.05291413888335228, 0.5332094430923462, 0.0, 0.003578098490834236, 0.22760091722011566, 0.06629489362239838, 0.07609140872955322, 0.3247724175453186, 0.0, 0.3335861563682556, 0.10140975564718246, 0.07261139154434204, 1.3395622968673706, 0.6439244151115417, 0.32112783193588257, 1.775816798210144, 0.3842543065547943, 1.2794264554977417, 0.0, 0.39157068729400635, 0.15985143184661865, 0.0, 0.3356851041316986, 0.23719589412212372, 0.27182626724243164, 0.6388078331947327, 0.08387507498264313, 0.3008570373058319, 0.12542672455310822, 0.0057171848602592945, 0.0019110392313450575, 0.2527291178703308, 0.8044531941413879, 1.4087352752685547, 0.017949698492884636, 1.0458074808120728, 2.81876540184021, 0.0, 0.0, 0.6325362920761108, 0.0, 0.5940654277801514, 0.025344420224428177, 0.18961641192436218, 0.38726741075515747, 0.14241501688957214, 0.03747333958745003, 0.32750841975212097, 0.03273450955748558, 0.007023166865110397, 0.0004465239471755922, 0.10238593071699142, 0.9869043231010437, 0.0, 0.1034771278500557, 2.755042791366577, 0.36186280846595764, 0.0057501234114170074, 0.696789026260376, 1.9001108407974243, 0.041550956666469574, 0.06322123855352402, 0.21007366478443146, 0.832405686378479, 0.1233072578907013, 0.14303860068321228, 0.8003774285316467, 0.011492148041725159, 0.6981725692749023, 1.8735846281051636, 0.1288745105266571, 0.6912938356399536, 0.0898853987455368, 0.3756287693977356, 0.68695068359375, 0.6584752798080444, 0.5932000875473022, 5.06775426864624, 0.6896446943283081, 0.0, 0.021133868023753166, 0.5273337960243225, 1.6896271705627441, 0.3085011839866638, 0.05911855399608612, 0.8886093497276306, 0.4406629800796509, 0.5321285724639893, 0.0, 0.03185945004224777, 0.47594723105430603, 0.5112309455871582, 1.239856243133545, 1.3855000734329224, 0.007186524569988251, 0.557122528553009, 1.235892415046692, 0.014835902489721775, 0.06201381981372833, 0.05293393135070801, 0.024435043334960938, 0.015829849988222122, 0.08913244307041168, 0.21923470497131348, 0.3000180125236511, 0.05870647728443146, 0.0, 0.20647454261779785, 0.7400026917457581, 0.27636438608169556, 0.14348386228084564, 0.43655022978782654, 0.5168356895446777, 0.18039469420909882, 0.01683111861348152, 0.018525918945670128, 0.3921252191066742, 0.03396976366639137, 0.4404204487800598, 0.4627971947193146, 0.0, 0.7521705031394958, 0.03861560672521591, 0.25998449325561523, 0.1671532541513443, 0.014510699547827244, 0.010961377061903477, 0.012822599150240421, 0.19010359048843384, 0.47480541467666626, 0.83574378490448, 0.5489457845687866, 0.0, 1.9095362424850464, 0.6716129779815674, 0.15488342940807343, 2.6536247730255127, 0.30911895632743835, 0.2316007763147354, 0.5155963897705078, 0.07077299058437347, 1.7065566778182983, 0.5047211647033691, 0.7842061519622803, 0.0, 0.23666542768478394, 0.0, 0.17214767634868622, 0.09426358342170715, 0.6640167832374573, 1.1114040613174438, 0.0056056976318359375, 0.2781885862350464, 0.150824636220932, 1.8735688924789429, 1.7648751735687256, 0.07972807437181473, 1.3376460075378418, 2.0983850955963135, 0.0, 1.3869237899780273, 0.827137291431427, 0.07419881224632263, 0.5441087484359741, 0.18359951674938202, 1.829819917678833, 0.21072863042354584, 0.19652479887008667, 0.13532595336437225, 0.012243242003023624, 0.474984347820282, 0.016650579869747162, 0.15324100852012634, 0.030052460730075836, 0.1830890029668808, 0.6195204257965088, 0.06821051985025406, 0.0, 0.769769549369812, 0.0646180585026741, 0.3003435432910919, 0.027209864929318428, 5.241793155670166, 0.08203238248825073, 0.0, 0.5932229161262512, 0.8194094300270081, 0.0, 1.7914453744888306, 0.5623579025268555, 1.2571735382080078, 0.0017633292591199279, 0.9471209645271301, 0.19877088069915771, 1.4365553855895996, 0.14534367620944977, 0.07352854311466217, 0.008461793884634972, 0.5231918692588806, 0.34435442090034485, 0.0, 0.036015503108501434, 0.0006067412323318422, 1.2066030502319336, 0.17091400921344757, 0.06642474979162216, 0.08769543468952179, 0.0365450344979763, 1.1197283267974854, 0.030621137470006943, 3.8905577659606934, 0.5125413537025452, 0.8974981307983398, 0.8803295493125916, 0.062402840703725815, 0.8286822438240051, 0.2019454389810562, 0.021961094811558723, 0.6534316539764404, 0.6533265113830566, 0.6249142289161682, 0.36658769845962524, 0.2580997049808502, 0.18945257365703583, 0.5609474778175354, 0.01569063775241375, 0.33571749925613403, 0.07728904485702515, 0.05710703134536743, 0.13467922806739807, 0.009540260769426823, 0.0, 0.5354129076004028, 0.0, 0.19019189476966858, 0.0, 3.710312843322754, 0.8490974307060242, 0.47112658619880676, 0.47178736329078674, 0.8114362955093384, 0.39946019649505615, 0.0, 0.025179395452141762, 2.9457645416259766, 0.6468184590339661, 2.5856902599334717, 0.21252478659152985, 0.22009550034999847, 0.19497032463550568, 0.08776483684778214, 0.05241997539997101, 0.03878794237971306, 0.19126807153224945, 0.4303913116455078, 0.12379515916109085, 0.3091246485710144, 0.5667747855186462, 0.0009118999587371945, 0.797676682472229, 0.2687503695487976, 0.0004732888482976705, 0.12964363396167755, 0.1513134092092514, 0.06823106855154037, 0.04021201655268669, 0.03783653303980827, 0.27189919352531433, 0.003840183839201927, 0.24765168130397797, 0.6073885560035706, 0.06704040616750717, 0.3528519868850708, 0.5043860077857971, 0.19225071370601654, 0.02275385893881321, 0.9809392094612122, 2.7231547832489014, 0.13714440166950226, 1.0769131183624268, 3.0202982425689697, 3.8936524391174316, 0.1273287981748581, 0.051321566104888916, 0.48490890860557556, 0.0, 0.009905925020575523, 0.20864853262901306, 0.3025754690170288, 0.036081790924072266, 0.0, 0.012109466828405857, 0.0745544359087944, 1.439333200454712, 1.2225494384765625, 0.06831634044647217, 0.018490219488739967, 0.140602707862854, 0.019134847447276115, 0.07603614032268524, 0.3703497350215912, 0.5868713855743408, 0.09849752485752106, 3.3493618965148926, 0.0, 0.8999689221382141, 0.0, 0.42944908142089844, 2.75655198097229, 0.0, 0.08328743278980255, 0.19501398503780365, 0.0008246071520261467, 2.9467225074768066, 0.0, 0.14507359266281128, 1.6270533800125122, 0.34279873967170715, 0.9916040897369385, 0.016966650262475014, 0.0, 0.006136465817689896, 0.028227699920535088, 2.0518994331359863, 0.018053459003567696, 0.004238846246153116, 0.9070770740509033, 0.2933179438114166, 1.1123260259628296, 0.46980324387550354, 0.009630532003939152, 0.21315772831439972, 0.12210448831319809, 0.010590791702270508, 0.03773558512330055, 0.3728346526622772, 0.021928738802671432, 0.0, 0.9181238412857056, 0.9141421318054199, 1.4600193500518799, 0.0029507072176784277, 1.3493006229400635, 1.3310601711273193, 0.07171300798654556, 4.591209411621094, 0.7111833691596985, 0.16559778153896332, 0.0, 0.017347661778330803, 1.8644872903823853, 0.11115331202745438, 0.144790381193161, 0.08087769895792007, 0.0, 0.46069326996803284, 0.06112072244286537, 0.26065492630004883, 0.368053138256073, 0.1629982739686966, 0.09472229331731796, 0.035188525915145874, 0.14897586405277252, 0.22790993750095367, 0.0537002757191658, 0.1412958800792694, 0.06583408266305923, 3.2686374187469482, 0.27997878193855286, 0.9367855787277222, 0.2626725435256958, 0.44998547434806824, 0.06487203389406204, 0.05388680100440979, 0.0, 0.7813384532928467, 0.19983349740505219, 0.2850964367389679, 0.16538245975971222, 0.09146690368652344, 0.09538069367408752, 0.6290169358253479, 0.014244070276618004, 0.0, 0.31379058957099915, 0.10803627222776413, 0.17172788083553314, 0.9280217289924622, 0.9608686566352844, 0.02218429371714592, 0.25872093439102173, 0.47871026396751404, 0.4481218755245209, 0.30609625577926636, 0.0, 0.0020254631526768208, 0.6485925912857056, 0.022443247959017754, 0.6020894646644592, 2.825425148010254, 1.2389408349990845, 0.017794528976082802, 1.0723575353622437, 0.11127730458974838, 0.0, 0.1443173736333847, 0.2529833912849426, 0.09751365333795547, 0.47271016240119934, 0.762885332107544, 0.3195885121822357, 5.204680919647217, 0.34626227617263794, 0.32686203718185425, 0.050188496708869934, 0.221849262714386, 0.10793028026819229, 0.4825098514556885, 0.0, 0.4121626317501068, 0.5335561633110046, 0.12403498589992523, 0.7711759805679321, 0.8877633810043335, 0.2845412790775299, 0.004344324581325054, 0.16690056025981903, 0.29650160670280457, 0.017984285950660706, 0.05395885556936264, 0.08072828501462936, 0.20413188636302948, 0.0, 0.08017057180404663, 0.0, 0.0, 0.16169677674770355, 0.42960667610168457, 0.5483541488647461, 2.4301791191101074, 2.1713223457336426, 3.8915791511535645, 0.20191729068756104, 0.6331168413162231, 2.836735963821411, 0.2889990508556366, 0.10944691300392151, 0.5307009816169739, 0.00521845230832696, 0.1768186092376709, 0.41030794382095337, 0.07597136497497559, 0.9755164980888367, 0.7855604290962219, 0.3385530710220337, 0.1356591284275055, 0.1269691288471222, 0.011044648475944996, 0.07075238972902298, 1.0348031520843506, 0.21006552875041962, 0.3712460994720459, 1.0450905561447144, 1.7094979286193848, 0.9160771369934082, 0.0, 0.0009233891032636166, 0.41818368434906006, 1.9202523231506348, 1.4126951694488525, 1.1607475280761719, 0.0, 0.2657652497291565, 0.2238679826259613, 0.3109947443008423, 0.10374002158641815, 1.3712249994277954, 0.1311626434326172, 0.30251970887184143, 0.08569396287202835, 2.9971585273742676, 0.9523313641548157, 0.0148366279900074, 2.1024370193481445, 0.06888875365257263, 0.7682854533195496, 0.0, 0.08812551200389862, 3.916897773742676, 0.0, 0.08381964266300201, 0.007356721442192793, 0.016111869364976883, 0.0, 0.15917019546031952, 0.2714690864086151, 0.029548073187470436, 0.077544204890728, 0.1994900405406952, 0.11269380897283554, 1.254704475402832, 0.0, 0.06760156154632568, 0.005696556996554136, 0.32664138078689575, 0.0, 0.011047723703086376, 0.0394354946911335, 0.18029402196407318, 0.0, 2.830516815185547, 0.4211026728153229, 0.0019085577223449945, 0.042985815554857254, 1.2068514823913574, 0.17667777836322784, 0.1174536794424057, 3.0317442417144775, 0.8832060098648071, 0.10140549391508102, 0.684785008430481, 0.529838502407074, 0.08217408508062363, 0.37932685017585754, 0.0, 0.28552165627479553, 0.053095560520887375, 0.4696026146411896, 0.2201279103755951, 0.07157241553068161, 3.4553022384643555, 0.1273832470178604, 1.3044160604476929, 0.12401437014341354, 0.06420779973268509, 0.5953965783119202, 0.0, 0.09672628343105316, 0.0, 0.13063229620456696, 0.06207922101020813, 0.09341128915548325, 0.0, 0.0005245549255050719, 0.4002777338027954, 0.042894281446933746, 0.2245323210954666, 0.3509691059589386, 1.8154057264328003, 0.1818978488445282, 0.052905745804309845, 0.9378210306167603, 0.07016167044639587, 0.3459290564060211, 2.809512138366699, 0.11532029509544373, 0.0, 0.0, 0.9518463611602783, 0.21840158104896545, 0.6808762550354004, 0.0, 3.9880483150482178, 0.09394184499979019, 0.9196423888206482, 1.0954227447509766, 0.577544093132019, 0.14444607496261597, 0.34556376934051514, 0.322978675365448, 0.08775119483470917, 0.10670535266399384, 1.308379054069519, 0.09164263308048248, 1.5510410070419312, 0.0236391332000494, 0.18278232216835022, 0.7152407765388489, 0.027349140495061874, 0.167968288064003, 0.022571740671992302, 0.0462125763297081, 0.010193304158747196, 0.6490253210067749, 0.0, 0.0900057777762413, 0.5005613565444946, 1.8870958089828491, 0.6368299722671509, 0.31535136699676514, 0.0, 0.0, 1.7153862714767456, 0.5542124509811401, 0.027309339493513107, 1.1075069904327393, 0.8765416145324707, 0.02607727237045765, 0.0, 0.09949672222137451, 0.09464950859546661, 0.0, 0.47410473227500916, 0.6488783955574036, 1.64569091796875, 0.17058828473091125, 0.11092732846736908, 0.0, 0.436168372631073, 0.0047141872346401215, 0.3567662239074707, 0.4089008569717407, 0.0020978646352887154, 0.00996745377779007, 2.137800931930542, 2.1242592334747314, 2.3152916431427, 0.0, 2.1686484813690186, 0.05729292705655098, 0.6354150772094727, 0.0, 0.4980701804161072, 0.0, 0.011507224291563034, 0.0, 0.059117116034030914, 0.09330705553293228, 0.46266019344329834, 1.2966573238372803, 0.2539251744747162, 0.27902474999427795, 0.047261904925107956, 4.238677501678467, 0.7387905716896057, 0.24324487149715424, 0.016176512464880943, 0.8299341201782227, 0.0, 0.0729859322309494, 0.5753415822982788, 0.40768152475357056, 3.616889715194702, 0.7265937328338623, 0.4620101749897003, 0.7907370924949646, 0.4064033031463623, 0.06753895431756973, 0.37922754883766174, 0.25128278136253357, 4.371237754821777, 0.0, 0.022096792235970497, 0.7641566395759583, 0.23706555366516113, 0.0061135804280638695, 0.10752047598361969, 0.04899352788925171, 0.07264582812786102, 1.5550123453140259, 0.3646829426288605, 0.131673663854599, 0.33202654123306274, 0.5881107449531555, 0.9892107844352722, 0.25159743428230286, 0.29213541746139526, 0.23101209104061127, 1.2307000160217285, 0.39491352438926697, 1.316414713859558, 1.3420157432556152, 0.040833089500665665, 0.0, 0.4410209655761719, 0.6106865406036377, 1.0968294143676758, 0.7171928286552429, 0.080315962433815, 0.0, 0.16285046935081482, 0.2768767476081848, 0.16344794631004333, 0.060176167637109756, 0.017327621579170227, 0.09648685157299042, 0.8992133736610413, 0.114167720079422, 0.21392390131950378, 0.3766103982925415, 1.6364160776138306, 0.04676712676882744, 1.8879563808441162, 0.20208033919334412, 1.3617538213729858, 0.9217569231987, 0.027877043932676315, 0.0, 0.7095339894294739, 0.16614069044589996, 0.2803816795349121, 0.0, 1.9214589595794678, 0.35865578055381775, 0.1593507081270218, 0.033507540822029114, 1.7733495235443115, 0.00560509180650115, 0.15048399567604065, 0.08718220144510269, 0.3195353150367737, 0.020582670345902443, 0.0023445840924978256, 0.2588283121585846, 1.890739917755127, 0.3504335582256317, 0.3201855421066284, 0.43329790234565735, 0.016503967344760895, 0.18372318148612976, 1.6798341274261475, 0.00396382063627243, 1.4412171840667725, 0.04091987758874893, 3.2149698734283447, 0.6935598254203796, 0.008990253321826458, 0.0, 0.0, 0.2228051722049713, 0.576764702796936, 0.0, 0.007888544350862503, 0.4988481104373932, 0.0, 0.25885799527168274, 0.8114019632339478, 4.299046516418457, 0.028101643547415733, 0.6084322929382324, 0.1555798053741455, 1.5461426973342896, 0.19396579265594482, 2.9571595191955566, 0.0, 0.0, 0.005819785408675671, 0.056697770953178406, 0.0, 0.009536037221550941, 0.2325105518102646, 2.9483346939086914, 1.6136565208435059, 0.09016360342502594, 0.5447860956192017, 0.3288986384868622, 0.36360934376716614, 0.3093411326408386, 0.0, 0.09068533778190613, 1.2705140113830566, 0.013840436935424805, 0.03271738812327385, 0.4591297209262848, 0.1161496713757515, 0.07742954045534134, 0.0965997725725174, 0.44981202483177185, 0.0694131925702095, 0.9634751081466675, 0.8573713302612305, 0.006748130079358816, 0.36264097690582275, 0.22387142479419708, 0.2284170389175415, 0.10489975661039352, 0.7003824710845947, 4.4994282722473145, 0.4814375638961792, 0.014134470373392105, 0.004977732431143522, 0.10139256715774536, 0.009041229262948036, 0.47252944111824036, 0.2838095724582672, 0.28230154514312744, 1.5829198360443115, 0.5199822783470154, 0.003976116422563791, 1.3503884077072144, 0.37583231925964355, 0.0, 0.30759331583976746, 0.3613337576389313, 0.34881511330604553, 1.4572235345840454, 0.34672173857688904, 0.1689673215150833, 0.026887066662311554, 0.15300045907497406, 0.18875662982463837, 0.015275775454938412, 0.031925883144140244, 0.02790072187781334, 0.005060957279056311, 0.11699949204921722, 0.5729193687438965, 0.4550510048866272, 0.14606612920761108, 1.4648971557617188, 0.12949995696544647, 0.0073083797469735146, 3.9183895587921143, 0.15311762690544128, 0.2549969553947449, 1.8284494876861572, 0.4876755177974701, 0.14895126223564148, 0.9416598677635193, 0.0, 0.05390679091215134, 0.6253344416618347, 0.025088777765631676, 0.682177722454071, 0.025229651480913162, 0.0, 0.4149996340274811, 0.057954516261816025, 0.0, 0.03466971591114998, 0.1473637819290161, 0.20077551901340485, 1.189253568649292, 0.07419542223215103, 1.565829873085022, 0.08901587128639221, 4.578954219818115, 0.0, 0.10192737728357315, 0.12467997521162033, 0.5892709493637085, 0.0, 0.40064120292663574, 1.1973201036453247, 0.015397723764181137, 0.7386027574539185, 0.0, 0.015467653051018715, 0.9702697992324829, 0.10966266691684723, 0.06469868868589401, 3.1592895538778976e-05, 0.0, 0.30185970664024353, 0.0018778820522129536, 0.8538964986801147, 0.31247472763061523, 0.09493302553892136, 0.0, 0.8275832533836365, 0.11537306755781174, 0.08450180292129517, 0.27880409359931946, 0.059311553835868835, 0.010635064914822578, 0.544011652469635, 0.14475299417972565, 0.2709812521934509, 0.02541414648294449, 0.04537396505475044, 0.09992081671953201, 0.3256494700908661, 0.6326196789741516, 2.075984477996826, 0.3031153678894043, 0.7248387336730957, 0.051911041140556335, 0.12433769553899765, 0.0019759011920541525, 0.41341695189476013, 0.2080574780702591, 0.20881175994873047, 0.0, 0.1479034274816513, 0.013768276199698448, 0.14772260189056396, 0.47236090898513794, 0.5321146249771118, 0.5876120328903198, 0.528105616569519, 0.36103346943855286, 0.040157463401556015, 2.075814723968506, 0.03098822385072708, 0.2907109260559082, 0.0, 0.21845653653144836, 0.03154844790697098, 0.04247841238975525, 0.07816258817911148, 0.014508748427033424, 0.04653630778193474, 0.644413411617279, 0.0, 0.29194724559783936, 0.0, 0.21914048492908478, 0.0, 3.365968704223633, 0.0, 0.0, 0.4881151616573334, 1.4310237169265747, 1.8058046102523804, 0.20076867938041687, 0.4070381224155426, 0.7330977916717529, 0.00032798366737551987, 0.26477932929992676, 0.0040933964774012566, 0.5961750745773315, 3.4786620140075684, 0.4482495188713074, 0.05683615803718567, 0.0611555241048336, 0.001830731169320643, 0.21738635003566742, 2.7319538593292236, 0.860552966594696, 1.4184925556182861, 0.0, 0.10638511180877686, 0.5449668765068054, 0.8793807029724121, 0.03417721018195152, 0.006179777905344963, 0.09065715968608856, 0.08643534034490585, 0.21175837516784668, 0.06230393797159195, 0.19232463836669922, 1.0149714946746826, 0.0297218170017004, 0.9427462816238403, 0.3517703115940094, 0.06224239245057106, 0.09991538524627686, 0.04931680113077164, 0.00555430119857192, 0.026659773662686348, 0.4672229588031769, 0.12701399624347687, 0.06594052910804749, 0.4785512685775757, 0.022007489576935768, 0.1618029773235321, 0.15057291090488434, 0.3725324273109436, 0.20353297889232635, 0.021872736513614655, 0.008169773034751415, 0.012757403776049614, 0.03562767803668976, 0.0, 0.38729554414749146, 2.7230844497680664, 0.12007761746644974, 0.6852704882621765, 0.06811505556106567, 0.04874154552817345, 0.22394344210624695, 0.05612747371196747, 0.008086666464805603, 0.0, 1.6431143283843994, 0.0994701087474823, 0.19341158866882324, 0.31065332889556885, 0.511668860912323, 2.8691091537475586, 0.612000048160553, 0.1870904266834259, 0.4985060393810272, 0.0752449631690979, 0.00180943647865206, 0.06008398160338402, 0.005119138862937689, 0.5435632467269897, 1.552310824394226, 0.05275664106011391, 0.6563835144042969, 0.9515302181243896, 0.0, 0.9626286029815674, 0.04141206666827202, 2.902818441390991, 5.304956436157227, 0.289664089679718, 0.22127166390419006, 0.007320939097553492, 0.09590043872594833, 0.0, 5.83677339553833, 0.012264568358659744, 0.011853622272610664, 0.038890864700078964, 0.03214447200298309, 0.7039881348609924, 0.20639902353286743, 0.012918464839458466, 0.011947821825742722, 0.022868098691105843, 0.0714598223567009, 0.16709931194782257, 0.6986775398254395, 0.048005782067775726, 0.24821250140666962, 0.23732802271842957, 0.3466480076313019, 0.3815915584564209, 0.1362144500017166, 0.05892074853181839, 0.06308555603027344, 0.06639933586120605, 0.014913279563188553, 0.0, 1.0011498928070068, 0.0, 0.9194321632385254, 0.07931143045425415, 0.11493920534849167, 0.4429585933685303, 0.0013770132791250944, 0.025255177170038223, 0.38335052132606506, 0.06780055910348892, 0.5934315919876099, 0.21818998456001282, 0.0, 0.27687981724739075, 0.5059764385223389, 2.460263729095459, 0.0, 0.02925810031592846, 0.7897591590881348, 0.0, 0.11190846562385559, 0.0, 0.024203432723879814, 0.33942288160324097, 2.8646881580352783, 0.03197275102138519, 0.019884906709194183, 0.0, 0.0, 0.00855158269405365, 0.0030649243853986263, 0.014737304300069809, 0.32684415578842163, 0.8906775712966919, 0.22867290675640106, 0.43737921118736267, 3.3086438179016113, 0.03221438452601433, 0.0, 0.05349734425544739, 0.0, 1.2397868633270264, 0.006251670885831118, 0.00940763670951128, 0.36293432116508484, 0.0, 0.13396483659744263, 0.1930902898311615, 0.5350207686424255, 0.9160659909248352, 0.0, 0.0028694747015833855, 0.0, 0.011381694115698338, 0.12871576845645905, 0.09244547039270401, 0.20799586176872253, 0.7001594305038452, 0.0, 0.020888207480311394, 0.0, 1.3062366247177124, 0.008464976213872433, 0.31419435143470764, 0.0, 0.010524063371121883, 0.013516440987586975, 0.022717460989952087, 0.0, 0.8594403862953186, 0.08517532050609589, 0.8274224996566772, 1.0695550441741943, 0.17943266034126282, 0.4294605553150177, 0.1855737566947937, 0.13973380625247955, 0.36631864309310913, 0.9018318057060242, 0.7103235721588135, 0.5384893417358398, 0.2718043029308319, 0.06265277415513992, 0.0, 0.3344237208366394, 0.23175294697284698, 0.3638317286968231, 0.036207232624292374, 0.8325815200805664, 1.0011694431304932, 0.13832812011241913, 0.6269134283065796, 3.90016770362854, 0.0, 0.0328378789126873, 1.0628188848495483, 0.002923155203461647, 0.0, 0.00862424261868, 0.04621279984712601, 0.13775406777858734, 0.022909710183739662, 0.3719242215156555, 0.3532193899154663, 0.1506337672472, 2.0010595321655273, 0.19016005098819733, 0.3768477439880371, 0.1127481460571289, 0.6294936537742615, 0.3495512902736664, 0.0, 0.20784740149974823, 0.07981736212968826, 0.04272402077913284, 3.353181838989258, 0.06318885087966919, 0.10538534075021744, 0.21455930173397064, 0.0, 0.8812739849090576, 0.1411699801683426, 0.8887628316879272, 0.16956254839897156, 0.6548126935958862, 1.782204270362854, 0.0, 0.04152577370405197, 0.7128637433052063, 0.0, 0.11651181429624557, 0.03561144694685936, 0.17365524172782898, 1.1740423440933228, 1.3963596820831299, 0.0, 0.6241394281387329, 0.19920381903648376, 1.9000855684280396, 0.05566626042127609, 0.0, 0.0, 0.041811004281044006, 0.0, 0.24773414433002472, 0.9946519732475281, 0.4287276864051819, 1.0112626552581787, 1.6191394329071045, 1.1376140117645264, 0.2331380993127823, 0.12149088084697723, 0.028849031776189804, 0.1366983950138092, 0.375944048166275, 0.2601001560688019, 0.024877244606614113, 0.04706921428442001, 0.7666786909103394, 1.0251260995864868, 0.032396670430898666, 0.24821661412715912, 0.07828707247972488, 1.3972606658935547, 0.04773540794849396, 0.019312961027026176, 0.0, 2.0076773166656494, 0.05073186755180359, 0.42206594347953796, 0.1000477522611618, 0.7830217480659485, 0.35991838574409485, 0.0, 0.5398544073104858, 0.01760067045688629, 0.06453845649957657, 0.011552552692592144, 0.20678019523620605, 2.312248468399048, 0.0, 0.0, 0.2555418312549591, 0.0, 1.3337656259536743, 1.2686885595321655, 0.012820769101381302, 0.008121959865093231, 0.7029599547386169, 0.4961516857147217, 0.7985779047012329, 3.1523189544677734, 0.33968663215637207, 0.011717630550265312, 0.18609468638896942, 0.0, 0.4862322509288788, 0.07145194709300995, 0.7708348035812378, 0.06596726179122925, 0.4437467157840729, 2.684825897216797, 3.051237106323242, 0.24808894097805023, 0.044490691274404526, 0.07547377794981003, 0.304928183555603, 0.00986633449792862, 0.13002601265907288, 0.29004716873168945, 0.3965226709842682, 0.021190904080867767, 0.035034604370594025, 0.08773411810398102, 0.10051971673965454, 0.41739752888679504, 0.07891034334897995, 0.0037132524885237217, 1.3139008283615112, 0.05094987526535988, 0.46473202109336853, 0.9071612358093262, 0.2682019770145416, 0.7101830244064331, 0.39652979373931885, 0.02197292633354664, 0.12958401441574097, 1.949616551399231, 0.04611145332455635, 0.0005770167335867882, 0.0, 0.6478236317634583, 0.27687951922416687, 0.027003565803170204, 0.49861714243888855, 0.006774863228201866, 1.0327144861221313, 0.3589772582054138, 0.0, 0.21830299496650696, 0.010143980383872986, 0.07789790630340576, 0.8058555126190186, 0.13192367553710938, 0.0, 0.0716308057308197, 0.0, 1.668886661529541, 0.0011731483973562717, 1.1526988744735718, 0.0369386225938797, 0.17621703445911407, 0.05201646685600281, 0.5061513781547546, 0.10049829632043839, 0.04911258444190025, 3.7221455574035645, 0.3151903748512268, 0.005581349600106478, 0.3135756552219391, 0.06603602319955826, 0.0, 2.1115081310272217, 0.36690187454223633, 0.0, 0.36985522508621216, 0.07911478728055954, 0.0, 0.2841808795928955, 0.1338130533695221, 0.3203358054161072, 0.0, 0.2340778410434723, 0.0, 0.0027997444849461317, 0.00908873975276947, 0.3095194697380066, 0.05101283639669418, 0.022997403517365456, 2.0239224433898926, 0.01223132573068142, 0.6907073259353638, 0.07519088685512543, 3.220201253890991, 0.0, 1.0103325843811035, 0.659123420715332, 0.02061573415994644, 0.04701131582260132, 0.3556198477745056, 1.309342622756958, 0.05994880571961403, 0.19420243799686432, 0.8164278268814087, 0.050644855946302414, 0.19408124685287476, 0.16712938249111176, 1.0510964393615723, 0.1474877893924713, 0.6696711778640747, 0.024483593180775642, 0.037562295794487, 0.27905136346817017, 0.20619533956050873, 0.006460296921432018, 0.08962593972682953, 0.11362885683774948, 0.241788849234581, 0.026103399693965912, 0.0, 0.07154106348752975, 2.7092525959014893, 0.2133401781320572, 0.05362546071410179, 0.013411784544587135, 0.22023393213748932, 0.2897152304649353, 0.03587481379508972, 0.0511590801179409, 0.004389789421111345, 0.8612060546875, 0.11362774670124054, 0.5631335377693176, 0.030082181096076965, 1.876304030418396, 0.09209244698286057, 0.0, 0.4519801139831543, 0.4062701165676117, 0.00015370213077403605, 0.1960873305797577, 0.012390228919684887, 0.1779872328042984, 0.47920599579811096, 0.015956426039338112, 0.0, 0.0, 0.010447796434164047, 0.3984265923500061, 0.002463355427607894, 0.018015291541814804, 0.12050472944974899, 1.0858110189437866, 0.048390548676252365, 0.2274845838546753, 0.4580218195915222, 3.376464605331421, 3.9036314487457275, 0.0655413419008255, 1.848379373550415, 0.7718652486801147, 0.0, 0.1357431858778, 2.7133257389068604, 2.1121809482574463, 0.0015102503821253777, 2.536647081375122, 0.05047696828842163, 1.4324580430984497, 0.24924565851688385, 1.2107123136520386, 0.11565662175416946, 0.14238499104976654, 0.2830051779747009, 0.005766917020082474, 0.019562914967536926, 0.45317620038986206, 0.5892776846885681, 0.0, 0.46575087308883667, 0.013421423733234406, 0.056609801948070526, 0.050087977200746536, 2.288240909576416, 0.04103773459792137, 0.14759865403175354, 1.1176972389221191, 0.0, 1.1734896898269653, 1.4908158779144287, 0.07140292972326279, 2.401250123977661, 1.601155161857605, 1.0394539833068848, 0.01110022608190775, 2.776172161102295, 1.6925344467163086, 0.8981831073760986, 0.0, 0.008234230801463127, 2.226135492324829, 0.0, 0.0016465235967189074, 1.9238041639328003, 0.4287559986114502, 0.7641426920890808, 1.4272695779800415, 0.0, 0.19218894839286804, 0.0, 0.04426300898194313, 0.015347412787377834, 0.12491700798273087, 0.08142802864313126, 0.053706031292676926, 2.558216094970703, 0.020261254161596298, 0.026429828256368637, 0.022097986191511154, 0.08690834045410156, 0.45208433270454407, 1.6721608638763428, 0.38805949687957764, 0.04163188487291336, 0.021406080573797226, 0.26495882868766785, 0.08424824476242065, 0.0, 0.1796724945306778, 0.009596494026482105, 0.03764007240533829, 0.18986505270004272, 0.3983900845050812, 0.03307986631989479, 0.0, 0.30641788244247437, 0.0, 0.19528719782829285, 0.3829690217971802, 0.2268163114786148, 1.0412085056304932, 0.5533447861671448, 1.1957080364227295, 0.1164967268705368, 0.2500573694705963, 0.058466192334890366, 0.2788049876689911, 1.5509612560272217, 1.1192843914031982, 3.0269715785980225, 0.0, 0.7196360230445862, 0.29046913981437683, 0.039778608828783035, 0.9002947211265564, 0.06651726365089417, 0.09547186642885208, 0.18585433065891266, 0.0, 0.16361317038536072, 0.017974665388464928, 0.6259770393371582, 0.0457293726503849, 0.05315630882978439, 0.832737386226654, 0.1602843552827835, 0.08156963437795639, 1.2591623067855835, 0.7960167527198792, 0.07962247729301453, 0.6202208995819092, 0.08730082958936691, 0.005507639609277248, 0.0, 1.3196684122085571, 0.0, 0.01996959000825882, 0.00976114347577095, 0.7302312850952148, 0.5051990151405334, 1.2558785676956177, 0.9752945303916931, 0.3759741485118866, 0.0, 0.00914200022816658, 0.33457791805267334, 0.33588865399360657, 0.4220801293849945, 0.08064401894807816, 0.06786831468343735, 1.3130583763122559, 0.01625572331249714, 0.7672681212425232, 0.20572638511657715, 0.8944148421287537, 2.124314785003662, 0.0, 0.5127636790275574, 0.7210037708282471, 0.2391566038131714, 0.23762476444244385, 0.7800025343894958, 0.0, 0.10872694849967957, 0.3372337818145752, 0.03258860483765602, 0.032105833292007446, 0.3311249017715454, 0.11057701706886292, 0.06958647817373276, 0.42563387751579285, 0.10429296642541885, 0.24707163870334625, 0.5433288812637329, 0.49229350686073303, 1.932950496673584, 1.787906289100647, 0.897209882736206, 1.387797474861145, 5.43607234954834, 0.012153900228440762, 0.12660881876945496, 0.0, 2.2448461055755615, 0.4399285912513733, 0.0, 0.040705349296331406, 0.6352901458740234, 0.20260150730609894, 0.4107459783554077, 0.019472606480121613, 0.5964271426200867, 0.49050137400627136, 0.16123756766319275, 1.0000169277191162, 0.16859251260757446, 0.0, 0.5779669284820557, 0.0, 0.1359369158744812, 1.778002381324768, 0.010371636599302292, 0.0, 0.5178502798080444, 0.94890296459198, 0.6950752139091492, 0.16577619314193726, 0.13345682621002197, 0.06029234081506729, 0.044145312160253525, 0.0029224425088614225, 0.13088485598564148, 0.33460497856140137, 0.14222504198551178, 0.1981542408466339, 0.31270137429237366, 0.2440444827079773, 0.9834965467453003, 1.18501877784729, 0.09129224717617035, 0.0, 0.08927294611930847, 0.028523722663521767, 0.4884636104106903, 0.23221008479595184, 0.15355809032917023, 0.010080578736960888, 0.3660224676132202, 0.3702531158924103, 0.7241350412368774, 0.07438316941261292, 0.2926724851131439, 0.047375015914440155, 0.02976781688630581, 0.0323130339384079, 0.01981109008193016, 0.0, 1.2846260070800781, 0.0486370287835598, 0.35162660479545593, 0.9070946574211121, 0.0, 0.0, 0.4772788882255554, 0.018484439700841904, 0.05752911418676376, 0.29889142513275146, 0.29218512773513794, 0.14927248656749725, 0.1254846155643463, 0.7660455703735352, 0.0, 0.05803199112415314, 0.5945362448692322, 0.6852256655693054, 0.2666749060153961, 0.14325252175331116, 2.652589797973633, 0.07729966938495636, 0.1439466029405594, 0.0, 0.0022469344548881054, 0.0, 0.4333522915840149, 0.004117155447602272, 0.25254443287849426, 0.052845511585474014, 0.003788914065808058, 0.25179174542427063, 0.16606828570365906, 0.032622095197439194, 0.0026984629221260548, 0.7746716141700745, 0.2620110511779785, 2.0853841304779053, 0.12695977091789246, 0.08046118170022964, 0.10547643899917603, 0.15899813175201416, 0.15440180897712708, 0.23931482434272766, 0.32850381731987, 0.24443942308425903, 0.003497225930914283, 0.7284444570541382, 0.048637934029102325, 0.5792607665061951, 1.333907961845398, 0.012585914693772793, 0.489806592464447, 1.2690529823303223, 3.669105291366577, 0.011178955435752869, 0.0, 0.002141594886779785, 0.14558658003807068, 0.0, 0.07123614102602005, 0.05485052615404129, 0.26402536034584045, 0.0, 1.4845738410949707, 1.3886327743530273, 0.17122898995876312, 0.1951262205839157, 0.7402250170707703, 1.3844308853149414, 0.267273873090744, 0.49600523710250854, 1.3870773315429688, 0.031112851575016975, 0.027773287147283554, 0.15954704582691193, 0.5539150834083557, 0.15407072007656097, 0.8171294331550598, 0.09320690482854843, 0.14632150530815125, 0.3679046928882599, 1.0542378425598145, 0.3208892047405243, 0.6874745488166809, 0.05685650557279587, 0.057318415492773056, 0.0, 0.07218639552593231, 0.0, 0.0, 1.2294763326644897, 0.6292116641998291, 0.47248589992523193, 0.06643868237733841, 0.05259561538696289, 0.0, 0.3476724326610565, 1.6000235080718994, 0.05303787812590599, 0.017931470647454262, 0.0, 0.48977410793304443, 1.9318253993988037, 0.07483575493097305, 0.6847375631332397, 0.01562872715294361, 0.16658222675323486, 0.028884241357445717, 0.0, 1.6981985569000244, 0.0, 0.18060870468616486, 0.015267230570316315, 0.008400702849030495, 3.5551228523254395, 0.03253410384058952, 0.02138998545706272, 0.02647978998720646, 0.0, 0.1196429580450058, 1.6477866172790527, 0.08867421746253967, 0.0, 0.4366217255592346, 0.15133345127105713, 0.8030960559844971, 0.12312619388103485, 0.2164088785648346, 1.2474967241287231, 1.5943902730941772, 0.01685217395424843, 0.2102157473564148, 1.583253026008606, 0.27737897634506226, 0.6436652541160583, 0.16865456104278564, 5.90948486328125, 0.22980549931526184, 0.5619649887084961, 0.10697203129529953, 0.4721687436103821, 0.0, 0.13688504695892334, 1.1489652395248413, 0.033412691205739975, 0.872589647769928, 0.03330565616488457, 1.3247218132019043, 0.10514306277036667, 0.01843721605837345, 0.02001252956688404, 0.3554854094982147, 0.43322598934173584, 0.004258311353623867, 0.0, 0.40616273880004883, 0.33965200185775757, 0.04370444267988205, 0.0, 0.0024897565599530935, 0.013303233310580254, 0.03975687175989151, 0.3599492013454437, 0.6285812854766846, 0.08839350193738937, 0.02676793932914734, 0.01428512204438448, 0.09092769026756287, 0.15734241902828217, 0.16627323627471924, 1.2660658359527588, 0.17614765465259552, 0.003724402282387018, 0.5139561891555786, 0.14565256237983704, 0.5500964522361755, 0.0, 0.0648384764790535, 2.345064640045166, 0.17699946463108063, 0.19846686720848083, 0.2976188361644745, 0.10345211625099182, 0.0, 0.05332883447408676, 0.6031384468078613, 0.8950917720794678, 0.011475728824734688, 2.088106155395508, 0.21568971872329712, 0.07472775131464005, 0.17783309519290924, 0.059930771589279175, 0.8079980611801147, 0.046940337866544724, 0.5441321730613708, 0.24324780702590942, 1.4896172285079956, 2.4854342937469482, 0.21162374317646027, 0.0, 0.0, 0.13519302010536194, 0.3531775176525116, 0.08247007429599762, 0.18027986586093903, 6.265649318695068, 0.2155008167028427, 0.8349025249481201, 0.5372990965843201, 2.1085731983184814, 0.8108158707618713, 0.3191061317920685, 0.24441224336624146, 0.1515396535396576, 0.0, 0.05341940373182297, 0.1549326628446579, 0.0, 0.0, 0.715724527835846, 0.3790171146392822, 0.07401236891746521, 0.06728003174066544, 0.0, 0.017745468765497208, 0.10037556290626526, 0.4002291262149811, 0.1471184343099594, 0.0, 0.5871475338935852, 0.5108683109283447, 0.0, 0.13436345756053925, 0.0069329398684203625, 0.0, 0.0049446336925029755, 0.02246597781777382, 0.1024789810180664, 0.8736965656280518, 0.5313347578048706, 1.4656627178192139, 0.49040353298187256, 0.15771983563899994, 0.9341800212860107, 0.13856634497642517, 0.01123083382844925, 0.0, 0.002492362167686224, 0.32992106676101685, 0.14430224895477295, 0.1945362091064453, 0.4395938813686371, 0.0, 2.0011513233184814, 0.06636776030063629, 0.028963230550289154, 0.00604201341047883, 1.5792646408081055, 0.23154333233833313, 2.270458221435547, 0.20022781193256378, 0.4391760528087616, 0.003150876611471176, 0.32389628887176514, 0.029831537976861, 0.19298744201660156, 0.010906652547419071, 0.1382579654455185, 0.10934489220380783, 0.8346318006515503, 1.7972530126571655, 0.0, 0.5034113526344299, 0.09103816002607346, 0.05424779653549194, 0.0, 0.11261402815580368, 0.10912904888391495, 0.5158841013908386, 0.8475731015205383, 0.0038139454554766417, 0.7701075077056885, 0.12797199189662933, 0.07004750519990921, 0.7421290874481201, 1.1621021032333374, 0.20629075169563293, 0.01784108579158783, 1.2704381942749023, 0.10658377408981323, 0.0, 0.8852436542510986, 0.05731700360774994, 0.7923642992973328, 0.005822237581014633, 0.04187595471739769, 0.23359788954257965, 0.7763578295707703, 1.1706892251968384, 0.10448265075683594, 2.0265450477600098, 0.5950928330421448, 0.0940016359090805, 0.2406569868326187, 0.11400296539068222, 0.004048709757626057, 0.1651223599910736, 0.0, 0.08101344853639603, 0.32475998997688293, 1.1540077924728394, 1.5005840063095093, 0.6331632137298584, 1.1103897094726562, 0.06528513878583908, 1.0315945148468018, 0.0, 3.8014893531799316, 0.42236608266830444, 3.3889107704162598, 0.01979292929172516, 0.20203788578510284, 0.1542029082775116, 1.1080212593078613, 4.005253791809082, 0.4406493306159973, 0.03668234124779701, 1.1868078708648682, 0.0026899210643023252, 0.37611207365989685, 0.9630154967308044, 0.2130829095840454, 0.959712564945221, 1.4995403289794922, 0.1890232264995575, 0.0, 0.11384452134370804, 0.007943598553538322, 0.4348800480365753, 0.5776188969612122, 1.2223678827285767, 0.0, 0.02087216079235077, 0.3762950003147125, 0.8271967768669128, 0.31787392497062683, 0.9154499769210815, 0.0026891084853559732, 1.2534759044647217, 0.0, 0.09977833181619644, 0.007305367849767208, 0.008353634737432003, 0.006162400357425213, 0.14844615757465363, 0.4994494915008545, 0.12409801036119461, 0.0, 0.1886684000492096, 4.055027961730957, 0.46183812618255615]",Testing/glioma_tumor/image(94).jpg
"[0.7295843362808228, 0.778272807598114, 0.04038948193192482, 0.2763370871543884, 0.3185954689979553, 0.13326634466648102, 1.4261330366134644, 0.05365027114748955, 0.043617792427539825, 0.0, 0.06798414140939713, 0.06515009701251984, 0.4714810848236084, 1.1154133081436157, 0.025100478902459145, 0.050234049558639526, 0.38979020714759827, 0.010907625779509544, 0.2645743787288666, 0.0, 0.33896926045417786, 1.8466147184371948, 0.8464011549949646, 0.026992203667759895, 0.26110321283340454, 0.3755137324333191, 1.1738046407699585, 0.08207087963819504, 0.1506529599428177, 0.19178110361099243, 0.23675385117530823, 0.0, 2.7925310134887695, 0.6083486676216125, 0.363800585269928, 0.37772315740585327, 0.22195981442928314, 1.0191445350646973, 0.056928813457489014, 0.1133376955986023, 3.1448159217834473, 0.25972744822502136, 0.019717829301953316, 0.0, 0.0, 0.0, 0.0, 0.0, 0.0, 0.44628918170928955, 0.07161914557218552, 1.4159382581710815, 1.7110049724578857, 0.3872036933898926, 2.5388247966766357, 1.4478603601455688, 0.0726683959364891, 0.314261794090271, 0.5879607200622559, 0.0, 0.3737228810787201, 0.07957351207733154, 0.6154912710189819, 0.5069399476051331, 0.1106991395354271, 0.0, 0.41127797961235046, 0.0, 0.26667356491088867, 0.0, 1.2185838222503662, 0.012106119655072689, 0.4700692296028137, 3.333127498626709, 0.2628742456436157, 0.049299150705337524, 2.136218547821045, 0.07640864700078964, 0.0, 0.38141196966171265, 0.0, 0.05429079011082649, 0.5603940486907959, 0.03265224024653435, 0.7400808334350586, 0.15241222083568573, 0.5909972190856934, 0.020262336358428, 0.010296977125108242, 0.02917117439210415, 1.0860726833343506, 0.3416699767112732, 0.053582970052957535, 0.2250133752822876, 0.04787936806678772, 0.13308867812156677, 0.2629756033420563, 0.0200551375746727, 0.11934568732976913, 0.13103391230106354, 0.0, 0.22995279729366302, 0.07571674138307571, 0.10617168247699738, 0.5371387004852295, 0.09218539297580719, 0.10118361562490463, 0.2832739055156708, 0.021872108802199364, 0.9674371480941772, 0.0, 0.07375163584947586, 0.0018100738525390625, 0.11915536969900131, 0.1646967977285385, 0.019144540652632713, 0.16558343172073364, 0.5292580723762512, 0.09851262718439102, 0.1955167055130005, 0.2700713574886322, 0.0, 0.0, 0.17038440704345703, 0.6039161086082458, 0.5529804825782776, 0.0, 0.06205962598323822, 1.8061221837997437, 0.0, 0.0, 1.2098524570465088, 0.11538277566432953, 0.0, 0.0, 0.0, 0.04256182909011841, 0.04174363240599632, 0.02119864709675312, 0.0, 0.0, 0.11567942798137665, 0.02066955715417862, 0.035199716687202454, 0.029198214411735535, 0.020538073033094406, 0.0, 1.8107929229736328, 0.03856794536113739, 0.0022279582917690277, 1.500910758972168, 0.8897451162338257, 0.014395786449313164, 0.015905525535345078, 0.25839516520500183, 0.5921615958213806, 0.0, 0.04775848239660263, 1.0638800859451294, 0.004544440656900406, 0.4755541682243347, 0.2453131228685379, 0.25325313210487366, 0.06392289698123932, 0.0, 0.021336426958441734, 0.5003021955490112, 0.3966078460216522, 0.07133712619543076, 7.815637588500977, 0.2155485898256302, 0.0, 0.0, 0.29492342472076416, 0.9396886229515076, 0.2248695343732834, 0.0, 0.27916982769966125, 0.06515791267156601, 0.05847244709730148, 0.0, 0.0, 0.23177221417427063, 0.06292544305324554, 0.15277278423309326, 0.565119206905365, 0.04694090038537979, 0.2061997950077057, 0.2173241376876831, 0.0, 0.04506351426243782, 0.07081931829452515, 0.040360480546951294, 0.015426469966769218, 0.01962585747241974, 0.21001370251178741, 0.0, 2.4589576721191406, 0.015987681224942207, 0.1670503467321396, 1.092093825340271, 0.7294753789901733, 0.044003523886203766, 0.10940522700548172, 0.40829628705978394, 0.36431339383125305, 0.0, 0.0, 0.1600474864244461, 0.0, 0.48715144395828247, 0.7124495506286621, 0.0, 0.9124341607093811, 0.0, 0.19202671945095062, 0.17857897281646729, 0.015125138685107231, 0.19735659658908844, 0.0, 0.7290861010551453, 0.11517070978879929, 1.8154007196426392, 0.05881163850426674, 0.02794344536960125, 1.2345051765441895, 0.05473827198147774, 0.005013777408748865, 1.8725790977478027, 0.40226098895072937, 0.5497235655784607, 0.002356626559048891, 0.07875999063253403, 0.8641852736473083, 1.148037314414978, 0.11930257081985474, 0.008452758193016052, 0.1401904821395874, 0.07129018008708954, 0.25818467140197754, 0.003412122605368495, 0.021582841873168945, 1.051876425743103, 0.0, 0.08626202493906021, 0.062491703778505325, 0.22290873527526855, 0.6118319630622864, 0.09280335158109665, 0.7867915034294128, 0.6735013723373413, 0.23778566718101501, 1.0272465944290161, 0.20233705639839172, 0.3079560399055481, 0.19056105613708496, 0.07919027656316757, 0.755301833152771, 0.0947704091668129, 0.3066225051879883, 0.05308130383491516, 0.0616258904337883, 0.5584478974342346, 0.050214190036058426, 0.006910382304340601, 0.0, 0.1559014469385147, 0.28314119577407837, 0.0, 0.043806642293930054, 0.9087455868721008, 0.15743984282016754, 0.2805595099925995, 0.0522698275744915, 2.4944374561309814, 0.07062318921089172, 0.0903213620185852, 1.2133361101150513, 0.2642055153846741, 0.013313324190676212, 0.9715526103973389, 1.2619283199310303, 1.773013710975647, 0.0015631159767508507, 0.49345269799232483, 0.1920115053653717, 1.5896978378295898, 0.1314377337694168, 0.01414570678025484, 0.0, 0.2962934672832489, 0.10511964559555054, 0.0, 0.06302402168512344, 0.12641850113868713, 2.1480777263641357, 0.0025987965054810047, 0.012838154099881649, 0.22948119044303894, 0.0, 0.361402302980423, 0.020996764302253723, 3.4858455657958984, 0.24979500472545624, 0.7499560117721558, 0.16557160019874573, 0.13226449489593506, 0.019179830327630043, 0.5173261761665344, 0.06819811463356018, 0.34754571318626404, 0.47105348110198975, 0.21495753526687622, 0.28007468581199646, 0.11697836965322495, 0.6981094479560852, 0.3274041712284088, 0.03705717623233795, 0.0, 0.019654862582683563, 0.15861348807811737, 0.05247974768280983, 0.0, 0.0, 0.0, 0.0, 0.5269490480422974, 0.0, 2.335391044616699, 0.12833335995674133, 0.3258834481239319, 0.0, 0.3132978081703186, 0.8607907295227051, 0.0, 0.12493005394935608, 1.3079283237457275, 0.3085562586784363, 1.8472459316253662, 0.23778147995471954, 0.0, 0.046331703662872314, 0.12290540337562561, 0.0, 0.0, 0.014085754752159119, 0.0729571059346199, 0.05850896239280701, 0.007847808301448822, 0.08937548846006393, 0.007672969251871109, 0.13670745491981506, 0.4123988747596741, 0.09228783845901489, 0.12990783154964447, 0.010159171186387539, 0.0, 0.02080841176211834, 0.28605493903160095, 0.002663889667019248, 0.020501423627138138, 1.3810313940048218, 0.0736638605594635, 0.01815122552216053, 0.5194311738014221, 0.16852982342243195, 0.09750037640333176, 0.07144816219806671, 0.12205151468515396, 0.15386506915092468, 0.036414891481399536, 0.11088622361421585, 1.2349880933761597, 5.270535945892334, 0.07366561889648438, 0.06954241544008255, 2.5541703701019287, 0.0, 0.045745849609375, 0.03684340789914131, 0.13222560286521912, 0.0, 0.0, 0.0, 0.678523600101471, 0.13013119995594025, 1.6678732633590698, 0.0, 0.03321726992726326, 0.0, 0.0623377300798893, 0.01626591943204403, 0.3441847264766693, 0.02894548326730728, 0.03927255794405937, 3.579432249069214, 0.0005151897203177214, 0.9172329306602478, 0.027443720027804375, 0.022993924096226692, 0.04090211167931557, 0.030104340985417366, 0.0, 0.07545747607946396, 0.0042618149891495705, 2.321682929992676, 0.06540627777576447, 0.06235683336853981, 0.028690632432699203, 0.8839331865310669, 0.18890655040740967, 0.006141020450741053, 0.127395361661911, 0.04191913828253746, 0.06007755920290947, 0.8916922807693481, 0.0, 0.009371641092002392, 0.2583937644958496, 0.0, 0.48501792550086975, 0.03735734149813652, 0.34142354130744934, 0.2700425088405609, 0.0, 0.0, 0.1873345673084259, 0.20650406181812286, 0.012736782431602478, 0.028081107884645462, 0.2389126569032669, 0.4875152111053467, 0.6128650903701782, 0.11987036466598511, 0.6217992305755615, 1.4532185792922974, 0.019796784967184067, 1.393145203590393, 0.7834950089454651, 0.0, 0.02201933041214943, 0.0, 0.6812390089035034, 0.1327388882637024, 0.3121044337749481, 0.010397565551102161, 0.0038650764618068933, 0.08011476695537567, 0.0, 0.0, 1.5333003997802734, 0.15771253407001495, 0.0, 0.0, 0.07522238790988922, 0.38553476333618164, 0.22704707086086273, 0.17600814998149872, 0.0, 1.3551311492919922, 0.042237769812345505, 1.147450566291809, 0.25204458832740784, 0.09417136758565903, 0.0885758027434349, 0.029801739379763603, 0.0, 1.0826747417449951, 0.3602987825870514, 0.022575505077838898, 0.1515761911869049, 0.2677532434463501, 0.45065927505493164, 0.027675805613398552, 0.08397938311100006, 0.023596936836838722, 0.0403100959956646, 0.0, 0.17796561121940613, 0.13727867603302002, 0.3764893412590027, 0.3108549416065216, 0.17858189344406128, 0.08002963662147522, 0.0, 0.11161889880895615, 0.0, 0.013924109749495983, 1.1191160678863525, 0.06507933139801025, 0.014301796443760395, 2.2847275733947754, 0.13820059597492218, 0.10188890993595123, 1.0126886367797852, 0.0, 0.0, 0.2436414659023285, 0.4046080410480499, 0.5211623907089233, 0.0026395954191684723, 0.23530659079551697, 0.2157161682844162, 2.1418988704681396, 0.33650562167167664, 0.2917171120643616, 0.23587946593761444, 0.10379736870527267, 0.07802127301692963, 0.0553307980298996, 0.0, 0.14408250153064728, 0.0, 0.609209418296814, 0.1431179642677307, 0.4234768748283386, 0.6345748901367188, 0.027134902775287628, 0.5795075297355652, 0.0, 0.048622433096170425, 0.4021643102169037, 0.08354848623275757, 0.0, 0.0, 0.015638867393136024, 0.0, 0.0, 0.009855012409389019, 1.8794937133789062, 0.0, 1.1696805953979492, 0.46427538990974426, 3.452873468399048, 0.0, 0.2457636296749115, 0.6292121410369873, 0.25603213906288147, 0.17898628115653992, 0.6614341139793396, 0.0, 0.1636335253715515, 0.016126122325658798, 0.0393359549343586, 0.25425705313682556, 0.009919069707393646, 0.015608306042850018, 0.13908053934574127, 0.30423301458358765, 0.0, 0.03300793468952179, 0.10939475148916245, 0.509992778301239, 0.018525760620832443, 1.3387629985809326, 1.9408411979675293, 0.23090630769729614, 0.0, 0.37728145718574524, 0.06266003102064133, 1.8808385133743286, 0.6729982495307922, 0.056614648550748825, 0.0014289981918409467, 0.020621642470359802, 0.15264759957790375, 0.13936886191368103, 0.13984070718288422, 0.002884842921048403, 0.022032611072063446, 0.25352975726127625, 0.09369369596242905, 0.11728516221046448, 0.45805639028549194, 0.010864323936402798, 1.659804105758667, 0.007755476515740156, 2.397860527038574, 0.24571025371551514, 0.0, 0.41361111402511597, 0.0, 0.07729347050189972, 0.12704987823963165, 0.0, 0.12650763988494873, 0.008276693522930145, 0.009926876053214073, 0.0, 0.0, 0.0, 0.0, 0.20718134939670563, 0.0, 0.042759969830513, 0.10626960545778275, 0.0, 0.058016978204250336, 0.0, 0.1519397348165512, 0.8832334280014038, 0.008774966932833195, 0.8207080364227295, 0.8940816521644592, 0.02563508227467537, 0.05339162051677704, 0.644672155380249, 0.21244235336780548, 0.4499873220920563, 1.6296446323394775, 0.0005834053736180067, 0.12576092779636383, 0.46249642968177795, 0.3235611319541931, 0.028520217165350914, 0.0, 0.0037283848505467176, 0.0728382095694542, 0.040412675589323044, 0.13246063888072968, 0.19711080193519592, 0.02449469268321991, 3.5427298545837402, 0.06733410805463791, 2.2056922912597656, 0.2974449396133423, 0.3168814480304718, 0.0, 0.000555632053874433, 0.0, 0.0038144905120134354, 0.03986063227057457, 0.26982107758522034, 0.0, 0.026347778737545013, 0.0, 0.017403213307261467, 0.019736936315894127, 0.25873783230781555, 0.07764658331871033, 1.4098747968673706, 0.0, 0.2317221462726593, 0.17191369831562042, 0.0, 0.6508172750473022, 3.2351083755493164, 0.0, 0.0, 0.0, 0.21697424352169037, 0.21020469069480896, 0.034579429775476456, 0.0, 2.9586803913116455, 0.028254395350813866, 0.19802768528461456, 0.12757813930511475, 0.913055419921875, 0.0, 0.014183255843818188, 0.14182326197624207, 0.3093913197517395, 0.0034691046457737684, 1.1671682596206665, 0.32258671522140503, 1.071256160736084, 1.877824306488037, 0.24597066640853882, 0.15326476097106934, 0.0, 0.6593381762504578, 0.15557388961315155, 0.25459936261177063, 0.0, 0.4168107807636261, 0.09403221309185028, 0.030975341796875, 0.17678260803222656, 1.0291136503219604, 1.2535821199417114, 0.28397682309150696, 0.02179749868810177, 0.05378906428813934, 0.9672276377677917, 0.17611056566238403, 0.0, 0.0, 0.526397168636322, 0.45152994990348816, 0.009871561080217361, 0.17060939967632294, 0.0, 0.016960566863417625, 0.10452739894390106, 0.10299690067768097, 0.6429632306098938, 0.888685405254364, 0.03158458322286606, 0.008499257266521454, 0.041940152645111084, 0.03171049430966377, 0.15199434757232666, 0.10167292505502701, 0.00026906997663900256, 0.06619719415903091, 3.7542498111724854, 1.7881203889846802, 1.7431089878082275, 0.0, 2.4325783252716064, 0.0429665744304657, 0.0043269856832921505, 0.0, 0.06402801722288132, 0.0, 0.004618416074663401, 0.020290836691856384, 0.014370237477123737, 0.02583908848464489, 0.5034220218658447, 3.9923810958862305, 0.02236640639603138, 0.08159492909908295, 0.24833093583583832, 2.409116268157959, 0.9493833780288696, 0.13638001680374146, 0.008109715767204762, 0.9633511304855347, 0.5991430282592773, 0.3334681987762451, 0.10726362466812134, 0.19574788212776184, 1.2236765623092651, 0.3634856045246124, 0.2059674710035324, 0.5875964760780334, 0.04922139272093773, 0.0009310002205893397, 0.16076210141181946, 0.10186386108398438, 2.8017373085021973, 0.0, 0.026270391419529915, 0.2108953595161438, 0.12330435961484909, 0.0, 0.2872636914253235, 0.6026752591133118, 0.04506715014576912, 1.2523164749145508, 0.1813831329345703, 0.0, 0.06376165896654129, 0.12271296232938766, 0.8419347405433655, 0.0483873225748539, 0.0, 0.12203499674797058, 1.663304090499878, 0.3456531763076782, 1.298591136932373, 0.6001612544059753, 0.06435321271419525, 0.006994009017944336, 0.04233064502477646, 0.8630914688110352, 0.764198362827301, 0.7587618231773376, 0.0, 0.054609376937150955, 0.5019802451133728, 0.2136630415916443, 0.05890901759266853, 0.013680195435881615, 1.0517089366912842, 0.021294092759490013, 1.824264407157898, 0.2606315016746521, 1.2540782690048218, 0.5736774206161499, 0.7493219375610352, 0.04918547719717026, 0.40721750259399414, 0.08566296100616455, 1.2225085496902466, 1.3495309352874756, 0.05728471651673317, 0.0, 0.39198264479637146, 0.615655243396759, 1.5963349342346191, 0.0, 0.4646657705307007, 0.03293519467115402, 0.0, 0.0, 0.8766224384307861, 0.03671427443623543, 0.009008804336190224, 0.4294937252998352, 0.025769511237740517, 0.0, 0.0, 0.48641127347946167, 0.6791697144508362, 0.5847063660621643, 0.373717725276947, 0.00479529844596982, 0.0, 0.1490786224603653, 1.701562523841858, 0.010544718243181705, 2.29276704788208, 0.006618879269808531, 2.539726495742798, 1.1638233661651611, 0.0, 0.010568234138190746, 0.0, 0.0, 0.951210618019104, 0.017785722389817238, 0.028589822351932526, 0.0, 0.1528070718050003, 0.10378294438123703, 0.26226627826690674, 4.428256511688232, 0.011501550674438477, 0.724995493888855, 0.19231028854846954, 0.31760093569755554, 0.35158613324165344, 1.5659154653549194, 0.0, 0.0, 0.002845311537384987, 0.7464116215705872, 0.027392268180847168, 0.0, 0.5373649597167969, 3.6484363079071045, 0.12225084006786346, 0.03732030838727951, 0.16635216772556305, 0.0953775942325592, 1.555990219116211, 0.14592282474040985, 0.1907387226819992, 0.024211803451180458, 0.6166958212852478, 0.005604855716228485, 0.09840182960033417, 0.46160033345222473, 0.13200433552265167, 0.04018073156476021, 0.4834788143634796, 1.4690866470336914, 0.03228868916630745, 0.05555828660726547, 0.022931639105081558, 0.0, 0.08714301139116287, 0.7274905443191528, 0.02429501712322235, 0.2955583333969116, 0.21869966387748718, 3.6057629585266113, 0.01956612430512905, 0.04220885783433914, 0.0, 0.03850487992167473, 0.02725088782608509, 0.0, 0.2668806314468384, 0.11090082675218582, 2.2784788608551025, 0.3854232728481293, 0.10554181039333344, 0.024146342650055885, 0.17390145361423492, 0.0, 2.0267891883850098, 0.10687191784381866, 0.8484642505645752, 0.024227896705269814, 0.21392656862735748, 0.3053473234176636, 0.0, 0.1903126835823059, 0.0015129337552934885, 0.0, 0.024768725037574768, 0.010706954635679722, 0.017704695463180542, 0.0, 0.028252990916371346, 1.2100367546081543, 0.09189420938491821, 1.970650315284729, 0.02930487133562565, 0.06165231019258499, 3.8347809314727783, 0.0, 0.1404774785041809, 2.2578227519989014, 0.015139599330723286, 0.14747552573680878, 0.3392767906188965, 0.31325316429138184, 0.09532620012760162, 0.3857544958591461, 0.0, 1.4568156003952026, 0.0046392022632062435, 0.025032462552189827, 0.9361407160758972, 0.0, 0.0, 0.028493255376815796, 0.007000470533967018, 0.037492040544748306, 0.10677449405193329, 0.0, 0.9550995230674744, 1.6109380722045898, 1.7674484252929688, 0.0, 0.007525704335421324, 0.052077073603868484, 0.4869859218597412, 0.0, 0.100753054022789, 2.396426200866699, 0.0021728691644966602, 0.030128946527838707, 0.016693951562047005, 0.023625141009688377, 0.5092864632606506, 0.5778378844261169, 0.0, 0.020370371639728546, 0.010279500856995583, 0.07376261800527573, 0.0035620855633169413, 0.3438027799129486, 0.041471928358078, 0.008455217815935612, 0.0, 0.6148141622543335, 0.2919076085090637, 0.0, 0.481914222240448, 0.0, 0.04606887325644493, 0.9922412037849426, 0.8949399590492249, 0.164676234126091, 0.00459599494934082, 0.054178617894649506, 0.0, 0.054175037890672684, 0.16168873012065887, 1.1401426792144775, 0.09961573779582977, 0.6121519207954407, 0.09020963311195374, 0.007925267331302166, 0.003550023538991809, 0.024253956973552704, 0.054691050201654434, 0.8251232504844666, 0.015470516867935658, 0.31276291608810425, 0.09681563824415207, 0.0, 0.6116441488265991, 0.029792051762342453, 2.0201001167297363, 1.724141001701355, 0.012008484452962875, 0.0, 0.6987602710723877, 0.0, 0.0, 0.0, 0.016185183078050613, 0.0, 0.09473196417093277, 0.13038763403892517, 0.005739737302064896, 0.4120664894580841, 0.055718597024679184, 0.010177879594266415, 0.06838786602020264, 0.0, 0.09820655733346939, 0.0, 0.4097321033477783, 0.0, 0.0, 0.0, 0.7929064631462097, 0.30782780051231384, 0.0, 0.7752466797828674, 0.8104830980300903, 0.09220807254314423, 0.043364934623241425, 0.0202930998057127, 0.3387017548084259, 2.561046600341797, 0.009405851364135742, 0.0, 0.44695231318473816, 0.00781265553086996, 0.18849295377731323, 0.8009068965911865, 0.04079780355095863, 0.8879836201667786, 0.00471242843195796, 0.06535449624061584, 0.2177482545375824, 0.43013256788253784, 0.0, 0.24887198209762573, 0.0, 0.044823888689279556, 0.24254842102527618, 0.46063193678855896, 0.19384710490703583, 0.07954200357198715, 0.09956800937652588, 0.008567342534661293, 0.021560216322541237, 0.0, 0.09974053502082825, 0.0, 0.0, 0.01080844085663557, 0.32386109232902527, 0.02797762304544449, 0.0925436019897461, 0.006928684655576944, 0.008496284484863281, 0.30467474460601807, 0.18885238468647003, 0.07343835383653641, 0.25137096643447876, 0.015956446528434753, 0.042059216648340225, 0.06201496347784996, 0.11336392909288406, 0.0, 1.05767023563385, 3.0230019092559814, 0.0034251820761710405, 0.5258277058601379, 0.0, 0.09796322882175446, 0.2644275426864624, 0.0746292844414711, 0.0, 0.07938660681247711, 0.05095518380403519, 0.44532233476638794, 0.01479706447571516, 0.4707893133163452, 0.06352230161428452, 2.9741029739379883, 0.10272643715143204, 0.3002080023288727, 0.1688077300786972, 0.7302145957946777, 0.08447837829589844, 0.0, 0.029711998999118805, 0.3072958290576935, 1.5867595672607422, 0.32031676173210144, 0.21486079692840576, 3.5363898277282715, 0.008435584604740143, 0.11166689544916153, 0.08696527034044266, 1.7220230102539062, 1.8435760736465454, 0.37779855728149414, 0.0, 0.0, 0.31232380867004395, 0.0361916683614254, 5.250645160675049, 0.0, 0.13755962252616882, 0.001693642814643681, 0.0, 0.3444230854511261, 0.0, 0.015127590857446194, 0.35619035363197327, 0.06949562579393387, 0.12816666066646576, 0.03489653393626213, 0.4786990284919739, 0.035373326390981674, 1.1709773540496826, 0.4073936343193054, 0.08432988822460175, 0.24683570861816406, 0.0048413812182843685, 0.0048955632373690605, 0.2568679451942444, 0.0, 0.20917274057865143, 0.06968379765748978, 0.1563684046268463, 0.0, 0.458202600479126, 0.18024630844593048, 0.0, 0.3359578549861908, 0.0, 0.003583333920687437, 0.5270900130271912, 0.1466716229915619, 0.006447291001677513, 0.034418608993291855, 0.031538549810647964, 0.4905044138431549, 0.020343979820609093, 1.1038718223571777, 0.0, 0.007150446996092796, 0.11286319047212601, 0.015926029533147812, 0.0, 0.20098184049129486, 0.016402652487158775, 0.10721148550510406, 1.0107052326202393, 0.0, 0.03276898339390755, 0.0, 0.0, 0.0, 0.10221049934625626, 0.013731511309742928, 0.015006283298134804, 0.04789673537015915, 0.0, 0.023841775953769684, 1.4999817609786987, 0.10252953320741653, 0.11038260906934738, 0.2763843238353729, 0.0, 0.06860698759555817, 0.0, 0.003791969735175371, 0.0, 0.07634103298187256, 0.2909430265426636, 0.12319472432136536, 0.5984278917312622, 0.15955212712287903, 0.0039803688414394855, 0.0, 0.034467920660972595, 0.15368463099002838, 0.015166739001870155, 0.016652647405862808, 0.0, 0.9033427238464355, 0.0, 0.08455803245306015, 0.0, 1.3826066255569458, 0.01635608822107315, 0.06636816263198853, 0.010581099428236485, 0.0, 0.0, 0.08250272274017334, 0.07012996822595596, 1.1467812061309814, 0.4646154046058655, 0.06985174864530563, 0.9188204407691956, 0.0, 0.01508267316967249, 0.0, 0.006067779380828142, 0.40464454889297485, 0.997957170009613, 0.2816741466522217, 0.03996862843632698, 0.02304823137819767, 0.0637388825416565, 0.07116176933050156, 0.2976958453655243, 0.5791932344436646, 0.30983707308769226, 0.08849044889211655, 0.49291521310806274, 0.026824887841939926, 0.10814367234706879, 0.7644808292388916, 1.9003582000732422, 0.0, 0.0, 0.09361239522695541, 0.0, 0.05457066372036934, 0.0, 0.09387066960334778, 0.32936933636665344, 0.5417850017547607, 0.8524758219718933, 0.02946441061794758, 0.0, 0.9492399096488953, 0.12225037813186646, 0.5222177505493164, 0.08022838085889816, 0.5469653010368347, 0.07172052562236786, 0.1037825495004654, 0.0, 0.23182328045368195, 0.001813701237551868, 4.565694808959961, 0.512605607509613, 0.17500361800193787, 0.06831777095794678, 0.11889096349477768, 0.13862812519073486, 0.29280000925064087, 0.21130961179733276, 0.017022863030433655, 0.0, 0.1522698551416397, 0.7972772717475891, 0.08976833522319794, 0.03879235312342644, 0.07924254238605499, 0.25645989179611206, 0.0009305757121182978, 0.0225943885743618, 0.61121666431427, 0.19575083255767822, 0.0, 0.0, 0.0, 1.838318943977356, 0.012979193590581417, 0.0, 0.0, 0.101490817964077, 0.0, 0.4696330726146698, 1.2125720977783203, 0.8885451555252075, 0.6830383539199829, 0.6074544191360474, 0.39923086762428284, 0.2908051013946533, 0.415944904088974, 0.08916226029396057, 0.0, 0.016210824251174927, 0.09549464285373688, 0.04042878746986389, 0.0012531329412013292, 0.20663516223430634, 0.01301464531570673, 0.09098976850509644, 0.30112385749816895, 0.08185934275388718, 0.4438289403915405, 0.0026437020860612392, 0.0733908861875534, 0.0030343581456691027, 0.40701812505722046, 0.010046667419373989, 0.6734822392463684, 1.447021484375, 1.2136332988739014, 0.37715861201286316, 0.0, 0.29400551319122314, 0.0, 0.0, 0.0, 0.30974188446998596, 1.2210264205932617, 0.0, 0.0, 2.0095467567443848, 0.018254976719617844, 0.8553165793418884, 0.8994842171669006, 0.0, 0.0, 0.17224036157131195, 0.7342114448547363, 1.030458927154541, 4.423335075378418, 0.25453317165374756, 0.5097396969795227, 0.09902141243219376, 0.0, 0.27554547786712646, 0.9228744506835938, 0.017966127023100853, 0.0, 0.12599556148052216, 0.507628321647644, 2.9199767112731934, 0.022144872695207596, 0.16753952205181122, 0.12130310386419296, 0.09990431368350983, 0.0021677601616829634, 0.044829465448856354, 0.0, 2.0516011714935303, 0.05797050520777702, 0.09312760084867477, 0.07395674288272858, 0.7312976121902466, 0.18693684041500092, 0.13758538663387299, 0.07305379211902618, 0.21409836411476135, 0.15715917944908142, 0.4074960947036743, 1.6822612285614014, 0.039996445178985596, 0.11641822755336761, 0.04016325995326042, 0.0, 0.00791531428694725, 2.812084913253784, 0.018977437168359756, 0.09224347770214081, 0.0, 0.9487127065658569, 0.6887303590774536, 0.04656902700662613, 0.641522228717804, 0.011788321658968925, 2.4774491786956787, 0.21293044090270996, 0.0, 0.2406366467475891, 0.09581448882818222, 0.14531618356704712, 0.07521195709705353, 0.08847815543413162, 0.0, 0.0, 0.0, 2.8265814781188965, 0.0, 0.6520792245864868, 0.0, 0.0, 0.08192869275808334, 0.48886752128601074, 0.4572187662124634, 0.0001577479561092332, 2.449702739715576, 0.8597496747970581, 0.0945078432559967, 0.08859462291002274, 0.0, 0.0, 1.354778528213501, 1.5725350379943848, 0.0, 1.277119517326355, 0.09233544766902924, 0.0, 0.2820035219192505, 0.128571555018425, 0.406764954328537, 0.0, 0.0, 0.0, 0.0, 0.010265126824378967, 0.07716435939073563, 0.1821388304233551, 0.0, 7.333023548126221, 0.0, 0.9621663093566895, 0.19694912433624268, 1.3358198404312134, 0.026317233219742775, 0.7088894248008728, 0.5822521448135376, 0.0, 0.03039994090795517, 1.0438073873519897, 0.7629595398902893, 0.0, 0.2857312262058258, 0.0647103488445282, 0.0, 0.44215214252471924, 0.1943817287683487, 0.4577361047267914, 0.08121630549430847, 0.1562187522649765, 0.08182847499847412, 0.44231584668159485, 0.0, 0.0, 0.0, 0.031242433935403824, 0.05868455767631531, 0.009781399741768837, 0.2835204601287842, 0.0, 0.019636323675513268, 1.8198353052139282, 0.17694002389907837, 0.01669183559715748, 0.0, 0.2152470201253891, 0.4826342463493347, 0.0, 0.0, 0.009551389142870903, 0.5057169198989868, 0.2582840919494629, 0.03942203149199486, 0.08594498038291931, 2.515737533569336, 0.0, 0.0006248196586966515, 0.0, 0.01612153649330139, 0.0, 0.19505850970745087, 0.028618326410651207, 0.010270542465150356, 0.2461058348417282, 0.0088872155174613, 0.010685074143111706, 0.0, 0.0, 0.11117268353700638, 0.0, 0.0, 0.0025187779683619738, 0.9166846871376038, 0.0, 0.040834296494722366, 0.18495316803455353, 2.4432034492492676, 2.544896125793457, 0.04624030366539955, 0.4559064507484436, 0.5751683115959167, 0.0, 0.2544211149215698, 1.4703550338745117, 0.7997618913650513, 0.036328572779893875, 1.5578131675720215, 0.007469040807336569, 1.9275767803192139, 0.09085141122341156, 2.4364421367645264, 0.39728471636772156, 0.29265037178993225, 0.2870042324066162, 0.0, 0.056565042585134506, 0.36637356877326965, 0.01869663968682289, 0.015597708523273468, 0.2347647249698639, 0.0007642385899089277, 0.0, 0.0, 3.6969380378723145, 0.002961202524602413, 0.041774261742830276, 0.21891096234321594, 0.03488463908433914, 0.40149617195129395, 0.030206475406885147, 0.0, 1.9888815879821777, 0.12756647169589996, 0.5291321277618408, 0.274845153093338, 2.0750699043273926, 1.3861744403839111, 0.24599438905715942, 0.15611624717712402, 0.0, 1.0957412719726562, 0.0, 0.01092796865850687, 0.7887341976165771, 0.33015406131744385, 0.603852391242981, 0.06016925349831581, 0.018778864294290543, 0.0014037672663107514, 0.0, 0.0005363590898923576, 0.0, 0.0, 0.1508348137140274, 0.0, 0.7297652959823608, 0.023382581770420074, 0.0, 0.00918592233210802, 0.0, 0.048814836889505386, 1.6685115098953247, 0.0, 0.0, 0.0, 0.14168815314769745, 0.0, 0.0, 0.08200214058160782, 0.034496843814849854, 0.009023462422192097, 0.05760803446173668, 0.047070689499378204, 0.03678019717335701, 0.0, 0.17617611587047577, 0.4907323122024536, 0.0046422407031059265, 0.13955111801624298, 0.29549309611320496, 0.18680576980113983, 0.14741960167884827, 1.0047085285186768, 0.012738116085529327, 0.37297478318214417, 0.0476970374584198, 0.1285392940044403, 0.5253196954727173, 0.27084240317344666, 2.5304839611053467, 0.06000379100441933, 0.17571823298931122, 0.3418830633163452, 0.07939254492521286, 0.055922042578458786, 0.07994654029607773, 0.027743835002183914, 0.5223464369773865, 0.0, 0.050788167864084244, 0.052593037486076355, 0.10434630513191223, 0.015087882056832314, 0.007641918957233429, 0.9910329580307007, 2.224606990814209, 0.08649612963199615, 0.21323955059051514, 0.16899731755256653, 0.3478604555130005, 1.1796658039093018, 0.06592735648155212, 0.0584230050444603, 0.0, 0.4906645119190216, 0.023231858387589455, 0.04321663826704025, 0.2447454035282135, 0.2642752528190613, 0.1371964067220688, 0.13813766837120056, 0.0, 0.0, 0.0, 0.0, 0.19979991018772125, 0.7740195393562317, 0.42926886677742004, 0.4341897666454315, 0.005947560537606478, 1.522457480430603, 0.0, 0.3408176004886627, 0.44247907400131226, 0.0389544777572155, 0.4427785277366638, 0.0, 0.0, 0.3678978979587555, 0.11056207120418549, 0.0018373654456809163, 1.0994625091552734, 0.0, 0.32955223321914673, 0.2021956890821457, 0.035108380019664764, 0.0960955023765564, 0.2467753291130066, 0.1318465769290924, 0.02227993682026863, 0.31098294258117676, 0.3107014000415802, 0.0, 0.09823469072580338, 0.19859343767166138, 0.4415428042411804, 0.6047412157058716, 2.0777957439422607, 2.117932081222534, 1.5946446657180786, 0.0, 0.03267249837517738, 0.0, 1.1582695245742798, 0.04865570366382599, 0.00208282470703125, 0.031699568033218384, 0.7251911759376526, 0.011192667298018932, 0.23528259992599487, 0.006168764550238848, 0.31225651502609253, 1.2236812114715576, 0.30204716324806213, 0.6859233379364014, 0.04115233197808266, 0.13133174180984497, 0.12265978753566742, 0.0, 0.0, 1.0806790590286255, 0.10060694813728333, 0.0, 0.7711348533630371, 2.1405189037323, 0.08611347526311874, 0.010748676024377346, 0.0, 0.0, 0.0, 0.0006305635906755924, 0.045380931347608566, 0.0, 0.5824803113937378, 0.05527718737721443, 0.0, 0.0, 0.4708305299282074, 0.6044421792030334, 0.009807394817471504, 0.0, 0.03363833203911781, 0.0, 0.08902251720428467, 0.16509577631950378, 0.021053433418273926, 0.0, 0.317035973072052, 0.005826524458825588, 0.4301896095275879, 0.2978581488132477, 0.0, 0.004300224594771862, 0.005894697271287441, 0.048863381147384644, 0.2510525584220886, 0.0, 1.4817694425582886, 0.0029940216336399317, 0.0, 0.573383629322052, 0.0, 0.05872571840882301, 0.0, 0.012507947161793709, 0.0, 0.0, 0.006139193195849657, 5.194119148654863e-05, 0.047203704714775085, 0.48682326078414917, 0.0, 0.02007226273417473, 0.028380805626511574, 1.1783744096755981, 0.7773247361183167, 0.012140011414885521, 0.9245812296867371, 0.14437910914421082, 0.08014528453350067, 0.006678265053778887, 0.04052027314901352, 0.03283616900444031, 0.1152283251285553, 0.0, 0.052185170352458954, 0.030282743275165558, 0.056414809077978134, 1.0584328174591064, 0.020678583532571793, 0.01657736860215664, 0.0, 0.9871814250946045, 0.0, 2.2666525840759277, 0.16982093453407288, 0.055461183190345764, 0.0, 0.18541106581687927, 0.20900368690490723, 3.3487448692321777, 0.10992542654275894, 1.952974557876587, 0.0, 3.643716812133789, 0.07351826876401901, 0.932977020740509, 1.5367538928985596, 0.02369064651429653, 1.1343131065368652, 1.949704647064209, 3.3074727058410645, 0.0, 0.0, 0.0, 1.5429469347000122, 0.0, 0.11508461833000183, 0.644858181476593, 0.5852022171020508, 0.18037259578704834, 0.09175267815589905, 0.4407811760902405, 0.05152157321572304, 0.0, 0.08892734348773956, 0.3244965076446533, 0.5568259358406067, 0.013568946160376072, 1.4109349250793457, 0.0, 0.18600183725357056, 0.010622481815516949, 0.476691335439682, 0.013925810344517231, 0.1530531495809555, 0.14957693219184875, 0.1631624847650528, 1.5836831331253052, 1.097933292388916, 0.04955466091632843, 0.7657572627067566, 0.0060844323597848415, 0.0, 0.0, 0.21115288138389587, 0.0, 0.0, 0.3455640971660614, 0.7861981987953186, 0.12510506808757782, 0.004853260703384876, 0.016214217990636826, 0.0, 0.0, 1.9196267127990723, 0.200159952044487, 0.029714301228523254, 0.0, 0.005199451930820942, 0.47950348258018494, 0.22688592970371246, 0.00931235495954752, 0.12417863309383392, 0.994291365146637, 0.0245540589094162, 0.0, 0.5101058483123779, 0.009759092703461647, 0.07553443312644958, 0.03529306873679161, 0.026698194444179535, 1.938543677330017, 0.23206108808517456, 0.01679222472012043, 0.008046967908740044, 0.02550981566309929, 0.27386581897735596, 0.23478372395038605, 0.02322991192340851, 0.0, 0.13207116723060608, 0.2264036387205124, 0.06110735982656479, 0.013522452674806118, 0.39807748794555664, 0.4352096617221832, 0.47572919726371765, 0.03318828344345093, 0.006098773796111345, 0.9882416725158691, 0.06712143868207932, 0.21818839013576508, 0.22605499625205994, 5.759567737579346, 0.00524946628138423, 0.0, 0.8627263903617859, 0.277427077293396, 0.02925650216639042, 0.019427135586738586, 1.1167672872543335, 0.0, 0.578493058681488, 0.011721007525920868, 0.3832615911960602, 0.09072133153676987, 0.0037598658818751574, 0.6118242740631104, 0.33243870735168457, 0.3904165029525757, 0.0, 0.0, 0.0, 0.4762324094772339, 0.008472763933241367, 0.0, 0.0120126036927104, 0.0, 0.0, 0.058315567672252655, 0.003504721447825432, 0.0, 0.017142891883850098, 0.01652275212109089, 0.0, 0.001710711745545268, 0.19874033331871033, 1.6691181659698486, 0.04534913972020149, 0.0182198379188776, 0.17371341586112976, 0.0, 0.8630859851837158, 0.01133218128234148, 0.4234495460987091, 1.986930012702942, 0.0785043016076088, 0.6873371601104736, 0.5706294178962708, 0.4689699709415436, 0.06631039828062057, 0.052200764417648315, 0.00011419763177400455, 1.2851567268371582, 0.017603645101189613, 1.6860296726226807, 0.05300524830818176, 0.005570324137806892, 0.0, 0.14741769433021545, 0.8853718638420105, 0.01778668724000454, 0.22823180258274078, 0.2041100412607193, 1.1250228881835938, 1.7065479755401611, 0.2560999095439911, 0.0, 0.0, 0.04217582195997238, 0.2700757384300232, 0.0, 0.2979050576686859, 3.3177359104156494, 0.03510681167244911, 0.9303581714630127, 0.09979968518018723, 3.7903523445129395, 0.6631762981414795, 0.06892362982034683, 0.05649355426430702, 0.04321645200252533, 0.0, 0.0104232057929039, 0.15393176674842834, 0.00205636746250093, 0.01902065798640251, 0.08632584661245346, 0.014040214940905571, 0.13985349237918854, 0.0, 0.11487281322479248, 0.0, 0.002703700680285692, 0.36037278175354004, 0.6165810823440552, 0.07774120569229126, 1.1682848930358887, 0.7456745505332947, 0.0026635832618921995, 0.21449393033981323, 0.018516896292567253, 0.0, 0.0044432939030230045, 0.008349389769136906, 0.024125661700963974, 0.459325909614563, 0.4642929136753082, 2.094963788986206, 0.0, 0.12938672304153442, 0.8869870901107788, 0.1469147801399231, 0.13884849846363068, 0.0, 0.010136699303984642, 0.031121037900447845, 1.3863540887832642, 0.0, 0.9257476329803467, 0.0, 0.1183614432811737, 0.2499764859676361, 0.0, 0.114341601729393, 2.9713735580444336, 0.08997121453285217, 1.529242992401123, 0.03771696612238884, 0.00868737231940031, 0.0, 0.7674224376678467, 0.0, 0.08549635112285614, 0.0012064953334629536, 0.021764716133475304, 0.006940877065062523, 0.5063486695289612, 0.7608293890953064, 0.028258392587304115, 0.5913176536560059, 0.027573933824896812, 0.06835785508155823, 0.0048068370670080185, 0.07913273572921753, 0.0, 0.006305035203695297, 0.5618208050727844, 0.2892773151397705, 0.02986898273229599, 0.0, 0.18770836293697357, 0.26771873235702515, 1.5138208866119385, 0.06353798508644104, 0.0, 0.5940430164337158, 0.023677198216319084, 0.0, 0.41876718401908875, 0.004101673141121864, 0.12018772959709167, 0.0378098338842392, 0.06806285679340363, 0.7315437197685242, 0.48376816511154175, 1.3319518566131592, 0.008436738513410091, 0.35512423515319824, 0.8124475479125977, 0.10271485149860382, 0.003916438668966293, 0.15458105504512787, 0.037860460579395294, 0.0, 0.0, 0.0, 0.32747572660446167, 0.6535791158676147, 1.9625400304794312, 0.2070457488298416, 1.384482979774475, 0.12304741889238358, 1.5374937057495117, 0.0015263702953234315, 3.9959495067596436, 0.19924311339855194, 4.421986103057861, 0.019533580169081688, 0.025183551013469696, 0.1474538892507553, 0.2485860288143158, 3.052894353866577, 0.15405991673469543, 0.02157452702522278, 0.15031985938549042, 0.1824970245361328, 0.021782636642456055, 0.11625582724809647, 0.011919507756829262, 0.6926366090774536, 0.1016412079334259, 0.0, 0.0, 0.03783601522445679, 0.0, 0.030966199934482574, 0.10485998541116714, 0.21963416039943695, 0.0, 0.04381997883319855, 0.015145660378038883, 0.33469852805137634, 0.042581863701343536, 1.2232213020324707, 0.02876473031938076, 0.711333155632019, 0.0, 0.09079466015100479, 0.007763424888253212, 0.0, 0.021773258224129677, 0.01623329520225525, 0.5065536499023438, 0.4586384892463684, 0.0, 0.0033992223907262087, 3.3103768825531006, 0.9700554609298706]",Testing/glioma_tumor/image(87).jpg
"[1.052597165107727, 0.16320624947547913, 0.0, 0.8951451182365417, 2.6276447772979736, 0.27538782358169556, 1.1367615461349487, 0.3355100154876709, 0.24477709829807281, 0.019518043845891953, 0.0, 0.2099393755197525, 0.9582753777503967, 0.3296631872653961, 0.25624337792396545, 0.023048853501677513, 0.6678233742713928, 2.2062265872955322, 0.4814598262310028, 0.5927457809448242, 1.2157567739486694, 0.32483187317848206, 0.054447200149297714, 0.102695994079113, 0.0, 0.9563137888908386, 1.174728512763977, 0.17968100309371948, 0.24369686841964722, 0.33531317114830017, 0.04245128110051155, 0.14031614363193512, 0.1698422133922577, 0.46958744525909424, 0.3655714690685272, 0.8012849688529968, 0.20353379845619202, 0.0, 0.08373774588108063, 0.20031031966209412, 1.6633118391036987, 1.7721576690673828, 0.12357699871063232, 0.58881676197052, 0.0003757209051400423, 0.3456498086452484, 0.0, 0.5888078212738037, 0.0, 0.0859469622373581, 1.7081022262573242, 0.0, 0.9868720173835754, 0.2185310274362564, 0.6132175922393799, 0.17521873116493225, 0.18835633993148804, 0.17976874113082886, 1.0264488458633423, 0.04304369166493416, 0.30831435322761536, 0.40877026319503784, 0.4439433813095093, 0.858611524105072, 0.025588370859622955, 0.1494305580854416, 1.7192133665084839, 0.0, 0.10658740252256393, 0.003666303586214781, 0.535794198513031, 0.059062808752059937, 0.9980242252349854, 0.7665895223617554, 0.11801589280366898, 0.0, 1.2653858661651611, 0.3747975826263428, 0.14261494576931, 0.1455906331539154, 0.18405112624168396, 0.07834886014461517, 0.450176864862442, 0.033746056258678436, 0.5656238198280334, 0.1593363732099533, 0.3582407832145691, 0.17409680783748627, 0.0, 0.5855920314788818, 0.09978436678647995, 0.5789577960968018, 0.9672417044639587, 1.611000895500183, 0.0, 0.7209956645965576, 0.0536966472864151, 0.030379582196474075, 0.8348585367202759, 0.030843084678053856, 0.630133867263794, 0.4668118357658386, 0.0, 0.24619774520397186, 2.65433931350708, 1.447148323059082, 0.23771420121192932, 0.9336491227149963, 0.1034914031624794, 2.0988352298736572, 0.45986345410346985, 1.3361235857009888, 0.0, 0.23209547996520996, 0.7152915000915527, 0.023477258160710335, 0.03216785937547684, 0.41447287797927856, 0.2703409492969513, 0.004298003390431404, 0.11810143291950226, 0.39533764123916626, 0.03650027513504028, 0.16324926912784576, 0.9106763601303101, 0.14399179816246033, 0.6315941214561462, 0.3044895529747009, 0.33573609590530396, 0.0, 0.03330521658062935, 0.6016985774040222, 0.9151517152786255, 0.022497858852148056, 0.34793993830680847, 0.0, 0.43075740337371826, 0.3437442481517792, 0.1237080842256546, 0.4002741873264313, 0.1297120749950409, 0.055320821702480316, 0.09792757034301758, 0.05526461452245712, 0.7329056262969971, 0.4788774847984314, 0.696649968624115, 1.6346840858459473, 0.09128467738628387, 0.3230832517147064, 1.716202974319458, 0.6481584310531616, 0.08132947236299515, 0.19959436357021332, 0.0947076678276062, 0.5405818223953247, 0.0, 0.108474962413311, 2.3052966594696045, 0.09506436437368393, 0.5082250833511353, 0.3120558559894562, 0.3096937835216522, 2.6939191818237305, 0.001978699117898941, 0.7200767397880554, 0.13562901318073273, 0.21597492694854736, 0.22037345170974731, 9.753337860107422, 2.832341432571411, 0.45746830105781555, 0.0, 0.48462146520614624, 0.4568280577659607, 1.2690553665161133, 0.03570862486958504, 0.04122631996870041, 0.5686465501785278, 0.015130308456718922, 0.18680350482463837, 0.052710019052028656, 1.0766098499298096, 0.11589217931032181, 0.2690446078777313, 0.29846522212028503, 0.26936808228492737, 1.0182521343231201, 0.8104007244110107, 0.15069565176963806, 0.0, 0.07110597938299179, 0.0, 0.0, 1.5216645002365112, 0.014045297168195248, 0.46044492721557617, 0.14869694411754608, 0.0, 0.5166816711425781, 0.14626085758209229, 1.1750843524932861, 3.0247819423675537, 1.1007399559020996, 1.5520094633102417, 0.09024166315793991, 0.2737470865249634, 0.0, 0.3931903541088104, 0.11491185426712036, 0.21543584764003754, 0.9689794182777405, 0.0, 0.8943685293197632, 0.5960865616798401, 0.08806885778903961, 0.14152413606643677, 0.7107791304588318, 0.27821844816207886, 0.0630025863647461, 0.4982026517391205, 0.019089827314019203, 0.8837300539016724, 0.19911374151706696, 0.03749920427799225, 3.314824342727661, 0.08349829167127609, 0.2809086740016937, 0.7602508068084717, 0.037459854036569595, 0.6417177319526672, 0.6006084680557251, 0.4568459391593933, 0.7377346754074097, 0.16400574147701263, 1.2297694683074951, 0.0798160508275032, 0.39071545004844666, 0.01320739183574915, 0.0, 0.07307283580303192, 0.16057369112968445, 1.4275259971618652, 0.10420185327529907, 0.5773637890815735, 0.763761043548584, 1.6743254661560059, 0.548722505569458, 0.46937310695648193, 0.3789304494857788, 0.7316620349884033, 0.06467325985431671, 0.5202279090881348, 1.309305191040039, 0.1677798479795456, 0.01524965651333332, 0.2910691797733307, 3.4546995162963867, 0.0, 0.4371374547481537, 0.4312388300895691, 0.5738398432731628, 0.9352800250053406, 0.10206196457147598, 0.0, 0.030560046434402466, 0.00942540168762207, 0.020615655928850174, 0.04948193579912186, 0.13313695788383484, 0.3120945394039154, 0.21192710101604462, 0.8001959919929504, 0.47687920928001404, 2.995266914367676, 0.28215861320495605, 0.0387154221534729, 0.2551659941673279, 0.14140473306179047, 0.13896609842777252, 0.660108208656311, 0.5779708027839661, 1.8065907955169678, 0.4049842357635498, 1.940326452255249, 1.632387399673462, 0.6584989428520203, 2.5856873989105225, 0.15263746678829193, 0.6856038570404053, 0.48059746623039246, 0.7945650815963745, 0.0, 0.08472465723752975, 0.0, 2.724297285079956, 0.014713462442159653, 0.0, 0.08000455051660538, 1.5890328884124756, 0.3446294367313385, 1.362947702407837, 4.89225435256958, 0.7958940267562866, 0.20537804067134857, 0.041402727365493774, 0.11471264809370041, 0.007483360823243856, 1.1400564908981323, 0.036071669310331345, 0.10668853670358658, 0.1736893206834793, 0.43896397948265076, 0.021202700212597847, 1.6465466022491455, 1.8336292505264282, 0.7171177268028259, 0.3040738105773926, 0.07489780336618423, 0.0, 0.05494343116879463, 2.9427998065948486, 0.2752009928226471, 0.013865485787391663, 0.49939653277397156, 0.3411479890346527, 0.7815655469894409, 0.1258569061756134, 3.2628488540649414, 1.6520121097564697, 0.8409316539764404, 0.027271917089819908, 1.2272768020629883, 2.8603756427764893, 0.06753196567296982, 0.0, 1.0246320962905884, 0.4912848174571991, 0.5690333843231201, 0.3302326500415802, 2.7851667404174805, 0.0521300733089447, 0.0, 0.18839804828166962, 0.01783117465674877, 0.22971515357494354, 0.05852534994482994, 0.061631396412849426, 0.06706145405769348, 0.4038676917552948, 0.041218794882297516, 0.8326082825660706, 1.0972137451171875, 0.0, 1.249961495399475, 0.06908684968948364, 0.07879475504159927, 0.0, 0.14894594252109528, 2.9023475646972656, 0.07350292801856995, 0.8092406988143921, 0.342043936252594, 0.19089145958423615, 0.10910553485155106, 0.0, 0.12113167345523834, 0.12457127124071121, 1.7537754774093628, 0.057232607156038284, 0.1541467010974884, 1.7382664680480957, 0.3933444619178772, 3.1694393157958984, 0.6437563896179199, 0.053406983613967896, 2.2869296073913574, 3.1592423915863037, 0.39197346568107605, 0.09782741218805313, 1.020216464996338, 0.3243226706981659, 0.08821804821491241, 0.36517977714538574, 0.018097274005413055, 0.29177147150039673, 2.1462795734405518, 2.6881136894226074, 0.01043654978275299, 0.02988371253013611, 0.012226697988808155, 0.001311798463575542, 0.1201687604188919, 0.12364965677261353, 0.1675553172826767, 2.30124831199646, 0.008754965849220753, 0.599350094795227, 0.21476362645626068, 0.8605265617370605, 0.0, 0.03237069770693779, 0.03651911020278931, 0.0962178185582161, 0.12313199788331985, 0.4577326476573944, 0.36640727519989014, 1.1208312511444092, 0.8764663934707642, 0.6260442137718201, 0.0, 0.008558901026844978, 0.011582644656300545, 0.023011159151792526, 0.14618168771266937, 1.5928137302398682, 0.0, 0.6025761365890503, 0.22549329698085785, 0.14039084315299988, 0.7562863826751709, 0.33482998609542847, 1.2520198822021484, 0.7631714344024658, 0.02572914958000183, 0.7362083792686462, 0.2082376480102539, 1.4486373662948608, 0.33622241020202637, 0.03125247359275818, 1.1330807209014893, 0.680909276008606, 1.1917330026626587, 0.0, 1.6845483779907227, 0.3238654136657715, 0.022923583164811134, 1.2613011598587036, 0.1026424840092659, 0.20213255286216736, 0.005170352756977081, 0.319217324256897, 0.5747175216674805, 0.49734240770339966, 0.3982650339603424, 0.001917116460390389, 0.02597929909825325, 0.30390703678131104, 0.32852816581726074, 0.13052640855312347, 0.48873159289360046, 0.2052636444568634, 0.03752924129366875, 0.10133149474859238, 0.0, 0.009275835007429123, 0.13187170028686523, 0.3140201270580292, 0.0, 2.529275417327881, 0.0737668052315712, 0.3289974331855774, 0.22641217708587646, 0.22075214982032776, 0.11940788477659225, 0.4315965473651886, 0.0, 2.0562899112701416, 1.2820298671722412, 0.05350256338715553, 0.192874476313591, 0.0, 0.33712631464004517, 0.6213912963867188, 0.019558079540729523, 0.4427332282066345, 1.8938968181610107, 0.029803719371557236, 0.14914293587207794, 0.5322845578193665, 0.5055353045463562, 0.05436129495501518, 0.231106698513031, 0.08815015852451324, 0.19943486154079437, 0.9757651686668396, 0.08639664202928543, 0.0, 0.3541746735572815, 0.0, 0.06681341677904129, 1.2120429277420044, 0.17589008808135986, 0.03864150494337082, 1.2593863010406494, 0.015316284261643887, 0.0, 0.19082805514335632, 0.10093821585178375, 0.15913355350494385, 0.0, 0.6221771836280823, 0.08546749502420425, 0.396316260099411, 0.04990539699792862, 0.38967156410217285, 0.07082916051149368, 0.15759685635566711, 0.008409572765231133, 1.1587032079696655, 0.039770498871803284, 1.426129698753357, 0.1797606348991394, 0.5069725513458252, 0.2389708161354065, 0.6193686723709106, 0.2788950502872467, 0.0, 0.14796045422554016, 1.2616938352584839, 0.004931680858135223, 0.2392403781414032, 0.08285665512084961, 0.14204223453998566, 0.0, 0.3897547125816345, 0.17306584119796753, 0.0, 0.2771419584751129, 0.06280159950256348, 0.0, 2.304769515991211, 0.8470502495765686, 2.183048725128174, 0.3663889169692993, 0.3774290978908539, 4.973888874053955, 0.26394587755203247, 0.6274006366729736, 0.26268288493156433, 0.005215571727603674, 0.17525596916675568, 0.5751854181289673, 0.2749316394329071, 1.7355350255966187, 0.033845651894807816, 0.10297742486000061, 0.0, 0.3343728184700012, 0.1343487650156021, 0.3786301612854004, 0.08418936282396317, 0.011552341282367706, 0.010104506276547909, 0.18057627975940704, 0.5059794783592224, 0.8981263041496277, 0.009539837948977947, 0.6507545113563538, 0.00224405899643898, 1.5518646240234375, 0.1217363029718399, 0.23541957139968872, 0.0026417532935738564, 0.08981926739215851, 0.4504892826080322, 0.8546216487884521, 0.18096506595611572, 0.666869044303894, 0.9147880673408508, 0.15620386600494385, 0.0, 0.022405043244361877, 0.0, 0.0, 0.09092578291893005, 0.2795625627040863, 0.256702721118927, 0.058727774769067764, 0.0018393165664747357, 0.6704183220863342, 0.0, 0.2070554941892624, 0.27158623933792114, 0.18829192221164703, 0.15019138157367706, 1.3186181783676147, 0.14844049513339996, 0.11151356250047684, 0.1955525279045105, 0.09059121459722519, 0.02563336491584778, 0.9991252422332764, 0.0, 0.5182083249092102, 0.3457113802433014, 0.1670118272304535, 0.026869311928749084, 0.0, 0.4461672306060791, 1.9406830072402954, 0.28734081983566284, 1.9808175563812256, 0.4989174008369446, 0.0548834502696991, 0.24072934687137604, 0.0727597028017044, 0.2442408800125122, 0.14318062365055084, 1.6000349521636963, 0.0553651824593544, 1.1105973720550537, 0.6641819477081299, 0.26275452971458435, 0.04523191973567009, 1.2710837125778198, 0.02973160520195961, 0.7081871032714844, 0.004607254173606634, 0.3652288615703583, 2.161571502685547, 0.2168477326631546, 1.003781795501709, 0.5730259418487549, 1.010312557220459, 0.021015863865613937, 0.1453622579574585, 0.08088425546884537, 0.03032851777970791, 0.06096617132425308, 0.0491766557097435, 0.04272938147187233, 0.015057994052767754, 0.21045945584774017, 0.17859390377998352, 0.04969827085733414, 0.5324511528015137, 0.0, 0.11474510282278061, 1.2899343967437744, 0.9389702677726746, 0.2324526011943817, 0.029854822903871536, 0.23245033621788025, 0.0, 1.1258594989776611, 3.248763084411621, 1.6603800058364868, 0.052195314317941666, 0.006471020635217428, 0.03193705528974533, 0.012106545269489288, 0.5802075266838074, 0.0, 1.0382282733917236, 0.14833635091781616, 1.3168761730194092, 1.0435640811920166, 0.39013445377349854, 0.17818357050418854, 0.7238002419471741, 1.1412558555603027, 0.082209512591362, 0.24808818101882935, 0.42022186517715454, 0.02457406558096409, 4.957611560821533, 0.045570600777864456, 0.31772246956825256, 0.08293864130973816, 1.014224648475647, 0.024011502042412758, 0.3812328279018402, 0.6980545520782471, 0.6902648210525513, 0.04465586692094803, 0.41410332918167114, 0.0, 0.765834391117096, 0.8121857643127441, 0.4611872434616089, 0.0, 0.08546429127454758, 0.0, 1.4705901145935059, 0.446302205324173, 0.0, 0.39369580149650574, 1.5295709371566772, 0.0342404730618, 0.9638696908950806, 0.018143516033887863, 0.0, 0.08902721852064133, 0.02802000194787979, 2.7035484313964844, 0.7689540386199951, 1.1335164308547974, 0.04270234331488609, 0.02110883593559265, 0.719569981098175, 0.013777474872767925, 0.3490782082080841, 0.5095614790916443, 0.6739242076873779, 0.09481117874383926, 0.883182942867279, 0.5218477249145508, 4.369325160980225, 0.3136413097381592, 1.1872378587722778, 0.0, 1.1822552680969238, 0.0, 0.916755199432373, 0.36809900403022766, 0.0, 0.1552969515323639, 0.3096393942832947, 0.01764153130352497, 0.0900314673781395, 2.820138692855835, 0.010197763331234455, 0.0020339025650173426, 0.1428009569644928, 2.5540432929992676, 0.1519501507282257, 2.240919828414917, 0.4215562045574188, 2.786093235015869, 0.0005204920889809728, 0.0990946814417839, 0.04734295234084129, 0.4043111205101013, 0.22862473130226135, 0.3934144675731659, 0.002851230790838599, 1.2075908184051514, 1.011175513267517, 0.008134067989885807, 0.0, 0.09659497439861298, 0.4398013651371002, 0.21828593313694, 0.07728548347949982, 0.5595307350158691, 0.7595514059066772, 0.0, 0.3260159492492676, 0.42251724004745483, 0.14469905197620392, 1.385560154914856, 0.024442220106720924, 0.7899508476257324, 0.23137645423412323, 0.005898154340684414, 0.824587345123291, 0.15046867728233337, 0.15820473432540894, 0.0, 0.33577242493629456, 0.07696990668773651, 0.7399948835372925, 3.2854490280151367, 0.38427966833114624, 0.07823929935693741, 0.7663972973823547, 0.03388969600200653, 2.6308183670043945, 0.2946496605873108, 0.05624820291996002, 0.0, 0.5979152321815491, 0.007494065444916487, 0.16646608710289001, 0.0, 0.45691919326782227, 0.9960803389549255, 0.6429616212844849, 0.5495150089263916, 0.4176826477050781, 0.22660847008228302, 0.3255939483642578, 0.00943963136523962, 2.2496204376220703, 0.03366522863507271, 0.8265852928161621, 0.37985581159591675, 0.2602887451648712, 0.4695858955383301, 1.289994716644287, 0.3987812101840973, 0.5246281623840332, 0.05215383693575859, 1.973575234413147, 0.4129028618335724, 0.01593719609081745, 0.005318624433130026, 0.14459873735904694, 1.2711020708084106, 0.18391741812229156, 0.0, 0.3488740622997284, 1.53472900390625, 0.005126065108925104, 0.021072808653116226, 3.3585848808288574, 0.2761852443218231, 0.8016341328620911, 1.0409806966781616, 0.12554165720939636, 0.08753271400928497, 1.7284290790557861, 0.2635088860988617, 0.6526656150817871, 0.39740923047065735, 1.7675424814224243, 0.17124538123607635, 0.32781749963760376, 0.0, 0.0, 0.16121116280555725, 1.2859621047973633, 0.04882427677512169, 0.26465046405792236, 1.2308354377746582, 0.0832744613289833, 0.04060721769928932, 0.3889041543006897, 4.467166423797607, 0.0, 0.3272433280944824, 0.01029455941170454, 0.10999657213687897, 0.47186923027038574, 5.2541399002075195, 0.0, 0.3250260353088379, 0.038874559104442596, 0.3686411678791046, 0.0, 0.2772620916366577, 0.3767707347869873, 0.8487327694892883, 0.37269556522369385, 0.024445995688438416, 0.0, 0.13534609973430634, 0.20828162133693695, 1.4611576795578003, 0.25847360491752625, 0.19725337624549866, 1.1161035299301147, 1.8105480670928955, 0.0, 0.4146121144294739, 0.31132179498672485, 0.3516872823238373, 0.591844916343689, 0.6202296614646912, 1.667494535446167, 1.6639866828918457, 0.3896259367465973, 0.0032088293228298426, 0.5582473874092102, 0.22986958920955658, 0.908543050289154, 0.0640653669834137, 0.2916484475135803, 3.9988272190093994, 0.7521042823791504, 0.19247442483901978, 0.003675927873700857, 0.1936897188425064, 0.7522810101509094, 2.3007681369781494, 0.5926710367202759, 0.2858068645000458, 0.48140397667884827, 0.712354838848114, 0.13565638661384583, 0.10169241577386856, 0.2816094160079956, 0.020350757986307144, 0.18803755939006805, 0.0714879110455513, 1.183427095413208, 0.7781694531440735, 0.31137025356292725, 0.3358066976070404, 0.2897878885269165, 0.28955984115600586, 0.026641417294740677, 0.0029647836927324533, 0.22324872016906738, 0.15266038477420807, 0.11594728380441666, 0.1026342511177063, 0.08767923712730408, 1.2952512502670288, 0.423535019159317, 1.607082486152649, 0.04531312361359596, 0.10702978074550629, 1.1645318269729614, 0.0009873886592686176, 0.013692155480384827, 1.5594971179962158, 0.02159956470131874, 0.3696463704109192, 0.005212015006691217, 0.0, 0.3135717809200287, 0.825107753276825, 0.05106905847787857, 0.4883235991001129, 0.0870840921998024, 0.04212275147438049, 0.5273895859718323, 0.4487326145172119, 0.02316628210246563, 0.3093414008617401, 0.09929058700799942, 0.3249707818031311, 0.0, 2.2766318321228027, 0.6394590139389038, 0.8409863114356995, 0.038747046142816544, 0.0832647979259491, 0.08755704015493393, 0.9086205363273621, 0.023090030997991562, 0.0, 0.437904953956604, 1.1901860237121582, 0.0, 0.5720759034156799, 0.11928297579288483, 0.0, 0.055664923042058945, 0.024970239028334618, 0.15917447209358215, 0.7335900068283081, 0.2129175066947937, 0.37908679246902466, 0.0, 0.7630195617675781, 0.11641102284193039, 0.6149291396141052, 0.0, 0.24578779935836792, 0.20048177242279053, 0.058808743953704834, 0.19965973496437073, 0.001089181168936193, 0.6776944398880005, 3.470320701599121, 0.010346471332013607, 0.1499093472957611, 0.36768603324890137, 0.12326176464557648, 0.008639880456030369, 0.5529963374137878, 0.4745509922504425, 0.3552381098270416, 0.14567793905735016, 0.08221974968910217, 0.013204557821154594, 0.060307472944259644, 0.3185875713825226, 1.4132184982299805, 0.08833608776330948, 0.0126617681235075, 0.04567207768559456, 0.022171201184391975, 0.17053958773612976, 0.0005038173985667527, 0.33994072675704956, 0.04937360808253288, 1.1236398220062256, 0.2191106379032135, 0.6701492071151733, 0.46170294284820557, 0.47434934973716736, 0.05047331005334854, 0.06636930257081985, 0.06474056839942932, 0.0017007176065817475, 0.3893571197986603, 0.11122570931911469, 0.41312944889068604, 0.04185706749558449, 0.4376782774925232, 0.2319357693195343, 0.2563742995262146, 0.20694251358509064, 0.0, 0.5884451866149902, 0.11853081732988358, 3.091193437576294, 1.7924989461898804, 1.523272156715393, 1.3159617185592651, 1.0849579572677612, 1.560067892074585, 0.6930608153343201, 0.18099011480808258, 2.5486271381378174, 0.0831938162446022, 0.4225599765777588, 0.10536884516477585, 0.2816755175590515, 1.2921453714370728, 0.1122376024723053, 0.1835142970085144, 0.41448983550071716, 0.264263778924942, 0.40495818853378296, 2.2141778469085693, 0.7253281474113464, 0.4113769233226776, 0.0, 0.1653013676404953, 0.2804654538631439, 0.3305693566799164, 0.029428768903017044, 0.014557483606040478, 0.7283828258514404, 0.6012993454933167, 0.5949350595474243, 0.17674994468688965, 0.1791851818561554, 0.34367966651916504, 0.14930911362171173, 0.61380535364151, 0.5241731405258179, 0.005223916377872229, 0.1518891453742981, 0.0, 0.21446117758750916, 0.500516414642334, 0.3727514445781708, 0.032192129641771317, 0.18969044089317322, 0.012564235366880894, 0.09365545213222504, 0.0, 0.1676744669675827, 0.009471017867326736, 0.060365691781044006, 0.3571052551269531, 0.046210289001464844, 0.08980033546686172, 0.05086508020758629, 0.0, 0.17271879315376282, 2.8009250164031982, 1.2022792100906372, 0.0, 0.061373092234134674, 0.19554153084754944, 0.3101170063018799, 0.35458916425704956, 0.07464947551488876, 0.141100212931633, 1.9336118698120117, 0.014851993881165981, 0.049058228731155396, 0.28795483708381653, 1.1433011293411255, 3.4865641593933105, 1.1695079803466797, 0.010406425222754478, 0.15558122098445892, 0.35831716656684875, 0.005771892610937357, 2.668691635131836, 0.8261475563049316, 0.3328181803226471, 0.21656779944896698, 0.4147205054759979, 0.3538576364517212, 0.3662889003753662, 0.13610753417015076, 0.22754333913326263, 0.9999783635139465, 1.4725737571716309, 1.0121017694473267, 0.12008164823055267, 0.19009575247764587, 0.03633610159158707, 0.0, 0.0243014395236969, 3.7094767093658447, 0.20162132382392883, 0.0, 0.0, 0.006915044039487839, 0.19635196030139923, 0.6959969401359558, 0.016870703548192978, 0.7145192623138428, 0.7798083424568176, 1.4507166147232056, 0.07065409421920776, 2.076604127883911, 0.0, 0.4123782217502594, 1.2707864046096802, 0.1224006712436676, 0.5359433889389038, 0.2571437656879425, 0.0, 0.26489728689193726, 0.4906994700431824, 0.11357132345438004, 0.0, 0.2116018831729889, 0.024819884449243546, 0.38654738664627075, 0.6950609683990479, 0.20410507917404175, 0.5723190307617188, 0.10792680829763412, 0.4691430330276489, 0.4478034973144531, 0.4037376642227173, 0.7994129657745361, 0.5803438425064087, 0.5947176218032837, 0.27506327629089355, 0.0, 0.0, 0.12916801869869232, 0.5112054944038391, 0.0, 0.014847692102193832, 0.5851263999938965, 0.08620888739824295, 0.01894414983689785, 0.99830162525177, 0.6026461720466614, 0.11581411957740784, 0.1487293392419815, 0.2631383240222931, 0.01899891532957554, 0.0, 0.0, 0.0186604131013155, 0.1782810091972351, 0.016766196116805077, 0.48531657457351685, 0.03709275275468826, 1.2240608930587769, 0.0, 0.006081848870962858, 0.0, 0.0, 0.42493048310279846, 0.0, 0.09046197682619095, 0.1811048537492752, 0.09539946913719177, 0.0, 0.23241174221038818, 0.19189639389514923, 0.37856486439704895, 0.5757331848144531, 0.015882298350334167, 0.08921802043914795, 0.7332218885421753, 0.02593463845551014, 0.2934788167476654, 0.08356551826000214, 0.7804298400878906, 0.0, 0.1574166715145111, 0.0, 0.38789811730384827, 0.02396620810031891, 0.005047788377851248, 0.18747550249099731, 0.0029326798394322395, 0.0, 0.4519183933734894, 0.0, 0.0817454606294632, 0.4856243133544922, 0.5800474286079407, 0.2483179271221161, 0.08417221903800964, 0.00986543484032154, 0.03600592166185379, 0.055958330631256104, 0.07259462028741837, 0.0, 0.21337875723838806, 1.5741517543792725, 0.14482225477695465, 0.10129662603139877, 0.5841845273971558, 0.16312752664089203, 0.017939135432243347, 4.042791366577148, 0.4133762717247009, 0.10724741965532303, 0.08398225158452988, 0.3644390106201172, 0.2872051000595093, 3.5173511505126953, 0.5884063243865967, 2.6053366661071777, 1.3070733547210693, 0.008471973240375519, 0.07185418903827667, 0.0738678053021431, 0.10794999450445175, 0.15998947620391846, 0.6147361397743225, 0.3311885893344879, 0.28116241097450256, 0.43220213055610657, 0.32176128029823303, 0.19699053466320038, 0.04705244302749634, 0.32794898748397827, 0.1809852421283722, 0.1528090089559555, 0.13877369463443756, 0.1422400176525116, 0.9966807961463928, 0.049601368606090546, 1.2121877670288086, 0.10400114953517914, 2.2178146839141846, 0.06077808886766434, 0.018548648804426193, 0.27340763807296753, 0.3004661202430725, 0.4412139058113098, 2.836031436920166, 1.5723313093185425, 3.3399264812469482, 0.020514799281954765, 0.5108506083488464, 0.2665259838104248, 0.038547977805137634, 0.02749243751168251, 0.7325692176818848, 0.27041634917259216, 0.2166685163974762, 1.2801936864852905, 0.06745836138725281, 0.7679281234741211, 0.0, 0.6299454569816589, 0.47420307993888855, 0.43185120820999146, 0.049700818955898285, 1.15813410282135, 0.0, 0.6607905030250549, 0.0498955100774765, 0.2640671133995056, 0.2535516023635864, 1.896527647972107, 2.7622270584106445, 1.1961100101470947, 0.11454086005687714, 0.08711116015911102, 2.1416711807250977, 0.08772731572389603, 0.14399434626102448, 0.5041699409484863, 0.0, 0.06362438946962357, 0.0037417702842503786, 0.24763016402721405, 0.4885481297969818, 0.24141110479831696, 0.12970788776874542, 1.0597026348114014, 0.06548640877008438, 0.006829473655670881, 0.6320700645446777, 0.012831452302634716, 0.4522886574268341, 0.36389774084091187, 0.5409135818481445, 0.6050928235054016, 0.22936584055423737, 0.7312831282615662, 0.41595977544784546, 0.47127610445022583, 0.2631426155567169, 0.3699161112308502, 1.1537525653839111, 0.38805317878723145, 0.00356091046705842, 0.007788954768329859, 1.8145838975906372, 0.35124337673187256, 0.27738580107688904, 0.013247013092041016, 0.0, 0.0, 0.5256068110466003, 0.1340726613998413, 2.9520111083984375, 0.03869333490729332, 0.6647132039070129, 0.21146118640899658, 0.15115363895893097, 0.3275114595890045, 0.25785231590270996, 1.4796764850616455, 0.14616000652313232, 0.39812523126602173, 3.487480401992798, 0.0786399319767952, 0.1701279729604721, 0.09165815263986588, 0.08577794581651688, 0.3541473150253296, 0.004825699143111706, 0.1638164073228836, 0.0182806346565485, 0.21989834308624268, 0.1262168139219284, 0.3030747175216675, 0.10182206332683563, 1.6824942827224731, 4.684962272644043, 0.11904191225767136, 0.4696585536003113, 0.006240730173885822, 1.247431993484497, 0.07072089612483978, 0.022125206887722015, 0.0077642761170864105, 0.23220089077949524, 0.01989612728357315, 0.0, 0.3022371530532837, 2.620342969894409, 0.0, 0.05035103112459183, 1.500624656677246, 0.37946200370788574, 1.2915024757385254, 0.06318197399377823, 0.7449164986610413, 0.06596260517835617, 2.1882436275482178, 0.038519445806741714, 0.34630000591278076, 0.31973981857299805, 1.0242236852645874, 0.10267861932516098, 0.8439577221870422, 0.6601198315620422, 0.07954994589090347, 0.00014150385686662048, 0.0, 0.12307587265968323, 0.1005614846944809, 0.5929361581802368, 0.379671573638916, 0.10220479965209961, 0.0, 0.732108473777771, 0.012354549020528793, 0.0, 2.959271192550659, 0.12061334401369095, 0.8336060047149658, 0.7105169296264648, 0.035390064120292664, 0.0, 1.356411337852478, 0.998687207698822, 0.06499642133712769, 1.4143859148025513, 0.1880870908498764, 0.23659081757068634, 0.20107930898666382, 0.45988160371780396, 0.09415016323328018, 0.0, 0.3258320689201355, 0.0, 0.0, 0.0, 0.46019142866134644, 0.12118244171142578, 0.00455736368894577, 2.3108432292938232, 1.3362209796905518, 0.4244577884674072, 0.21148517727851868, 0.44730761647224426, 0.8246578574180603, 1.4895182847976685, 1.0186865329742432, 0.4417724907398224, 0.011369909159839153, 0.10973966121673584, 2.6037955284118652, 0.0, 0.5114946365356445, 0.11058318614959717, 0.02365953102707863, 0.052036821842193604, 0.0807228833436966, 1.008158802986145, 0.1424012929201126, 2.54301381111145, 0.6493527293205261, 0.030026135966181755, 0.6012542247772217, 1.1392778158187866, 0.008422751910984516, 2.0311644077301025, 0.15085263550281525, 0.2154460847377777, 0.4694553315639496, 0.020831149071455002, 2.2639663219451904, 1.2584736347198486, 0.0, 0.057552650570869446, 0.005167881026864052, 0.31490442156791687, 2.860079288482666, 0.14292779564857483, 0.0017070185858756304, 0.047103822231292725, 0.10904998332262039, 0.31614676117897034, 0.6411824226379395, 0.0, 1.5343310832977295, 0.0, 0.019860856235027313, 0.8134474754333496, 0.25986021757125854, 0.0, 1.5804107189178467, 0.0, 0.11704651266336441, 0.4617634117603302, 0.11296599358320236, 0.8784562945365906, 0.008496394380927086, 0.25294050574302673, 0.23630191385746002, 0.0074385954067111015, 0.11688058078289032, 1.347757339477539, 0.0, 0.008041523396968842, 0.7618746757507324, 0.578335165977478, 1.5102070569992065, 1.9294627904891968, 0.8742673397064209, 0.3128499686717987, 0.3120110034942627, 0.28029707074165344, 0.0, 0.0, 0.3115231692790985, 0.0, 1.1475512981414795, 0.036662135273218155, 1.7564231157302856, 0.1317446082830429, 0.7704782485961914, 0.027028681710362434, 0.1147850975394249, 0.11070786416530609, 0.0, 1.619901180267334, 0.973760187625885, 0.020520519465208054, 0.0, 0.07012322545051575, 0.35829415917396545, 0.017755478620529175, 0.244772270321846, 0.9054440259933472, 0.09148311614990234, 1.1829575300216675, 1.1999479532241821, 0.09098094701766968, 0.06687136739492416, 0.05977177992463112, 0.04745684936642647, 0.4914558529853821, 1.7976349592208862, 0.06370580196380615, 0.09523831307888031, 0.4315851926803589, 0.015768811106681824, 0.6985204815864563, 0.10396634042263031, 0.0, 4.164247035980225, 0.08131158351898193, 0.06595181673765182, 0.4563555121421814, 0.8944999575614929, 0.8255144357681274, 0.22894644737243652, 0.22130292654037476, 0.0, 0.5351826548576355, 0.05528971180319786, 0.0, 0.06092165783047676, 0.7255982160568237, 0.036547720432281494, 0.40020641684532166, 0.3054947257041931, 0.5236613750457764, 0.06657669693231583, 0.2078985720872879, 0.11802511662244797, 0.49017611145973206, 1.2661985158920288, 0.32158151268959045, 0.0, 0.0, 0.1456696093082428, 0.0, 0.0803305134177208, 0.028814520686864853, 0.02212546393275261, 0.06853585690259933, 1.1484445333480835, 0.026617009192705154, 0.021103158593177795, 0.2113586664199829, 1.6632940769195557, 0.14214250445365906, 0.5516087412834167, 0.06803084164857864, 0.5522397756576538, 0.028245503082871437, 0.10992990434169769, 0.7420299053192139, 0.24460646510124207, 0.0, 0.1306631714105606, 0.24580006301403046, 1.3289999961853027, 0.8930343389511108, 0.024630380794405937, 0.29011496901512146, 0.6927518248558044, 0.0012880101567134261, 0.11859326809644699, 0.18680711090564728, 0.39020001888275146, 0.027919458225369453, 0.0, 0.3252407908439636, 0.626695454120636, 0.0, 0.029835233464837074, 0.23685792088508606, 0.009206390008330345, 1.3960448503494263, 0.7780621647834778, 1.446119785308838, 0.0, 0.5713068246841431, 0.1606636792421341, 0.2778622508049011, 0.0, 0.0, 0.07621238380670547, 1.0549728870391846, 0.28997933864593506, 0.0, 3.3392343521118164, 0.0, 0.34050625562667847, 0.19159507751464844, 0.18973632156848907, 0.0, 0.08429954200983047, 1.7053378820419312, 0.0633419081568718, 1.5025758743286133, 0.4696265161037445, 0.6872985363006592, 1.1048630475997925, 0.0, 0.07737978547811508, 1.590566873550415, 0.0, 0.0, 0.006639645900577307, 0.0, 0.7434518933296204, 0.015662137418985367, 0.15742112696170807, 2.048112630844116, 0.0, 0.16651375591754913, 1.149894118309021, 0.11591116338968277, 0.0923985093832016, 0.47689566016197205, 0.7041525840759277, 0.004112771712243557, 1.1356035470962524, 0.3949850797653198, 0.0, 0.6118568778038025, 0.6899836659431458, 0.9438832402229309, 0.337388277053833, 0.39332443475723267, 0.39212578535079956, 2.233441114425659, 0.04010918736457825, 0.0, 0.43934762477874756, 1.6745667457580566, 0.06316038221120834, 0.0, 0.0, 1.129602074623108, 0.24051426351070404, 0.6295198202133179, 0.9848193526268005, 0.009424000047147274, 1.956755518913269, 0.05830773711204529, 1.6793097257614136, 0.16090495884418488, 0.10756654292345047, 0.2521578073501587, 0.6718365550041199, 0.057773735374212265, 0.3804730772972107, 0.8687306642532349, 0.011441552080214024, 0.9269847273826599, 1.8519953489303589, 1.554909586906433, 0.965728759765625, 0.05590762570500374, 0.0, 0.33780336380004883, 0.10394269227981567, 0.2065112441778183, 0.22846125066280365, 0.5974729657173157, 0.28308480978012085, 0.13331055641174316, 0.4163754880428314, 0.3307195007801056, 0.037915028631687164, 0.2671958804130554, 0.1343788355588913, 0.5161030888557434, 0.18891607224941254, 0.37844595313072205, 1.7538117170333862, 0.0002770131977740675, 0.004993365611881018, 1.5563678741455078, 0.19586622714996338, 0.012004287913441658, 0.060469917953014374, 0.0, 0.3662868142127991, 1.350241780281067, 0.0, 0.07089655846357346, 0.0, 0.7300469279289246, 0.020555052906274796, 0.3435262441635132, 0.3561607599258423, 0.11134688556194305, 0.0, 0.2845759987831116, 0.18764464557170868, 0.0075716436840593815, 1.0707900524139404, 0.07452079653739929, 0.24020366370677948, 0.1463661938905716, 5.056249618530273, 0.0, 0.04852595925331116, 0.6731477975845337, 0.46776413917541504, 0.5011006593704224, 0.0, 1.4117181301116943, 0.08707673102617264, 0.03388189896941185, 0.04385194554924965, 0.31116488575935364, 0.23157797753810883, 0.04836453124880791, 0.0, 0.10718339681625366, 0.5123327374458313, 0.09739965200424194, 0.4555864632129669, 0.08107546716928482, 0.04077828302979469, 0.09994309395551682, 0.4625987708568573, 0.2568686008453369, 0.004326888360083103, 0.08543562144041061, 0.0, 1.968970775604248, 0.41327691078186035, 0.18476904928684235, 0.41302335262298584, 1.6449987888336182, 0.6166097521781921, 0.060013674199581146, 0.8917069435119629, 0.07472339272499084, 0.02999505028128624, 2.2748613357543945, 3.961630344390869, 1.7306755781173706, 1.675750732421875, 3.8149425983428955, 0.0, 0.05445060878992081, 0.31766027212142944, 0.041845738887786865, 0.03094174899160862, 0.06264054030179977, 0.12509064376354218, 1.26880943775177, 0.04624065011739731, 0.42844903469085693, 0.12700155377388, 0.0, 0.01462259329855442, 0.261379599571228, 0.6196092367172241, 0.0059912498109042645, 0.13223515450954437, 5.31748104095459, 0.0006375312805175781, 0.04429972916841507, 0.0330624133348465, 2.8287293910980225, 0.12006085366010666, 0.7440363168716431, 0.20704270899295807, 0.32262662053108215, 0.015341435559093952, 2.284956455230713, 0.20123310387134552, 0.7508970499038696, 0.33614009618759155, 1.137139081954956, 0.278942734003067, 0.2039160430431366, 0.0590771846473217, 0.025972049683332443, 2.2928903102874756, 0.9525004625320435, 0.30845117568969727, 0.0650276243686676, 0.037246476858854294, 0.08163522183895111, 0.01165112666785717, 1.8793624639511108, 0.6253782510757446, 0.3505156338214874, 0.0077305450104177, 0.0, 1.2254024744033813, 0.0, 1.0920861959457397, 0.031944163143634796, 0.5761026740074158, 0.04458877816796303, 0.08525151759386063, 2.2824172973632812, 0.0002711694978643209, 0.2729741632938385, 0.08389704674482346, 0.1531808078289032, 0.5155407786369324, 0.09579359740018845, 0.016331341117620468, 0.057615015655756, 0.3067866861820221, 0.38120049238204956, 0.13595280051231384, 0.05129021406173706, 0.0, 0.16905511915683746, 0.09372665733098984, 1.9865930080413818, 0.19370752573013306, 0.003539352910593152, 1.5978626012802124, 0.30541130900382996, 0.025823291391134262, 0.6068012714385986, 0.8248435854911804, 0.6253382563591003, 0.40074247121810913, 0.1284516602754593, 5.784958839416504, 0.024936985224485397, 0.48337095975875854, 0.0, 0.010308689437806606, 0.026575693860650063, 0.026532109826803207, 1.0338051319122314, 0.005208545830100775, 0.746985673904419, 0.0, 1.4188451766967773, 0.10335269570350647, 0.035943977534770966, 0.021730922162532806, 0.34127894043922424, 0.41193974018096924, 0.1844380646944046, 0.041830066591501236, 0.1822022795677185, 0.2771606743335724, 1.801214575767517, 0.21017909049987793, 0.007921990007162094, 0.0, 0.22959208488464355, 0.2836865484714508, 0.7975942492485046, 2.2206828594207764, 0.0, 0.0030326114501804113, 0.13646146655082703, 0.12774650752544403, 0.08065904676914215, 4.113380432128906, 0.314450204372406, 0.1471116989850998, 0.07596484571695328, 0.06932925432920456, 0.20733624696731567, 0.1267365962266922, 0.3187665641307831, 1.6284303665161133, 0.16968485713005066, 0.06301726400852203, 0.4955330789089203, 0.13059107959270477, 0.05468960106372833, 0.049916479736566544, 0.10781931132078171, 3.172039031982422, 0.3647390902042389, 1.6771106719970703, 0.4578232169151306, 0.05784130096435547, 0.03822134807705879, 0.19428953528404236, 0.7918421626091003, 0.17323139309883118, 0.04692734032869339, 0.0, 1.3455781936645508, 0.6815182566642761, 0.07519499957561493, 0.0, 0.9043517708778381, 0.012349732220172882, 0.06317703425884247, 0.3196026086807251, 0.06553539633750916, 0.9280456304550171, 0.03428603708744049, 0.05830841138958931, 0.09337909519672394, 2.45933198928833, 0.8130719065666199, 0.019931809976696968, 0.34479689598083496, 0.10699550807476044, 0.003043043427169323, 0.007489948999136686, 0.41645777225494385, 0.0, 0.0, 1.2878364324569702, 0.5655102729797363, 0.21851347386837006, 0.21023419499397278, 0.07786968350410461, 0.4199802577495575, 0.0, 0.9600677490234375, 2.552623748779297, 0.6701200604438782, 1.4210562705993652, 2.002107620239258, 0.029583288356661797, 0.03260639309883118, 0.3095758557319641, 0.021814271807670593, 0.021614018827676773, 0.009508502669632435, 0.09081839770078659, 0.055930234491825104, 1.6887398958206177, 0.6800824999809265, 0.010708955116569996, 0.31886351108551025, 2.227649211883545, 1.253734827041626, 0.034956689924001694, 0.037475597113370895, 0.1710103452205658, 0.07700853794813156, 0.322393000125885, 0.4126732349395752, 0.8300175666809082, 0.603420078754425, 0.0022823032923042774, 0.6120828986167908, 0.05796953663229942, 0.6602053046226501, 1.4227964878082275, 1.2779748439788818, 0.0018759430386126041, 0.13996554911136627, 0.12985053658485413, 0.25226059556007385, 0.6570773124694824, 0.3648376166820526, 0.6761406064033508, 0.0011311890557408333, 0.11141157895326614, 0.32441890239715576, 0.06293483078479767, 0.8779301643371582, 0.011864082887768745, 0.1725337952375412, 0.0, 0.1390175074338913, 0.3722550570964813, 0.7908182740211487, 0.30043432116508484, 0.015633808448910713, 0.29338687658309937, 0.12935732305049896, 0.5008962750434875, 0.07202425599098206, 0.0033844977151602507, 1.4680205583572388, 0.44489389657974243, 0.385320782661438, 0.08087511360645294, 0.8245821595191956, 0.0, 0.04059974476695061, 1.2340786457061768, 0.4394608438014984, 3.3679521083831787, 0.7057383060455322, 0.06457866728305817, 0.011150508187711239, 0.5013371109962463, 0.4437389671802521, 0.0921572670340538, 1.528521180152893, 0.03083370439708233, 0.4976385831832886, 0.12017055600881577, 0.9774330258369446, 0.20686128735542297, 0.08630114048719406, 0.0379512757062912, 1.4020731449127197, 1.2916432619094849, 0.6246955394744873, 2.159768581390381, 0.15252140164375305, 0.8966033458709717, 0.5505399107933044, 0.07189314812421799, 0.6564301252365112, 1.3169169425964355, 0.19807250797748566, 1.362851619720459, 0.009720145724713802, 1.3777581453323364, 0.02170488052070141, 0.2424425333738327, 2.0740060806274414, 0.6016902327537537, 0.02585974521934986, 1.7442753314971924, 0.0, 0.0, 1.0755382776260376, 0.22644102573394775, 0.41347482800483704, 0.25957930088043213, 2.622452735900879, 0.09920549392700195, 0.3076867163181305, 0.0, 0.033281225711107254, 0.9991748332977295, 1.5631511211395264, 0.31131836771965027, 1.157212495803833, 0.1460016369819641, 1.1430718898773193, 0.8839118480682373, 0.9798206686973572, 0.0, 0.0003012978413607925, 0.004584256559610367, 0.4903663694858551, 0.0029889685101807117, 0.0, 1.32911217212677, 0.002996999304741621, 0.0, 0.7705371379852295, 0.10116635262966156, 0.12724697589874268, 0.9332993030548096, 0.13604359328746796]",Testing/glioma_tumor/image(1).jpg
"[1.1851816177368164, 1.129037618637085, 0.018004583194851875, 0.11915352940559387, 0.10407774895429611, 0.019438486546278, 0.49639829993247986, 0.012731505557894707, 0.06227903813123703, 0.011617607437074184, 0.05263369530439377, 0.051059186458587646, 0.5048663020133972, 0.5536382794380188, 0.16413769125938416, 0.47005772590637207, 1.0079662799835205, 0.039110198616981506, 0.5751903057098389, 0.003240767866373062, 0.2067076563835144, 0.40260782837867737, 0.8190262317657471, 0.01292417012155056, 0.5459052324295044, 0.0, 1.5002473592758179, 0.9922131896018982, 0.07608598470687866, 0.055177874863147736, 0.16596823930740356, 1.469325065612793, 0.5053573250770569, 0.6548680067062378, 0.0, 0.919869065284729, 0.18237078189849854, 0.3319600224494934, 0.566044807434082, 1.1375861167907715, 1.4276251792907715, 1.776344656944275, 0.3113047480583191, 0.22159303724765778, 0.25736814737319946, 0.14034688472747803, 0.46465885639190674, 0.04977241903543472, 0.0046424525789916515, 0.7888138294219971, 2.5029537677764893, 0.47441816329956055, 0.6955413818359375, 0.0008249063976109028, 4.282957553863525, 0.3421895503997803, 0.24468503892421722, 0.04264981299638748, 0.6910253167152405, 0.0, 0.021319134160876274, 0.48779791593551636, 0.6391240954399109, 0.839366614818573, 0.816474974155426, 0.0, 0.4511573910713196, 0.1323179006576538, 0.20953139662742615, 0.07305773347616196, 0.019333550706505775, 0.18890278041362762, 0.206863671541214, 1.3210164308547974, 0.37593552470207214, 0.024822160601615906, 0.9177765846252441, 0.5110093951225281, 0.12182969599962234, 0.5903207659721375, 0.02453315071761608, 0.0, 0.07483123242855072, 0.0, 1.2547003030776978, 0.12773330509662628, 3.1226513385772705, 0.07657934725284576, 0.22066408395767212, 0.0, 1.5498589277267456, 0.5948463678359985, 1.1856708526611328, 3.1135072708129883, 1.0770992040634155, 0.0, 0.3728915750980377, 0.11076989769935608, 1.3885843753814697, 0.07045189291238785, 1.5432069301605225, 0.6519107222557068, 0.03554849699139595, 0.7504577040672302, 0.05293690040707588, 0.7775131464004517, 0.2875678837299347, 2.2506635189056396, 0.0, 1.6559085845947266, 0.18980419635772705, 0.825885534286499, 0.0, 0.3264400064945221, 1.9726958274841309, 0.10268987715244293, 0.001518959878012538, 0.30856096744537354, 1.0348788499832153, 0.09502940624952316, 0.1647658795118332, 0.14348626136779785, 0.0, 0.021898524835705757, 0.5637553334236145, 0.911145806312561, 0.09504590928554535, 0.8871024250984192, 0.8285084962844849, 0.007847209461033344, 0.055754728615283966, 0.7192263603210449, 0.0, 0.01974085345864296, 0.1640920788049698, 0.3401031494140625, 0.20901788771152496, 1.5183192491531372, 0.018526699393987656, 0.3391028940677643, 0.03922732546925545, 0.38424402475357056, 0.359570175409317, 0.30476266145706177, 0.5351976156234741, 1.2244797945022583, 0.6736174821853638, 2.6519203186035156, 0.7532753348350525, 0.46702730655670166, 1.461330533027649, 1.0627113580703735, 0.04993391036987305, 0.0, 0.45761099457740784, 0.4896968901157379, 0.0, 0.10446026921272278, 1.325455665588379, 0.0, 0.014233190566301346, 0.7512116432189941, 0.0, 0.007826996967196465, 0.09413605183362961, 0.4914505183696747, 1.2794702053070068, 0.6661123037338257, 0.07377943396568298, 11.017680168151855, 0.5056461691856384, 1.3626989126205444, 0.0989743024110794, 0.05332210659980774, 2.0694363117218018, 0.6425316333770752, 0.15248773992061615, 0.1012699156999588, 0.003792018396779895, 0.5768313407897949, 0.021694093942642212, 0.17009098827838898, 0.1697283536195755, 0.7614372372627258, 0.019927607849240303, 2.420666217803955, 0.12175248563289642, 0.35898810625076294, 0.4790775775909424, 0.1361328363418579, 0.4665442407131195, 0.8683547973632812, 0.25866034626960754, 0.6834722757339478, 0.22410215437412262, 0.4377090334892273, 0.025719935074448586, 0.5052133798599243, 0.048106156289577484, 0.26850539445877075, 0.4062440097332001, 0.18669013679027557, 0.17183241248130798, 0.349967360496521, 2.2099556922912598, 0.20033474266529083, 0.02051403559744358, 0.044686831533908844, 0.41127482056617737, 0.06851977109909058, 0.04882459342479706, 2.6872670650482178, 0.0, 0.08180540800094604, 1.021880030632019, 0.12230538576841354, 0.02352229878306389, 0.052631571888923645, 0.7414981126785278, 0.07508412003517151, 1.205451488494873, 0.09141382575035095, 0.998529851436615, 0.30942028760910034, 0.335522323846817, 0.5718085765838623, 0.17060746252536774, 0.3726498484611511, 1.946565866470337, 0.45387423038482666, 0.21404413878917694, 1.9764149188995361, 0.04264267161488533, 1.3794560432434082, 4.2473859786987305, 1.7968095541000366, 0.10592733323574066, 0.4804914891719818, 0.0, 0.36513298749923706, 0.43431493639945984, 0.393051415681839, 0.6883931756019592, 0.6043716073036194, 0.10903257876634598, 0.5363914370536804, 0.9905760884284973, 0.559280276298523, 0.0547199621796608, 0.6136795282363892, 0.7197832465171814, 0.02070937678217888, 1.3329885005950928, 1.2871112823486328, 0.07163839787244797, 0.03066437505185604, 0.09006480872631073, 1.6221433877944946, 0.5554667711257935, 0.003595950547605753, 0.35884106159210205, 0.0, 2.646838426589966, 0.6311272382736206, 0.0016867578960955143, 0.5116510391235352, 0.0, 0.6493992209434509, 0.013832179829478264, 0.11221148818731308, 0.5108288526535034, 0.7899975180625916, 0.09230772405862808, 0.30988994240760803, 2.3118605613708496, 0.2172137349843979, 1.236572504043579, 3.480531692504883, 0.5227330327033997, 0.8422601819038391, 0.3494516909122467, 0.03386727720499039, 0.6443257331848145, 0.7533268928527832, 0.29367291927337646, 1.6520490646362305, 1.0703636407852173, 1.199051022529602, 0.22879964113235474, 0.09128681570291519, 0.35240864753723145, 0.19512702524662018, 0.18074358999729156, 0.18546932935714722, 0.6121899485588074, 1.2236372232437134, 0.3363195061683655, 0.096466064453125, 0.0, 0.3113875985145569, 1.195622205734253, 0.06697298586368561, 2.962860107421875, 0.26998695731163025, 0.622300922870636, 0.4012436270713806, 0.2060132473707199, 0.03487144038081169, 0.6063377857208252, 0.243966743350029, 0.09551239013671875, 0.030567476525902748, 0.043053772300481796, 0.027187785133719444, 0.3894224464893341, 0.8249030709266663, 0.5754896402359009, 0.21878916025161743, 0.0, 0.1243281364440918, 0.006954242940992117, 2.587731122970581, 0.1919425129890442, 0.31509512662887573, 0.16887697577476501, 0.08870204538106918, 0.0947984904050827, 0.34155866503715515, 6.86539363861084, 0.7711147665977478, 0.9109310507774353, 0.0, 1.768277645111084, 0.7602732181549072, 0.005275696981698275, 0.49373167753219604, 2.8482890129089355, 0.00778252724558115, 0.6000669598579407, 0.3675042688846588, 1.1682384014129639, 0.03568672761321068, 0.44490331411361694, 1.1833771467208862, 0.06727499514818192, 0.3738509714603424, 0.2950449585914612, 0.037416018545627594, 0.013641179539263248, 0.4500408172607422, 0.18754884600639343, 0.04450443759560585, 0.15988853573799133, 0.054603420197963715, 0.2667750418186188, 0.0, 0.06267830729484558, 0.26751160621643066, 0.9946585893630981, 0.23392027616500854, 0.020953956991434097, 1.0257757902145386, 1.8183324337005615, 0.1561606377363205, 0.7635692954063416, 0.0, 0.02375061623752117, 0.0, 1.7238928079605103, 0.2332872897386551, 0.009058290161192417, 0.05278286710381508, 1.222720742225647, 0.6208707094192505, 0.1612512320280075, 1.1544334888458252, 0.9900891184806824, 1.582256555557251, 0.5327295064926147, 0.14496150612831116, 0.13085240125656128, 0.054429568350315094, 0.5680938959121704, 0.29746904969215393, 0.8913094401359558, 1.1835664510726929, 0.7180460691452026, 1.136672019958496, 0.12374232709407806, 0.0, 0.11554917693138123, 0.513454020023346, 0.09918469935655594, 0.0, 1.1180418729782104, 4.132055759429932, 0.11770867556333542, 0.3017794191837311, 0.6347296833992004, 0.4636516273021698, 1.8347718715667725, 0.0, 0.01500666607171297, 0.010241301730275154, 0.4415557384490967, 0.07173115760087967, 0.0, 0.03233295679092407, 0.3982428014278412, 0.953760027885437, 0.9324384331703186, 0.06667009741067886, 0.347201406955719, 0.27304521203041077, 0.08599422127008438, 0.916034996509552, 0.1851043850183487, 0.4348003566265106, 0.03212747722864151, 1.0851008892059326, 0.719298779964447, 0.08640037477016449, 0.625874400138855, 2.3400635719299316, 0.004426124040037394, 0.0774899497628212, 0.06679195910692215, 0.00625409884378314, 0.054441988468170166, 0.07242581993341446, 0.7154678106307983, 0.30496469140052795, 1.9114588499069214, 0.3623720705509186, 2.2159626483917236, 0.3353945016860962, 0.012269343249499798, 2.0700924396514893, 1.5469427108764648, 0.0, 0.07160168886184692, 0.010141820646822453, 1.986034631729126, 0.0, 0.3027566075325012, 0.6502408981323242, 0.0, 2.720860004425049, 0.038031406700611115, 0.14217020571231842, 0.3168720006942749, 0.11074447631835938, 1.328555703163147, 0.01672534830868244, 0.08717317134141922, 0.6614935994148254, 0.4013504087924957, 0.18446123600006104, 0.3501124382019043, 0.4940990209579468, 0.10243921726942062, 0.7643603086471558, 0.6486782431602478, 0.1486639827489853, 0.0, 0.3235914409160614, 0.054789863526821136, 0.8554236888885498, 0.21004627645015717, 0.17119091749191284, 0.07306207716464996, 0.2945459187030792, 0.05531080812215805, 0.26577508449554443, 0.6156895160675049, 0.0, 0.5444086790084839, 0.0, 0.010341578163206577, 1.274256706237793, 1.1228649616241455, 0.40805739164352417, 3.1948304176330566, 0.2798488736152649, 0.010294675827026367, 0.5577213764190674, 0.00010108460992341861, 0.0, 0.3272212743759155, 0.4199768304824829, 0.6338503956794739, 1.1490681171417236, 0.047012779861688614, 0.8175910711288452, 1.0290350914001465, 0.0455995574593544, 1.078514575958252, 0.5458122491836548, 1.3557841777801514, 0.1546742022037506, 0.07576508074998856, 0.2159099131822586, 0.4994216561317444, 4.418679714202881, 0.015191825106739998, 0.5997503995895386, 0.0570511631667614, 0.00907488726079464, 0.0, 0.5238873958587646, 0.0, 1.0031744241714478, 0.08361569046974182, 0.15575280785560608, 0.033273857086896896, 0.460712194442749, 0.7594548463821411, 0.03379020094871521, 0.18072457611560822, 0.05743061751127243, 0.007997767999768257, 1.2535414695739746, 0.0, 0.059480100870132446, 0.04827442020177841, 0.32153093814849854, 0.0, 0.2836698591709137, 0.5939571857452393, 0.6766139268875122, 0.7398912310600281, 0.3315506875514984, 1.337165355682373, 1.8276963233947754, 0.28609412908554077, 1.7462520599365234, 0.8233555555343628, 0.6541659832000732, 0.07212704420089722, 0.056015320122241974, 0.020369261503219604, 0.32177698612213135, 0.8030037879943848, 0.02194472774863243, 1.1263586282730103, 0.0, 0.05732227861881256, 0.2141733169555664, 0.5252066254615784, 0.0, 0.1134907603263855, 0.0, 0.11653026193380356, 0.017186008393764496, 0.25556543469429016, 0.599892795085907, 0.7157188057899475, 0.003421345492824912, 0.0006646039546467364, 0.13794362545013428, 1.7592976093292236, 0.07642723619937897, 0.5382058024406433, 0.20681393146514893, 0.17314954102039337, 0.8410309553146362, 0.4672330617904663, 0.09446241706609726, 0.01921161264181137, 1.1101189851760864, 2.5209872722625732, 0.25971803069114685, 0.0015296643832698464, 0.40835511684417725, 0.05256659537553787, 0.33832040429115295, 0.5163503289222717, 0.0724325180053711, 0.078372523188591, 0.05254274606704712, 1.7271391153335571, 0.02391049824655056, 0.004887936171144247, 0.21653860807418823, 0.04701080918312073, 0.17431886494159698, 0.0, 0.0870407447218895, 0.0036656735464930534, 0.0, 0.14121031761169434, 0.024116650223731995, 0.09431058168411255, 0.0, 0.1262473613023758, 0.2536817193031311, 0.4850408732891083, 0.5259960889816284, 0.0, 0.3633960485458374, 3.620119571685791, 0.15225882828235626, 3.743939161300659, 0.036038219928741455, 0.21249987185001373, 0.6187828183174133, 0.7731041312217712, 0.9950461983680725, 0.6124786734580994, 1.6059198379516602, 1.5389862060546875, 0.001434783567674458, 0.09348151087760925, 0.07912153005599976, 0.0, 0.2987891137599945, 0.03679769113659859, 0.2771223485469818, 0.0, 0.009597953408956528, 0.08296410739421844, 0.247053861618042, 2.582158327102661, 0.06636840105056763, 1.057278037071228, 0.0906018540263176, 0.008185113780200481, 0.013299944810569286, 0.01583797298371792, 0.0, 0.004256834741681814, 0.9374982118606567, 0.0, 0.03167041018605232, 0.015945877879858017, 0.0, 0.2669984996318817, 0.0, 1.6240301132202148, 0.3110624849796295, 1.487629771232605, 0.21275168657302856, 0.18738913536071777, 0.14165166020393372, 0.050821490585803986, 0.9427825212478638, 2.01200008392334, 0.48522868752479553, 0.012965644709765911, 0.0465497225522995, 0.040232568979263306, 0.6549391746520996, 0.0, 0.0898979902267456, 0.6928442120552063, 1.4034947156906128, 1.7568012475967407, 0.469888299703598, 0.22088563442230225, 0.024831820279359818, 0.4115956425666809, 3.0268211364746094, 0.06568523496389389, 0.04274727776646614, 0.5327504277229309, 0.016696428880095482, 3.458582639694214, 1.2598901987075806, 0.29306697845458984, 3.2682390213012695, 0.306399405002594, 0.20531584322452545, 0.1855728179216385, 0.2349538803100586, 0.07148799300193787, 0.43756937980651855, 0.05480632185935974, 0.34229791164398193, 0.3830648958683014, 2.7270631790161133, 0.370921790599823, 0.0, 0.00036946608452126384, 0.48405495285987854, 2.8576483726501465, 1.8754080533981323, 0.19954340159893036, 0.0, 0.5414671897888184, 0.9858319759368896, 0.39432665705680847, 0.0, 0.11330851912498474, 0.42093926668167114, 0.16320039331912994, 1.5396226644515991, 0.4695020914077759, 0.13323815166950226, 0.09856564551591873, 0.9132349491119385, 0.9965214133262634, 0.28487977385520935, 0.451052188873291, 0.08055533468723297, 0.13884831964969635, 0.022150399163365364, 4.222878456115723, 0.611010730266571, 2.3886873722076416, 0.0, 0.7175595164299011, 0.0, 0.5762868523597717, 0.0, 0.4037494957447052, 0.2613586187362671, 0.46908241510391235, 0.4059266448020935, 1.0651849508285522, 0.1599361002445221, 0.5434656143188477, 2.443934202194214, 0.2770041227340698, 0.0, 0.09806790947914124, 1.164422869682312, 1.0428298711776733, 1.6591564416885376, 0.09808474034070969, 0.7294247150421143, 0.18224619328975677, 0.3423268496990204, 0.0001843072968767956, 0.3905757963657379, 0.5251526236534119, 0.14812254905700684, 0.34924066066741943, 0.8329702019691467, 0.5666313171386719, 0.023732926696538925, 0.5170655250549316, 0.4369945228099823, 0.5539450645446777, 0.1255371868610382, 0.001791226677596569, 0.664147675037384, 0.005829762667417526, 0.0, 0.3571905791759491, 0.7281520366668701, 0.45658203959465027, 0.0, 0.4265110194683075, 0.037717778235673904, 1.3360117673873901, 0.12500382959842682, 0.5567401051521301, 1.2685410976409912, 0.11192195117473602, 0.2320825159549713, 0.04340722784399986, 0.4093635082244873, 0.07343728840351105, 1.3893957138061523, 0.6309576034545898, 0.006113923154771328, 0.3700033724308014, 0.011030980385839939, 0.8775291442871094, 2.2742230892181396, 0.08867812901735306, 0.0029699387960135937, 0.31767159700393677, 0.019302187487483025, 0.19801481068134308, 0.062134064733982086, 0.6332781314849854, 0.350352942943573, 0.9764012694358826, 1.0500608682632446, 0.21207071840763092, 0.27934569120407104, 0.7248082756996155, 0.0, 0.5849972367286682, 0.0, 1.5994555950164795, 0.28079283237457275, 0.10803576558828354, 0.21945124864578247, 1.4359999895095825, 0.0, 0.16148030757904053, 0.009435976855456829, 0.5221250653266907, 0.3434911370277405, 0.0, 0.0, 0.7566989064216614, 0.2102200984954834, 0.1694406419992447, 0.01581629179418087, 0.120203897356987, 2.411252975463867, 0.0, 0.3484331965446472, 1.5710501670837402, 0.4724810719490051, 0.6570442318916321, 0.6963568925857544, 0.015406997874379158, 0.2003176212310791, 0.2463141530752182, 0.35179582238197327, 1.4376256465911865, 0.24740023910999298, 4.476057529449463, 2.430309772491455, 0.016092505306005478, 0.023456798866391182, 0.11458784341812134, 0.0, 1.767130970954895, 0.07544561475515366, 0.3663458228111267, 0.2089427262544632, 0.3827778697013855, 0.14305011928081512, 0.03245141729712486, 4.502326965332031, 0.3151560425758362, 1.0078433752059937, 0.12345115840435028, 1.6308975219726562, 0.13619443774223328, 2.675691843032837, 0.07545553892850876, 0.0, 0.0, 0.09047806262969971, 0.0, 0.0, 2.4063467979431152, 0.1856916844844818, 0.23621243238449097, 0.03907736390829086, 0.8267524242401123, 0.07150980085134506, 0.05703253671526909, 0.16146798431873322, 0.6563136577606201, 0.05441949889063835, 1.6628849506378174, 0.10993858426809311, 0.15818822383880615, 0.07557035237550735, 1.044740915298462, 0.0022952191065996885, 1.4892216920852661, 2.4990460872650146, 0.9477517008781433, 0.12942856550216675, 0.3138514459133148, 0.3193313479423523, 0.2977857291698456, 0.3724008798599243, 0.5189689993858337, 0.5381312370300293, 0.8303064107894897, 4.973832607269287, 0.025752795860171318, 0.007684454787522554, 0.011626370251178741, 0.020315777510404587, 0.05555529519915581, 0.7750183939933777, 0.2709585726261139, 0.03107062168419361, 0.37980183959007263, 0.46356087923049927, 0.05551759526133537, 0.49325093626976013, 1.119246244430542, 0.0, 0.7566839456558228, 0.4814939796924591, 8.356119155883789, 0.5071853399276733, 0.5606688857078552, 0.5025079846382141, 0.004788394086062908, 0.10738115012645721, 0.13395632803440094, 0.15812043845653534, 0.013305936940014362, 0.10424057394266129, 0.2923473119735718, 0.754130482673645, 0.013062793761491776, 1.1206800937652588, 0.1254226118326187, 0.6557219624519348, 0.0132744824513793, 0.40795567631721497, 1.6740609407424927, 0.10725252330303192, 0.6727656126022339, 2.17183256149292, 0.7103697061538696, 2.3891522884368896, 0.4084695279598236, 0.5531259775161743, 0.2922094166278839, 1.3103519678115845, 0.025293923914432526, 0.7036479115486145, 0.5021980404853821, 0.0867190882563591, 0.10714412480592728, 0.0, 0.05544198304414749, 1.0487536191940308, 0.7139659523963928, 0.04643407464027405, 0.910174548625946, 0.3382466733455658, 0.8143343925476074, 1.9419729709625244, 1.5596727132797241, 0.0, 1.0547552108764648, 0.2557615339756012, 1.725034475326538, 0.013420971110463142, 1.9751160144805908, 0.5331991910934448, 0.04939012601971626, 0.08781701326370239, 0.0, 0.45906856656074524, 0.05821191519498825, 0.04092014208436012, 0.1715562790632248, 0.18201200664043427, 0.2768193185329437, 0.08044242858886719, 0.00040838669519871473, 0.35423702001571655, 0.15735489130020142, 1.4162260293960571, 0.0, 0.3675704002380371, 1.0529423952102661, 0.20881088078022003, 0.8170189261436462, 0.0, 0.14583347737789154, 0.4169900715351105, 0.4688025414943695, 0.05402027815580368, 0.0, 0.011597461067140102, 0.0, 0.5145491361618042, 0.12311074137687683, 1.9802061319351196, 0.34903696179389954, 0.3438723683357239, 0.5727922916412354, 0.6344902515411377, 0.10462332516908646, 0.3471614718437195, 0.0, 0.1683061569929123, 0.030212320387363434, 0.06899130344390869, 1.6542741060256958, 0.11193104833364487, 0.11357511579990387, 0.2531172037124634, 1.0536783933639526, 1.55469810962677, 0.13897153735160828, 0.20358531177043915, 2.535170316696167, 0.0, 0.38939332962036133, 0.08102499693632126, 0.045482225716114044, 0.242649644613266, 0.15580880641937256, 0.05742358788847923, 0.1193418875336647, 0.0, 0.02507815882563591, 0.008110109716653824, 0.183476060628891, 0.07685133069753647, 0.6425583362579346, 0.06762728095054626, 0.16447298228740692, 0.6859288215637207, 0.05478313937783241, 0.1359688639640808, 0.3081062138080597, 1.2824443578720093, 0.12710508704185486, 0.26334911584854126, 3.2071218490600586, 0.017888143658638, 0.8262214064598083, 0.0, 0.4420800805091858, 2.5653998851776123, 0.33615294098854065, 0.3678608238697052, 0.5112413763999939, 0.22668641805648804, 0.26081040501594543, 2.300074577331543, 0.027684003114700317, 0.930924654006958, 0.009668715298175812, 0.18203739821910858, 0.0, 0.1659024953842163, 0.43284109234809875, 0.05026581883430481, 0.08720795810222626, 0.17243218421936035, 0.6126285195350647, 0.19119086861610413, 0.7863373160362244, 1.02764093875885, 0.0, 2.7370548248291016, 0.3725235164165497, 0.0, 0.23826804757118225, 0.3362913727760315, 0.019373401999473572, 0.01273707952350378, 0.913026750087738, 0.02131897583603859, 0.1023048460483551, 0.1125468909740448, 0.7620968222618103, 0.3665054440498352, 0.0, 0.49571266770362854, 0.046527501195669174, 0.009331650100648403, 0.000923436542507261, 0.9058277606964111, 0.015644941478967667, 0.0032536836806684732, 0.11608736217021942, 0.5913007855415344, 0.018574291840195656, 1.1458942890167236, 1.55726158618927, 0.4598568379878998, 0.19596636295318604, 0.09547582268714905, 0.1835969239473343, 0.03904203325510025, 1.1938592195510864, 1.799314260482788, 0.27096447348594666, 0.3353612422943115, 1.7691506147384644, 5.169405460357666, 0.036633849143981934, 0.2611752152442932, 0.4453601837158203, 0.6967561841011047, 0.00014063046546652913, 0.16059431433677673, 0.04048573598265648, 0.02277890034019947, 2.4127259254455566, 0.5024529099464417, 0.0352480448782444, 0.2510842978954315, 0.3407771587371826, 0.19744950532913208, 0.15621855854988098, 0.13526524603366852, 2.3515520095825195, 0.5284978747367859, 0.3872286379337311, 0.21897782385349274, 0.14382852613925934, 0.641972005367279, 3.4972023963928223, 0.00419968506321311, 0.4026855528354645, 0.0, 0.06294911354780197, 1.5379928350448608, 0.3782361149787903, 0.1266341358423233, 0.22206765413284302, 0.34234026074409485, 0.13799667358398438, 0.17816969752311707, 0.49430644512176514, 0.02673346735537052, 0.8820945620536804, 0.07737073302268982, 0.3305010199546814, 0.04164066165685654, 0.9088132381439209, 1.252934217453003, 0.4346870481967926, 0.0010403759079053998, 0.06876088678836823, 0.009618700481951237, 0.004814289044588804, 0.040773022919893265, 1.5618112087249756, 1.2047799825668335, 0.0, 0.6713495254516602, 1.4931395053863525, 0.6456010937690735, 0.3336360454559326, 0.5840087532997131, 0.26129063963890076, 0.20172563195228577, 3.72419563063886e-05, 0.0019832144025713205, 0.017481261864304543, 0.27802109718322754, 0.0, 0.20861786603927612, 0.00521006528288126, 0.0, 0.04515954107046127, 0.28694477677345276, 0.0, 0.8931677937507629, 0.32537373900413513, 1.3850535154342651, 0.12915661931037903, 0.0, 0.011277660727500916, 0.06958787888288498, 0.04407409578561783, 0.022041989490389824, 0.19265900552272797, 0.047129470854997635, 0.07820823043584824, 0.187926784157753, 1.0851784944534302, 0.4476052224636078, 0.04821135103702545, 0.8713477849960327, 0.04446408525109291, 0.23613013327121735, 0.01818922348320484, 0.26452964544296265, 0.48136255145072937, 0.03327096626162529, 0.37454068660736084, 0.6462756395339966, 0.2453480362892151, 0.0, 0.121187724173069, 0.3580525517463684, 0.9989463686943054, 0.005059193819761276, 0.1889660358428955, 0.011228824034333229, 0.12507672607898712, 0.7121206521987915, 0.20068363845348358, 0.10030031204223633, 0.8189157247543335, 0.5435730814933777, 0.3041920065879822, 0.0, 0.6308971047401428, 0.19771024584770203, 0.0, 0.3467468023300171, 0.01101600844413042, 0.6925044059753418, 0.28283601999282837, 0.17756755650043488, 0.09363024681806564, 0.041869182139635086, 1.0908493995666504, 0.1486659198999405, 0.2317955642938614, 2.160224199295044, 0.009045673534274101, 0.14219322800636292, 0.3392082154750824, 0.07746582478284836, 0.624280571937561, 0.1532011479139328, 1.293313980102539, 0.15013158321380615, 0.4528487026691437, 0.7453122735023499, 0.02474784664809704, 3.4169466495513916, 1.146869421005249, 0.3131105899810791, 3.3581433296203613, 0.0, 0.662502110004425, 1.9358443021774292, 0.19420818984508514, 0.0005048975581303239, 0.09521208703517914, 0.11670250445604324, 0.2208319455385208, 0.3294120728969574, 0.05292365327477455, 0.4776608943939209, 0.0, 0.1869426965713501, 0.5704678297042847, 0.0, 0.4107196629047394, 0.04291418939828873, 1.4217662811279297, 0.7663684487342834, 0.012461810372769833, 0.5764058232307434, 0.015494677238166332, 1.2939248085021973, 0.01660851575434208, 0.014413993805646896, 0.015789709985256195, 0.1465453952550888, 0.04731177166104317, 0.20685875415802002, 0.7282450199127197, 1.746156930923462, 0.21604257822036743, 4.700373649597168, 0.38943177461624146, 0.8113104104995728, 0.26144227385520935, 0.11729134619235992, 0.01193208433687687, 0.0, 0.10578523576259613, 0.14496886730194092, 0.2779863774776459, 0.056460145860910416, 0.26779648661613464, 0.09477253258228302, 0.20947059988975525, 0.05809745192527771, 0.10164336860179901, 0.015246856026351452, 0.3561546206474304, 0.050635095685720444, 0.027016980573534966, 0.8545399904251099, 0.26832595467567444, 0.15571649372577667, 0.894325852394104, 0.5620840787887573, 1.8633698225021362, 1.073874831199646, 0.06265788525342941, 0.5142261385917664, 0.2147943526506424, 1.2773714065551758, 0.7371193766593933, 0.17839151620864868, 1.6675662994384766, 1.1749792098999023, 0.27372974157333374, 0.8606864809989929, 0.00944921188056469, 0.9611058235168457, 0.04527267813682556, 0.4188908636569977, 0.05937609449028969, 0.08895031362771988, 0.045401621609926224, 0.30581867694854736, 0.18766677379608154, 0.5680485367774963, 0.2580540180206299, 0.38335636258125305, 0.20438215136528015, 0.8313275575637817, 0.9387431144714355, 0.175292506814003, 0.9782091975212097, 0.9196115732192993, 0.1065349206328392, 0.24002182483673096, 0.9214178323745728, 0.16630572080612183, 0.33911505341529846, 0.8553568124771118, 0.5488242506980896, 0.16609840095043182, 0.06957817077636719, 0.0, 0.035691093653440475, 2.611628532409668, 0.007108892779797316, 0.0, 0.015497361309826374, 0.48965784907341003, 0.20767949521541595, 1.6966720819473267, 1.3489195108413696, 0.0, 0.3509264588356018, 0.7601709961891174, 0.08767756819725037, 0.6147013306617737, 0.147888645529747, 0.2715626657009125, 0.13839329779148102, 0.10361973196268082, 0.10609855502843857, 0.09053337574005127, 3.4295451641082764, 0.6600703001022339, 0.5175514817237854, 0.10611982643604279, 1.680005431175232, 0.16241519153118134, 0.0, 0.10630524903535843, 0.1659584641456604, 1.7434197664260864, 0.4062258303165436, 0.3956984281539917, 0.8220008015632629, 2.243279457092285, 0.04639966040849686, 0.0, 0.05419228598475456, 2.2429699897766113, 0.025054123252630234, 0.15250152349472046, 0.6214032173156738, 5.46580171585083, 0.8333548903465271, 0.022946566343307495, 0.14032042026519775, 0.065526582300663, 4.479138374328613, 0.33100640773773193, 0.14351680874824524, 0.6326447129249573, 0.0, 0.11128054559230804, 0.0828932523727417, 0.009183579124510288, 0.0, 0.25029072165489197, 0.09196287393569946, 1.202694058418274, 0.013029234483838081, 0.11069297790527344, 0.3536200523376465, 0.033323824405670166, 0.814582109451294, 0.1884804517030716, 0.00270282244309783, 0.0008002179092727602, 3.173630714416504, 1.0492509603500366, 0.6383168697357178, 0.14697444438934326, 0.031408436596393585, 0.0024310373701155186, 0.03836438059806824, 0.38021352887153625, 0.006798046175390482, 1.2757340669631958, 1.591721773147583, 0.04536094143986702, 0.8459103107452393, 0.16721367835998535, 0.41027331352233887, 0.03394179791212082, 0.06483917683362961, 0.0, 0.006437720265239477, 0.07568489760160446, 0.20080269873142242, 0.27008363604545593, 0.0, 1.884306788444519, 0.4467042088508606, 0.5790753364562988, 0.04275817424058914, 0.8695563673973083, 0.12488024681806564, 2.7410287857055664, 0.15800565481185913, 0.0, 0.12161403894424438, 0.6128467917442322, 1.0622416734695435, 0.03228907287120819, 1.5209325551986694, 0.049534205347299576, 0.09325972199440002, 0.9540913701057434, 0.07817815989255905, 0.09894365072250366, 0.05094124749302864, 2.171820878982544, 0.4135158956050873, 0.5061495304107666, 0.14594009518623352, 0.23586374521255493, 0.03930490463972092, 6.1664910316467285, 0.5110054016113281, 1.190748691558838, 0.5097478628158569, 0.20092317461967468, 0.6104062795639038, 2.4997479915618896, 1.0238492488861084, 1.1150513887405396, 0.5485748052597046, 0.01095210574567318, 0.6999980211257935, 0.3329745829105377, 0.01671735569834709, 0.06053970381617546, 0.8848119378089905, 0.321673184633255, 0.4392389953136444, 0.0, 0.6959068179130554, 0.0, 0.06865328550338745, 0.8050351738929749, 0.4821477234363556, 0.0, 0.010014777071774006, 0.010791783221065998, 0.4554663598537445, 0.09878367185592651, 0.18580792844295502, 0.09329991787672043, 0.005911605898290873, 0.04285833239555359, 0.22477227449417114, 0.31968870759010315, 0.02548288367688656, 3.206352710723877, 0.9752337336540222, 0.45295029878616333, 0.18146800994873047, 0.2046356350183487, 2.4715864658355713, 0.06209665536880493, 0.2779009938240051, 0.28879743814468384, 2.2623395919799805, 0.2983187139034271, 0.2443971484899521, 0.00015164577052928507, 2.025111675262451, 0.828178882598877, 0.5940686464309692, 0.01403866708278656, 1.8465358018875122, 0.6210870146751404, 2.095935344696045, 0.9239484071731567, 0.2011968195438385, 0.12796586751937866, 0.04854121059179306, 0.012774540111422539, 0.13856586813926697, 0.026523984968662262, 0.0, 1.5151234865188599, 0.0, 0.0, 0.07164962589740753, 0.7311807870864868, 1.0816547870635986, 0.12061834335327148, 3.466874837875366, 0.02214910089969635, 0.6572235226631165, 2.1951963901519775, 0.05378149822354317, 0.6125602126121521, 0.2113204151391983, 0.5307002663612366, 0.01686759665608406, 2.1498050689697266, 1.7808283567428589, 0.027058474719524384, 0.6875654458999634, 0.0021660546772181988, 1.8940211534500122, 0.0, 0.5380046367645264, 4.247654438018799, 0.7888336777687073, 1.9803880453109741, 0.39785152673721313, 0.44919586181640625, 0.0, 0.22408074140548706, 0.0, 0.000252937781624496, 0.8612602949142456, 0.2931461036205292, 0.0, 0.8097289800643921, 0.9395045638084412, 0.049887847155332565, 0.07573574781417847, 0.15244603157043457, 0.10428190976381302, 0.7503930926322937, 2.185483932495117, 0.05652044340968132, 0.0, 0.02613425813615322, 0.14620058238506317, 0.0, 0.16970977187156677, 0.0, 0.7654754519462585, 0.0, 3.4445223808288574, 0.0, 0.33546268939971924, 0.04732163995504379, 0.369922399520874, 0.24860037863254547, 1.0886040925979614, 0.04424986615777016, 0.7290977835655212, 0.5032718181610107, 0.4067297577857971, 0.00809509214013815, 1.491794466972351, 0.0, 0.018603110685944557, 1.5926183462142944, 2.295572280883789, 0.9725776314735413, 0.009478597901761532, 0.10235879570245743, 1.0593369007110596, 0.039020221680402756, 0.7026451230049133, 0.3677932620048523, 0.4655643403530121, 0.44598621129989624, 0.260442316532135, 0.5393155813217163, 0.6065877676010132, 0.09268227219581604, 0.9897287487983704, 0.20626570284366608, 0.2898385226726532, 0.20215758681297302, 0.1485949158668518, 1.9055821895599365, 0.38543701171875, 0.7767475843429565, 0.37921273708343506, 0.5844019055366516, 0.20049260556697845, 0.0, 3.5267422199249268, 1.1482276916503906, 0.007162113673985004, 0.047032468020915985, 0.34946948289871216, 0.0, 0.36977019906044006, 0.15805475413799286, 0.0, 0.0, 0.11096160113811493, 0.23722107708454132, 0.019217384979128838, 5.921392440795898, 1.6833378076553345, 0.023611579090356827, 0.7619061470031738, 0.01247408427298069, 0.6544149518013, 1.231450080871582, 0.0877324715256691, 1.4312101602554321, 0.0, 0.0, 0.9515924453735352, 0.3147042989730835, 0.1413300633430481, 0.7897558212280273, 0.027682187035679817, 0.15285742282867432, 1.3712812662124634, 0.03461514040827751, 0.0, 1.0496405363082886, 0.5095434188842773, 0.009221772663295269, 0.7398760318756104, 0.0924636498093605, 0.5508965253829956, 0.09471534937620163, 0.10858894139528275, 1.5065780878067017, 0.996056079864502, 0.7008554339408875, 0.23222887516021729, 3.4249989986419678, 0.0, 0.0, 0.15655091404914856, 1.6637192964553833, 0.7153754830360413, 0.21928229928016663, 0.0028796973638236523, 2.4945180416107178, 0.0, 0.0, 0.005933151114732027, 0.8125808238983154, 0.8028462529182434, 1.5057560205459595, 0.762360692024231, 0.09544121474027634, 0.08616301417350769, 0.02446218952536583, 0.04468943178653717, 0.4971931576728821, 0.9234268665313721, 0.31095606088638306, 0.22782491147518158, 1.917044758796692, 4.347029209136963, 0.3035260736942291, 0.37202146649360657, 0.0, 0.15560124814510345, 0.5864070057868958, 0.20473745465278625, 0.044166069477796555, 0.1508600115776062, 0.501905620098114, 0.0702933594584465, 0.579779863357544, 0.2416413426399231, 1.7016422748565674, 0.6796637773513794, 0.03375360369682312, 0.034636881202459335, 0.05655520409345627, 0.14093346893787384, 1.0412232875823975, 0.31428614258766174, 0.6513760685920715, 0.0, 1.569560170173645, 0.05061052367091179, 0.2575359046459198, 0.382653146982193, 0.05958957597613335, 0.29919010400772095, 0.6034705638885498, 0.06101185828447342, 1.8733900785446167, 0.0, 3.332930326461792, 0.07659591734409332, 0.015003029257059097, 1.9284043312072754, 0.0, 0.0, 0.19308224320411682, 0.30328333377838135, 0.0, 0.1561630517244339, 0.15270419418811798, 0.0245799720287323, 0.026874376460909843, 0.4962097406387329, 0.0, 0.15716923773288727, 0.02696087583899498, 0.4026220738887787, 0.641923189163208, 0.02442806027829647, 2.243257761001587, 0.49991655349731445, 0.2910708487033844, 0.042773883789777756, 0.006366255227476358, 0.007019918877631426, 1.8151569366455078, 0.0, 0.13582098484039307, 0.050713155418634415, 0.016954032704234123, 0.4164491891860962, 0.6123583912849426, 0.3444623351097107, 0.0, 0.23616303503513336, 0.14900150895118713, 0.30271172523498535, 0.005312880501151085, 0.008030855096876621, 0.5052866339683533, 0.13795523345470428, 1.3750711679458618, 0.03945246338844299, 0.4838700592517853, 2.583538770675659, 0.39959344267845154, 0.5970453023910522, 0.6248332262039185, 0.14310751855373383, 1.5004057884216309, 2.3722846508026123, 3.045743465423584, 2.8554413318634033, 0.7522702813148499, 0.2928661108016968, 0.16160663962364197, 1.1367480754852295, 1.1704158782958984, 0.005855423863977194, 0.03642874211072922, 0.07543058693408966, 0.12602786719799042, 0.0031681887339800596, 0.012267847545444965, 0.9031965136528015, 0.018191473558545113, 0.1397961974143982, 0.11471138894557953, 1.0496224164962769, 0.18200118839740753, 0.0359196662902832, 0.5569712519645691, 0.002463131444528699, 0.0, 0.03197290375828743, 0.030245648697018623, 0.16164208948612213, 0.7973271012306213, 0.31942588090896606, 0.5250818133354187, 0.3993515968322754, 3.2757978439331055, 0.02721657045185566, 0.2480882853269577, 0.36856549978256226, 0.8107488751411438, 0.08546128869056702, 0.0, 0.07961577922105789, 0.674848198890686, 0.48306959867477417, 0.2854166030883789, 0.40977025032043457, 0.011378497816622257, 0.00817345641553402, 0.0, 0.12989723682403564, 0.8273113965988159, 0.5835501551628113, 0.37116140127182007, 0.0, 0.6720046997070312, 2.760643482208252, 0.3472534418106079, 0.6074320673942566, 0.41560977697372437, 0.0, 0.0, 0.126832976937294, 0.477257639169693, 0.03989747166633606, 0.12434675544500351, 0.013539222069084644, 0.038879089057445526, 2.326047658920288, 0.2549516260623932, 0.3043634295463562, 0.2432035505771637, 0.05224280804395676, 0.6080713868141174, 0.16577617824077606, 0.008630912750959396, 0.0, 0.04374717175960541, 0.6544203758239746, 5.569901466369629, 0.05772140249609947, 0.08522993326187134, 0.5981524586677551, 0.279828816652298, 0.025918951258063316, 0.42287009954452515, 0.602649450302124, 0.1366877257823944, 0.24585293233394623, 1.8891520500183105, 4.296771049499512, 0.5797454714775085, 0.48907899856567383, 0.0, 0.2780642807483673, 0.0, 1.1492465734481812, 1.0448673963546753, 0.01953643187880516, 1.4483228921890259, 0.0, 2.1904802322387695, 0.0657862052321434, 0.00018975565035361797, 0.8336226940155029, 0.6709068417549133, 1.0524470806121826, 0.05082074925303459, 0.0, 0.04854775592684746, 0.20105744898319244, 1.3748067617416382, 0.0025456438306719065, 0.0033040314447134733, 0.008112148381769657, 0.6508244276046753, 0.1623404175043106, 0.2747916281223297, 0.015375463292002678, 0.13601353764533997, 0.0, 0.16673722863197327, 0.44175031781196594, 1.5099446773529053, 1.2190614938735962, 0.43203604221343994, 0.3695668876171112, 0.2598310708999634, 0.5749191045761108, 1.1907892227172852, 0.6216832995414734, 0.6899696588516235, 1.0094470977783203, 0.8236599564552307, 0.037750739604234695, 0.8118258118629456, 0.018383005633950233, 0.0, 0.11323846131563187, 1.620138168334961, 3.132970094680786, 0.21376608312129974, 1.5794657468795776, 0.6420863270759583, 0.0, 0.5490782260894775, 0.1857883483171463, 2.4745240211486816, 1.213820219039917, 0.2314945012331009, 0.2321339249610901, 0.45294690132141113, 2.3167805671691895, 0.4518362283706665, 0.08942483365535736, 0.08966676890850067, 0.09457900375127792, 0.09812936931848526, 0.09946461766958237, 0.5180864334106445, 0.8095173239707947, 0.15563225746154785, 0.1387934684753418, 0.10742867738008499, 3.352008819580078, 0.33854565024375916, 0.21364860236644745, 1.5485165119171143, 0.43480032682418823, 0.7359169125556946, 0.0, 2.2705185413360596, 0.3425639271736145, 0.0, 1.0062180757522583, 0.10324068367481232, 0.051226358860731125, 0.17272351682186127, 0.12098792940378189, 0.38923901319503784, 0.02472279593348503, 0.41583895683288574, 0.10208534449338913, 0.027236968278884888, 0.4809112548828125, 0.0815894827246666, 0.0, 0.15356779098510742, 0.21538078784942627, 0.271359384059906, 0.018945850431919098, 0.1537528783082962, 0.4089919924736023, 0.1262761801481247, 0.5727235674858093, 1.415063500404358, 0.229368656873703, 0.1815953403711319, 1.0513674020767212, 1.350412130355835, 0.37676408886909485, 0.6054707169532776, 0.4852016270160675, 0.5401567220687866, 0.2561028003692627, 0.17109093070030212, 0.9845739603042603, 1.6832284927368164, 0.2665630877017975, 0.6613674759864807, 0.3546552062034607, 0.047012705355882645, 2.175908088684082, 0.3005038797855377, 0.06330400705337524, 0.1864795684814453, 0.31271326541900635, 0.04212342947721481, 0.46811559796333313, 0.7296172380447388, 1.1317592859268188, 0.022062629461288452, 0.013016349636018276, 1.25826096534729, 0.07633707672357559, 2.0500388145446777, 0.015139326453208923, 1.5640579462051392, 0.12324889004230499, 0.31614184379577637, 0.03941933438181877, 0.2962067425251007, 0.63334059715271, 0.0267989132553339, 2.42633318901062, 0.1893244832754135, 0.3660907447338104, 0.04987559840083122, 0.25943830609321594, 1.941613793373108, 2.561532735824585, 0.545573353767395, 0.09803789854049683, 0.45118117332458496, 0.0, 0.0, 1.8074283599853516, 0.402532696723938, 0.2451225370168686, 0.26797226071357727, 0.2670614421367645, 0.36055269837379456, 2.0383899211883545, 0.0799541175365448, 0.014918784610927105, 0.126499742269516, 1.4948064088821411, 1.1761078834533691, 0.20858117938041687, 0.6490551829338074, 0.40511080622673035, 0.36589905619621277, 0.0, 0.2604648470878601, 0.0, 2.3182852268218994, 2.0264110565185547, 0.16063368320465088, 0.6792140007019043, 0.01281114760786295, 0.14573884010314941, 0.0013069389387965202, 2.289464235305786, 0.1349315494298935, 2.4460439682006836, 0.7552370429039001, 0.21216902136802673, 0.8434072136878967, 0.7808588743209839, 0.1772003322839737, 1.5077269077301025, 1.3765077590942383, 0.9296635389328003, 0.6327808499336243, 0.48475998640060425, 0.13410985469818115, 1.4168213605880737, 0.5870507955551147, 0.5060845017433167, 0.5560444593429565, 0.0721738263964653, 1.391287922859192, 0.0023009339347481728, 0.257015198469162, 0.10153684765100479, 0.2563440799713135, 0.040473729372024536, 0.18305115401744843, 0.01901519112288952, 0.041112132370471954, 0.2887771725654602, 0.1980017125606537, 0.008528285659849644, 0.061483826488256454, 0.028458572924137115, 0.0023885357659310102, 0.1506681740283966, 0.17575469613075256, 0.20095469057559967, 0.28050827980041504, 0.05534268543124199, 0.6637414693832397, 0.0, 0.02755860984325409, 2.212095260620117, 0.048679351806640625]",Testing/glioma_tumor/image(16).jpg
"[1.9003994464874268, 0.4113665521144867, 0.1396944224834442, 1.1444361209869385, 0.5598106384277344, 1.0932072401046753, 2.6599860191345215, 0.2071056216955185, 0.4361931085586548, 0.13394135236740112, 0.0, 0.0, 0.06950763612985611, 0.4158259332180023, 0.10499238222837448, 0.22123229503631592, 0.7213256359100342, 4.113666534423828, 1.6277714967727661, 0.016878599300980568, 0.6534375548362732, 1.250277042388916, 0.038715023547410965, 0.04950336366891861, 0.5261647701263428, 0.8790070414543152, 1.0802576541900635, 0.0, 1.172127366065979, 0.0, 0.2298288196325302, 1.7131946086883545, 0.18019716441631317, 0.2878762185573578, 0.4547595679759979, 0.5089731216430664, 0.0, 0.5561517477035522, 0.0319686233997345, 0.6314982771873474, 0.845678985118866, 0.31485307216644287, 0.01656815968453884, 0.027929753065109253, 0.49513423442840576, 0.11823165416717529, 0.0, 0.45682477951049805, 0.17750012874603271, 0.3767259120941162, 0.6195420026779175, 1.2101161479949951, 2.062103271484375, 0.12810400128364563, 0.6495829820632935, 1.2521727085113525, 0.266686350107193, 0.22831477224826813, 0.1686939299106598, 0.0, 0.6705985069274902, 0.9727227091789246, 0.6474798321723938, 1.1836748123168945, 0.00011694188287947327, 0.156990185379982, 0.9162952899932861, 0.10991824418306351, 0.0, 0.014559833332896233, 0.630579948425293, 0.25067588686943054, 0.1361694484949112, 2.065692186355591, 0.02790684625506401, 0.020391646772623062, 0.8349080085754395, 1.2818037271499634, 0.20095780491828918, 0.03530522808432579, 0.0, 0.13461202383041382, 0.571918785572052, 0.0, 0.51543128490448, 0.26503583788871765, 0.8432179093360901, 0.10094330459833145, 0.44670331478118896, 0.7809291481971741, 0.6615310907363892, 0.3589635193347931, 0.5013837814331055, 0.18339237570762634, 0.0037023923359811306, 0.33832883834838867, 0.10444076359272003, 0.002492534928023815, 0.2452952265739441, 0.48707571625709534, 0.07276463508605957, 0.48671478033065796, 0.03839052468538284, 0.2996346056461334, 1.0120347738265991, 0.0977521613240242, 1.369526743888855, 1.1190550327301025, 0.0, 0.8161928057670593, 1.2147501707077026, 0.2139727920293808, 0.2787654995918274, 0.41890662908554077, 2.004335641860962, 0.35195392370224, 0.0902312621474266, 0.5642427206039429, 0.0, 0.25998884439468384, 0.000572820077650249, 0.021342990919947624, 0.018595179542899132, 0.29071083664894104, 0.0989820808172226, 1.0309052467346191, 1.0055558681488037, 0.65072101354599, 1.728217601776123, 0.04570367559790611, 0.1535620242357254, 1.4329472780227661, 0.7627159953117371, 0.0, 0.01663709618151188, 0.016674941405653954, 0.7880896925926208, 0.014247458428144455, 0.24333898723125458, 0.021310962736606598, 0.6867583394050598, 0.13689297437667847, 0.035549718886613846, 0.010240494273602962, 0.798222005367279, 1.2083805799484253, 0.4076523184776306, 1.0858707427978516, 0.7686914801597595, 0.4928533136844635, 2.7606170177459717, 0.46971049904823303, 0.08741483092308044, 0.04095901921391487, 0.032332442700862885, 0.22561299800872803, 0.0, 0.18314559757709503, 0.5828680396080017, 0.04720378294587135, 0.37819355726242065, 0.022301029413938522, 0.0, 0.007582895457744598, 0.002246691146865487, 0.3265947699546814, 0.9097483158111572, 0.089810311794281, 0.0812714695930481, 4.581494331359863, 0.5439873337745667, 0.472767174243927, 0.010630968026816845, 2.008659839630127, 0.4801880121231079, 1.6446954011917114, 0.0, 0.8827095031738281, 0.03109556809067726, 0.9724917411804199, 0.10956639796495438, 0.0007392240804620087, 0.2353699505329132, 0.21026986837387085, 0.0017185990000143647, 0.1869632601737976, 0.19160352647304535, 0.8381806015968323, 0.1771099865436554, 0.0, 0.13473674654960632, 0.16488903760910034, 0.01633952185511589, 0.0, 0.31568142771720886, 0.4899452030658722, 0.19561833143234253, 0.7166587114334106, 0.14211274683475494, 0.03500712290406227, 0.5960873365402222, 0.07307900488376617, 1.9936728477478027, 0.42245954275131226, 1.5401256084442139, 1.5702393054962158, 0.5884098410606384, 0.0, 2.037724494934082, 0.12759122252464294, 0.07330146431922913, 1.4923157691955566, 0.07610959559679031, 1.1666487455368042, 6.476714042946696e-05, 0.6943097710609436, 0.4821169376373291, 1.3901703357696533, 0.0905328094959259, 0.0, 0.38387879729270935, 0.008878289721906185, 4.536149501800537, 0.08000081777572632, 0.0, 0.10170773416757584, 0.02461489848792553, 0.2187325358390808, 0.25303828716278076, 0.08419797569513321, 0.9852219223976135, 1.546797513961792, 0.380728542804718, 0.32389116287231445, 0.23660419881343842, 0.2710796296596527, 0.0, 0.08142869919538498, 0.014989434741437435, 0.621168851852417, 0.42879414558410645, 1.018103003501892, 0.30660998821258545, 0.016550293192267418, 0.040207892656326294, 0.27576470375061035, 0.13946804404258728, 0.9550464153289795, 0.009070678614079952, 0.0390489362180233, 0.295916348695755, 0.05735056847333908, 1.3749303817749023, 0.19723846018314362, 2.4362528324127197, 0.395404189825058, 0.22708840668201447, 2.346682071685791, 1.0351556539535522, 0.19488927721977234, 0.751404881477356, 0.005075763911008835, 0.7557443380355835, 0.08927421271800995, 0.0, 0.0, 0.6396455764770508, 0.061682913452386856, 0.0, 0.3006702661514282, 0.6792063117027283, 0.5848405361175537, 1.2199212312698364, 0.16261714696884155, 1.2997926473617554, 0.5282195806503296, 0.46321815252304077, 0.2854156792163849, 0.4386144280433655, 0.7623962163925171, 0.6656339764595032, 0.7020223140716553, 2.0460638999938965, 0.7841539978981018, 0.3720017671585083, 1.0239287614822388, 0.23331883549690247, 0.014147953130304813, 0.044433340430259705, 0.10127297043800354, 0.10925925523042679, 0.5066657066345215, 0.0, 0.018550151959061623, 0.3433055579662323, 3.7769980430603027, 1.0148954391479492, 0.00897529162466526, 1.4303722381591797, 3.268453598022461, 0.5435543656349182, 0.37232932448387146, 3.032238721847534, 0.0583328902721405, 2.261247158050537, 0.3108433187007904, 0.07682003080844879, 0.0, 0.22711901366710663, 0.31751489639282227, 0.5244254469871521, 1.5828258991241455, 0.85418701171875, 0.3605159819126129, 0.4990801215171814, 0.1328413188457489, 1.3961654901504517, 0.16957715153694153, 0.0, 0.1596798151731491, 0.8833010792732239, 2.7787458896636963, 1.2974753379821777, 0.04866936802864075, 0.0, 0.028965575620532036, 0.11161448061466217, 0.5819130539894104, 1.4321197271347046, 0.331412136554718, 0.064642995595932, 0.14868955314159393, 0.30628538131713867, 0.24041777849197388, 0.11627727001905441, 0.07074674963951111, 1.7423964738845825, 0.200728178024292, 1.175820231437683, 0.678779661655426, 0.8158060908317566, 0.0, 0.5169321894645691, 0.0, 0.016805535182356834, 0.11205539107322693, 0.07678607851266861, 0.6121958494186401, 0.0, 0.413332998752594, 0.24762088060379028, 0.0633913055062294, 0.8377372622489929, 0.0987502783536911, 0.11822071671485901, 0.03459632396697998, 0.7616639137268066, 0.24472439289093018, 0.03817637264728546, 0.6616897583007812, 0.16197991371154785, 1.4381541013717651, 0.0057242452166974545, 0.4510680139064789, 0.3033504784107208, 0.2566053569316864, 0.03354734182357788, 0.0, 0.7189391851425171, 0.3853687644004822, 0.0, 0.1684616059064865, 0.3771905303001404, 0.9524508118629456, 0.4173855781555176, 0.30285581946372986, 1.2023839950561523, 0.19457028806209564, 0.020018890500068665, 0.14580169320106506, 0.41961297392845154, 0.1411614865064621, 0.35205408930778503, 0.02256827987730503, 0.36250609159469604, 0.05259120091795921, 1.4955145120620728, 2.8323616981506348, 0.028483137488365173, 0.9277289509773254, 0.08227799832820892, 0.2860512137413025, 0.344879686832428, 0.10682600736618042, 0.10874086618423462, 3.7195944786071777, 0.025862786918878555, 1.575670838356018, 0.020654765889048576, 0.09886739403009415, 0.046863678842782974, 0.024678129702806473, 0.0, 0.19108496606349945, 0.0, 3.1813111305236816, 0.8249993324279785, 0.0542115718126297, 0.17031191289424896, 0.3487275540828705, 0.0, 0.0, 0.0431368350982666, 0.030467290431261063, 0.23255035281181335, 1.492232322692871, 0.08335072547197342, 1.898237705230713, 0.030039630830287933, 0.026053396984934807, 1.8311823606491089, 0.18169453740119934, 0.6065194010734558, 0.13694120943546295, 0.12589606642723083, 0.126247838139534, 0.32314592599868774, 0.16097700595855713, 0.31429699063301086, 0.18525318801403046, 0.5713624954223633, 0.0, 1.238362193107605, 0.0, 1.8233345746994019, 1.4551072120666504, 0.0, 2.673940658569336, 0.3135524392127991, 0.04942135512828827, 0.14315444231033325, 0.31130972504615784, 0.09686390310525894, 0.15290649235248566, 0.40164175629615784, 0.02402389794588089, 0.7085533142089844, 0.11646419018507004, 0.17522463202476501, 1.0574043989181519, 0.11907592415809631, 0.4933353364467621, 0.35256892442703247, 0.0, 0.4858736991882324, 0.21886354684829712, 0.4019809663295746, 0.03364665061235428, 0.011096891015768051, 0.823864221572876, 0.4968273639678955, 0.8955760598182678, 0.3934086263179779, 0.6597310900688171, 0.1785675287246704, 0.7927945256233215, 0.0, 1.539997935295105, 0.3656860589981079, 0.23713859915733337, 0.006399993784725666, 0.33157700300216675, 0.008428256958723068, 0.9843212962150574, 0.0, 0.3427363932132721, 0.14700831472873688, 0.04079265519976616, 0.12277540564537048, 0.5980100035667419, 0.25179213285446167, 0.3427644968032837, 0.3545985817909241, 0.3267930746078491, 0.051819734275341034, 0.3069058358669281, 0.0007481137290596962, 0.041851360350847244, 0.24445347487926483, 0.13205522298812866, 0.015830716118216515, 2.154517889022827, 0.027833769097924232, 0.009302386082708836, 1.7114498615264893, 0.06164952367544174, 0.13460123538970947, 0.7041616439819336, 0.25510135293006897, 0.5783048272132874, 0.011493794620037079, 0.36592936515808105, 0.33773738145828247, 1.9670414924621582, 0.2134009748697281, 0.779658317565918, 0.26941561698913574, 0.0, 0.4355781078338623, 0.015794657170772552, 0.24795496463775635, 0.10358482599258423, 0.22633583843708038, 0.6278636455535889, 0.6533368825912476, 0.04176349937915802, 1.0451233386993408, 0.02643873170018196, 0.0029057362116873264, 0.24793560802936554, 0.04878970608115196, 0.8815698623657227, 0.03483396768569946, 0.009876883588731289, 0.04544883221387863, 0.2171916961669922, 0.3208805322647095, 0.0, 0.8058466911315918, 1.8220243453979492, 0.009296964854001999, 2.2118945121765137, 0.5690215229988098, 2.0635128021240234, 0.0, 0.5025253891944885, 3.38564133644104, 0.040478240698575974, 0.28418028354644775, 0.040187738835811615, 0.08682183921337128, 0.9146322011947632, 0.4349902272224426, 0.38367587327957153, 0.3765242099761963, 1.7522101402282715, 0.0, 0.013866706751286983, 0.6668590903282166, 0.04625452682375908, 0.626295268535614, 0.019321370869874954, 0.23321081697940826, 0.005561451427638531, 0.16869761049747467, 0.6854544878005981, 0.01617410220205784, 0.010148238390684128, 0.09777802973985672, 0.07209596782922745, 0.42051810026168823, 0.5467525124549866, 0.37847644090652466, 0.0, 0.0, 0.8493547439575195, 0.5072591304779053, 0.8344500064849854, 1.5413812398910522, 0.9103588461875916, 0.06858400255441666, 0.40422189235687256, 0.05674487724900246, 0.06289244443178177, 0.09622284770011902, 0.8532361388206482, 0.15280462801456451, 0.39206284284591675, 0.4969486594200134, 0.64863121509552, 1.4610192775726318, 0.0, 1.1816326379776, 0.22875580191612244, 0.0, 0.37136614322662354, 3.4697318077087402, 0.07124302536249161, 0.0, 0.0, 0.0, 0.2058624029159546, 0.055200912058353424, 0.06752657890319824, 0.71603924036026, 0.039183974266052246, 0.5409255027770996, 0.020726844668388367, 0.04620765149593353, 1.8393548727035522, 0.8865512013435364, 0.47531113028526306, 3.201796531677246, 0.9453456401824951, 0.5502943992614746, 0.011414880864322186, 0.0, 0.023958753794431686, 0.6660385131835938, 1.2684084177017212, 0.4461819529533386, 0.760876476764679, 0.05211605876684189, 0.2795046269893646, 0.04738868400454521, 0.3459184467792511, 0.020944688469171524, 0.0, 0.027167916297912598, 1.7060637474060059, 0.6817805767059326, 0.0, 2.8501598834991455, 0.6757911443710327, 0.8922981023788452, 0.49850714206695557, 0.16645051538944244, 0.0312669537961483, 0.5064690709114075, 0.17838501930236816, 0.0, 0.03138478100299835, 0.47620129585266113, 0.01692579686641693, 0.10195712000131607, 0.5023706555366516, 0.12532837688922882, 0.08396711200475693, 0.1106027290225029, 0.08725753426551819, 0.39438894391059875, 0.007189458701759577, 0.7293017506599426, 0.24125945568084717, 0.08519212901592255, 1.2542535066604614, 2.1198227405548096, 1.129619836807251, 0.1568654179573059, 0.0, 0.6579357981681824, 0.12301131337881088, 0.056499261409044266, 0.0, 0.9229952692985535, 0.0497056320309639, 0.15381556749343872, 0.15614017844200134, 0.0, 0.35007601976394653, 1.170011043548584, 0.09815002232789993, 0.22559164464473724, 0.506614625453949, 2.7336578369140625, 0.04155541583895683, 1.1219654083251953, 0.0, 0.028488198295235634, 0.5108835697174072, 0.09244544804096222, 0.3282202482223511, 0.04632626846432686, 0.23563240468502045, 0.3736812174320221, 0.19094467163085938, 0.06696505099534988, 0.508417010307312, 0.0525764599442482, 2.0190494060516357, 1.805747628211975, 0.034493766725063324, 0.0, 0.23393432796001434, 0.7781399488449097, 0.09992848336696625, 0.6079216599464417, 0.0, 0.3263227641582489, 0.4648929834365845, 0.06493847817182541, 0.07465264946222305, 0.08134804666042328, 0.0, 0.011111140251159668, 0.0, 0.5387492775917053, 1.0190943479537964, 0.115369513630867, 0.10554025322198868, 0.1706693023443222, 0.1810600310564041, 0.06048312410712242, 0.6582786440849304, 0.20268356800079346, 0.10954282432794571, 1.0756391286849976, 0.9729809165000916, 0.340262770652771, 0.07454583048820496, 5.396575927734375, 0.0, 0.47485071420669556, 0.050285231322050095, 0.7210010886192322, 0.011101173236966133, 0.6848851442337036, 0.39745303988456726, 0.02292899787425995, 0.1432618498802185, 0.7215300798416138, 2.0522313117980957, 0.5349875688552856, 0.09952805191278458, 0.1610461324453354, 1.387900710105896, 0.43774405121803284, 0.21520034968852997, 0.4060378968715668, 0.21487021446228027, 0.7796147465705872, 0.5816214084625244, 0.07747955620288849, 0.24607640504837036, 0.9027437567710876, 0.11649677902460098, 0.1674349457025528, 0.42662811279296875, 0.36401137709617615, 0.6269338726997375, 0.040395207703113556, 0.0, 0.9284950494766235, 0.13699425756931305, 0.060864128172397614, 0.4764883816242218, 0.043928712606430054, 0.0, 0.08790261298418045, 0.3688754141330719, 1.4627803564071655, 0.7178390026092529, 0.3015459477901459, 0.0, 0.6077212691307068, 0.2168297916650772, 1.286588191986084, 0.0, 0.35818177461624146, 0.3009123206138611, 1.6809428930282593, 0.36011314392089844, 1.3787286281585693, 1.7787708044052124, 0.5594974160194397, 0.16364136338233948, 0.12016144394874573, 0.3111080825328827, 0.505455732345581, 2.0787718296051025, 0.004511852748692036, 0.2386518269777298, 0.538800835609436, 0.005849864799529314, 0.49060872197151184, 0.1356508731842041, 0.04707808792591095, 0.1522868573665619, 1.0097771883010864, 0.8980811834335327, 0.19354644417762756, 1.8070176839828491, 0.5793503522872925, 0.13146385550498962, 0.17656104266643524, 0.33216607570648193, 1.4051289558410645, 0.11681223660707474, 0.7740364670753479, 0.08123767375946045, 0.12292589247226715, 0.5925143361091614, 0.7202202081680298, 0.00840181764215231, 0.2261352688074112, 0.02634933963418007, 0.0, 0.028907857835292816, 0.14972873032093048, 0.1796659678220749, 0.22861717641353607, 0.009439767338335514, 0.1381022185087204, 0.8044998645782471, 0.4989205300807953, 0.010383387096226215, 1.6372183561325073, 3.423204183578491, 2.4172098636627197, 0.07113690674304962, 0.3111911416053772, 0.2608863413333893, 0.4670473635196686, 0.02165265753865242, 0.6651267409324646, 0.010658489540219307, 0.94745934009552, 2.084555149078369, 0.10916861891746521, 0.02203834243118763, 0.02829808183014393, 0.033169958740472794, 1.4392544031143188, 0.26310300827026367, 0.45503586530685425, 3.4591946601867676, 0.004994039423763752, 0.0, 0.1575232297182083, 1.6923012733459473, 0.004812907427549362, 1.3537497520446777, 0.16230788826942444, 0.30196091532707214, 0.13250868022441864, 1.9100747108459473, 0.0, 0.0, 0.0, 0.10180754214525223, 0.038899414241313934, 0.13284236192703247, 0.29210755228996277, 1.2767411470413208, 0.9042311906814575, 0.06543330103158951, 0.2080334573984146, 0.2078145295381546, 0.5157379508018494, 5.2374491691589355, 0.05091964080929756, 0.5611085891723633, 0.749870777130127, 0.21138420701026917, 0.00383810605853796, 2.2568764686584473, 0.43990832567214966, 0.18967203795909882, 0.32478418946266174, 1.1419705152511597, 1.3324155807495117, 0.31220394372940063, 0.1477467119693756, 0.0, 0.9229589700698853, 0.385134756565094, 0.5741087198257446, 0.0220554918050766, 0.07796253263950348, 4.169041156768799, 0.5602459907531738, 1.790927767753601, 0.0, 0.5356245636940002, 2.020479440689087, 0.4547775685787201, 0.18789279460906982, 1.656838059425354, 1.085160732269287, 0.04680342599749565, 0.03139907494187355, 1.4135171175003052, 0.8622650504112244, 0.0, 1.5778955221176147, 0.535042405128479, 1.1944489479064941, 0.3283648192882538, 1.5869871377944946, 0.0, 0.0, 0.6590604782104492, 0.1696098893880844, 0.0, 0.6381316781044006, 0.17673391103744507, 0.005060577765107155, 0.37958452105522156, 0.060151372104883194, 0.9229510426521301, 0.003550860332325101, 0.21513202786445618, 0.17463168501853943, 0.05462638661265373, 4.878108024597168, 0.0, 0.30928653478622437, 2.4697422981262207, 0.10840187966823578, 0.02835064008831978, 0.015564283356070518, 0.12693539261817932, 0.4065277576446533, 0.5451043248176575, 0.0, 1.666251301765442, 0.21006201207637787, 0.014807275496423244, 0.19012808799743652, 0.0, 0.0, 0.20672796666622162, 0.025582188740372658, 0.01370706595480442, 0.23965118825435638, 0.0, 0.701472282409668, 2.0717694759368896, 1.852618932723999, 0.08352431654930115, 0.04512498900294304, 0.3507695496082306, 0.3464481830596924, 0.01688624918460846, 0.45292142033576965, 1.5486195087432861, 0.6632599234580994, 0.26576054096221924, 0.4234330356121063, 0.0017039873637259007, 0.3508169651031494, 0.573255181312561, 0.0, 0.39575284719467163, 0.2772848904132843, 0.5191177129745483, 0.17997366189956665, 0.3190702795982361, 0.30078059434890747, 1.1195588111877441, 0.0, 0.4595487117767334, 0.0, 0.5228818655014038, 0.422525018453598, 0.3244788646697998, 0.17805536091327667, 2.641649007797241, 0.0, 0.16056913137435913, 0.014641265384852886, 0.0, 0.010963420383632183, 0.27933505177497864, 1.3125768899917603, 0.5844086408615112, 0.5216876268386841, 0.16272751986980438, 0.0739608183503151, 0.017630325630307198, 1.1977356672286987, 0.19766293466091156, 0.0, 0.15297669172286987, 0.24154885113239288, 0.0, 0.21136276423931122, 0.0, 0.23776307702064514, 0.4899938106536865, 0.5843373537063599, 3.0301055908203125, 0.4672935903072357, 0.041241131722927094, 0.20248934626579285, 0.0, 0.0011065249564126134, 0.0, 0.05337684601545334, 0.17413891851902008, 0.2967059314250946, 3.265197515487671, 0.2576378881931305, 0.06596344709396362, 0.0, 0.06134301796555519, 0.0, 0.0, 0.6142365336418152, 0.22192423045635223, 0.7636423110961914, 0.3861042261123657, 1.55449640750885, 1.4904327392578125, 0.7131621837615967, 0.44040805101394653, 0.0960192158818245, 0.48800787329673767, 0.8036278486251831, 0.0, 1.3166844844818115, 1.5491607189178467, 0.0, 0.49277418851852417, 0.060388755053281784, 0.3057233989238739, 0.7048254013061523, 0.12248585373163223, 0.5417272448539734, 1.4696112871170044, 0.20605823397636414, 0.024136394262313843, 0.0, 0.0832872986793518, 0.0, 0.0, 0.531919538974762, 0.07460933178663254, 0.04307888075709343, 1.8065108060836792, 0.4357375204563141, 0.47900477051734924, 0.16259759664535522, 0.019252484664320946, 0.11940702795982361, 0.12681864202022552, 0.03094601444900036, 0.08327215909957886, 0.0, 0.0, 0.4807211756706238, 0.23265184462070465, 1.4675476551055908, 0.0, 0.0025274413637816906, 0.0, 0.0, 0.0, 0.1132550835609436, 0.09996949136257172, 0.0038212027866393328, 0.01670575700700283, 0.09843667596578598, 0.3636540472507477, 0.1336052119731903, 0.43871158361434937, 0.5718821287155151, 1.0526279211044312, 1.431738257408142, 0.3392712473869324, 0.018301263451576233, 0.2976360023021698, 0.24712087213993073, 0.059330035001039505, 0.431870698928833, 0.06367689371109009, 0.1696617752313614, 0.5323553681373596, 0.0, 0.8866856694221497, 0.4766261577606201, 2.1337108612060547, 0.08663872629404068, 0.40495291352272034, 0.4207124412059784, 0.018278906121850014, 0.010613166727125645, 0.29116910696029663, 1.531136155128479, 0.08673197031021118, 0.8843432068824768, 0.12981881201267242, 0.2057059109210968, 0.8831064701080322, 0.6180013418197632, 1.0636671781539917, 0.969159722328186, 1.6639833450317383, 1.3973027467727661, 0.0, 0.0, 0.7168876528739929, 0.014688141644001007, 0.19888240098953247, 2.651517868041992, 0.016330022364854813, 0.044607341289520264, 0.09034736454486847, 0.0, 0.07718943804502487, 0.0, 0.02608306147158146, 1.043837070465088, 0.08673156052827835, 0.23410189151763916, 0.0, 0.45172470808029175, 0.5265285968780518, 0.1752350926399231, 0.3290367126464844, 0.24519984424114227, 0.24394837021827698, 0.1704278290271759, 0.6876993775367737, 1.9538013935089111, 0.26056575775146484, 0.00179418979678303, 0.0857449546456337, 0.3278435170650482, 0.5343611836433411, 2.3839282989501953, 0.429914265871048, 0.0, 0.20793431997299194, 0.0, 0.313647985458374, 0.18326547741889954, 0.38051795959472656, 0.36109021306037903, 0.27373647689819336, 0.03395466506481171, 0.0753340870141983, 0.07789319008588791, 0.53748619556427, 0.032167498022317886, 0.0, 0.09441430121660233, 0.04215315356850624, 0.9359649419784546, 0.25125959515571594, 0.0, 0.42415323853492737, 1.0748974084854126, 0.033602677285671234, 0.0, 0.20583535730838776, 0.19710159301757812, 0.09260031580924988, 0.0, 0.1938813328742981, 0.8457084894180298, 0.03984547778964043, 0.5664057731628418, 0.04160448908805847, 1.4355266094207764, 0.0, 0.0, 0.27393838763237, 0.0, 0.03622376173734665, 0.0, 0.021767139434814453, 0.30181264877319336, 1.5520553588867188, 0.025559449568390846, 0.0, 0.02851199358701706, 0.03468788042664528, 0.8326613903045654, 0.45659327507019043, 0.13035652041435242, 0.0564725361764431, 0.0, 0.013309911824762821, 0.0, 0.18314635753631592, 0.010289345867931843, 0.15300782024860382, 0.6794782280921936, 1.9352411031723022, 0.22919775545597076, 0.07904626429080963, 0.004734511487185955, 0.060065168887376785, 0.025296712294220924, 8.226900536101311e-05, 0.04263840988278389, 0.7270358204841614, 0.2637152671813965, 0.17641931772232056, 0.03601805120706558, 0.0, 0.0835377424955368, 0.0, 0.019814783707261086, 0.35906922817230225, 0.22511239349842072, 0.006757332477718592, 0.0, 0.47142845392227173, 2.4987363815307617, 0.11977918446063995, 0.0017233211547136307, 0.037575703114271164, 0.6244989037513733, 0.2569481134414673, 0.20806100964546204, 0.3281525671482086, 0.4003518223762512, 1.3025715351104736, 2.1879138946533203, 0.0, 1.7730622291564941, 3.244765281677246, 0.0, 0.08786719292402267, 0.0, 0.17885953187942505, 0.2094806730747223, 0.13274618983268738, 0.9801797866821289, 0.4863479435443878, 0.5634353756904602, 0.5622687339782715, 0.16073495149612427, 0.0398264043033123, 0.3293676972389221, 0.7554429769515991, 0.22276997566223145, 0.0499841533601284, 0.16741199791431427, 0.0, 0.0, 2.2677955627441406, 0.3492942750453949, 0.1785847544670105, 1.1617536544799805, 0.040396757423877716, 0.3675071895122528, 0.10575336962938309, 0.044842690229415894, 0.37653520703315735, 1.7581124305725098, 1.7781691551208496, 0.41095659136772156, 0.3696388602256775, 0.0036244101356714964, 0.27157822251319885, 0.3807639181613922, 0.053858786821365356, 0.25897225737571716, 1.0307053327560425, 0.0, 0.11499945819377899, 0.041248541325330734, 0.4095194339752197, 1.0182511806488037, 0.005989473778754473, 0.41318240761756897, 0.9333634376525879, 0.7188432812690735, 0.9986222982406616, 0.09381958097219467, 0.9396975636482239, 0.001266581704840064, 1.8946313858032227, 0.6307764649391174, 2.0270133018493652, 0.0, 0.05171052739024162, 0.024567121639847755, 0.4357976019382477, 1.5338760614395142, 1.2192115783691406, 0.0929662361741066, 0.0, 0.1629713475704193, 0.16404502093791962, 0.44809114933013916, 0.24924413859844208, 0.013257360085844994, 0.35722196102142334, 2.0646297931671143, 0.18771599233150482, 0.014383948408067226, 0.12441951036453247, 0.8329477906227112, 0.5671345591545105, 0.4703342318534851, 0.5970200300216675, 0.2863661050796509, 0.04727621003985405, 0.17594248056411743, 0.640326201915741, 0.0, 0.03998974338173866, 0.3917083740234375, 1.0692594051361084, 0.44439801573753357, 0.3613499701023102, 1.9592690467834473, 2.0171215534210205, 0.596238911151886, 1.0128940343856812, 0.094447560608387, 0.0, 0.17033101618289948, 0.08362369239330292, 0.021526619791984558, 2.409745216369629, 0.24743306636810303, 0.002146207494661212, 0.3507729470729828, 0.22833478450775146, 0.3169356882572174, 0.01273492444306612, 0.386447936296463, 0.0, 0.06532058864831924, 0.5304837822914124, 1.311542272567749, 0.08620227873325348, 0.0035394965671002865, 0.34256044030189514, 0.0, 0.005198364146053791, 0.36178916692733765, 0.01226052176207304, 0.9580686688423157, 0.024471459910273552, 0.4387231171131134, 0.013867192901670933, 1.1724573373794556, 2.3990414142608643, 0.0, 0.0064762490801513195, 0.02204631268978119, 0.06960733234882355, 0.3460390269756317, 0.4753386080265045, 0.2791619300842285, 0.9787454605102539, 0.3817061185836792, 0.014287089928984642, 0.0, 5.405117511749268, 0.0, 0.10901244729757309, 0.2395760715007782, 1.2855263948440552, 0.3024080693721771, 0.0036071515642106533, 0.8344375491142273, 0.0, 1.508935570716858, 0.1970539540052414, 0.018867721781134605, 1.036612868309021, 0.03163062781095505, 0.30102065205574036, 0.11603683978319168, 1.3684431314468384, 0.36107516288757324, 0.09674669057130814, 0.28093457221984863, 0.3551214635372162, 0.16001270711421967, 0.19591301679611206, 0.3012055456638336, 0.02867530845105648, 0.05556349828839302, 0.11870598047971725, 0.8889931440353394, 0.0, 2.5183427333831787, 0.5658513903617859, 0.4973899722099304, 0.10097795724868774, 0.619368314743042, 0.15305152535438538, 1.5977903604507446, 2.4471843242645264, 0.15421321988105774, 0.8105438351631165, 0.0450364425778389, 0.0015093672554939985, 0.33739519119262695, 0.39221152663230896, 0.20891736447811127, 0.03115059621632099, 0.0, 0.0, 0.38617390394210815, 0.21430252492427826, 0.1429918259382248, 0.011753583326935768, 0.0298308115452528, 3.8885159492492676, 0.588797390460968, 0.5498079657554626, 0.4876405894756317, 0.21125374734401703, 0.28931084275245667, 0.5518279671669006, 0.17088134586811066, 0.0, 0.005173440091311932, 0.4153675436973572, 0.1522565335035324, 0.07850728929042816, 0.13983500003814697, 0.0018564219353720546, 0.16205433011054993, 0.13305093348026276, 0.02668500877916813, 1.1938658952713013, 0.9373028874397278, 1.7421705722808838, 0.13039043545722961, 0.009108088910579681, 1.1544125080108643, 0.6788235306739807, 0.0, 0.050051700323820114, 0.2361152619123459, 0.014314733445644379, 0.4584212899208069, 0.0, 2.0641231536865234, 0.7772338390350342, 0.6938298344612122, 0.02649560756981373, 0.14140701293945312, 0.28671956062316895, 0.002347055822610855, 0.03051411360502243, 0.00845940038561821, 0.1991659700870514, 0.05710730329155922, 0.5399752259254456, 0.08893200010061264, 0.0, 3.946162700653076, 0.0, 0.21418777108192444, 0.5100561380386353, 0.0, 0.20304687321186066, 0.3182978630065918, 0.05072076618671417, 0.03889192268252373, 0.0, 0.4690486490726471, 1.1087560653686523, 0.004212399013340473, 0.45406073331832886, 0.31388965249061584, 0.00847385823726654, 0.04317270964384079, 0.10208567976951599, 0.10256675630807877, 0.4078178107738495, 0.6198427677154541, 1.303086519241333, 1.513961911201477, 1.6351078748703003, 0.2135375738143921, 0.4533037841320038, 0.2606694996356964, 0.0, 0.8120056986808777, 0.056858520954847336, 1.1706918478012085, 0.0738619714975357, 0.5685226917266846, 0.02379492297768593, 2.5540378093719482, 0.1304611712694168, 1.153451681137085, 0.2476046085357666, 0.22924749553203583, 0.17371496558189392, 0.04869869351387024, 1.6432857513427734, 0.0, 0.04527902975678444, 0.0, 0.03766772896051407, 0.00010908136755460873, 0.06231711804866791, 0.12560132145881653, 1.4251646995544434, 0.0, 0.015699293464422226, 0.7019981145858765, 0.9596981406211853, 0.5975338816642761, 0.2266431599855423, 0.0, 2.319025993347168, 0.4868733882904053, 0.6754120588302612, 0.34907853603363037, 1.3693277835845947, 1.1475961208343506, 0.0022849354427307844, 0.0962074026465416, 0.4903852641582489, 1.800070881843567, 0.1995398849248886, 0.9368064999580383, 0.8476544618606567, 0.3090329170227051, 0.856257975101471, 0.1019003763794899, 0.0340958796441555, 0.27927079796791077, 0.1742779016494751, 0.24186216294765472, 0.0791194960474968, 0.49301213026046753, 0.10215766727924347, 0.44871631264686584, 0.3219331204891205, 0.6012603640556335, 0.8425524234771729, 0.21612198650836945, 0.0019696049857884645, 0.546382486820221, 2.6643288135528564, 2.42279052734375, 0.35680386424064636, 0.0, 0.47439342737197876, 0.0, 0.0, 1.6324623823165894, 0.10623867809772491, 0.18290454149246216, 0.0, 0.31317636370658875, 0.006498003378510475, 0.2074628323316574, 0.03680945932865143, 0.6525057554244995, 0.097549207508564, 0.08434975147247314, 0.3136747181415558, 0.8254615664482117, 0.04079197347164154, 2.0022003650665283, 0.4181443452835083, 0.08064013719558716, 0.027535058557987213, 0.25117263197898865, 0.21764397621154785, 0.6295605301856995, 4.4897074699401855, 0.07105598598718643, 0.06306619197130203, 0.531929612159729, 0.10540696233510971, 0.2637668251991272, 0.5875316262245178, 0.31016916036605835, 0.12098462134599686, 0.21098913252353668, 0.7915629744529724, 0.47711360454559326, 0.0, 0.03754337131977081, 0.011368936859071255, 0.667725682258606, 0.6812971234321594, 0.20512720942497253, 0.06927448511123657, 0.08344011753797531, 0.2991485893726349, 0.5033379197120667, 0.7879274487495422, 0.11554737389087677, 0.2818252742290497, 0.678167998790741, 0.239166259765625, 0.7841904163360596, 0.006648365408182144, 1.259751558303833, 0.04883108660578728, 1.0845121145248413, 0.08062475174665451, 0.04799673333764076, 0.0, 0.46417558193206787, 1.4143706560134888, 0.4043367803096771, 0.9484451413154602, 0.013060375116765499, 0.3350468575954437, 1.0904840230941772, 0.12937603890895844, 0.9491556286811829, 0.12841899693012238, 0.05088505893945694, 0.04169124364852905, 0.19146713614463806, 0.5483243465423584, 0.6700838804244995, 0.05879481881856918, 1.0098073482513428, 3.201735734939575, 0.0, 1.4162184000015259, 0.2532040774822235, 0.3000170588493347, 0.0034030626993626356, 0.009968272410333157, 0.08455890417098999, 0.08067775517702103, 0.0303825531154871, 0.13483119010925293, 0.0, 0.11100952327251434, 0.8602570295333862, 0.41488075256347656, 0.23851574957370758, 0.9041832089424133, 0.08755111694335938, 1.3726637363433838, 0.0, 0.18021723628044128, 0.00029889174038544297, 0.2357712835073471, 0.44947829842567444, 0.12560361623764038, 0.018090439960360527, 0.9043172597885132, 0.05736767128109932, 0.28091615438461304, 0.8507777452468872, 0.0227071363478899, 2.0596578121185303, 0.12253677845001221, 0.7872408628463745, 0.006831614300608635, 0.0, 0.3093915283679962, 0.0, 0.0005311649874784052, 0.9436559677124023, 0.4899744987487793, 0.5120580196380615, 1.8150986433029175, 1.3503422737121582, 1.3788137435913086, 0.09271672368049622, 0.060024600476026535, 0.0, 0.5656163096427917, 0.3040342628955841, 0.2428337186574936, 0.08572294563055038, 0.800929605960846, 0.013717522844672203, 0.0, 0.5139060020446777, 0.21130245923995972, 0.07821259647607803, 0.3617292642593384, 0.09670685976743698, 0.1470857858657837, 0.02450685389339924, 0.20257703959941864, 0.08338514715433121, 0.00312042236328125, 0.0, 0.34794262051582336, 0.0, 0.4385124146938324, 0.11734180152416229, 0.0, 0.14888036251068115, 0.3886275887489319, 0.18806618452072144, 0.16674242913722992, 1.1466350555419922, 0.5568331480026245, 0.0470057837665081, 0.4213481843471527, 0.5409678816795349, 3.017193555831909, 0.026618750765919685, 0.2102620005607605, 0.047239236533641815, 0.012498388066887856, 0.18607443571090698, 0.6285247206687927, 0.14951322972774506, 0.0, 0.17601676285266876, 0.00045298313489183784, 0.06062218174338341, 0.058546002954244614, 0.4543702006340027, 1.3491036891937256, 0.2561078667640686, 0.4467640221118927, 0.4592384696006775, 1.656546711921692, 0.15688316524028778, 0.37614330649375916, 0.27530425786972046, 0.030459683388471603, 0.08725861459970474, 0.0, 0.009820366278290749, 0.03209957107901573, 1.1322342157363892, 0.07285598665475845, 0.0, 0.1613008826971054, 1.4092671871185303, 0.1849941462278366, 0.07345759868621826, 0.0, 0.15195445716381073, 1.212519884109497, 0.32854217290878296, 0.09892834722995758, 1.4582616090774536, 0.593413233757019, 0.39207330346107483, 1.1897516250610352, 2.9886014461517334, 0.005692063365131617, 0.0, 1.842788815498352, 0.1826709508895874, 2.389052152633667, 0.06501012295484543, 3.1240477561950684, 0.0, 0.0, 0.08740220963954926, 0.1882845014333725, 0.17544104158878326, 0.07067538052797318, 0.011259938590228558, 0.6476978063583374, 0.16306902468204498, 0.400381863117218, 0.24272900819778442, 0.0015179478796198964, 0.03593353182077408, 0.2694965600967407, 0.46057456731796265, 0.0, 0.060227107256650925, 0.5271059274673462, 0.22119078040122986, 0.3471791744232178, 0.15362019836902618, 0.8558967709541321, 0.1814451366662979, 1.5630269050598145, 0.2702321708202362, 0.11297047138214111, 1.2011305093765259, 3.3610401153564453, 0.15867634117603302, 0.5304688811302185, 0.08172193914651871, 0.45366448163986206, 0.5409798622131348, 0.4993269145488739, 0.0, 0.11510109156370163, 0.6047055125236511, 0.2445334643125534, 0.826951801776886, 0.007530560251325369, 0.0, 0.20146527886390686, 0.041322194039821625, 1.6133410930633545, 0.3025420010089874, 1.8845475912094116, 0.0, 0.04845353215932846, 0.7518526911735535, 0.9487136006355286, 0.7495903372764587, 0.007439657114446163, 0.2593122124671936, 0.03861542046070099, 0.25160858035087585, 0.2649385631084442, 0.020502863451838493, 0.21707172691822052, 0.2857794165611267, 0.3624773621559143, 1.8778671026229858, 0.12883253395557404, 0.6587512493133545, 0.417529433965683, 0.2745598256587982, 0.2944721579551697, 1.7997894287109375, 0.23746727406978607, 0.0, 0.1256544589996338, 0.012186483480036259, 1.5990759134292603, 0.12843316793441772, 0.049907322973012924, 0.2512340843677521, 0.5634955763816833, 0.0, 0.005040095653384924, 0.3781319856643677, 0.6264881491661072, 2.591708183288574, 0.5481390953063965, 8.593326568603516, 0.01579953171312809, 2.1199790353421122e-05, 0.25285395979881287, 0.47968345880508423, 0.2908801734447479, 0.04064733162522316, 0.441437691450119, 0.022247737273573875, 0.314483106136322, 0.0612405464053154, 1.1886262893676758, 0.9557507038116455, 0.22126039862632751, 0.02701687254011631, 0.5301353335380554, 0.14084166288375854, 0.0, 0.02560989186167717, 0.14687477052211761, 0.6874460577964783, 0.2523607611656189, 0.025570480152964592, 0.015375755727291107, 0.0, 0.6042618751525879, 0.0008641943568363786, 2.319512128829956, 1.8269917964935303, 0.20636412501335144, 0.10148737579584122, 0.01258784905076027, 0.17639701068401337, 0.15332598984241486, 0.9028781056404114, 0.4854944944381714, 1.2100483179092407, 0.036606643348932266, 0.0, 0.4027459919452667, 0.35081928968429565, 0.23601600527763367, 0.2610236406326294, 1.4556407928466797, 0.5802976489067078, 0.7892226576805115, 0.09766263514757156, 0.00600995821878314, 0.3427988290786743, 0.17093853652477264, 2.6013245582580566, 0.05216876417398453, 1.885319709777832, 0.10754851251840591, 3.8099443912506104, 0.2304147183895111, 0.884410560131073, 0.5186001062393188, 0.10477505624294281, 0.06569473445415497, 0.2228342890739441, 1.8462586402893066, 1.240694522857666, 0.12312223762273788, 0.0, 0.2031049132347107, 0.01599433459341526, 0.2951786518096924, 0.020247075706720352, 0.0019742008298635483, 0.41129547357559204, 0.04224049672484398, 0.000743250478990376, 0.5679768323898315, 1.2835954427719116, 0.01932070404291153, 0.4023899435997009, 0.3209972083568573, 0.23537752032279968, 0.591648280620575, 0.20692500472068787, 0.21512922644615173, 0.0, 0.0, 0.3236313462257385, 0.1274203658103943, 0.19652514159679413, 0.13885879516601562, 0.6256039142608643, 0.0, 0.05826142430305481, 1.1185088157653809, 0.36078616976737976, 0.021412290632724762, 2.3319485187530518, 1.7741689682006836, 0.0, 0.02055544964969158, 0.4042673707008362, 0.0, 0.2609923183917999, 0.16810469329357147, 0.1600801944732666, 0.3528875708580017, 1.7415715456008911, 1.046316146850586, 0.5029853582382202, 0.6676939129829407, 1.367038369178772, 0.4883981943130493, 0.01768479496240616, 0.04299217462539673, 0.18057005107402802, 0.031659383326768875, 0.3899685740470886, 0.005328852217644453, 0.741823136806488, 0.14303869009017944, 0.0, 0.34840893745422363, 0.8255496621131897, 0.0, 1.0114024877548218, 0.10994125157594681, 0.6844966411590576, 4.494185924530029, 0.0976681187748909, 0.5359413623809814, 0.0, 0.515674352645874, 0.023047704249620438, 0.0, 0.29869431257247925, 0.10229558497667313, 1.1264835596084595, 0.17415274679660797, 0.05385730788111687, 0.0163138248026371, 0.0, 0.24695828557014465, 1.1086797714233398, 0.06484388560056686, 0.3364751636981964, 0.048712193965911865, 1.0703765153884888, 0.37633460760116577, 0.12058591097593307, 0.21417765319347382, 0.0, 1.8181028366088867, 1.4685461521148682, 1.3986573219299316, 0.46240365505218506, 1.5053848028182983, 0.021786101162433624, 0.0094839408993721, 0.3317018747329712, 0.5040603280067444, 0.19217725098133087, 1.4675354957580566, 0.0537320114672184, 0.017903495579957962, 0.243566632270813, 0.10371772944927216, 0.0, 1.236697793006897, 0.3118283152580261, 0.9322417974472046, 0.0, 1.1250817775726318, 0.10712777078151703, 0.043912459164857864, 0.18160438537597656, 0.0, 0.05163082480430603, 0.04486168548464775, 0.1957150548696518, 0.24388673901557922, 1.9832122325897217, 1.2331262826919556, 0.8349223732948303, 0.48470088839530945, 1.3260364532470703, 0.38978224992752075, 1.534157633781433, 0.05353004112839699, 0.09540426731109619, 0.6379403471946716, 0.06334038078784943, 0.5078911185264587, 0.22958289086818695, 0.031107433140277863, 2.845942974090576, 0.2274092435836792, 0.1592143177986145, 0.03033335879445076, 0.31369706988334656, 0.10058790445327759, 0.03962023928761482, 1.5753141641616821, 0.0, 0.0057290964759886265, 0.028287727385759354, 0.6839994192123413, 0.03144855797290802, 0.7646283507347107, 0.19402483105659485, 0.44082555174827576, 0.370258629322052, 0.6828099489212036, 0.13046634197235107, 0.3321121037006378, 0.022144582122564316, 0.25000351667404175, 0.0, 0.9338148236274719, 0.07351013273000717, 0.023810459300875664, 2.2646446228027344, 0.09320178627967834, 0.3510042428970337, 1.212368130683899, 0.0, 0.0003945632779505104, 2.330768585205078, 0.8009607195854187]",Testing/glioma_tumor/image(74).jpg
"[2.176870107650757, 1.8655064105987549, 0.07129453122615814, 1.3511097431182861, 1.10361647605896, 0.16514147818088531, 2.265410900115967, 0.5179869532585144, 0.5078840255737305, 0.0, 0.0, 0.11477971822023392, 0.29811936616897583, 0.04202299192547798, 0.49973154067993164, 0.0, 0.48443347215652466, 0.05835478752851486, 1.5659602880477905, 0.17085963487625122, 2.2030694484710693, 0.06974317878484726, 1.3835402727127075, 0.05634251981973648, 0.04025040939450264, 0.474544882774353, 1.158916711807251, 0.11617444455623627, 0.1986686885356903, 0.1735578328371048, 0.03236103802919388, 0.688895583152771, 1.241335153579712, 0.9698807597160339, 0.19850948452949524, 0.8940612077713013, 0.02997286058962345, 0.35008859634399414, 0.054860278964042664, 0.10376951843500137, 2.103806734085083, 1.3681814670562744, 0.1441156268119812, 0.21555136144161224, 0.2165708690881729, 0.11020202934741974, 0.01362510584294796, 0.13331469893455505, 0.0007380758179351687, 0.022726744413375854, 2.1242642402648926, 0.14915120601654053, 0.9249705076217651, 0.13529843091964722, 1.0089077949523926, 2.0447745323181152, 0.6217724084854126, 1.5135918855667114, 1.1634535789489746, 0.2687051594257355, 0.08688666671514511, 0.5027918815612793, 0.03375545144081116, 1.416326880455017, 0.45598268508911133, 0.0, 1.0715361833572388, 0.516945481300354, 0.43596723675727844, 0.1348637491464615, 0.8490813374519348, 0.00798378698527813, 0.019727960228919983, 0.7393374443054199, 0.664463996887207, 0.0, 1.8792154788970947, 0.00896748248487711, 0.03004198893904686, 0.7420139908790588, 0.192550390958786, 0.0, 3.441150188446045, 0.8776931166648865, 0.25311046838760376, 0.03479442000389099, 0.04996500164270401, 0.06657317280769348, 0.11384740471839905, 0.9236717820167542, 1.6512136459350586, 2.3589913845062256, 2.4022090435028076, 2.307041883468628, 0.21562735736370087, 0.3667776584625244, 0.035233113914728165, 0.01854153536260128, 1.0697500705718994, 0.11662607640028, 0.35249656438827515, 0.8130432367324829, 0.0, 0.7753685116767883, 4.183503150939941, 0.4748081564903259, 0.21996869146823883, 0.1607312709093094, 0.03264698386192322, 1.3915085792541504, 0.1739540696144104, 0.21938514709472656, 0.0, 0.03577851876616478, 0.8840473890304565, 0.10057079792022705, 0.12678344547748566, 0.3855860233306885, 0.7841870188713074, 0.5507911443710327, 0.0, 0.0, 0.0, 0.2261093705892563, 1.4494825601577759, 0.5734541416168213, 0.15628063678741455, 0.45329704880714417, 1.080260157585144, 0.0, 0.01763506792485714, 0.6474804282188416, 0.47791439294815063, 0.0, 0.2620847523212433, 0.0, 0.43977126479148865, 0.18255269527435303, 0.0, 0.32656756043434143, 0.0, 0.3944200277328491, 0.00229336298070848, 0.19561921060085297, 0.02954920195043087, 0.20142357051372528, 0.41602209210395813, 0.5911006331443787, 0.1418067216873169, 0.27098938822746277, 2.3225791454315186, 0.40354102849960327, 0.25765135884284973, 0.3384931981563568, 0.0788094624876976, 2.476104736328125, 0.0, 0.13650621473789215, 0.9500803351402283, 0.03203273192048073, 2.0410377979278564, 0.007417542394250631, 0.1479104906320572, 1.298737645149231, 0.23764465749263763, 0.055977556854486465, 0.26644209027290344, 1.5494730472564697, 0.15380825102329254, 7.464259624481201, 2.2740588188171387, 0.3594512939453125, 0.01211587991565466, 0.43117812275886536, 1.1013388633728027, 0.5601413249969482, 0.007445926778018475, 0.12329059839248657, 0.3608507513999939, 0.2359715849161148, 0.5083174705505371, 0.014867473393678665, 0.7851625680923462, 0.04635794460773468, 0.6449465751647949, 1.0470807552337646, 0.1735890805721283, 0.5677998065948486, 1.2228649854660034, 0.0018078916473314166, 0.040389202535152435, 0.15863093733787537, 0.0009846322936937213, 0.004311488475650549, 2.478046178817749, 0.037111397832632065, 0.45170530676841736, 0.1100173071026802, 0.0, 0.35723644495010376, 1.1478636264801025, 0.3033033311367035, 1.9834638833999634, 0.5228559374809265, 2.022412061691284, 0.29831019043922424, 0.4587678611278534, 0.0, 0.0, 0.33238524198532104, 1.1209430694580078, 0.9695280194282532, 0.00011409058788558468, 0.34192654490470886, 0.5348543524742126, 0.7896115183830261, 0.09745743125677109, 1.0845379829406738, 0.38163334131240845, 0.0, 1.131860375404358, 0.0, 0.38542720675468445, 0.0, 0.051175497472286224, 3.9865143299102783, 0.22728660702705383, 0.041460342705249786, 0.4131135046482086, 0.45067736506462097, 0.8740028738975525, 0.22128956019878387, 0.15149086713790894, 0.3608867824077606, 0.037555184215307236, 0.9172816276550293, 0.0, 0.9194218516349792, 0.14845778048038483, 0.32309865951538086, 0.12553445994853973, 1.254727840423584, 2.0905182361602783, 0.060495514422655106, 0.9870514869689941, 1.8701623678207397, 1.1144057512283325, 0.36602842807769775, 0.0, 0.8157619833946228, 0.5269114971160889, 0.033050794154405594, 0.4605198800563812, 0.7506238222122192, 0.06860588490962982, 0.0, 0.2829708456993103, 2.200071096420288, 0.0, 1.1317301988601685, 0.2601291537284851, 0.258695513010025, 0.7113087177276611, 0.04997878149151802, 0.013828253373503685, 0.13797810673713684, 0.08864524215459824, 0.023421110585331917, 0.0, 0.14827628433704376, 0.3584502935409546, 0.4022101163864136, 0.3789271116256714, 0.21391773223876953, 4.415359020233154, 0.1280144900083542, 0.09528756886720657, 0.1702551394701004, 0.08969156444072723, 0.5051088929176331, 0.7814969420433044, 0.40580758452415466, 1.758744478225708, 1.0344743728637695, 1.0628005266189575, 1.9424091577529907, 1.539686918258667, 0.45054882764816284, 0.4244852662086487, 0.46041592955589294, 0.3044421672821045, 0.1397947371006012, 0.0, 0.0, 0.3678859770298004, 1.0958834886550903, 0.0022987541742622852, 0.0, 0.0010804424528032541, 0.4514480233192444, 0.1565387099981308, 0.1436598002910614, 4.357858657836914, 1.060483694076538, 0.5373706221580505, 0.30808740854263306, 0.39161521196365356, 0.04430103302001953, 2.1310293674468994, 0.022945642471313477, 1.5201598405838013, 0.25137102603912354, 0.12395451962947845, 0.2569979131221771, 0.15215004980564117, 2.377582550048828, 0.16039562225341797, 0.05486706271767616, 0.13470406830310822, 0.6260951161384583, 0.17433562874794006, 2.637424945831299, 0.07061006873846054, 0.0, 0.10124985873699188, 0.18664409220218658, 0.14093425869941711, 0.2618110477924347, 4.504026412963867, 1.1994905471801758, 0.4521317780017853, 0.39792749285697937, 0.3972111642360687, 1.1821658611297607, 0.0022388892248272896, 0.006548827979713678, 0.9533516764640808, 1.2543308734893799, 0.5558381080627441, 0.2643253803253174, 0.9969469904899597, 0.021222099661827087, 0.02078358829021454, 0.11624772846698761, 0.033533889800310135, 0.3917884826660156, 0.2247159481048584, 0.2214646190404892, 0.10868365317583084, 1.2251440286636353, 0.059363365173339844, 0.6546276807785034, 0.27859511971473694, 0.0, 0.638719379901886, 0.0853753462433815, 0.294940322637558, 0.0, 0.06540575623512268, 0.5602332353591919, 0.15295642614364624, 0.4229341149330139, 0.08848937600851059, 0.1742975264787674, 0.04674364998936653, 0.04261459782719612, 0.0, 0.17145080864429474, 6.8287787437438965, 0.7761541604995728, 0.0038434243761003017, 0.31817224621772766, 1.9188060760498047, 4.080892562866211, 0.0, 0.08892842382192612, 5.481461048126221, 3.864117383956909, 0.05911790579557419, 0.014739652164280415, 0.5586519241333008, 0.12114337831735611, 0.596748411655426, 0.11517203599214554, 0.007219190709292889, 0.10762663185596466, 3.840003728866577, 1.6155903339385986, 0.03893064707517624, 0.28181618452072144, 0.0, 0.1842833310365677, 0.9321978688240051, 0.5831273198127747, 0.5489916205406189, 4.782575607299805, 0.0, 2.029890775680542, 0.030200863257050514, 0.8353137373924255, 0.5229697823524475, 0.0, 0.19808992743492126, 0.022519702091813087, 0.02367440052330494, 0.32461684942245483, 0.47683173418045044, 0.024918856099247932, 0.14108560979366302, 0.20284953713417053, 0.3248443901538849, 0.034881241619586945, 0.23271673917770386, 0.21124063432216644, 0.03359755128622055, 2.747300863265991, 0.0, 0.351705938577652, 2.3339688777923584, 0.00817815586924553, 2.0039050579071045, 0.12053919583559036, 1.5399237871170044, 0.2225523740053177, 0.009846293367445469, 0.23197123408317566, 0.09380868822336197, 1.237595796585083, 0.027009176090359688, 0.17351672053337097, 1.2069294452667236, 0.11081989109516144, 2.6955783367156982, 0.32241111993789673, 1.945143461227417, 0.34598931670188904, 0.013126934878528118, 1.076263666152954, 1.0025393962860107, 0.05982770770788193, 0.0, 0.06040035933256149, 1.535697102546692, 0.025093501433730125, 0.08148404210805893, 0.04118978604674339, 0.8296701312065125, 0.579490602016449, 0.1307162493467331, 0.03966126590967178, 2.2227072715759277, 0.0, 0.09036728739738464, 0.0017982915742322803, 0.08051805198192596, 0.051276225596666336, 0.11672375351190567, 0.15573066473007202, 0.0, 4.989213466644287, 0.30994823575019836, 2.0311102867126465, 0.09534336626529694, 0.16046318411827087, 0.04595223069190979, 0.18446841835975647, 0.06813808530569077, 1.09371018409729, 0.311017781496048, 0.025103416293859482, 0.1797654926776886, 0.0, 0.3452637195587158, 0.5187577605247498, 0.20146609842777252, 0.12338219583034515, 2.918349504470825, 0.0319511815905571, 0.0, 1.23944890499115, 0.8380092978477478, 0.42262002825737, 1.7879059314727783, 0.060771867632865906, 0.2934870421886444, 0.1367642730474472, 0.39939218759536743, 0.0, 0.42350682616233826, 0.0070841358974576, 0.8607398867607117, 3.445826292037964, 0.3738422691822052, 0.03203869238495827, 0.6441531181335449, 0.03802775964140892, 0.0, 0.005018068943172693, 0.08316037058830261, 0.04007323086261749, 0.03823662921786308, 3.133399724960327, 0.00038756156573072076, 0.900071382522583, 0.05085795372724533, 0.4237799346446991, 0.0, 0.14423584938049316, 0.17550015449523926, 0.10567569732666016, 0.015566431917250156, 0.9682059288024902, 0.09342380613088608, 0.01735723204910755, 0.11988334357738495, 0.16623663902282715, 0.07760477811098099, 0.12120053172111511, 0.04560653492808342, 0.3986523151397705, 0.17048655450344086, 0.739067018032074, 0.0020336813759058714, 0.05806989222764969, 0.016778502613306046, 0.046601440757513046, 0.0, 0.0, 1.3705713748931885, 1.8211179971694946, 0.0, 1.19837486743927, 0.9862093329429626, 0.7707430720329285, 0.0798596739768982, 0.06876995414495468, 3.730396270751953, 0.2824241518974304, 0.7903472781181335, 0.6042488813400269, 0.18261578679084778, 0.04295752942562103, 1.4247455596923828, 0.20681433379650116, 0.7758664488792419, 0.897574782371521, 0.0, 0.05280333757400513, 1.317281723022461, 0.3482552766799927, 0.34147927165031433, 0.2875555455684662, 0.0, 0.07222601771354675, 0.6133126020431519, 3.4530892372131348, 0.31549757719039917, 0.0027545448392629623, 1.201943278312683, 0.2979808449745178, 0.4493643343448639, 0.1060563176870346, 0.4967702329158783, 0.21431434154510498, 0.5183446407318115, 0.13665027916431427, 2.3608222007751465, 0.602973222732544, 0.9936522841453552, 0.8501335978507996, 0.006984282284975052, 0.0, 0.08908013254404068, 0.06311746686697006, 0.0, 0.7984049320220947, 0.2982456088066101, 0.2962922155857086, 0.02236916497349739, 0.011731532402336597, 2.3286914825439453, 0.0, 0.1520894318819046, 0.34347090125083923, 0.033683907240629196, 0.008821742609143257, 0.25137320160865784, 0.4201558530330658, 0.2624360918998718, 0.06715574860572815, 0.03585294634103775, 0.0, 0.30505889654159546, 0.0, 0.0, 0.016822123900055885, 0.36624231934547424, 0.18339964747428894, 0.0, 0.4576165974140167, 1.1847012042999268, 1.5638387203216553, 1.7073856592178345, 0.1570047289133072, 0.04895555227994919, 0.07648436725139618, 0.7713600993156433, 0.1074986457824707, 0.11032652109861374, 2.398729085922241, 0.17348448932170868, 0.8749802112579346, 2.490907669067383, 0.5140458941459656, 0.04094858095049858, 0.07277359068393707, 0.0, 1.0673332214355469, 0.016731983050704002, 0.10533593595027924, 0.14405375719070435, 0.04820159077644348, 1.301382064819336, 0.6666085124015808, 1.2630031108856201, 0.02780325338244438, 0.21951325237751007, 0.23919658362865448, 0.024480484426021576, 0.1419120579957962, 0.0067264302633702755, 0.009501977823674679, 0.0, 0.6753938794136047, 0.39277827739715576, 0.07192535698413849, 0.47710520029067993, 0.05806947126984596, 0.21757309138774872, 0.10765941441059113, 0.38313212990760803, 0.2443595826625824, 0.2809748351573944, 0.7611525654792786, 0.0345834419131279, 2.5980143547058105, 4.59450626373291, 1.044054627418518, 0.0, 0.03149142116308212, 0.012327429838478565, 0.17199797928333282, 0.49507614970207214, 0.04086967557668686, 4.833853721618652, 0.053784582763910294, 0.9276813864707947, 1.5346019268035889, 0.1303282231092453, 0.0, 0.13838467001914978, 1.4173868894577026, 0.43580809235572815, 0.10519658029079437, 1.0912537574768066, 0.17171533405780792, 3.017879009246826, 0.43820714950561523, 0.19213594496250153, 0.13253478705883026, 1.3606526851654053, 0.04770985245704651, 0.3233988583087921, 0.7654581665992737, 1.1197336912155151, 0.08825071156024933, 0.08424149453639984, 0.4320409595966339, 0.6626525521278381, 2.8968405723571777, 1.3496179580688477, 0.029937265440821648, 0.0669516995549202, 0.02526113949716091, 2.438040018081665, 0.36248791217803955, 0.0, 0.2385486662387848, 2.1281938552856445, 0.0, 1.1166986227035522, 0.12191183865070343, 0.013647370971739292, 0.21158160269260406, 0.0017989983316510916, 0.7279483079910278, 2.6856400966644287, 0.807671308517456, 0.0, 0.029092779383063316, 0.08651704341173172, 0.0, 0.8943941593170166, 0.2958683371543884, 0.08735314011573792, 1.0419459342956543, 0.4770289361476898, 0.41002124547958374, 4.515404224395752, 0.12008387595415115, 6.674251556396484, 0.0, 1.5345525741577148, 0.1070975661277771, 1.5907058715820312, 0.03405696898698807, 0.02100204862654209, 0.05205647647380829, 0.0008338543702848256, 0.004487138707190752, 0.8752533197402954, 3.6110899448394775, 0.5417130589485168, 0.07783573865890503, 0.23427574336528778, 3.221904754638672, 0.028294315561652184, 1.0902096033096313, 0.0, 0.549772322177887, 0.559215247631073, 0.20008984208106995, 0.3615557551383972, 0.42184939980506897, 0.6192894577980042, 0.37415334582328796, 0.04152684286236763, 0.16847631335258484, 0.5557553768157959, 1.8718475103378296, 0.006665561813861132, 0.18182016909122467, 0.7218781113624573, 0.833342969417572, 0.0, 1.5210145711898804, 0.07361597567796707, 0.0040452745743095875, 2.237011432647705, 0.3914446532726288, 0.9712062478065491, 1.0032840967178345, 0.012437114492058754, 0.08241529762744904, 0.9339999556541443, 0.26097261905670166, 0.5448176860809326, 0.05463728681206703, 0.06834272295236588, 0.04479319602251053, 2.5816121101379395, 0.6334766745567322, 1.251724362373352, 3.294133424758911, 0.0, 0.05121397599577904, 0.26580631732940674, 0.4941997230052948, 2.1661622524261475, 1.0076394081115723, 0.12312638014554977, 0.0, 0.06799941509962082, 0.27632251381874084, 0.0, 0.12001192569732666, 1.328658938407898, 0.05066618323326111, 0.722955048084259, 2.674018144607544, 0.8770167827606201, 0.7233092784881592, 0.2201523333787918, 0.6564863324165344, 1.173288106918335, 0.2610829472541809, 0.3097648620605469, 0.3088507652282715, 0.0, 0.5116308331489563, 0.025880170986056328, 1.3476746082305908, 0.5051628947257996, 0.03330259025096893, 1.014786958694458, 0.6152690052986145, 0.0331343375146389, 0.025628712028265, 0.8310800790786743, 0.29202401638031006, 0.13700266182422638, 0.1446388065814972, 0.37859851121902466, 3.234253168106079, 0.0, 0.03607487305998802, 4.7832207679748535, 0.8894848823547363, 0.33032897114753723, 0.863224446773529, 0.0062034884467720985, 0.14171160757541656, 3.5939369201660156, 0.03193933516740799, 3.335861921310425, 0.05012025311589241, 3.387768507003784, 0.057091206312179565, 0.0759633332490921, 0.0053673372603952885, 0.0035155354999005795, 0.024706028401851654, 1.5529050827026367, 0.003084236290305853, 0.02689717337489128, 0.8409497141838074, 0.2366144210100174, 0.6519134640693665, 0.05787951499223709, 3.7858574390411377, 0.009816782549023628, 1.207642674446106, 0.0, 0.05839616432785988, 1.2535783052444458, 5.6591362953186035, 0.0, 0.17555883526802063, 0.0, 0.04469252750277519, 0.0, 0.00973671767860651, 0.41218653321266174, 2.512749433517456, 0.02964002452790737, 0.0, 0.0, 0.29828235507011414, 0.3736119270324707, 1.6128126382827759, 0.00031815256807021797, 0.9837870001792908, 1.622495412826538, 0.7580817341804504, 0.0, 0.19146592915058136, 0.15545083582401276, 0.11051478981971741, 0.936922013759613, 0.06537587940692902, 2.269664764404297, 0.9649021625518799, 0.7878307700157166, 0.050076499581336975, 0.08952420949935913, 0.18124057352542877, 0.9316800236701965, 0.6545409560203552, 0.4668780267238617, 5.520591735839844, 0.7456599473953247, 0.020738516002893448, 0.00245264102704823, 0.09198755025863647, 0.43377330899238586, 1.7626503705978394, 0.004879978019744158, 0.22579509019851685, 1.304685115814209, 0.3294636607170105, 0.08012028783559799, 1.7657215595245361, 2.4093780517578125, 0.0, 1.0379003286361694, 0.35181424021720886, 1.370030164718628, 0.2986016571521759, 0.2040184885263443, 0.0007110177539288998, 1.4990019798278809, 0.35233065485954285, 0.0, 0.0, 0.014572386629879475, 0.1383104771375656, 0.2519823908805847, 0.31900134682655334, 0.15698711574077606, 3.1654574871063232, 0.22324655950069427, 2.135097026824951, 0.09121400117874146, 0.07590514421463013, 2.4376251697540283, 0.0, 0.0, 1.7309517860412598, 0.3189857304096222, 0.6845692992210388, 0.17824135720729828, 0.03968986123800278, 0.12270629405975342, 1.233150839805603, 0.014060731045901775, 1.0920357704162598, 0.17377923429012299, 0.10183371603488922, 1.473587989807129, 0.10302471369504929, 0.09118859469890594, 0.8436102867126465, 0.5411036014556885, 0.6207340955734253, 0.5983143448829651, 0.5468321442604065, 0.3466198146343231, 1.179888129234314, 0.19125205278396606, 0.012466521002352238, 0.03371010348200798, 0.9966158270835876, 0.5852548480033875, 0.0059577589854598045, 0.033460866659879684, 3.2611703872680664, 0.11175708472728729, 0.15267275273799896, 0.11569667607545853, 0.0, 0.23334886133670807, 0.017438866198062897, 0.23922689259052277, 2.0133166313171387, 0.13911321759223938, 0.13509026169776917, 0.0003739570965990424, 0.6097270250320435, 0.18200111389160156, 0.8110475540161133, 0.0, 0.079723060131073, 0.04296157881617546, 0.8266649842262268, 0.1556488573551178, 0.16095608472824097, 1.0351471900939941, 1.2613153457641602, 0.31543347239494324, 0.3893750309944153, 0.30041539669036865, 0.07387675344944, 0.0, 2.541585683822632, 0.5683408379554749, 0.1518131047487259, 0.6213640570640564, 0.0, 0.16473902761936188, 0.009628323838114738, 0.017624804750084877, 0.28708645701408386, 0.00878098513931036, 0.023034321144223213, 0.002521490678191185, 0.036393072456121445, 0.2528296113014221, 0.054994501173496246, 1.8497527837753296, 0.25479015707969666, 1.5785101652145386, 0.8436026573181152, 0.018537765368819237, 0.12186870723962784, 0.002578170970082283, 0.03693367913365364, 0.020831232890486717, 0.12685851752758026, 0.5765861868858337, 0.08934186398983002, 0.0, 0.22696197032928467, 0.06604617089033127, 0.09231355041265488, 1.777578592300415, 0.5887829661369324, 0.013845546171069145, 0.01818157732486725, 0.4585731327533722, 0.031177273020148277, 2.345592498779297, 0.8815891742706299, 0.47693121433258057, 1.0018224716186523, 1.4957585334777832, 1.0075714588165283, 1.9800307750701904, 0.02358129248023033, 5.100122451782227, 0.005049034021794796, 0.0, 0.0, 0.4270429015159607, 2.2762489318847656, 0.0, 0.07175001502037048, 0.22580091655254364, 0.2971971035003662, 0.4929055869579315, 2.1894009113311768, 3.2119271755218506, 0.06276234984397888, 0.040499359369277954, 0.3922520875930786, 0.6855866312980652, 0.0339532345533371, 0.04494427517056465, 0.43941807746887207, 0.13318276405334473, 0.8445241451263428, 0.1435900181531906, 0.1633126586675644, 0.022798744961619377, 0.5055295825004578, 0.09204806387424469, 0.9075412154197693, 0.20722565054893494, 0.10899960994720459, 0.34893345832824707, 0.031734906136989594, 0.07310181111097336, 0.058114923536777496, 0.4161311984062195, 0.0, 0.0019349103095009923, 0.0, 0.5018702745437622, 0.0, 0.12182340770959854, 0.033292729407548904, 0.0, 0.0, 0.03519785776734352, 0.034246090799570084, 0.0, 0.0805409848690033, 0.0, 2.0031826496124268, 0.47506678104400635, 0.05573313683271408, 0.040112268179655075, 8.239065209636465e-05, 0.3651595115661621, 0.07544565945863724, 0.0, 0.05106547847390175, 2.57987642288208, 0.027585431933403015, 0.4287365972995758, 0.3806949853897095, 0.9978621602058411, 3.3815114498138428, 0.8432475328445435, 0.27091431617736816, 0.31753984093666077, 0.2874463200569153, 0.07190952450037003, 1.9825979471206665, 0.0, 0.08722139149904251, 0.10154219716787338, 0.3850104808807373, 1.5195810794830322, 0.33559757471084595, 0.05270994082093239, 0.37625426054000854, 0.7402240037918091, 0.8187386393547058, 2.462113618850708, 0.89163738489151, 0.046013858169317245, 0.01564124971628189, 0.026577385142445564, 0.0, 2.7506613731384277, 0.18863524496555328, 0.0, 0.0, 0.0702725350856781, 0.4696033000946045, 0.06241464242339134, 0.13115258514881134, 0.15689657628536224, 0.3116900324821472, 1.5792628526687622, 0.1401788741350174, 2.3489387035369873, 0.006451317109167576, 0.001253003953024745, 0.17433293163776398, 0.0, 0.00024022131401579827, 0.8695709109306335, 0.19569282233715057, 0.07193373143672943, 0.4684636890888214, 0.12853208184242249, 0.0, 0.04784334823489189, 0.12453067302703857, 0.2524721324443817, 0.8622540831565857, 0.25184711813926697, 1.1225706338882446, 0.31377050280570984, 0.5755885243415833, 0.0165088027715683, 1.0047482252120972, 1.4986273050308228, 0.5141789317131042, 0.001294172485359013, 0.08540397137403488, 0.1297767460346222, 0.3249985873699188, 0.15964500606060028, 0.037912480533123016, 0.0, 0.0, 0.1003868356347084, 0.028350653126835823, 0.006213380489498377, 0.3999287486076355, 2.0662248134613037, 0.009561346843838692, 0.0023063397966325283, 0.08844516426324844, 0.24435342848300934, 0.011230322532355785, 0.030561672523617744, 0.12253720313310623, 0.36353376507759094, 0.860033392906189, 1.2099803686141968, 0.1733866184949875, 0.8082753419876099, 0.0, 0.14031599462032318, 0.011694752611219883, 0.05062759295105934, 1.6029847860336304, 0.0958898514509201, 0.4348965883255005, 0.0, 0.0, 0.021154744550585747, 0.29260286688804626, 0.5482629537582397, 0.0013908268883824348, 0.20894062519073486, 0.029467962682247162, 0.0, 0.26291602849960327, 0.0925019308924675, 0.12724149227142334, 0.11221342533826828, 0.29082122445106506, 0.0, 0.2250833660364151, 0.0, 0.9261191487312317, 0.03649638220667839, 0.3235437572002411, 0.4215722382068634, 0.0, 0.0, 0.0, 0.0, 0.6706329584121704, 0.481286883354187, 0.9691281914710999, 1.1479943990707397, 0.009229266084730625, 0.15003588795661926, 0.0, 0.10307171940803528, 0.1622651368379593, 0.12057778239250183, 0.023974886164069176, 0.6563307046890259, 2.1029481887817383, 0.058581557124853134, 0.9663970470428467, 0.0, 0.14118047058582306, 0.6793108582496643, 0.2513201832771301, 0.0, 0.525154709815979, 0.9012930989265442, 0.4848540127277374, 1.893088698387146, 0.04175795242190361, 0.6543169617652893, 1.0836765766143799, 0.0, 0.1829817295074463, 0.0, 0.0, 0.15045194327831268, 0.0, 0.171042338013649, 0.27197274565696716, 0.10111496597528458, 0.8379732370376587, 0.1828451305627823, 0.14714808762073517, 0.2655942738056183, 0.9845471382141113, 0.1861250400543213, 0.03241361305117607, 0.0, 0.08964990079402924, 0.009937797673046589, 2.3045997619628906, 0.10021622478961945, 0.18490812182426453, 0.0013824458001181483, 0.2828807830810547, 0.0, 0.15632440149784088, 0.32268908619880676, 3.6884219646453857, 0.7365389466285706, 2.8006725311279297, 0.03422919660806656, 0.37300702929496765, 0.8580012917518616, 0.03224596753716469, 0.048363227397203445, 1.268851399421692, 0.0, 0.694587767124176, 0.5900213122367859, 0.003357339883223176, 0.28115376830101013, 0.02593492902815342, 0.9060905575752258, 0.1169254407286644, 0.24024920165538788, 0.06920082867145538, 1.7314891815185547, 0.0, 0.17796671390533447, 0.8745781779289246, 1.4519838094711304, 2.3158750534057617, 1.4647892713546753, 2.22642183303833, 2.350332498550415, 0.21768474578857422, 0.0656660944223404, 1.6255900859832764, 0.6337466835975647, 0.9235255122184753, 0.21473217010498047, 0.0, 0.10849767923355103, 0.0, 0.11493358016014099, 0.3994375467300415, 0.13234439492225647, 0.24984709918498993, 1.1622658967971802, 0.12366782128810883, 0.03466285765171051, 0.6358227133750916, 0.9035362601280212, 0.3051949739456177, 0.6485713720321655, 1.997976541519165, 0.5750575065612793, 0.053929027169942856, 0.3664150536060333, 0.30279630422592163, 0.05685677379369736, 1.621992826461792, 0.5014134645462036, 1.3831324577331543, 0.24680554866790771, 0.025162337347865105, 0.5293442606925964, 1.4414312839508057, 0.5961940288543701, 1.552761435508728, 0.0, 0.0, 0.3606742024421692, 0.0, 0.44869565963745117, 3.2499380111694336, 0.23352593183517456, 0.019586943089962006, 0.228697270154953, 0.37010839581489563, 0.5684112906455994, 0.16308097541332245, 0.8716792464256287, 0.0, 2.864687204360962, 3.7665162086486816, 1.5029860734939575, 0.0, 0.3565361499786377, 1.2140166759490967, 0.11575836688280106, 0.0, 0.11225594580173492, 0.0, 0.10849498957395554, 0.8083676695823669, 0.2834942936897278, 0.0, 0.8446430563926697, 5.55666971206665, 0.2850310206413269, 0.2082052379846573, 2.677551507949829, 1.1212022304534912, 0.3324475884437561, 0.008678046986460686, 0.0, 0.005848568398505449, 0.3367786109447479, 0.0, 0.03324967250227928, 2.156982183456421, 0.0, 0.07948336750268936, 0.2656622529029846, 0.24123790860176086, 1.8013039827346802, 0.43156543374061584, 0.7788510322570801, 0.0012516439892351627, 1.9314345121383667, 0.5645612478256226, 0.09430386871099472, 0.05536350607872009, 0.7517448663711548, 0.08905207365751266, 1.790634036064148, 0.0485663041472435, 0.06990169733762741, 0.04789600521326065, 0.0, 0.23147816956043243, 0.01138498354703188, 0.6081928610801697, 0.09506750851869583, 0.13197167217731476, 0.1593092828989029, 0.31115955114364624, 0.062357764691114426, 0.0, 3.404160737991333, 0.2927418053150177, 0.6331659555435181, 0.08510478585958481, 0.03296961635351181, 0.0, 2.5881407260894775, 0.5287341475486755, 0.15917181968688965, 0.4787433445453644, 0.1420302540063858, 0.056721411645412445, 0.2649332880973816, 0.5881048440933228, 0.10681551694869995, 0.011748457327485085, 0.10958535224199295, 0.13514341413974762, 0.07312669605016708, 0.020204585045576096, 0.15733592212200165, 0.817845344543457, 0.07989748567342758, 1.981230616569519, 0.03126596286892891, 1.0038279294967651, 0.06160089373588562, 0.7563046216964722, 0.08414943516254425, 2.7989931106567383, 1.2583460807800293, 0.10233064740896225, 0.29968276619911194, 0.2302061915397644, 0.5508185625076294, 0.01587812229990959, 0.0, 0.29184141755104065, 0.008263402618467808, 0.16551554203033447, 0.005180164240300655, 0.26429155468940735, 0.4012337923049927, 1.0466481447219849, 0.16817817091941833, 0.060559019446372986, 0.0, 0.5908464789390564, 0.0, 0.2065398097038269, 0.032235052436590195, 0.234232097864151, 0.6222076416015625, 0.0, 0.5352992415428162, 4.011499404907227, 1.7888123989105225, 0.014346655458211899, 0.4792918860912323, 0.33115655183792114, 1.642043113708496, 0.0, 0.0, 0.0, 0.15043868124485016, 0.2696059048175812, 0.03215644136071205, 0.11290908604860306, 2.746159791946411, 0.024480829015374184, 0.02998759038746357, 0.09714504331350327, 0.6139901280403137, 0.011937834322452545, 0.2025667279958725, 0.029764477163553238, 0.11756126582622528, 0.011838392354547977, 0.05796273052692413, 0.11595753580331802, 0.0, 0.012548449449241161, 0.00875542126595974, 0.0376078300178051, 0.011207064613699913, 0.41766583919525146, 0.0, 0.1295056790113449, 0.7966221570968628, 0.1333870142698288, 1.6773473024368286, 4.7898759841918945, 1.3973331451416016, 2.88139009475708, 0.6415034532546997, 0.23805256187915802, 0.10310077667236328, 0.2776416838169098, 1.6720185279846191, 0.0, 2.1422579288482666, 0.0, 1.521247386932373, 1.0232926607131958, 4.125333309173584, 0.0021001514978706837, 0.686639666557312, 0.8995596170425415, 0.0, 1.552420973777771, 0.1601494699716568, 0.004484862554818392, 0.11152274906635284, 0.03243435174226761, 0.27587267756462097, 0.0, 0.04782123863697052, 1.0267070531845093, 0.04184047505259514, 0.6868141889572144, 0.3313843011856079, 0.04185480996966362, 0.38921406865119934, 0.10160838067531586, 0.17187415063381195, 0.2756105959415436, 0.9031839966773987, 0.2333335280418396, 0.180165097117424, 2.7913482189178467, 0.4186476171016693, 0.13079304993152618, 0.04360165074467659, 0.008620001375675201, 1.0581461191177368, 0.02692168764770031, 0.044235844165086746, 1.1655685901641846, 0.6938490867614746, 0.8436503410339355, 0.7874006032943726, 0.0, 0.007582793477922678, 0.24584949016571045, 0.07159003615379333, 0.0, 0.06758005917072296, 0.0, 0.10289962589740753, 0.0, 0.22864671051502228, 0.32261723279953003, 0.03329227492213249, 0.07048501074314117, 0.0, 0.15939421951770782, 0.7400726675987244, 0.08858247846364975, 0.0, 0.4091734290122986, 0.0, 0.0, 0.27664607763290405, 0.0, 0.1057719811797142, 0.21076177060604095, 2.1430485248565674, 0.021655907854437828, 0.05171073600649834, 0.22641071677207947, 0.05992719903588295, 0.16722235083580017, 0.18763713538646698, 0.7978043556213379, 1.5977609157562256, 0.038529157638549805, 0.19028250873088837, 1.9402318000793457, 0.20604193210601807, 0.09589061141014099, 0.021887244656682014, 0.04706066474318504, 1.7990946769714355, 3.673187494277954, 1.5583337545394897, 0.3299604058265686, 0.5614932179450989, 0.17425322532653809, 0.3048720061779022, 0.08632663637399673, 0.15888018906116486, 0.2696194350719452, 0.0327572375535965, 0.05712571367621422, 0.8271576166152954, 0.12869665026664734, 0.01439622975885868, 0.5819299221038818, 0.35734307765960693, 0.9673604965209961, 1.09168541431427, 0.09009850770235062, 0.0, 0.07275837659835815, 0.418678879737854, 0.25661465525627136, 0.04623845964670181, 0.0, 0.12721386551856995, 0.36418238282203674, 0.24169795215129852, 0.00808908510953188, 3.0934953689575195, 0.1116219311952591, 0.28806713223457336, 0.024868760257959366, 0.015882238745689392, 0.0, 0.14286866784095764, 0.6453065872192383, 0.32829931378364563, 2.7454352378845215, 0.5670982599258423, 0.43393126130104065, 2.809843063354492, 0.0, 0.0, 0.038375791162252426, 0.00017464891425333917, 1.0413527488708496, 0.6343520283699036, 0.04097187891602516, 1.2569695711135864, 0.0, 0.2727940082550049, 1.4909905195236206, 0.04444648325443268, 1.1120367050170898, 0.7085015177726746, 0.02545197680592537, 0.3048064112663269, 0.0, 0.21047084033489227, 0.0, 0.7716429829597473, 0.07391580939292908, 0.3385757803916931, 0.21110306680202484, 0.0, 0.09258197247982025, 0.3513078987598419, 0.7208407521247864, 0.3204626739025116, 1.8205361366271973, 0.01509141642600298, 0.02065647579729557, 0.5823887586593628, 0.6448021531105042, 0.2555295526981354, 0.027150219306349754, 0.03822733834385872, 0.9271672964096069, 0.13901445269584656, 0.18370480835437775, 0.9023020267486572, 0.1727748066186905, 1.1104012727737427, 0.4289458990097046, 0.33921924233436584, 0.00787314586341381, 0.25322651863098145, 0.18050338327884674, 0.4064391851425171, 0.010875220410525799, 2.159320831298828, 0.38565415143966675, 0.03272885084152222, 0.6200465559959412, 0.841167151927948, 0.3930588662624359, 0.3006504774093628, 0.0, 0.0019387638894841075, 0.06830199807882309, 0.07776957750320435, 0.0, 0.05263620615005493, 0.3107590675354004, 0.24702732264995575, 0.03382432833313942, 0.600782573223114, 0.31160473823547363, 0.44557759165763855, 0.0203840434551239, 0.09821767359972, 1.4806172847747803, 0.1216861754655838, 0.8539290428161621, 2.6207449436187744, 0.11349792778491974, 0.0, 0.24074317514896393, 0.23269914090633392, 1.2621266841888428, 0.0, 0.0, 0.32989275455474854, 0.03287286311388016, 0.0, 0.014995754696428776, 0.1738801747560501, 0.5475698113441467, 0.19619564712047577, 0.14847218990325928, 1.764083981513977, 0.2832202613353729, 0.00722817238420248, 0.03326236084103584, 0.025280369445681572, 0.0, 0.03259345144033432, 0.033060844987630844, 1.0670344829559326, 0.04441679269075394, 0.5878427624702454, 0.018567372113466263, 0.38432684540748596, 0.0, 0.059417471289634705, 0.43728357553482056, 0.08424605429172516, 2.959895610809326, 0.24256426095962524, 0.010838469490408897, 0.03050011582672596, 0.08172597736120224, 0.0395871102809906, 0.11691810935735703, 0.0, 0.08320096135139465, 0.6064722537994385, 0.0, 0.37814271450042725, 0.6583502888679504, 0.21735672652721405, 0.09274666011333466, 0.18512755632400513, 0.018674110993742943, 0.051992300897836685, 0.2867511212825775, 0.056642115116119385, 0.26359930634498596, 0.6686657667160034, 1.03510320186615, 1.0020618438720703, 0.4049198031425476, 1.2094738483428955, 1.497159481048584, 0.7362642288208008, 0.0, 0.11111052334308624, 5.277624130249023, 1.5246613025665283, 1.07439386844635, 0.08894889056682587, 2.046388626098633, 0.0, 0.017530204728245735, 0.484839528799057, 0.24892780184745789, 0.0125590730458498, 0.0, 0.3786293864250183, 0.8580928444862366, 0.03701607510447502, 0.3563614785671234, 0.15017908811569214, 0.006563381291925907, 0.02516871504485607, 0.010608823969960213, 0.26852327585220337, 0.11779380589723587, 0.23170171678066254, 3.6351656913757324, 0.0, 0.00306959287263453, 0.018046148121356964, 3.088825225830078, 0.1824592500925064, 1.0569522380828857, 0.42843884229660034, 1.1027247905731201, 0.23827242851257324, 3.3856241703033447, 0.23435209691524506, 0.8567787408828735, 0.5359953045845032, 0.12737524509429932, 0.8153007626533508, 0.14032673835754395, 0.0, 0.14690843224525452, 1.143911600112915, 0.5351991057395935, 0.30018723011016846, 0.03190528601408005, 0.0019645763095468283, 0.11376164853572845, 0.04321704059839249, 4.817916393280029, 1.892503261566162, 0.19649526476860046, 0.02175677753984928, 0.04447958990931511, 1.7160158157348633, 0.0240285936743021, 2.481081485748291, 0.029577502980828285, 0.15436255931854248, 0.293460875749588, 0.6152079701423645, 3.0307087898254395, 0.0009256674093194306, 0.0, 0.0, 0.42831721901893616, 1.1580853462219238, 0.04000796750187874, 0.005615594331175089, 0.062254827469587326, 0.3123021721839905, 0.1351415514945984, 0.5285309553146362, 0.004835440311580896, 0.0, 0.027006778866052628, 0.01911388896405697, 0.826911449432373, 0.03574241325259209, 0.06625095009803772, 1.2201781272888184, 0.20270772278308868, 0.0, 0.012771472334861755, 0.19492129981517792, 0.40569421648979187, 0.5112162828445435, 0.0, 4.2729597091674805, 0.0, 0.4693744480609894, 0.017818385735154152, 0.9022178649902344, 0.0, 0.06751555949449539, 0.5248551964759827, 0.025824615731835365, 0.9542728066444397, 0.21990740299224854, 0.3267088532447815, 0.22998429834842682, 0.19318674504756927, 0.09902635216712952, 0.7428497076034546, 0.024235278367996216, 0.05671526864171028, 0.0, 0.5082769393920898, 0.24522706866264343, 0.4589235782623291, 0.0001369739038636908, 0.0016199544770643115, 0.1301940232515335, 0.0, 0.10668714344501495, 0.45545849204063416, 2.3083744049072266, 0.0, 0.0019893012940883636, 0.0, 0.0527275875210762, 0.21705183386802673, 3.818264961242676, 0.026703715324401855, 0.06473904848098755, 0.316092848777771, 0.5182036757469177, 0.02172459475696087, 0.009957648813724518, 0.013433665968477726, 3.0459578037261963, 0.028530031442642212, 0.40692582726478577, 0.09328189492225647, 0.3345181941986084, 0.0, 0.046047747135162354, 0.013839575462043285, 3.7186946868896484, 0.042237788438797, 2.1636080741882324, 0.21791355311870575, 0.3171672523021698, 0.0, 0.11450187861919403, 0.05986028164625168, 0.26948434114456177, 0.0410744808614254, 0.4132203757762909, 1.8450170755386353, 1.2574266195297241, 0.15925532579421997, 0.0030876665841788054, 0.010318884626030922, 0.08593115210533142, 0.12974657118320465, 0.0, 0.03420208767056465, 2.243922472000122, 0.05629177391529083, 0.11310409009456635, 0.28407272696495056, 5.082561492919922, 0.28467416763305664, 0.018665364012122154, 0.6934140920639038, 1.795239806175232, 0.241783007979393, 0.05502317473292351, 0.057170722633600235, 0.012426760978996754, 0.12990105152130127, 0.9774057865142822, 0.0035656713880598545, 0.2817792296409607, 0.09410162270069122, 0.31758108735084534, 1.4041982889175415, 0.0, 0.5515057444572449, 1.6221531629562378, 0.004571802914142609, 0.26863017678260803, 2.300388813018799, 0.0020449331495910883, 0.0017072984483093023, 0.1854073405265808, 0.0, 0.023675471544265747, 0.3880782723426819, 0.0993916466832161, 0.5982714891433716, 1.43257737159729, 0.39010071754455566, 0.017494792118668556, 1.2422150373458862, 3.5781726837158203, 0.5637432932853699, 0.038357578217983246, 0.0004557103384286165, 0.0829547867178917, 0.03825991228222847, 0.6661092042922974, 0.13453243672847748, 0.9393665790557861, 0.6042664647102356, 0.0, 0.9203752875328064, 0.24487870931625366, 0.191015362739563, 1.9298365116119385, 0.026128185912966728, 0.6354745626449585, 0.12006045132875443, 0.03316431865096092, 0.5793101191520691, 0.4301859736442566, 1.0462822914123535, 1.5349695682525635, 0.02424401231110096, 0.06506172567605972, 0.06001757085323334, 0.03615036606788635, 1.0973336696624756, 0.0, 0.4988745152950287, 0.0, 0.031947243958711624, 0.0, 0.5242490172386169, 0.00899213645607233, 0.06438878923654556, 1.256927490234375, 0.07958328723907471, 0.06824877858161926, 0.15571258962154388, 0.1799643337726593, 1.8306630849838257, 1.0108165740966797, 0.5944560170173645, 0.060623567551374435, 1.4623006582260132, 0.013219512067735195, 0.06558165699243546, 2.554112434387207, 0.4896341860294342, 1.1515421867370605, 1.1846973896026611, 0.02091323584318161, 0.13651099801063538, 0.5821263194084167, 1.3076847791671753, 0.0, 3.6948657035827637, 0.2645641267299652, 0.15300317108631134, 0.2763899266719818, 4.340756893157959, 0.022242477163672447, 0.0, 0.0, 0.942468523979187, 0.12908244132995605, 0.1669362485408783, 0.3945843577384949, 1.3848967552185059, 0.743446409702301, 0.41753798723220825, 0.06718424707651138, 0.010725683532655239, 1.234818935394287, 0.0895998403429985, 3.4292397499084473, 0.0, 0.1212531104683876, 0.24876715242862701, 0.3511410057544708, 1.7055732011795044, 0.7740216851234436, 0.15348699688911438, 3.2576351165771484, 0.20031240582466125, 0.0, 0.9390398859977722, 0.07992236316204071, 0.11232694983482361, 0.32636258006095886, 0.7404028177261353, 0.0, 0.9361798167228699, 0.032826345413923264, 0.11872103065252304, 0.49840977787971497, 0.0790863111615181, 0.4655674397945404, 0.5372776985168457, 0.4074819087982178, 0.035131096839904785, 0.025359399616718292, 1.103695273399353, 0.0, 0.12624306976795197, 0.06491345912218094, 0.09864263236522675, 0.0, 0.01640395261347294, 0.19931913912296295, 0.033998746424913406, 0.12238878011703491, 2.042142629623413, 0.0, 0.02179345116019249, 2.639113664627075, 0.7106872200965881]",Testing/glioma_tumor/image(9).jpg
"[1.4209121465682983, 0.03212406113743782, 0.035407837480306625, 0.06458360701799393, 0.9156356453895569, 0.14818380773067474, 1.0747201442718506, 0.220147505402565, 0.01702292263507843, 0.054032161831855774, 0.0, 0.0, 0.15019387006759644, 0.5672832131385803, 0.08686751127243042, 0.23215173184871674, 0.3325720727443695, 0.14020492136478424, 0.1845647692680359, 0.33730924129486084, 0.2986113131046295, 0.05536697432398796, 1.286386251449585, 0.0, 0.5975859761238098, 0.014616820029914379, 1.5006035566329956, 0.0, 0.026481669396162033, 0.0, 0.562732458114624, 0.49961474537849426, 0.5781769752502441, 0.1003170758485794, 0.009780066087841988, 0.29871422052383423, 0.0423491932451725, 0.03770051896572113, 0.15349240601062775, 0.2898178696632385, 1.4905645847320557, 0.06522570550441742, 0.23284268379211426, 0.0779147669672966, 0.07908467203378677, 0.0, 0.0, 0.0, 0.006624849513173103, 0.09571259468793869, 1.35494065284729, 0.17586055397987366, 0.13546417653560638, 0.22422288358211517, 1.0573976039886475, 0.6254511475563049, 0.3946339786052704, 0.0027272652368992567, 0.43334272503852844, 0.0, 0.004815753549337387, 0.3001432716846466, 0.5041962265968323, 0.2901012897491455, 0.4049622416496277, 0.0, 0.3922558128833771, 0.0, 0.5046333074569702, 0.06397019326686859, 0.14848917722702026, 0.04719354584813118, 0.05409098044037819, 1.0450993776321411, 2.0552709102630615, 0.07234811782836914, 1.3333954811096191, 0.36620384454727173, 0.0, 0.2548055052757263, 0.5353076457977295, 0.2558133602142334, 2.1920502185821533, 0.01024308055639267, 0.5446840524673462, 0.31567060947418213, 3.5821125507354736, 0.17147637903690338, 0.0768747478723526, 0.29204046726226807, 0.6810058951377869, 0.4338579773902893, 0.2030385434627533, 1.7758443355560303, 0.020933812484145164, 0.0, 0.5954301953315735, 0.013535905629396439, 0.09522033482789993, 0.09723065048456192, 0.0013342195888981223, 2.870131731033325, 0.0, 0.05673861876130104, 0.8264816999435425, 0.0, 0.42438772320747375, 1.779891848564148, 0.19058264791965485, 3.7808685302734375, 0.1243734136223793, 0.1401067078113556, 0.00332744256593287, 0.14303135871887207, 0.36737680435180664, 0.26898908615112305, 0.10794427245855331, 0.656511664390564, 0.16845117509365082, 0.07700132578611374, 0.0, 0.21438458561897278, 0.0, 0.024358060210943222, 0.0916542336344719, 0.4572228491306305, 0.006561984773725271, 0.9293930530548096, 1.2708067893981934, 0.0, 0.09824889153242111, 1.3933724164962769, 0.11089488118886948, 0.0, 0.168258935213089, 1.1071858406066895, 0.4839092195034027, 0.0, 0.06549559533596039, 0.030299769714474678, 0.0, 0.06605742126703262, 0.0, 0.0, 0.0, 0.07482798397541046, 0.0, 1.2077549695968628, 0.04953477159142494, 0.0, 2.2494378089904785, 0.26856502890586853, 0.010175131261348724, 0.0, 0.0, 0.7450985312461853, 0.0, 0.0, 1.1853842735290527, 0.017276262864470482, 0.30747538805007935, 0.6503802537918091, 0.0, 0.0, 0.0006130422698333859, 0.1800454556941986, 0.34783652424812317, 0.0, 0.3041779398918152, 4.346161365509033, 0.24517357349395752, 0.0, 0.0009272269089706242, 0.08531360328197479, 2.682415723800659, 0.0, 0.0, 0.37039613723754883, 0.0, 0.26353734731674194, 0.14147642254829407, 0.0, 0.0, 0.002119200536981225, 0.6520422101020813, 0.5780275464057922, 0.5585617423057556, 0.11594994366168976, 0.3657512664794922, 0.09112250804901123, 0.07438327372074127, 0.0, 0.0035604091826826334, 0.07025553286075592, 0.006996857933700085, 0.09638791531324387, 0.0, 0.14630506932735443, 5.4512704082299024e-05, 0.21459898352622986, 0.612092912197113, 0.5343165397644043, 0.3943190574645996, 0.3257736563682556, 1.295265793800354, 0.0, 0.0, 0.06768981367349625, 0.0, 0.5115026831626892, 0.9099853038787842, 1.2759209871292114, 0.0, 0.23961104452610016, 0.011842411011457443, 0.3084084391593933, 0.46759429574012756, 0.0022972263395786285, 0.5115524530410767, 0.030835917219519615, 0.5094432830810547, 0.0, 0.07779143750667572, 0.0, 0.0, 0.9166358113288879, 0.04403771087527275, 0.0, 0.0, 0.006295875646173954, 0.11930696666240692, 2.7536072731018066, 0.02495083026587963, 0.06316579878330231, 1.4166274070739746, 0.07542598247528076, 0.0, 0.0, 0.0008749718545004725, 0.05980990454554558, 0.05053127929568291, 0.8518279790878296, 0.7554792165756226, 0.24560897052288055, 0.06444376707077026, 0.23110923171043396, 0.10501015931367874, 0.8148704171180725, 0.0, 1.4945831298828125, 1.0864324569702148, 0.017325591295957565, 1.4340194463729858, 0.3246661126613617, 0.18560627102851868, 0.007288458291441202, 0.0, 1.6563670635223389, 0.0, 0.3187798857688904, 0.0, 0.17814908921718597, 1.130043387413025, 0.0, 0.0, 0.0, 0.15536491572856903, 0.0, 0.039490073919296265, 0.0, 0.8604049682617188, 0.3401886820793152, 0.3607499301433563, 0.0, 3.0008158683776855, 0.39655008912086487, 0.1035577654838562, 0.08361782133579254, 0.34425216913223267, 0.0, 0.661518931388855, 0.019701050594449043, 1.9443007707595825, 0.15658068656921387, 0.0, 1.4109247922897339, 0.015994008630514145, 0.006258667912334204, 0.0, 0.0, 0.1416025161743164, 0.03922954946756363, 0.0, 0.0, 1.4716495275497437, 2.902541160583496, 0.0, 0.0, 0.19361069798469543, 0.005438941065222025, 0.18627241253852844, 0.062078047543764114, 2.815272331237793, 0.019063148647546768, 0.35822299122810364, 0.8522425293922424, 0.0, 0.02195570431649685, 0.00039056368404999375, 0.04724695160984993, 0.07189083844423294, 0.16335676610469818, 0.0, 0.3948521018028259, 0.05832115560770035, 0.0915846899151802, 0.0, 0.2203434854745865, 0.0, 0.022388361394405365, 0.13373184204101562, 0.19201484322547913, 0.09097076207399368, 0.03840915486216545, 0.0, 0.08879875391721725, 0.06908445060253143, 0.008028422482311726, 3.1602911949157715, 0.016376987099647522, 0.009697352536022663, 0.12752635776996613, 0.29369866847991943, 0.04777337983250618, 0.0, 0.1916959136724472, 1.1636089086532593, 0.48420485854148865, 1.1129481792449951, 0.34526291489601135, 0.0, 0.18583737313747406, 0.0, 0.09790897369384766, 0.0, 0.0026987402234226465, 0.8231168389320374, 0.01904456689953804, 0.0, 0.4410337209701538, 0.33189278841018677, 0.037082280963659286, 0.06030592694878578, 0.0, 0.0, 0.0462852418422699, 0.19678661227226257, 0.0, 0.37224358320236206, 0.07696791738271713, 0.08081664144992828, 0.33340540528297424, 0.0869104340672493, 0.29799988865852356, 0.0, 0.09441471844911575, 0.34400683641433716, 0.11953359842300415, 1.4519093036651611, 0.43234699964523315, 0.00043178335181437433, 0.050068698823451996, 1.0264688730239868, 1.1724812984466553, 0.012116261757910252, 0.3407776951789856, 3.4759387969970703, 0.1966770738363266, 0.0, 0.01633046567440033, 0.6498788595199585, 0.893424391746521, 0.0067575853317976, 0.0, 0.028406240046024323, 0.443747341632843, 1.196921944618225, 0.0, 0.06427587568759918, 0.42752009630203247, 0.0, 0.1245054304599762, 0.0, 0.17614935338497162, 0.0, 12.680789947509766, 0.2877518832683563, 0.42195630073547363, 0.557562530040741, 0.0, 1.041982889175415, 0.0, 0.0, 0.0, 0.0, 0.7391006946563721, 0.1597856730222702, 0.056242503225803375, 0.11081995069980621, 0.45490336418151855, 0.27325817942619324, 0.0, 0.006245041266083717, 0.0, 0.02128693275153637, 1.3784173727035522, 0.0, 0.04985365271568298, 0.5387675166130066, 0.44080984592437744, 0.5967190265655518, 0.1300385296344757, 0.04557573422789574, 0.540398359298706, 0.0, 0.0, 0.04242871701717377, 0.101444311439991, 0.7508710026741028, 0.19144906103610992, 0.2279389500617981, 0.12676411867141724, 1.8382480144500732, 0.2932443618774414, 1.1791750192642212, 1.3161007165908813, 0.17852281033992767, 1.0287576913833618, 0.30421215295791626, 0.0, 0.044396061450242996, 0.0, 0.291093111038208, 0.15413956344127655, 0.0, 0.07913170009851456, 0.0, 1.1631077527999878, 0.0, 0.05597180128097534, 0.7808817028999329, 0.0, 0.04043960198760033, 0.0035660071298480034, 0.0, 0.1856878697872162, 0.42006540298461914, 0.8843340277671814, 0.11799777299165726, 0.06391177326440811, 0.0, 0.9258412718772888, 0.02414620667695999, 0.3523287773132324, 0.0, 0.07678382843732834, 0.041403383016586304, 0.20407038927078247, 0.17125515639781952, 0.1358150988817215, 0.5097230076789856, 0.025520935654640198, 0.3137509226799011, 0.26963332295417786, 0.020100777968764305, 0.0, 0.1027153953909874, 0.03944305330514908, 0.018907830119132996, 2.18049693107605, 0.04536794126033783, 0.09651351720094681, 0.30089229345321655, 0.002977089025080204, 0.012379931285977364, 0.0, 0.0, 0.0, 1.0178090333938599, 0.039036743342876434, 1.133833885192871, 0.6331676840782166, 0.15999405086040497, 0.023753929883241653, 0.853855311870575, 0.0, 0.0, 0.1394866555929184, 0.40699613094329834, 0.06021575629711151, 0.6809369921684265, 0.04572759196162224, 0.03652229905128479, 5.1562910079956055, 0.09601795673370361, 0.08802276849746704, 0.0, 0.0, 0.0, 0.21389459073543549, 0.0, 0.001748705399222672, 0.012239658273756504, 0.30725666880607605, 0.0, 0.3874099850654602, 0.31355878710746765, 0.04941581189632416, 0.45417413115501404, 0.0, 0.0020271101966500282, 0.5406919121742249, 0.034919485449790955, 0.24215124547481537, 0.0, 0.5461750030517578, 0.0, 0.0, 0.7720078229904175, 0.09824374318122864, 0.16228151321411133, 0.6351392865180969, 0.7986412048339844, 3.261728286743164, 0.06370727717876434, 0.20468825101852417, 1.6471174955368042, 0.3644729554653168, 0.07169653475284576, 0.10386426746845245, 0.07239174097776413, 0.289046049118042, 0.8593301773071289, 0.2572154104709625, 0.3655380606651306, 0.31651124358177185, 0.001063748262822628, 0.19631174206733704, 1.1208264827728271, 0.0, 0.0, 0.31574541330337524, 0.2289946973323822, 0.0, 1.205246090888977, 4.124785900115967, 0.16589410603046417, 0.0, 0.3211652934551239, 0.4608146846294403, 1.580172061920166, 0.11838047206401825, 0.7409021854400635, 0.2500030994415283, 0.0, 0.019404331222176552, 0.6379035711288452, 0.0, 1.3686847686767578, 0.004128665197640657, 0.19654719531536102, 0.0013469189871102571, 0.37955498695373535, 0.0, 0.3018261790275574, 1.1035913228988647, 0.16843979060649872, 0.38117074966430664, 0.006972901523113251, 0.029528610408306122, 1.9052550792694092, 0.0, 0.001183782354928553, 0.1813742220401764, 0.00785217434167862, 0.011974933557212353, 0.08210849016904831, 0.021191192790865898, 0.0618380606174469, 0.0, 0.10898063331842422, 0.0, 0.8203032612800598, 0.0, 0.6432415246963501, 0.04433204606175423, 0.3585328161716461, 0.061749186366796494, 0.0, 0.0011391079751774669, 0.25088250637054443, 0.0, 4.760347366333008, 0.29731181263923645, 0.061311833560466766, 0.0, 0.519902229309082, 0.0, 0.3414457142353058, 1.9281800985336304, 0.05202162638306618, 0.0, 0.04020011052489281, 0.11100441217422485, 0.0, 0.0334741584956646, 0.0, 0.14513307809829712, 0.0, 0.14440564811229706, 0.054409679025411606, 0.38714727759361267, 2.343873977661133, 0.18851101398468018, 2.17741060256958, 0.15414923429489136, 0.0, 0.0, 0.0, 0.04355228319764137, 0.0, 0.6492462754249573, 0.26889538764953613, 0.007545262109488249, 0.24096986651420593, 0.0, 0.012424023821949959, 0.3249706029891968, 0.048199363052845, 0.004591596312820911, 0.18821576237678528, 0.04235554859042168, 0.6949968934059143, 0.6097846031188965, 0.0032714800909161568, 0.443081796169281, 1.9825149774551392, 0.021149681881070137, 0.00618639774620533, 0.015689244493842125, 0.6838633418083191, 0.10290248692035675, 0.274868905544281, 0.0, 0.24634315073490143, 0.037367913872003555, 0.0, 0.04180345684289932, 0.15359018743038177, 0.0, 0.05378913879394531, 0.009127057157456875, 0.01710239239037037, 0.06792537122964859, 0.40446725487709045, 0.0, 2.0154435634613037, 0.034808237105607986, 0.0, 0.1547875851392746, 0.03137508034706116, 0.19658303260803223, 0.13407355546951294, 0.0, 1.45872962474823, 0.03704764321446419, 0.02649717964231968, 0.0, 0.49904412031173706, 1.2910798788070679, 0.9254371523857117, 0.1477542370557785, 0.0, 0.046967778354883194, 0.8203309774398804, 1.674910545349121, 0.5890045166015625, 0.019646216183900833, 0.27282002568244934, 0.04280674830079079, 0.3304397761821747, 0.009642080403864384, 0.16442707180976868, 0.08483044803142548, 0.0504751093685627, 0.05933833494782448, 0.6217617392539978, 0.4303973317146301, 0.009531354531645775, 0.020774055272340775, 0.5190880298614502, 0.010116134770214558, 0.5744948983192444, 0.019695943221449852, 0.0, 0.0, 0.2460167109966278, 0.9687303900718689, 1.6652246713638306, 0.11244078725576401, 2.6977202892303467, 0.0, 0.0, 0.0, 0.19541093707084656, 0.0, 0.5155147910118103, 0.0, 0.01484005805104971, 0.0, 0.8656150102615356, 2.674099922180176, 0.2846774160861969, 0.0, 0.0, 2.566999673843384, 0.737581193447113, 0.19978199899196625, 0.0, 0.6896603107452393, 0.0, 1.7732288837432861, 0.042761530727148056, 1.119022250175476, 0.07503782212734222, 0.11482848227024078, 0.3368533253669739, 0.37943583726882935, 0.2755047082901001, 0.010828224942088127, 0.0073301708325743675, 0.0017477590590715408, 0.6927968263626099, 0.0, 0.0, 0.5924904942512512, 0.17079637944698334, 0.0, 0.09666553884744644, 0.024915963411331177, 0.5158642530441284, 0.21546846628189087, 0.9531197547912598, 0.0, 1.767592191696167, 0.2794116139411926, 0.616689145565033, 0.5004819631576538, 0.0, 0.4644123911857605, 0.12772350013256073, 0.10525692999362946, 1.4964089393615723, 0.9673736691474915, 0.0, 0.0, 0.10103993862867355, 0.0, 0.6576776504516602, 0.3485826253890991, 0.08163207024335861, 0.1290721595287323, 0.09870197623968124, 0.11400274187326431, 0.01322871819138527, 0.0, 0.32038816809654236, 0.0, 0.8997228741645813, 0.260559618473053, 0.6658840775489807, 0.2780042886734009, 0.1722274273633957, 0.0, 1.474045991897583, 0.034774813801050186, 2.4323232173919678, 0.00676172599196434, 0.5352990031242371, 0.0005166676710359752, 0.407378613948822, 0.03637155145406723, 0.4094632565975189, 0.00483393669128418, 0.2218688279390335, 0.09018335491418839, 0.0, 0.014954260550439358, 0.2657874822616577, 0.42905300855636597, 0.0, 0.0, 0.056652527302503586, 0.31802898645401, 0.0, 0.2027062028646469, 0.5323621034622192, 1.0415505170822144, 0.9071812629699707, 0.058796677738428116, 0.06008639559149742, 0.09472580254077911, 4.536423683166504, 0.0, 0.9616534113883972, 0.28956758975982666, 1.8001033067703247, 0.1161087155342102, 0.0, 0.0, 0.019896553829312325, 0.0, 0.3365224003791809, 0.40051016211509705, 0.0, 2.165680170059204, 0.3067072927951813, 0.0, 0.30125829577445984, 3.350160598754883, 0.6483467221260071, 0.5038506984710693, 0.2908051013946533, 0.6334114670753479, 0.14307624101638794, 1.747998595237732, 0.024628551676869392, 0.0, 0.15131355822086334, 0.0, 0.03712686896324158, 0.014728604815900326, 0.6197748184204102, 1.458158016204834, 0.5398955345153809, 0.5231525897979736, 0.1468748301267624, 0.11631113290786743, 0.40117138624191284, 0.443021297454834, 0.0, 0.14931081235408783, 0.017674149945378304, 0.0, 0.0, 0.9284965395927429, 0.12907373905181885, 0.03577446937561035, 0.003775769378989935, 0.35314279794692993, 0.3299402594566345, 0.0396333746612072, 1.0566084384918213, 0.07955491542816162, 0.7204502820968628, 0.42776310443878174, 0.05270635709166527, 0.35082247853279114, 0.8277366757392883, 8.127591133117676, 0.12634633481502533, 0.1495724469423294, 0.000281475018709898, 0.3471568822860718, 0.20228315889835358, 0.11965199559926987, 0.004870336968451738, 0.0, 0.4104061424732208, 1.4302791357040405, 0.8325203061103821, 0.23103772103786469, 0.4004872739315033, 0.0, 0.0899573564529419, 0.0, 3.983942747116089, 2.7750861644744873, 0.1524665653705597, 0.19765929877758026, 0.428101509809494, 0.39786627888679504, 0.08970633149147034, 0.041631728410720825, 0.0, 0.07342091202735901, 0.6495299339294434, 0.03739344701170921, 0.03579016774892807, 0.3759418725967407, 0.0, 1.201706051826477, 0.0, 0.0, 2.215191602706909, 0.04385308921337128, 0.35952743887901306, 0.6606681942939758, 0.13108018040657043, 0.6826567649841309, 0.7870439887046814, 0.11078169196844101, 0.06286020576953888, 0.3726067841053009, 0.009088695980608463, 0.7347504496574402, 0.013413000851869583, 0.0, 0.1928858458995819, 0.0, 0.0, 0.6147826313972473, 0.17598183453083038, 0.0, 0.7061905264854431, 0.0, 0.6787782907485962, 0.995062530040741, 2.2385964393615723, 0.0, 0.0, 0.8093323111534119, 0.2506669759750366, 0.0, 0.1093473806977272, 0.2756524085998535, 0.0, 0.03668738156557083, 0.0, 0.20084220170974731, 0.15936046838760376, 0.09641387313604355, 0.0024228522088378668, 0.2001650333404541, 0.12256798148155212, 0.29782789945602417, 0.0, 0.16651707887649536, 0.020601393654942513, 0.0, 0.0, 0.5239410400390625, 0.17129497230052948, 0.03202760964632034, 0.46651551127433777, 0.0, 0.10873158276081085, 3.0555999279022217, 0.8203451037406921, 0.0, 0.15819507837295532, 0.0, 0.0, 0.25427311658859253, 0.8236933946609497, 2.0656888484954834, 0.08558117598295212, 0.06573770940303802, 0.07459826022386551, 0.0, 0.0, 0.08250179141759872, 0.0, 0.03821244090795517, 0.05904313176870346, 0.26450419425964355, 0.7233266830444336, 0.0, 0.06633001565933228, 0.0, 2.8420865535736084, 2.3749454021453857, 0.0, 0.0, 0.7700850963592529, 0.0, 0.05674097314476967, 0.0, 0.3848302662372589, 0.4841335117816925, 0.016347486525774002, 0.10583102703094482, 0.10524024069309235, 0.0, 0.0, 1.11322021484375, 0.060945525765419006, 0.0, 0.06324183195829391, 0.027303852140903473, 1.2345064878463745, 0.0, 0.0, 0.33907535672187805, 0.2749320864677429, 0.10412289947271347, 0.03924582526087761, 0.26240426301956177, 1.2897236347198486, 0.07631901651620865, 0.2789243161678314, 0.0, 0.2169652134180069, 1.9190855026245117, 0.3385256230831146, 0.17704688012599945, 0.16945290565490723, 0.09379879385232925, 0.15441635251045227, 0.06065858528017998, 1.14024817943573, 0.8758146166801453, 0.0, 0.10495253652334213, 0.0, 0.10057002305984497, 0.0, 0.0, 0.02922023832798004, 0.18083210289478302, 0.0038881374057382345, 0.0135293398052454, 0.1707378327846527, 0.2232685089111328, 0.003653246443718672, 0.05735404044389725, 0.001050355494953692, 0.0, 0.0, 0.0, 0.05950240045785904, 0.008034995757043362, 0.9479219317436218, 0.1755691021680832, 0.0, 0.012352644465863705, 0.0, 0.06122487038373947, 0.0, 0.0, 0.0, 0.013321146368980408, 0.0151478610932827, 0.28448089957237244, 0.008915546350181103, 0.040160272270441055, 0.03614203631877899, 3.223031520843506, 0.1266440600156784, 0.0, 0.0, 0.34290844202041626, 0.09280455857515335, 0.06861729174852371, 0.24106532335281372, 0.0296153724193573, 0.2586684823036194, 0.36360564827919006, 0.0, 0.05112956464290619, 0.6268725395202637, 1.4739516973495483, 0.0, 0.1676696240901947, 0.9219896793365479, 0.29236268997192383, 0.12912146747112274, 0.0, 0.01909615471959114, 0.0, 1.9017096757888794, 0.0, 0.0, 2.978881597518921, 0.31752604246139526, 1.0913664102554321, 0.017356986179947853, 1.2257564067840576, 1.2142071723937988, 0.4246739447116852, 0.3798030614852905, 0.26787206530570984, 0.0, 0.0, 1.5314182043075562, 0.0, 0.013227713294327259, 0.07018837332725525, 0.0017538921674713492, 1.5889887809753418, 0.0, 0.0, 0.17335689067840576, 0.22443293035030365, 0.04647590592503548, 0.0, 0.4198974370956421, 0.10864334553480148, 0.16046957671642303, 0.0, 0.00384271377697587, 0.03603183105587959, 0.032348256558179855, 0.0681319385766983, 0.24896034598350525, 0.0, 0.010303494520485401, 0.05017237737774849, 0.0, 0.8477172255516052, 1.0504214763641357, 0.7909464836120605, 0.0719374567270279, 0.35616064071655273, 0.0, 0.02148943953216076, 0.3970174491405487, 0.5075742602348328, 0.0, 0.29621362686157227, 0.0, 0.5712049007415771, 0.08623368293046951, 1.000455379486084, 0.0, 0.019836971536278725, 0.0, 0.0, 0.8198316693305969, 0.049369052052497864, 0.007618123199790716, 0.0, 1.5697989463806152, 0.03856782242655754, 0.4445890188217163, 0.011482635512948036, 0.0, 0.04753392934799194, 0.0, 0.25670841336250305, 0.2056131362915039, 0.019904356449842453, 0.0, 0.037821732461452484, 1.4676802158355713, 0.019581755623221397, 0.05912549048662186, 0.07672592252492905, 0.0037357467226684093, 1.8069865703582764, 0.0, 0.0, 0.016015850007534027, 0.05659426376223564, 0.32261836528778076, 0.029511142522096634, 0.025854844599962234, 0.1992177814245224, 0.11635179072618484, 0.0, 0.06905516982078552, 0.0, 0.10714807361364365, 0.0, 0.1461610645055771, 0.41208624839782715, 0.0, 0.0, 0.084886334836483, 1.0094844102859497, 0.05275365337729454, 0.0, 0.2977811396121979, 0.02244592271745205, 0.0, 0.28849655389785767, 0.03564976900815964, 0.6735303997993469, 0.27369827032089233, 0.01724708266556263, 0.06558529287576675, 0.06561163812875748, 0.2298273891210556, 0.0, 0.012520388700067997, 1.0166584253311157, 0.9469324350357056, 0.10197634249925613, 0.06836094707250595, 0.005488205701112747, 0.5846675038337708, 0.03335791081190109, 0.7046465873718262, 0.592994749546051, 0.785264253616333, 0.0, 0.13320671021938324, 0.6021837592124939, 0.532410740852356, 0.3281821310520172, 1.0235131978988647, 0.0, 0.0, 0.8833708763122559, 0.0, 0.09037366509437561, 0.004437466152012348, 0.1615818440914154, 0.0, 1.0572733879089355, 0.1867060363292694, 0.0, 0.12201618403196335, 0.17748211324214935, 0.0, 0.6948795914649963, 1.1645092964172363, 0.040169019252061844, 0.2628311514854431, 0.09589150547981262, 0.45236167311668396, 0.2984768748283386, 0.5364339351654053, 1.8652034997940063, 0.0, 0.10610967874526978, 0.3074418604373932, 0.012094186618924141, 0.012810892425477505, 0.05581601709127426, 0.0, 0.026493674144148827, 1.020256519317627, 0.9834093451499939, 1.1875507831573486, 0.3334553837776184, 0.04410143941640854, 0.005103665869683027, 0.6597804427146912, 0.13277530670166016, 0.3037916421890259, 1.2749230861663818, 0.013217302970588207, 0.5316252708435059, 0.11580344289541245, 0.010929453186690807, 0.3502906560897827, 0.26023030281066895, 0.0, 0.04168802499771118, 0.0, 0.0020019132643938065, 0.09123200923204422, 0.3129425048828125, 0.16952313482761383, 0.0969533696770668, 0.6630300283432007, 0.0, 0.18056368827819824, 0.5748409628868103, 0.8324337601661682, 0.015957960858941078, 0.011129213497042656, 0.5012852549552917, 0.20390433073043823, 0.015183926559984684, 0.1689828336238861, 0.27735593914985657, 0.1479833722114563, 0.18261291086673737, 0.0, 0.10682705789804459, 0.235477015376091, 0.44873109459877014, 0.39084675908088684, 0.010511096566915512, 0.013542501255869865, 0.0, 0.0, 3.648648738861084, 0.15409579873085022, 0.434996634721756, 0.505393385887146, 0.0, 0.0010925799142569304, 0.227463036775589, 0.06877923756837845, 1.74819016456604, 0.08529367297887802, 0.011083687655627728, 0.016901448369026184, 0.0, 0.08848443627357483, 0.9589781761169434, 0.2248433530330658, 0.3537977635860443, 0.3028290271759033, 0.01187040377408266, 1.2979824542999268, 1.0485800504684448, 0.05675780400633812, 0.08641180396080017, 0.14889805018901825, 0.08893749862909317, 0.4030880033969879, 0.795172393321991, 0.1579301655292511, 0.0, 0.036179181188344955, 0.4352051913738251, 1.0356543064117432, 0.2550183832645416, 0.42776525020599365, 0.0, 0.021811753511428833, 0.00907763373106718, 0.04568598046898842, 0.0, 0.3160015344619751, 0.01690472476184368, 0.11338989436626434, 0.05412320792675018, 0.11563201993703842, 0.09684474766254425, 0.0346892811357975, 0.04793282970786095, 0.6637449264526367, 0.0, 0.6238382458686829, 0.154292032122612, 0.11483898758888245, 1.6818017959594727, 0.0029223221354186535, 0.006763956975191832, 0.0, 2.642976760864258, 0.03322009742259979, 0.0, 0.16898229718208313, 0.916382908821106, 0.0030172746628522873, 0.16675491631031036, 0.08251482248306274, 0.14246542751789093, 1.4907729625701904, 0.023852737620472908, 0.0, 0.4228164255619049, 0.008647480979561806, 0.3953440189361572, 0.16528712213039398, 0.0, 0.0, 0.02363506704568863, 0.0, 0.5297332406044006, 0.3719688057899475, 0.21039168536663055, 0.4925953149795532, 0.0, 0.23953849077224731, 0.46075791120529175, 0.16248011589050293, 0.0, 3.103712797164917, 0.6557629704475403, 1.034802794456482, 0.03367311879992485, 1.1149301528930664, 0.0, 0.46886491775512695, 1.8039984703063965, 0.0, 0.19012165069580078, 0.2529970705509186, 0.009662901051342487, 0.7685462832450867, 0.016354884952306747, 0.10048503428697586, 0.0, 0.008563082665205002, 0.0, 0.1924237757921219, 0.0, 0.0, 0.0, 0.04228077456355095, 0.8067223429679871, 0.36389389634132385, 0.046342674642801285, 0.07313995063304901, 0.8789711594581604, 0.7255569696426392, 1.5689058303833008, 0.06316699087619781, 0.05336366221308708, 0.14022156596183777, 0.11671122908592224, 0.015211409889161587, 0.012064600363373756, 1.0808407068252563, 0.08222226798534393, 0.0, 0.0018003886798396707, 0.21154770255088806, 0.2703264653682709, 0.0, 2.4256484508514404, 0.0, 0.6183152198791504, 0.0, 0.0, 0.040274571627378464, 0.999602198600769, 0.0, 0.2618359327316284, 0.11496610939502716, 0.04544786363840103, 0.06284018605947495, 1.8200286626815796, 0.016775401309132576, 0.04508943110704422, 0.007138442248106003, 0.0, 0.1636384129524231, 0.0, 0.01104588620364666, 0.0, 0.6133554577827454, 0.051850635558366776, 0.47567734122276306, 0.0, 0.6470715999603271, 0.04235033690929413, 0.0, 0.025177473202347755, 0.0947406142950058, 0.0, 0.0745745524764061, 0.0, 0.23447473347187042, 0.30404722690582275, 0.27569669485092163, 0.0, 0.0, 0.172306627035141, 0.0, 0.12661123275756836, 0.0, 0.6336312294006348, 0.11806739121675491, 0.04859369993209839, 0.033113885670900345, 0.3239527642726898, 3.5179572105407715, 0.6070998311042786, 0.0, 0.768670380115509, 0.0014377126935869455, 0.015681402757763863, 0.2818746566772461, 0.014915133826434612, 1.9866164922714233, 0.861574113368988, 0.7722260355949402, 0.0, 0.7558696269989014, 0.5339685082435608, 0.8291203379631042, 0.49376246333122253, 0.07828447967767715, 0.11937092989683151, 0.023364758118987083, 0.08022253960371017, 0.2197842299938202, 0.014534005895256996, 0.017008736729621887, 0.0, 0.0, 0.0, 0.04789008945226669, 2.520611524581909, 0.0, 0.2937701940536499, 3.5928046703338623, 0.0, 0.9375214576721191, 0.9373051524162292, 0.0025541684590280056, 0.7702298164367676, 0.008262702263891697, 0.002297749277204275, 0.0, 1.9625540971755981, 1.51331627368927, 0.09334371238946915, 0.011934737674891949, 0.025323811918497086, 0.0, 0.03421635180711746, 0.0004307980416342616, 1.2334059476852417, 0.1362912654876709, 0.9935192465782166, 0.0, 0.031569499522447586, 0.0, 0.11832046508789062, 0.0, 0.061523232609033585, 0.003055647946894169, 0.1447560042142868, 0.2915765643119812, 0.2882489562034607, 0.0, 0.0, 0.04665233567357063, 0.0, 0.0425993874669075, 0.41837742924690247, 0.0, 0.06831631064414978, 0.03934365510940552, 0.19765788316726685, 0.0, 0.0, 0.1348210722208023, 0.0, 0.15393754839897156, 0.012300335802137852, 1.5530513525009155, 0.0, 0.0, 0.5190345644950867, 0.10332667827606201, 0.008388076908886433, 0.06623731553554535, 0.012824846431612968, 0.6566546559333801, 0.07354380935430527, 0.015272938646376133, 0.0, 1.5104243755340576, 0.11323042958974838, 0.04604652151465416, 1.126068115234375, 0.3266982138156891, 3.260204792022705, 0.0, 0.2751253545284271, 1.3073471784591675, 0.06593653559684753, 1.1256715059280396, 0.21595726907253265, 0.21156996488571167, 0.00575872091576457, 0.18893443048000336, 0.8606925010681152, 0.06595171988010406, 0.09330423176288605, 2.0022714138031006, 0.07614537328481674, 0.4645936191082001, 0.0, 0.1580352634191513, 0.9916211366653442, 0.21457208693027496, 0.24614301323890686, 0.5841907858848572, 0.0, 0.059460099786520004, 0.0, 0.2208176702260971, 0.13911013305187225, 0.0, 1.025713562965393, 0.20653589069843292, 0.0163037721067667, 0.39551466703414917, 0.07144775986671448, 0.0, 0.0, 0.0, 0.6001784801483154, 0.0, 1.9655288457870483, 0.22090919315814972, 0.0, 5.920193195343018, 0.0, 0.07605105638504028, 1.0386806726455688, 0.02965221181511879, 1.9192742109298706, 0.3190148174762726, 0.021598592400550842, 2.802041530609131, 0.3784625828266144, 0.1393582820892334, 0.14191940426826477, 0.0, 0.6113148331642151, 1.381206750869751, 0.010387318208813667, 0.0, 0.014994733035564423, 0.22429975867271423, 0.043082501739263535, 0.0, 0.0, 0.24717096984386444, 0.0, 0.0, 0.024850470945239067, 0.16630502045154572, 1.649161458015442, 0.0925128310918808, 1.2395105361938477, 0.0, 0.0, 0.0, 0.12667076289653778, 0.0, 0.13184212148189545, 0.03878596052527428, 0.05615779012441635, 0.0, 0.0, 0.5066106915473938, 0.1795603334903717, 0.5448811650276184, 0.1819165050983429, 1.4245049953460693, 0.043855831027030945, 0.2851877808570862, 0.22401200234889984, 0.05177357420325279, 0.01952049694955349, 1.1946086883544922, 0.1290247142314911, 0.0, 0.3382556438446045, 3.8650972843170166, 0.4193746745586395, 0.0, 0.0, 0.0001438247854821384, 0.7255434393882751, 0.0, 0.0, 0.0, 0.07098003476858139, 0.01709822751581669, 0.07790210098028183, 0.5146040916442871, 1.0313496589660645, 1.3714019060134888, 0.07069716602563858, 0.028446199372410774, 0.2791914939880371, 0.14226917922496796, 0.099211685359478, 0.30189695954322815, 0.2672063112258911, 0.0, 0.2255413681268692, 0.42253968119621277, 0.10142381489276886, 0.18499572575092316, 0.0, 0.14820383489131927, 0.0012039894936606288, 0.14529919624328613, 0.3470211327075958, 0.0, 1.47426438331604, 0.02394002303481102, 0.29437848925590515, 0.679309070110321, 0.07379420846700668, 0.0, 0.001181857893243432, 0.08994531631469727, 0.0, 0.007253977935761213, 0.0, 0.01671857200562954, 0.0, 0.9623872637748718, 0.06962595880031586, 0.1417456418275833, 0.0, 0.19950354099273682, 0.042653705924749374, 0.029769495129585266, 0.5685287117958069, 0.957368791103363, 0.36925849318504333, 0.0, 0.00712182791903615, 0.0, 0.2014997899532318, 0.03879529610276222, 0.013488810509443283, 0.030145075172185898, 0.003301878459751606, 0.1928456425666809, 0.009509115479886532, 0.002535540144890547, 0.0, 0.7315519452095032, 0.15993072092533112, 0.6957598924636841, 0.017600541934370995, 0.0, 0.0, 0.021894821897149086, 0.30320844054222107, 0.21027424931526184, 0.24331383407115936, 4.248518943786621, 0.20744451880455017, 0.12960606813430786, 0.07300572842359543, 1.002920150756836, 2.7800447940826416, 0.07882408052682877, 1.6805400848388672, 0.39906054735183716, 2.6149742603302, 0.0, 0.0, 0.061614323407411575, 0.0, 0.10546573251485825, 0.060158438980579376, 0.20427517592906952, 0.1437666416168213, 0.026863988488912582, 0.03141702711582184, 0.14865651726722717, 0.01786557212471962, 0.0, 0.0010580699890851974, 0.9334263205528259, 0.09918174892663956, 0.1953544169664383, 0.2913953959941864, 0.0, 0.02622678130865097, 0.034173134714365005, 0.47005462646484375, 0.2736961543560028, 0.28366366028785706, 0.036348700523376465, 0.12369352579116821, 0.09529224783182144, 3.7103824615478516, 0.011675951071083546, 0.531498908996582, 0.06836352497339249, 0.006201442331075668, 0.0681205615401268, 0.004947073757648468, 0.0, 0.04896784946322441, 0.6200690865516663, 0.01842917688190937, 0.010184657759964466, 0.0, 0.0, 0.0, 0.008981612510979176, 0.5925593972206116, 1.1474915742874146, 0.4047320485115051, 0.0, 0.5294064283370972, 0.2553628385066986, 0.03197772055864334, 0.5809487104415894, 0.010157025419175625, 0.06265032291412354, 0.0, 0.0, 0.08959996700286865, 0.11062727123498917, 0.12138084322214127, 0.0301474891602993, 0.011634578928351402, 2.8509538173675537, 0.38454946875572205, 0.0, 0.06781047582626343, 0.20991827547550201, 0.0, 1.1623563766479492, 0.0, 0.0017213529208675027, 0.0, 0.22905755043029785, 1.8743759393692017, 0.03931422904133797, 0.48358672857284546, 0.0, 0.49011650681495667, 0.937288761138916, 0.025022877380251884, 0.9880926012992859, 0.16635116934776306, 0.30510544776916504, 0.722906231880188, 9.061100006103516, 0.0, 0.03306598588824272, 0.041017234325408936, 0.9078173041343689, 0.0, 0.019975950941443443, 1.528851866722107, 0.0, 0.7558979988098145, 0.009406196884810925, 1.9034429788589478, 0.0, 0.010575925000011921, 0.23061485588550568, 0.12328050285577774, 0.11646205186843872, 0.0, 0.0, 0.0, 0.7372357249259949, 0.03989066556096077, 0.012704858556389809, 0.0, 0.16714803874492645, 0.02378063276410103, 0.0, 0.06350354850292206, 0.1146259605884552, 0.0, 0.03249330818653107, 0.437041699886322, 0.41077470779418945, 0.20967718958854675, 3.5908260345458984, 0.0, 0.08262147754430771, 0.03636958822607994, 0.022328609600663185, 0.39265426993370056, 0.021135440096259117, 0.29996809363365173, 0.44437509775161743, 0.10741163045167923, 0.19225673377513885, 0.10731286555528641, 0.03154944255948067, 0.0011646893108263612, 0.0, 0.3827815055847168, 1.8394232988357544, 0.0, 1.914981484413147, 0.0, 0.19540536403656006, 0.1270987093448639, 0.047556400299072266, 0.17001178860664368, 0.01105635054409504, 0.0410018265247345, 0.0, 1.8582053184509277, 0.7853147387504578, 0.12717461585998535, 0.0, 0.0, 0.06417500972747803, 0.8657453656196594, 0.0, 0.06907440721988678, 0.8544560670852661, 0.30459603667259216, 0.001806294429115951, 0.08772546052932739, 0.504705548286438, 0.9132413268089294, 0.272024005651474, 0.8228105902671814, 0.0, 0.03725726902484894, 0.06362435966730118, 0.16218028962612152, 0.03022407926619053, 0.009763690643012524, 1.1897886991500854, 0.5480701923370361, 0.0, 0.030416304245591164, 0.0, 0.0, 0.010846836492419243, 0.483548641204834, 0.663153886795044, 0.026078345254063606, 0.050457827746868134, 0.29981470108032227, 0.0, 0.0005519268452189863, 0.12078990042209625, 0.0, 0.0, 0.0, 0.24405308067798615, 0.11301243305206299, 0.4311359226703644, 1.1484243869781494, 0.0, 0.012811903841793537, 1.2194052934646606, 1.0934849977493286, 0.09949308633804321, 2.719431540754158e-05, 0.0342562235891819, 0.10697560757398605, 0.0, 0.0, 0.2730998992919922, 0.320345401763916, 0.10539732128381729, 0.02739475667476654, 0.3357852101325989, 0.0, 1.1857898235321045, 0.658349871635437, 0.0, 0.6124023795127869, 0.05803122743964195, 0.007414545398205519, 0.13801471889019012, 0.06282597035169601, 0.2255645990371704, 0.0, 0.018719371408224106, 0.0, 0.08271212130784988, 0.20271624624729156, 0.0010831744875758886, 0.2798490822315216, 0.0, 0.3314589560031891, 0.0, 0.32036104798316956, 0.0, 0.19033725559711456, 0.2727329432964325, 0.33354878425598145, 0.020964335650205612, 0.008563489653170109, 0.0, 0.9074990153312683, 1.0821422338485718, 0.20299549400806427, 0.0, 0.7608044743537903, 0.024034470319747925, 0.0, 0.05836644396185875, 0.05523829534649849, 0.08105092495679855, 0.13526342809200287, 0.17248904705047607, 0.3650940954685211, 0.41119101643562317, 0.5929015278816223, 0.016341403126716614, 0.06904145330190659, 0.20720113813877106, 0.7280243635177612, 0.0789531022310257, 0.33134737610816956, 0.0, 0.17221234738826752, 0.09702915698289871, 0.0, 0.08751370757818222, 1.149240255355835, 1.9049464464187622, 0.3859809637069702, 2.4943220615386963, 0.6520040035247803, 0.19368267059326172, 0.0, 3.4757449626922607, 0.0, 0.7677518129348755, 0.011777532286942005, 0.5048790574073792, 0.09822442382574081, 0.08349580317735672, 0.3925531208515167, 0.11669528484344482, 0.0, 0.26395925879478455, 0.0, 0.13296835124492645, 0.0438145212829113, 0.5529505014419556, 0.36108940839767456, 1.194083333015442, 0.2628363072872162, 0.0, 0.029264582321047783, 0.0, 0.0, 0.0, 0.3773064911365509, 0.03297140449285507, 0.5226837396621704, 0.41571396589279175, 1.5000524520874023, 0.4088622033596039, 0.025081627070903778, 0.0, 0.0, 0.0, 0.19160306453704834, 0.0, 0.3185199499130249, 0.1899883896112442, 0.12364301830530167, 0.019930528476834297, 1.7207351922988892, 0.2654353082180023, 0.0, 1.7811461687088013, 0.14539241790771484]",Testing/glioma_tumor/image(27).jpg
"[0.15716388821601868, 0.25419753789901733, 0.05401206016540527, 0.5416999459266663, 1.0484893321990967, 0.0, 4.052960395812988, 0.022952694445848465, 0.0, 0.0, 0.0, 0.09816929697990417, 0.6507881283760071, 1.10417902469635, 0.04831286892294884, 0.05756734311580658, 0.0, 0.32606881856918335, 0.005242267623543739, 0.03336744010448456, 0.384564608335495, 1.7133780717849731, 2.3205108642578125, 0.015880677849054337, 0.09740717709064484, 0.10045243054628372, 1.9311585426330566, 0.3606819212436676, 0.039291754364967346, 0.0, 0.002662284066900611, 0.05095658078789711, 3.28855562210083, 0.19258780777454376, 1.2836920022964478, 0.7405707836151123, 0.04408404231071472, 0.03267249837517738, 0.011182312853634357, 0.0, 3.2530720233917236, 1.895993947982788, 0.4837561547756195, 0.1302037388086319, 0.0050103566609323025, 0.15937434136867523, 0.0, 0.0, 0.0, 0.29758694767951965, 0.33639898896217346, 0.9450521469116211, 1.5227198600769043, 0.1349542886018753, 2.213860273361206, 1.7781895399093628, 0.44475534558296204, 0.23131722211837769, 1.307003140449524, 0.039779044687747955, 0.32713520526885986, 1.7332782745361328, 1.346789002418518, 1.6085835695266724, 0.20468711853027344, 0.01680087484419346, 0.4428662359714508, 0.1767420470714569, 0.4338901937007904, 0.0, 0.5859726667404175, 0.0012945325579494238, 0.08882281929254532, 2.8820600509643555, 0.7919737100601196, 0.17421981692314148, 1.3460930585861206, 0.15755918622016907, 0.0, 0.023693542927503586, 0.08651809394359589, 0.0, 1.6072112321853638, 0.0062433285638689995, 0.8944137692451477, 0.01889164000749588, 1.7879009246826172, 0.2878134846687317, 0.045959390699863434, 0.10375791043043137, 2.6106066703796387, 0.6778383851051331, 0.11866410076618195, 0.7963567972183228, 0.0, 0.0, 0.3890265226364136, 0.025152577087283134, 0.06886336207389832, 0.07483714818954468, 0.022221764549613, 0.7878405451774597, 0.16575488448143005, 0.10900234431028366, 1.0394576787948608, 0.16118787229061127, 0.6388673186302185, 1.571049451828003, 0.7935810685157776, 2.0934503078460693, 0.0, 0.43314218521118164, 0.1214878186583519, 0.15616628527641296, 0.42558789253234863, 0.15126025676727295, 0.012376165948808193, 1.2953977584838867, 0.0, 0.35270193219184875, 0.022298112511634827, 0.009707529097795486, 0.0066749174147844315, 0.205413356423378, 0.3007320463657379, 0.7743553519248962, 0.0, 0.2670838236808777, 1.3818986415863037, 0.0, 0.027724752202630043, 0.972496747970581, 0.003912521991878748, 0.04740499332547188, 0.035960812121629715, 0.0, 0.35717886686325073, 0.0, 0.020096788182854652, 0.21089428663253784, 0.09816262871026993, 0.22367841005325317, 0.003307863138616085, 0.03238267824053764, 0.0, 0.0, 0.019497204571962357, 0.654638946056366, 0.06817863136529922, 0.14936459064483643, 0.6721038222312927, 0.8779029250144958, 0.1690571904182434, 0.1265861690044403, 0.16399231553077698, 0.44903549551963806, 0.0, 0.0, 0.9793986082077026, 0.014898974448442459, 1.0315684080123901, 0.9045962691307068, 0.0, 0.18747887015342712, 0.0, 0.0014282051706686616, 0.20606550574302673, 0.44131338596343994, 0.3542162775993347, 7.3077874183654785, 0.8177888989448547, 0.0, 0.020101601257920265, 0.32167893648147583, 0.9828734397888184, 0.02542402781546116, 0.0, 0.6507120132446289, 0.06532074511051178, 1.5579030513763428, 0.04296575114130974, 0.0, 0.04118673503398895, 0.09916995465755463, 0.24225087463855743, 0.32076653838157654, 0.28054195642471313, 1.5586636066436768, 0.6940553784370422, 0.0, 0.034664854407310486, 0.05369964987039566, 0.01048640813678503, 0.0, 0.00526123633608222, 0.11887356638908386, 0.09329087287187576, 0.2514798939228058, 0.0, 0.24465054273605347, 0.43164563179016113, 1.1915464401245117, 0.0, 0.057838331907987595, 2.7004926204681396, 0.5030209422111511, 0.0, 0.0, 1.5550007820129395, 0.02585093304514885, 0.6462013721466064, 1.4803597927093506, 0.0, 0.9428269267082214, 0.021064486354589462, 0.4754790961742401, 0.1067720502614975, 0.2135019451379776, 0.05810903385281563, 0.0007640828844159842, 1.0547960996627808, 0.13710859417915344, 1.332270622253418, 0.08190832287073135, 0.0, 1.628914713859558, 0.7074651122093201, 0.22023659944534302, 0.7164504528045654, 0.0, 0.3815711736679077, 0.34417182207107544, 0.20887145400047302, 2.532123565673828, 0.20787546038627625, 0.4238131046295166, 0.03085636906325817, 0.2933393716812134, 0.055498335510492325, 0.4696264863014221, 0.14185255765914917, 0.16066056489944458, 0.8555442690849304, 0.016933005303144455, 0.31050804257392883, 0.0, 0.08020082116127014, 1.4738149642944336, 0.0, 2.0450029373168945, 0.3206760585308075, 0.027647938579320908, 2.12705659866333, 1.3609843254089355, 0.04558706283569336, 0.5092219114303589, 0.03832295164465904, 1.1415722370147705, 0.0861196294426918, 0.24825268983840942, 0.0, 0.040787387639284134, 2.5490829944610596, 0.006202413234859705, 0.0, 0.057808030396699905, 0.02010488510131836, 0.22274212539196014, 0.0, 0.024761594831943512, 0.5670260787010193, 0.0, 0.8311610221862793, 0.048912614583969116, 4.5593461990356445, 0.35816192626953125, 0.13759757578372955, 0.4681988060474396, 0.3553221523761749, 0.0, 0.9561780095100403, 0.7655935287475586, 1.3616987466812134, 0.2581595182418823, 0.5991000533103943, 0.2697025239467621, 0.4889940619468689, 0.01704876683652401, 0.051702070981264114, 0.042686525732278824, 0.4240450859069824, 0.05882291495800018, 0.0, 0.0, 0.05823693051934242, 4.307147979736328, 0.04148773103952408, 0.015421020798385143, 1.3330206871032715, 0.0, 0.19638985395431519, 0.13467085361480713, 3.8476600646972656, 0.5588005185127258, 1.2638089656829834, 0.09013471007347107, 0.015221796929836273, 0.15956377983093262, 0.003962542396038771, 0.41826221346855164, 0.0071021439507603645, 0.6435448527336121, 0.509329080581665, 0.29301881790161133, 0.2968297600746155, 0.675956130027771, 0.5431674122810364, 0.06025240197777748, 0.0, 0.4128073453903198, 0.051850758492946625, 0.003399543697014451, 0.11274182051420212, 0.03975033387541771, 0.13257107138633728, 0.05201458930969238, 0.8447988033294678, 0.16180847585201263, 3.723037004470825, 1.1831750869750977, 0.12638932466506958, 0.034582022577524185, 0.29724934697151184, 0.9054489731788635, 0.021094366908073425, 0.11306438595056534, 3.6241188049316406, 1.1889969110488892, 1.3856338262557983, 0.11821485310792923, 0.24726715683937073, 0.001499740406870842, 0.0, 0.043119415640830994, 0.0, 0.7888178825378418, 0.7154091596603394, 0.08664727956056595, 0.3593606650829315, 0.7653590440750122, 0.269545316696167, 0.6774951219558716, 0.4985601603984833, 0.007441009860485792, 0.06520353257656097, 0.06209186464548111, 0.15138180553913116, 0.003298260737210512, 0.15660345554351807, 0.11129283905029297, 0.32637402415275574, 1.4264260530471802, 0.4860072135925293, 0.10548784583806992, 0.29596734046936035, 0.4258477985858917, 0.10870827734470367, 0.03178425878286362, 0.8025293946266174, 1.5084391832351685, 0.11947375535964966, 0.04549388587474823, 0.9973563551902771, 2.2921664714813232, 0.34622710943222046, 0.01268971711397171, 2.172987461090088, 1.347428798675537, 0.003021602751687169, 0.005712314508855343, 0.1293116807937622, 0.27183371782302856, 0.0, 0.020367296412587166, 0.2766171991825104, 0.08153945952653885, 1.9895424842834473, 0.0, 0.0, 0.04059608280658722, 0.0, 0.12007313221693039, 0.19449394941329956, 0.0, 0.2047826051712036, 5.805643558502197, 0.01907840184867382, 1.4991283416748047, 0.0, 0.020873501896858215, 0.9768518209457397, 0.0, 0.39913737773895264, 0.00833333469927311, 0.023616401478648186, 2.955221652984619, 0.36680683493614197, 0.0732804387807846, 0.3940863311290741, 0.6388335227966309, 0.11693339794874191, 0.001719603780657053, 0.0, 0.0, 0.003462735563516617, 3.6052212715148926, 0.0, 0.07286987453699112, 0.3579486012458801, 0.34565261006355286, 0.7009546756744385, 0.5846608877182007, 0.09738136827945709, 0.36973652243614197, 0.0, 0.0, 0.06850674003362656, 0.4100390076637268, 0.26986658573150635, 0.017576176673173904, 0.33299505710601807, 0.5924110412597656, 1.4410958290100098, 0.09565463662147522, 0.1490005999803543, 1.8331928253173828, 0.0, 2.762263059616089, 0.3901127874851227, 0.09558936208486557, 0.010752392932772636, 0.0, 1.797446846961975, 0.32176560163497925, 0.18251502513885498, 0.005488016176968813, 0.04855426400899887, 0.3934713900089264, 0.09671398997306824, 0.06722918152809143, 0.5219870805740356, 0.02054831013083458, 0.02143855392932892, 0.0, 0.07137688994407654, 0.058064382523298264, 0.17005416750907898, 0.0661013275384903, 0.0, 2.1813318729400635, 0.15186479687690735, 1.0008505582809448, 0.43904396891593933, 0.04561033099889755, 0.11064186692237854, 0.11725816130638123, 0.012576526962220669, 0.6805129051208496, 0.31508538126945496, 0.0, 0.09022718667984009, 0.03262549638748169, 0.705580472946167, 0.3056284189224243, 0.044008348137140274, 0.0, 0.11703529953956604, 0.0, 0.0, 0.762181282043457, 0.19018562138080597, 0.372565358877182, 0.7113228440284729, 0.018878644332289696, 0.006221111863851547, 0.12096631526947021, 0.0, 0.04660104587674141, 0.6732576489448547, 0.0, 0.2508423328399658, 2.2654004096984863, 0.5374907851219177, 0.05089975520968437, 1.7887808084487915, 0.0, 0.01758156344294548, 0.20294153690338135, 0.4602029025554657, 0.14634668827056885, 0.28398916125297546, 0.8974112868309021, 0.6003516912460327, 3.784846305847168, 0.018576715141534805, 0.06603038311004639, 0.14194798469543457, 0.028099751099944115, 0.28488996624946594, 0.4253031611442566, 0.0, 0.22731013596057892, 0.10116127878427505, 0.48694610595703125, 0.28463977575302124, 0.4758715033531189, 0.12751151621341705, 0.129629984498024, 0.5070361495018005, 0.16996949911117554, 0.008758747018873692, 0.3872402608394623, 0.030117075890302658, 0.5690540075302124, 0.0, 0.4626937508583069, 0.0, 0.0, 0.1936836838722229, 0.7334635853767395, 0.8710528612136841, 1.0211498737335205, 2.1584866046905518, 2.892194986343384, 0.0729123204946518, 0.26018524169921875, 1.8508508205413818, 0.5314755439758301, 0.006765112746506929, 0.1637410968542099, 0.06270930916070938, 0.31417155265808105, 0.0692165419459343, 0.23919333517551422, 1.0123659372329712, 0.7113251090049744, 0.04916324466466904, 0.32080525159835815, 0.4916127920150757, 0.0, 0.08039095252752304, 0.3055333197116852, 0.45228955149650574, 0.0006887693889439106, 1.198862075805664, 1.7185477018356323, 0.9474917054176331, 0.04027465358376503, 0.24333374202251434, 0.06527996808290482, 3.6756858825683594, 0.13779763877391815, 0.5966413021087646, 0.0, 0.0, 0.1631850004196167, 1.0931308269500732, 0.12479279935359955, 1.3118788003921509, 0.0, 0.4148033559322357, 0.27545320987701416, 0.8480369448661804, 0.15151134133338928, 0.009365015663206577, 1.4985376596450806, 0.0, 2.1086087226867676, 0.11712391674518585, 0.1755073070526123, 2.723233222961426, 0.0, 0.0, 0.10516547411680222, 0.0, 0.05538845434784889, 0.0, 0.23162484169006348, 8.405470907746349e-06, 0.0, 0.1543336659669876, 0.00010784305050037801, 0.3557940125465393, 0.0026275869458913803, 0.1839701235294342, 0.07996221631765366, 0.0, 0.06116456538438797, 0.04164150729775429, 0.21299156546592712, 0.46784380078315735, 0.0, 2.9096174240112305, 0.8097614645957947, 0.012193317525088787, 0.09204801917076111, 2.005354642868042, 0.11555659770965576, 0.12912742793560028, 1.214492678642273, 0.3185587525367737, 0.09842977672815323, 0.096320241689682, 0.7698349952697754, 0.028113197535276413, 0.00524096330627799, 0.07401280850172043, 0.18019354343414307, 0.0, 0.08588403463363647, 0.8087285757064819, 0.03727336972951889, 4.433679580688477, 0.012714619748294353, 2.091498851776123, 0.029318898916244507, 0.14797309041023254, 0.03712861239910126, 0.0, 0.13194046914577484, 0.1184808760881424, 0.0630016103386879, 0.07651784271001816, 0.015587130561470985, 0.02882172167301178, 0.0, 0.2267652302980423, 0.0, 0.0, 0.5591219067573547, 1.8270716667175293, 0.24497179687023163, 1.1145402193069458, 0.19677148759365082, 0.0, 0.3928546607494354, 3.021613359451294, 0.06420999765396118, 0.029882313683629036, 0.0, 1.6380338668823242, 0.22039039433002472, 0.39073893427848816, 0.0, 2.7834322452545166, 0.08768930286169052, 0.13864655792713165, 0.0, 0.5271060466766357, 0.0, 0.5829065442085266, 0.0, 0.137354776263237, 0.118744395673275, 0.8082981705665588, 0.005182409659028053, 2.233705520629883, 0.47887882590293884, 0.0, 0.04177207499742508, 0.0, 0.2022569626569748, 0.03199939802289009, 0.13502147793769836, 0.027777589857578278, 0.3362889587879181, 0.0, 0.1254071444272995, 0.0, 2.758216381072998, 2.7100436687469482, 0.7432072758674622, 0.005018813069909811, 0.024312175810337067, 1.7019730806350708, 1.0783149003982544, 0.0009557203156873584, 0.6682582497596741, 0.7179229259490967, 0.0170802753418684, 0.039828382432460785, 0.12031516432762146, 0.14996030926704407, 0.050750307738780975, 0.01805218681693077, 0.8753386735916138, 0.31715574860572815, 0.2104635387659073, 0.013994734734296799, 0.0, 0.24231205880641937, 0.020204758271574974, 0.6960707902908325, 0.09971275925636292, 0.0, 0.037930890917778015, 0.8814623951911926, 2.534132719039917, 2.904926300048828, 0.0, 2.368124485015869, 0.027227533981204033, 0.03209066018462181, 0.0014896952779963613, 0.017830517143011093, 0.0, 0.10499528795480728, 0.05423514544963837, 0.0, 0.0, 0.44855615496635437, 1.8493480682373047, 0.37098681926727295, 0.07817105203866959, 0.09902629256248474, 3.636659622192383, 1.1384092569351196, 0.2851589620113373, 0.004736403934657574, 0.9334309101104736, 0.11511564999818802, 0.4146956205368042, 0.08958294242620468, 0.366582989692688, 1.4082250595092773, 0.17207330465316772, 0.2531718909740448, 0.4276203215122223, 0.3701663911342621, 0.0593978576362133, 0.16140028834342957, 0.0, 4.550692081451416, 0.028872257098555565, 0.027559027075767517, 0.4033298194408417, 0.21310876309871674, 0.00045544272870756686, 0.21195708215236664, 0.14206472039222717, 0.3680058419704437, 1.4890106916427612, 0.1312200427055359, 0.0565919503569603, 1.0920175313949585, 0.5523527264595032, 0.7290295362472534, 0.026336373761296272, 0.022306665778160095, 0.11325057595968246, 0.623607337474823, 0.33980169892311096, 1.5374253988265991, 2.1308703422546387, 0.0, 0.0, 0.1965736299753189, 0.13045059144496918, 0.6580566167831421, 0.6885800957679749, 0.08068893104791641, 0.0465569794178009, 0.3001699149608612, 0.019695600494742393, 0.26621076464653015, 0.01455189473927021, 0.046223659068346024, 0.08292073011398315, 3.0711469650268555, 0.07856754958629608, 1.1528425216674805, 0.44856709241867065, 0.5746674537658691, 0.011080790311098099, 1.243234395980835, 0.1762464940547943, 0.3593475818634033, 1.138942837715149, 0.15156938135623932, 0.0032399650663137436, 0.6335288882255554, 0.39662498235702515, 0.09856374561786652, 0.23382116854190826, 0.08769896626472473, 0.2863663136959076, 0.0, 0.0, 0.961077094078064, 0.5876340866088867, 0.04766105115413666, 0.0, 0.7743349075317383, 0.10052984952926636, 0.0, 0.0, 2.6328001022338867, 3.4250714778900146, 0.829834520816803, 0.27839162945747375, 0.048738475888967514, 0.17065460979938507, 1.9410861730575562, 0.0, 2.776374101638794, 0.23292432725429535, 2.739352226257324, 0.8639485836029053, 0.021521076560020447, 0.0, 0.08056141436100006, 0.20853938162326813, 0.4728219211101532, 0.26753857731819153, 0.0, 0.8863826394081116, 0.08989280462265015, 0.008610659278929234, 0.9204577803611755, 3.6352531909942627, 0.0333012156188488, 0.7462948560714722, 0.29544615745544434, 1.257015585899353, 0.27473369240760803, 2.173462152481079, 0.0, 0.0, 0.0059302193112671375, 0.03182799369096756, 0.011758629232645035, 0.053830500692129135, 0.8211626410484314, 2.5139310359954834, 1.0746722221374512, 0.47117629647254944, 0.02115560509264469, 0.01440244261175394, 0.2776791453361511, 0.012879590503871441, 0.0, 0.0, 0.280830442905426, 0.046946585178375244, 0.026107920333743095, 0.0, 0.4253053069114685, 0.030108997598290443, 0.24100284278392792, 0.9030293226242065, 0.10845079272985458, 0.09135722368955612, 0.06099382042884827, 0.14457404613494873, 0.6153263449668884, 1.329559326171875, 0.43916717171669006, 0.1207033172249794, 0.01833956502377987, 8.384136199951172, 0.7092549800872803, 0.0, 0.0, 0.3843359649181366, 0.10793504863977432, 0.45156118273735046, 0.4127349555492401, 0.1333051323890686, 1.3179377317428589, 0.2964456081390381, 0.09614962339401245, 1.3291528224945068, 0.04785073921084404, 0.0, 1.3416683673858643, 0.05469483882188797, 1.1474307775497437, 1.0192111730575562, 0.29653868079185486, 0.46860259771347046, 0.0, 0.2241544872522354, 0.12005163729190826, 0.0, 0.16012947261333466, 0.028270959854125977, 0.0, 0.09537763148546219, 0.42803359031677246, 1.8207755088806152, 0.005561946425586939, 0.7845370769500732, 0.005803760141134262, 0.0038192200008779764, 3.9446403980255127, 0.0, 0.2529922425746918, 1.6731115579605103, 0.42142051458358765, 0.037228379398584366, 0.4443930387496948, 0.24476756155490875, 0.08497912436723709, 0.0688701868057251, 0.12085147947072983, 0.9433941841125488, 0.14702637493610382, 0.0, 0.615717887878418, 0.0, 0.0, 0.12714587152004242, 0.0319037064909935, 0.38876593112945557, 0.1522022932767868, 0.21175384521484375, 0.4373132288455963, 1.1380410194396973, 2.3552746772766113, 0.0024693962186574936, 0.0, 0.06560274213552475, 1.113485336303711, 0.0, 0.007400162518024445, 1.4900635480880737, 0.03479641303420067, 0.003873752197250724, 0.0, 0.21738585829734802, 0.5438395142555237, 0.03561776131391525, 0.005724160000681877, 0.03315342217683792, 0.02593197301030159, 0.13943280279636383, 0.09431005269289017, 0.17476467788219452, 0.028956463560461998, 0.15892820060253143, 0.00658161286264658, 1.963613748550415, 0.19174599647521973, 0.15167313814163208, 0.390338659286499, 0.0, 0.04950902238488197, 0.6585380434989929, 0.4805763363838196, 0.0, 0.0532233864068985, 0.0, 0.011800221167504787, 0.3085678517818451, 0.031025733798742294, 1.4154108762741089, 0.2964424192905426, 1.2380098104476929, 0.267011433839798, 0.07644334435462952, 0.0, 0.5283809304237366, 0.22469207644462585, 0.41832810640335083, 0.05977562814950943, 0.008663174696266651, 0.08751806616783142, 0.01091951783746481, 0.6459510922431946, 0.0, 1.3628451824188232, 2.3047099113464355, 0.3956943154335022, 0.051312822848558426, 0.9152621626853943, 0.0016158868093043566, 0.09702897816896439, 0.019346732646226883, 0.20410911738872528, 0.0, 0.07066355645656586, 0.0016018152236938477, 0.022751497104763985, 0.019586358219385147, 0.0636785477399826, 0.02865774743258953, 0.09167701005935669, 0.0, 0.06058124080300331, 0.10371100902557373, 2.2009198665618896, 0.013712084852159023, 0.08897781372070312, 0.24315491318702698, 0.8287941217422485, 1.058086633682251, 0.0, 0.35051316022872925, 1.6660254001617432, 0.037441495805978775, 0.15480633080005646, 0.0020569099579006433, 0.2434527575969696, 3.4144327640533447, 0.4871791899204254, 0.05867798998951912, 0.03710469603538513, 0.07756146043539047, 0.7189106345176697, 0.9514335989952087, 0.6363129615783691, 1.0153753757476807, 0.0, 0.3149319589138031, 0.3934504985809326, 0.08896329253911972, 0.18614578247070312, 0.0, 0.1208113431930542, 0.37717413902282715, 0.0118820546194911, 0.5007545948028564, 0.11517250537872314, 0.08209606260061264, 0.08021140843629837, 0.5445252656936646, 0.2940855622291565, 0.04614408686757088, 0.029926221817731857, 0.0, 0.0, 0.008450726047158241, 0.6675746440887451, 0.12423254549503326, 0.18979550898075104, 0.014504865743219852, 0.0, 0.08995591104030609, 0.22154304385185242, 0.06301211565732956, 0.37957775592803955, 0.0338609404861927, 0.08258082717657089, 0.2198382169008255, 0.0, 0.2297149896621704, 0.28733381628990173, 2.450979709625244, 0.0, 0.291217565536499, 0.0, 0.1168285384774208, 0.4359877407550812, 0.005718167871236801, 0.12506650388240814, 0.0, 1.1021177768707275, 0.6312373280525208, 0.0, 0.2633415162563324, 0.2700803577899933, 4.1907148361206055, 0.0, 0.24851836264133453, 0.5222905874252319, 0.0, 0.054405756294727325, 0.06529340147972107, 0.10406750440597534, 0.4516921937465668, 1.8871643543243408, 0.027267925441265106, 0.3482379615306854, 1.78441321849823, 0.03326350450515747, 0.3474496603012085, 0.04000617936253548, 2.83463978767395, 1.0468178987503052, 0.32871687412261963, 0.19273483753204346, 0.09249363094568253, 0.0, 0.0227261520922184, 3.2280733585357666, 0.0, 0.00962737388908863, 0.1600445955991745, 0.0, 0.6274622082710266, 0.0, 0.006816411390900612, 0.15338841080665588, 0.12029007822275162, 0.07532025128602982, 0.015151413157582283, 0.34383922815322876, 0.05834309756755829, 0.05030469968914986, 0.21319368481636047, 0.18417885899543762, 0.33372610807418823, 0.12778976559638977, 0.11692899465560913, 0.29517585039138794, 0.1449081003665924, 0.0, 0.037449222058057785, 0.5236451029777527, 0.05374150723218918, 1.6024011373519897, 0.39734387397766113, 0.03471820056438446, 0.34130632877349854, 0.0, 0.006304413545876741, 0.9063316583633423, 0.28471195697784424, 0.008913502097129822, 0.009887452237308025, 0.028566306456923485, 1.7870365381240845, 0.19895818829536438, 2.529059648513794, 0.010044506751000881, 0.1827172189950943, 0.007370622828602791, 0.0, 0.09658282995223999, 0.41779717803001404, 0.29793938994407654, 0.012845511548221111, 1.5541815757751465, 0.0, 0.4182637631893158, 0.09068416059017181, 0.0, 0.0, 0.013941343873739243, 0.0, 0.03288377448916435, 0.17893217504024506, 0.009637085720896721, 0.03505564481019974, 0.8172539472579956, 0.04583675414323807, 0.4906884729862213, 0.4080020487308502, 0.0, 1.0009262561798096, 0.0, 0.0, 0.011030909605324268, 0.1364273875951767, 0.14461161196231842, 0.05653397738933563, 0.043689921498298645, 0.33657726645469666, 0.0, 0.1260618269443512, 0.5999139547348022, 0.0736164003610611, 0.05141828581690788, 0.0732642114162445, 0.200321763753891, 0.5353416800498962, 0.0, 0.2505423426628113, 0.0, 2.1427245140075684, 0.10920847952365875, 0.0, 0.0006700826925225556, 0.13744387030601501, 0.0, 0.1025095283985138, 0.04684052616357803, 0.6013196706771851, 0.5608839392662048, 0.6848999261856079, 0.9273322224617004, 0.020765425637364388, 0.10658134520053864, 0.0, 0.0, 0.4758801758289337, 1.648616909980774, 0.09929129481315613, 0.416183203458786, 0.08345851302146912, 0.39380595088005066, 0.033187851309776306, 0.2878894507884979, 0.18273071944713593, 0.8833172917366028, 0.0, 0.07442791759967804, 1.3497410691343248e-05, 0.6358999013900757, 1.0823367834091187, 1.6616235971450806, 0.0085307527333498, 0.006923862732946873, 0.9830411076545715, 0.0, 0.0, 0.0, 0.0, 0.2509329319000244, 0.4785193204879761, 0.4579089283943176, 0.06053280830383301, 0.0, 1.0565627813339233, 0.24842698872089386, 0.09808368980884552, 0.05217352509498596, 0.44626057147979736, 0.46521276235580444, 0.023173293098807335, 0.12459300458431244, 0.04078800976276398, 0.05981121584773064, 4.2869086265563965, 0.0, 0.0, 0.06521782279014587, 0.9297216534614563, 0.18713900446891785, 0.12116967141628265, 0.09339122474193573, 0.0, 0.17802487313747406, 1.5851798057556152, 0.7908788323402405, 0.2654859721660614, 0.006881521549075842, 0.023830633610486984, 0.3485379219055176, 0.09317371994256973, 0.742372989654541, 1.9579565525054932, 0.8812703490257263, 0.1025780662894249, 0.0055939252488315105, 0.0, 2.2580301761627197, 0.026473229750990868, 0.0, 0.022956401109695435, 0.03337038308382034, 0.14116789400577545, 0.47025197744369507, 0.12475055456161499, 0.5985234379768372, 0.5280787348747253, 1.139798879623413, 0.0, 0.7765017151832581, 0.027057092636823654, 0.03103436715900898, 0.17201481759548187, 0.0, 0.5574831366539001, 0.08474976569414139, 0.4719575345516205, 0.12513338029384613, 0.18716353178024292, 0.13593843579292297, 0.05584357678890228, 0.05351153016090393, 0.1755298674106598, 0.1054440438747406, 0.48643848299980164, 0.10301151126623154, 0.4426940977573395, 0.07068376988172531, 0.47448015213012695, 0.36755332350730896, 1.7426456212997437, 0.19499841332435608, 0.0, 1.2659261226654053, 0.0039811525493860245, 0.013954203575849533, 0.0, 0.5370378494262695, 3.0496714115142822, 0.004422516096383333, 0.01497030258178711, 0.2615966498851776, 0.08034834265708923, 0.02071799337863922, 2.578396797180176, 0.0, 0.02263559401035309, 0.8493614792823792, 0.38419508934020996, 0.14361891150474548, 3.6405210494995117, 0.174245685338974, 0.28492969274520874, 0.06764465570449829, 0.0, 0.0, 0.19780801236629486, 0.9476388692855835, 0.11208101361989975, 0.19856277108192444, 1.6654678583145142, 2.1836647987365723, 0.3660643398761749, 0.33425161242485046, 0.0, 0.021876297891139984, 0.0, 0.19388997554779053, 0.0005014818743802607, 0.7615394592285156, 0.35862162709236145, 0.5905188918113708, 0.10174087435007095, 0.3334719240665436, 0.06439289450645447, 0.0, 0.06682201474905014, 1.4783779382705688, 0.06585200875997543, 0.5538231134414673, 0.9657915234565735, 0.07025277614593506, 0.20145341753959656, 0.003887697122991085, 0.00020108661556150764, 0.015512201003730297, 2.6419332027435303, 0.3225313723087311, 0.011634930968284607, 0.08729305863380432, 1.1317640542984009, 0.08339224755764008, 0.23748217523097992, 0.5299859642982483, 0.036808766424655914, 1.9761455059051514, 0.0, 0.0, 0.13789483904838562, 0.16813844442367554, 0.13008858263492584, 0.010144107043743134, 0.16188521683216095, 0.0010883297072723508, 0.08638540655374527, 0.017954252660274506, 1.7028111219406128, 0.05361954867839813, 0.6939277648925781, 0.028670957311987877, 0.06704887002706528, 0.19570979475975037, 0.8119064569473267, 0.6888399124145508, 0.010494764894247055, 4.1630377769470215, 0.6647127270698547, 0.31082215905189514, 0.2461746335029602, 0.20034845173358917, 0.0, 1.338925838470459, 1.0547142028808594, 0.003380748676136136, 1.5286332368850708, 0.36531320214271545, 0.11355879157781601, 1.182360291481018, 0.21139203011989594, 0.38860756158828735, 0.0, 0.0, 0.014337281696498394, 0.003769504837691784, 0.0, 0.011628267355263233, 0.07210593670606613, 0.03259465843439102, 3.5027408599853516, 0.26959773898124695, 0.05869390442967415, 0.031314972788095474, 0.9628692865371704, 0.03715941309928894, 1.939969539642334, 0.2070387601852417, 0.0, 0.13486266136169434, 0.6176005005836487, 1.1611562967300415, 0.0, 0.043264489620923996, 0.616205632686615, 0.03077508509159088, 0.17689210176467896, 0.4829242527484894, 1.5704935789108276, 0.02688724175095558, 0.24064791202545166, 0.007465333212167025, 0.0, 0.0, 0.2984195053577423, 0.0, 0.3648667633533478, 0.05802248790860176, 0.09238198399543762, 0.022397493943572044, 0.0, 0.3568018972873688, 1.7217086553573608, 0.004604234825819731, 0.0, 0.21517544984817505, 0.147128626704216, 0.021661583334207535, 0.04246361553668976, 0.0, 0.04085388034582138, 1.5356740951538086, 0.19812287390232086, 0.07556065171957016, 0.06391376256942749, 1.0296766757965088, 0.0, 0.1022506058216095, 0.1371709406375885, 0.35226884484291077, 0.06348583847284317, 1.314253330230713, 0.035557884722948074, 0.4406459331512451, 0.0, 0.031795673072338104, 0.21378447115421295, 0.0, 0.10831858217716217, 0.28286051750183105, 0.0, 0.0, 0.073597751557827, 1.0341004133224487, 0.1717110425233841, 0.15033118426799774, 1.6781795024871826, 3.5732920169830322, 6.781866550445557, 0.0917813628911972, 1.0286858081817627, 0.29742899537086487, 0.0, 0.644567608833313, 0.17991192638874054, 1.0147805213928223, 0.014461556449532509, 2.0454583168029785, 0.021408742293715477, 1.1744449138641357, 0.2546391487121582, 1.4139810800552368, 0.8679496645927429, 0.15967150032520294, 0.03898652270436287, 0.0, 0.046963293105363846, 0.27699071168899536, 0.015292301774024963, 0.010645591653883457, 0.031094003468751907, 0.06746275722980499, 0.21207264065742493, 0.08100676536560059, 1.9799282550811768, 0.0, 0.1200181245803833, 0.6316617727279663, 0.03357231989502907, 0.23519159853458405, 0.48860272765159607, 0.1590079516172409, 2.7563316822052, 0.50055992603302, 0.43001556396484375, 0.004085877910256386, 2.3269360065460205, 3.0958147048950195, 0.8132340312004089, 0.08884184062480927, 0.03593403100967407, 1.7609429359436035, 0.36363041400909424, 0.0, 1.3657913208007812, 0.07538971304893494, 1.7103766202926636, 0.3950214087963104, 0.012023385614156723, 0.035611264407634735, 0.05620308965444565, 0.07167883962392807, 0.0, 0.3891252279281616, 0.025288596749305725, 0.14020657539367676, 1.9873778820037842, 0.037430256605148315, 0.0, 0.042686305940151215, 0.1437443494796753, 0.3932441473007202, 1.221081256866455, 0.018162542954087257, 0.0, 0.0, 0.7181642651557922, 0.01162470132112503, 0.0, 0.6517534255981445, 0.0, 0.44953131675720215, 0.005167532712221146, 2.39412784576416, 0.027764232829213142, 0.01176364067941904, 0.7405298948287964, 0.19096246361732483, 0.028204653412103653, 0.2026437669992447, 0.10808831453323364, 0.18104970455169678, 0.003706742310896516, 0.5105576515197754, 0.4828687310218811, 1.9548717737197876, 0.07710670679807663, 1.0208591222763062, 1.517011046409607, 2.0913941860198975, 3.3275718688964844, 0.012730821967124939, 0.2137957066297531, 0.47964489459991455, 0.16558843851089478, 0.33724474906921387, 0.5182483196258545, 0.12980295717716217, 0.3117050528526306, 0.0, 1.3331292867660522, 0.22351019084453583, 0.4605790674686432, 0.39337268471717834, 0.016146007925271988, 1.9600317478179932, 0.43888819217681885, 0.2931675314903259, 0.4606998860836029, 0.0029126210138201714, 0.37436333298683167, 0.236580953001976, 0.0, 0.28157079219818115, 0.0, 0.45930391550064087, 0.01089939009398222, 0.042654816061258316, 0.3376065194606781, 0.1854393184185028, 0.11431415379047394, 0.06292220950126648, 0.17193202674388885, 0.2108946442604065, 0.0, 0.006121679209172726, 0.17568093538284302, 0.20293539762496948, 0.9031804800033569, 0.5539029836654663, 0.07258443534374237, 2.2020511627197266, 0.0, 0.6167147755622864, 1.0244640111923218, 0.0813978984951973, 0.7367203235626221, 0.13431665301322937, 0.2124147266149521, 0.8723925948143005, 0.29864633083343506, 0.03734135627746582, 1.3029206991195679, 0.0, 0.5392541885375977, 0.199592724442482, 0.276364266872406, 0.0, 0.45787757635116577, 0.28650757670402527, 0.22151261568069458, 0.3444106876850128, 0.027650104835629463, 0.036492425948381424, 0.3990277945995331, 0.17400987446308136, 1.6008937358856201, 1.9131516218185425, 1.6569403409957886, 1.7655582427978516, 3.760373592376709, 0.0, 0.16048569977283478, 0.0, 1.484513521194458, 0.3090440630912781, 0.0, 0.0, 0.027589187026023865, 0.15051357448101044, 0.04113076999783516, 0.025737062096595764, 0.1430116444826126, 1.1580686569213867, 0.0, 0.13817629218101501, 0.5046693682670593, 0.0, 0.3076987862586975, 0.061039019376039505, 0.00262552872300148, 2.793302536010742, 0.03388763591647148, 0.0, 0.4396355152130127, 0.7676823139190674, 0.21212375164031982, 0.0, 0.00683952821418643, 0.0, 0.0, 0.0, 0.06746596843004227, 0.1674475520849228, 1.1019372940063477, 0.3614504933357239, 0.0, 0.22682766616344452, 1.3697808980941772, 0.8367983102798462, 0.2205866575241089, 0.020404880866408348, 0.3679642975330353, 0.02888479083776474, 0.4831430912017822, 0.190402552485466, 0.5693496465682983, 0.11839991807937622, 0.01686924323439598, 0.4535464942455292, 1.0282652378082275, 0.09794086217880249, 0.048963822424411774, 0.05163532495498657, 0.10647362470626831, 0.2606019377708435, 0.12878906726837158, 0.0, 1.229755163192749, 0.14177867770195007, 0.18409843742847443, 0.9403125047683716, 0.0, 0.003219706704840064, 0.0, 0.023161903023719788, 0.0, 0.017455631867051125, 0.9396151304244995, 0.36346185207366943, 0.04952612519264221, 0.2600450813770294, 0.0, 0.29805266857147217, 0.06504750996828079, 0.5233386158943176, 0.5450488924980164, 0.41345059871673584, 2.2466838359832764, 0.28199368715286255, 0.08149529248476028, 0.014452798292040825, 0.0, 0.0, 0.06552474945783615, 0.14656999707221985, 0.3367082178592682, 0.032117750495672226, 0.07833392918109894, 0.46757519245147705, 0.22318135201931, 0.22028383612632751, 0.1454797238111496, 3.1161224842071533, 0.2631981074810028, 2.4008290767669678, 0.0, 0.10386247932910919, 0.01339220255613327, 0.4921381175518036, 0.628892719745636, 0.6399433016777039, 0.1547839343547821, 0.7018045783042908, 0.024490024894475937, 0.9022371172904968, 0.08757711946964264, 0.09777482599020004, 3.3235697746276855, 0.11136242747306824, 1.1452052593231201, 1.7786712646484375, 4.32841157913208, 0.0, 0.0, 0.07411391288042068, 0.11991290748119354, 0.0, 0.02382195182144642, 0.06536044925451279, 0.8275176286697388, 0.03707244619727135, 0.5056947469711304, 0.8598393201828003, 0.016398252919316292, 0.1494603455066681, 0.7148098349571228, 1.8790980577468872, 0.004563959315419197, 0.34725698828697205, 1.0347660779953003, 0.0, 0.002308222698047757, 0.2943617105484009, 0.21109968423843384, 0.19584429264068604, 1.445026159286499, 0.1928243786096573, 0.4424874484539032, 0.8462666869163513, 1.0205464363098145, 0.02007017284631729, 1.7119349241256714, 0.3222484886646271, 0.1277277171611786, 0.031247232109308243, 0.12330412119626999, 0.13899937272071838, 0.0, 0.36184918880462646, 0.4428424835205078, 0.060821425169706345, 0.0, 0.0, 0.0710563138127327, 0.0011665577767416835, 1.6743755340576172, 0.057241227477788925, 0.3412659764289856, 0.0, 0.08872789144515991, 0.35593321919441223, 0.0, 1.207838773727417, 0.010376159101724625, 0.4918113350868225, 0.19633866846561432, 0.00046203573583625257, 0.29746150970458984, 0.10983986407518387, 0.17492415010929108, 0.008949323557317257, 0.03437210991978645, 2.8838818073272705, 0.0, 0.056190941482782364, 0.009066557511687279, 0.0, 0.07504864782094955, 1.2342272996902466, 0.18259775638580322, 0.0, 0.17804042994976044, 0.20981942117214203, 0.9004363417625427, 0.19361679255962372, 0.40449246764183044, 1.4487859010696411, 0.7672763466835022, 0.0, 0.6145756244659424, 1.1312538385391235, 0.2892277240753174, 1.1991435289382935, 0.0, 9.165489196777344, 0.0, 0.6548279523849487, 0.6483504772186279, 1.1040197610855103, 0.03389963507652283, 0.0, 2.4238228797912598, 0.0, 0.4507657289505005, 0.07565038651227951, 1.0242743492126465, 0.0, 0.004766931291669607, 0.5777649283409119, 0.007118935696780682, 0.1030280813574791, 0.0, 0.0, 0.16894863545894623, 1.2111616134643555, 0.11600908637046814, 0.0019873501732945442, 0.06387133151292801, 0.05224577337503433, 0.13853487372398376, 0.030193336308002472, 0.42868655920028687, 0.03774139657616615, 0.032021429389715195, 0.0, 0.2839788794517517, 0.6942261457443237, 0.24955162405967712, 1.2761495113372803, 0.047900211066007614, 0.06290649622678757, 0.844239354133606, 0.0, 0.24898524582386017, 0.0, 0.08515993505716324, 2.185088872909546, 0.04651302844285965, 0.5275219082832336, 0.09502255171537399, 0.32491233944892883, 0.0, 0.2618158459663391, 0.35074108839035034, 1.4679406881332397, 0.007133661303669214, 1.6370925903320312, 0.5015376210212708, 0.006255407817661762, 0.0, 0.06591580808162689, 0.367364764213562, 0.0, 0.4254467487335205, 0.04275975748896599, 0.890338659286499, 1.2387009859085083, 0.02652336098253727, 0.0, 0.0, 0.0, 0.25552651286125183, 0.04076611250638962, 0.20383061468601227, 2.6167407035827637, 0.15757229924201965, 0.7778261303901672, 0.15678317844867706, 1.1696442365646362, 0.5023675560951233, 0.04617636650800705, 0.12603074312210083, 0.9627761840820312, 0.0366910919547081, 0.4132263660430908, 0.151901513338089, 0.02112276665866375, 0.019633013755083084, 0.5852145552635193, 0.11507723480463028, 0.04868436977267265, 0.13313019275665283, 0.0, 0.29157713055610657, 0.1189623549580574, 0.7934902906417847, 0.6806292533874512, 0.052497103810310364, 1.0816752910614014, 0.8789912462234497, 0.0, 0.2548033595085144, 0.1391107141971588, 0.0, 0.2658078670501709, 0.02861134335398674, 0.13771814107894897, 1.1779946088790894, 0.4701920449733734, 0.6726652383804321, 0.0, 0.12950946390628815, 0.9540134072303772, 0.49483832716941833, 0.09467347711324692, 0.0, 0.0, 0.18325793743133545, 0.1834592968225479, 0.09097985923290253, 0.32749032974243164, 0.07588563859462738, 0.0, 0.0, 0.25378870964050293, 0.0, 3.2280945777893066, 0.6399524211883545, 0.1332884430885315, 0.013089827261865139, 1.0734246969223022, 0.0, 0.5538949966430664, 0.1525791883468628, 0.47780370712280273, 0.0, 0.002232091734185815, 0.20935064554214478, 1.3534437417984009, 0.8624842166900635, 0.0060335006564855576, 0.07146764546632767, 0.025971300899982452, 0.02034696564078331, 0.0, 0.061991870403289795, 0.049474116414785385, 0.00014257188013289124, 1.5383753776550293, 0.395958811044693, 0.17919954657554626, 0.0, 0.0, 0.7038030028343201, 1.5826457738876343, 0.21547795832157135, 0.0, 0.5749423503875732, 0.0568130686879158, 0.0, 1.4306596517562866, 0.06328155845403671, 0.024696078151464462, 0.223013237118721, 0.32004010677337646, 0.4124588072299957, 0.01590317115187645, 0.4059427082538605, 0.0443369522690773, 1.1950035095214844, 0.9037343263626099, 0.4409928619861603, 0.13081200420856476, 0.040239013731479645, 0.05774306133389473, 0.3030306398868561, 0.01810862496495247, 0.0, 0.6664462685585022, 1.3566725254058838, 0.7803464531898499, 0.15243999660015106, 4.591665267944336, 0.011173320934176445, 0.9016885757446289, 0.08082428574562073, 4.616920471191406, 0.2864927649497986, 1.96470046043396, 0.5830313563346863, 0.3977266550064087, 0.04013603925704956, 0.22471392154693604, 2.5341763496398926, 0.13107915222644806, 0.0, 0.9127752184867859, 0.0, 0.6461306810379028, 0.44617602229118347, 0.4300040006637573, 0.9913207292556763, 0.4153851568698883, 0.20067264139652252, 0.0, 0.02562182955443859, 0.0, 0.1630917340517044, 0.41729167103767395, 2.2868869304656982, 0.00274862558580935, 0.281894713640213, 0.014328336343169212, 0.28483837842941284, 0.06477786600589752, 1.0809917449951172, 0.0, 0.11830990761518478, 0.032058075070381165, 0.30039554834365845, 0.027925778180360794, 0.0, 0.05236127972602844, 0.20247198641300201, 0.29724735021591187, 0.5091399550437927, 0.003432979341596365, 0.1512318253517151, 3.811225175857544, 1.5534135103225708]",Testing/glioma_tumor/image(21).jpg
"[0.042848553508520126, 0.3804883360862732, 0.03377076983451843, 0.47927147150039673, 0.904202938079834, 0.3289051353931427, 1.6147414445877075, 0.00878592673689127, 0.015112487599253654, 0.0, 0.0012984396889805794, 0.15849654376506805, 0.28417670726776123, 0.36891013383865356, 0.578419029712677, 0.028753193095326424, 0.2934834659099579, 0.4970816671848297, 0.09534937143325806, 0.005224631633609533, 0.3005317449569702, 0.8497121930122375, 0.649817943572998, 0.060778748244047165, 0.542637050151825, 0.09524520486593246, 2.5706424713134766, 0.2640315294265747, 0.0, 0.01380823366343975, 0.23560836911201477, 0.12134713679552078, 0.5301665663719177, 0.8221046328544617, 0.6523750424385071, 0.5055267214775085, 0.0, 0.08873321861028671, 0.0, 0.15581780672073364, 2.3469080924987793, 1.785895824432373, 0.10039801150560379, 0.24595436453819275, 0.0, 0.0517788827419281, 0.0, 0.0, 0.0, 0.4216136038303375, 0.32156020402908325, 0.8964723944664001, 1.8878077268600464, 0.06053004413843155, 1.7156015634536743, 2.4640514850616455, 0.011271297000348568, 0.0, 0.7367756366729736, 0.0, 0.06631540507078171, 2.4605586528778076, 0.22299723327159882, 0.5447989106178284, 0.47362807393074036, 0.0, 0.18613435328006744, 0.13573816418647766, 0.0931054949760437, 0.0, 0.5942115187644958, 0.009913955815136433, 0.0, 1.9424703121185303, 0.01986800879240036, 0.22916853427886963, 2.1259312629699707, 0.23932088911533356, 0.0, 1.3196706771850586, 0.0020073968917131424, 0.029706619679927826, 1.1711671352386475, 0.0, 0.9755549430847168, 0.16466988623142242, 4.558366298675537, 0.1173500120639801, 0.0, 0.30942684412002563, 1.9178410768508911, 0.29494187235832214, 0.13895270228385925, 0.03415420651435852, 0.002847693394869566, 0.0, 0.626844584941864, 0.0, 0.040340356528759, 0.19631463289260864, 0.0, 1.1934257745742798, 0.11248397082090378, 0.7830312252044678, 0.3942771553993225, 0.12209516763687134, 0.06424003839492798, 2.0207674503326416, 0.10556524991989136, 1.6569992303848267, 0.0, 0.07433914393186569, 0.019010821357369423, 0.0, 0.7825521230697632, 0.0, 0.10069672018289566, 0.2757975161075592, 0.0, 0.03710313141345978, 0.006785859819501638, 0.0, 0.0, 0.7239420413970947, 0.4674704074859619, 1.4956486225128174, 0.030542241409420967, 0.27392566204071045, 1.0231807231903076, 0.0, 0.12433650344610214, 1.1381559371948242, 0.0458855964243412, 0.5270552635192871, 0.015923943370580673, 0.6754521131515503, 0.6636063456535339, 0.8002583384513855, 0.4931544065475464, 0.0032936797942966223, 0.006915871053934097, 0.010138190351426601, 0.0, 0.19296041131019592, 0.3712906241416931, 0.019125908613204956, 0.08172206580638885, 0.6003139019012451, 0.047601331025362015, 0.4070725739002228, 1.1250184774398804, 0.7786946892738342, 0.017952948808670044, 0.04388020932674408, 0.017319761216640472, 0.4270116984844208, 0.0, 0.0, 0.47861507534980774, 0.01725194603204727, 0.0, 0.6679660081863403, 0.0, 0.0724497139453888, 0.18757827579975128, 0.023845866322517395, 2.4265732765197754, 0.0, 0.46016427874565125, 7.408638000488281, 0.5416072010993958, 0.035610347986221313, 0.006738326977938414, 0.1891135722398758, 1.3624018430709839, 0.8826930522918701, 0.13673734664916992, 0.01748180389404297, 0.005199525039643049, 0.6551281809806824, 0.3034287393093109, 0.06783988326787949, 0.020509451627731323, 0.000837939151097089, 1.6718495317036286e-05, 0.6532374024391174, 0.2983023226261139, 0.6110021471977234, 0.42839372158050537, 0.0, 0.026722127571702003, 0.1456361562013626, 0.0, 0.005813428200781345, 0.0, 0.46393823623657227, 0.06888926774263382, 2.1255550384521484, 0.0, 0.14708435535430908, 1.1272938251495361, 0.10309502482414246, 0.0, 0.09166281670331955, 0.8731020092964172, 0.29341453313827515, 0.0, 0.13422942161560059, 0.2719990015029907, 0.12080904841423035, 0.9635244607925415, 1.2308117151260376, 0.0, 0.6180534958839417, 0.006913126911967993, 2.3808186054229736, 0.026061588898301125, 0.0, 0.0, 0.2121204435825348, 0.3438074588775635, 0.27562642097473145, 1.9245957136154175, 0.287612646818161, 0.09064740687608719, 0.1648111492395401, 1.509647250175476, 0.16601517796516418, 0.39934828877449036, 0.2265854924917221, 0.6440675854682922, 0.1914522647857666, 1.0907467603683472, 0.7248662710189819, 1.0632390975952148, 0.10158045589923859, 0.03558116406202316, 0.5696800351142883, 0.42504948377609253, 0.15914826095104218, 0.05352066457271576, 0.7319432497024536, 1.1779496669769287, 0.6160501837730408, 0.03817158192396164, 0.1518409550189972, 0.6729665398597717, 0.08061036467552185, 0.030620375648140907, 1.4813625812530518, 0.3065829873085022, 0.0018531838431954384, 0.44452887773513794, 0.5559011101722717, 0.6486509442329407, 0.05471362918615341, 0.07323414832353592, 2.2192609310150146, 0.15061770379543304, 0.07407858222723007, 0.0022441367618739605, 0.007851763628423214, 1.3682938814163208, 0.0, 0.0, 0.13452725112438202, 0.057401493191719055, 0.015211370773613453, 0.0, 0.05424455553293228, 0.04388470575213432, 0.863653838634491, 0.5250895619392395, 0.08017069846391678, 2.9865896701812744, 0.9168866872787476, 0.17608116567134857, 0.43318477272987366, 0.5712564587593079, 0.0, 1.1902204751968384, 0.4591190814971924, 1.5076960325241089, 0.00529929343611002, 0.16322633624076843, 1.1854326725006104, 0.15640272200107574, 0.0006107189110480249, 0.08098369091749191, 0.02288535237312317, 0.13130488991737366, 0.47346144914627075, 0.0, 0.0, 0.27668169140815735, 4.188648223876953, 0.0, 0.13774634897708893, 0.37354519963264465, 0.0022297294344753027, 0.7431259751319885, 0.005719347856938839, 3.6951637268066406, 0.0050841448828577995, 1.4077811241149902, 0.06949863582849503, 0.007108620367944241, 0.017430538311600685, 0.08636254072189331, 0.19799885153770447, 0.09001696109771729, 0.7682356834411621, 0.04680508375167847, 0.058121904730796814, 0.42394712567329407, 0.45921099185943604, 0.6367028951644897, 0.013862118124961853, 0.0, 0.013998988084495068, 0.3520098030567169, 0.01746477000415325, 0.02656634710729122, 0.09715098887681961, 0.024823933839797974, 0.057260941714048386, 1.0067352056503296, 0.11848192662000656, 4.836569786071777, 0.527154803276062, 0.4484608769416809, 0.0, 1.5859425067901611, 0.2748691737651825, 0.0, 0.014027372002601624, 2.2572760581970215, 0.0042673274874687195, 1.3418065309524536, 0.21523824334144592, 0.18084976077079773, 0.026767833158373833, 0.0, 0.0, 0.0, 0.0563989132642746, 0.08089565485715866, 0.20004157721996307, 0.24946804344654083, 1.1447256803512573, 0.013230428099632263, 0.018255092203617096, 0.3426695764064789, 0.01573832333087921, 0.4145033359527588, 0.0549493171274662, 0.2346259504556656, 0.0, 0.21226556599140167, 0.27505335211753845, 0.0, 2.9912497997283936, 0.37211161851882935, 0.1392098069190979, 0.13213664293289185, 0.03054787404835224, 0.03542565181851387, 0.024959899485111237, 1.010714054107666, 0.3193872272968292, 0.01966957375407219, 0.25557205080986023, 0.36091360449790955, 2.352789878845215, 0.14464755356311798, 0.21711643040180206, 2.2226316928863525, 0.08052866160869598, 0.004973029717803001, 0.169275164604187, 0.3124290704727173, 0.06817246973514557, 0.0, 0.04138844460248947, 0.12218557298183441, 0.2535250782966614, 1.3084090948104858, 0.0, 0.0, 0.43567150831222534, 0.0, 0.11007501929998398, 0.0760011225938797, 0.09052874147891998, 0.2659670114517212, 4.264207363128662, 0.0, 0.05929584428668022, 0.0, 0.0, 2.7990612983703613, 0.0, 0.18037769198417664, 0.1602613627910614, 0.20483794808387756, 3.146590232849121, 0.05772366002202034, 0.126919224858284, 0.2092684507369995, 0.7855204343795776, 0.08295365422964096, 0.18595969676971436, 0.0, 0.026854408904910088, 0.13518713414669037, 0.8992964029312134, 0.01156572438776493, 0.5399506092071533, 0.10513747483491898, 1.2449413537979126, 0.05915357545018196, 0.5480629205703735, 0.056435246020555496, 0.049704425036907196, 4.518275454756804e-05, 0.004944307263940573, 0.02844371646642685, 0.19395489990711212, 0.11919933557510376, 0.0285711158066988, 0.9063573479652405, 0.25438961386680603, 1.2507518529891968, 0.00369214522652328, 0.2657489776611328, 0.6492179036140442, 0.010458347387611866, 1.7514781951904297, 0.029481317847967148, 0.06904453784227371, 0.19231253862380981, 0.0, 0.43680307269096375, 0.0, 0.1915491819381714, 0.0691976472735405, 0.0, 0.5544144511222839, 0.08990723639726639, 0.17118093371391296, 1.1674168109893799, 0.15822646021842957, 0.028894521296024323, 0.0, 0.020336151123046875, 0.12089797109365463, 0.11656086891889572, 0.4192447364330292, 0.11636658012866974, 0.6980321407318115, 0.334667444229126, 0.4186092019081116, 0.15063881874084473, 0.23536013066768646, 0.09275325387716293, 0.274183064699173, 0.0, 0.29104581475257874, 0.02048560231924057, 1.0821738243103027, 0.020885787904262543, 0.6283482909202576, 0.2475164234638214, 1.0990452766418457, 0.0007816918077878654, 0.06223388761281967, 0.33148184418678284, 0.0, 0.0, 0.4474342167377472, 0.7186917066574097, 0.18517498672008514, 1.765079140663147, 0.43023964762687683, 0.339944064617157, 0.02906067669391632, 0.0, 0.0, 1.624263048171997, 0.10379785299301147, 0.26938384771347046, 1.6964201927185059, 0.1730382740497589, 0.0, 1.951040267944336, 0.020079636946320534, 0.03777342289686203, 0.19180265069007874, 1.4435079097747803, 0.023723142221570015, 0.0, 0.052183594554662704, 0.010015424340963364, 2.037572145462036, 0.138506680727005, 0.12033439427614212, 0.0851750448346138, 0.1712297946214676, 0.04475415498018265, 0.9891835451126099, 0.0, 0.005958379711955786, 0.0, 0.3119644522666931, 0.3421121835708618, 0.3366334140300751, 0.7212773561477661, 0.021208807826042175, 0.5264285206794739, 0.000341936043696478, 0.06358718127012253, 0.3577582836151123, 0.08294382691383362, 0.28415346145629883, 0.0, 0.8851150870323181, 0.0, 0.0, 0.19703330099582672, 1.1336109638214111, 0.7600252032279968, 1.4773095846176147, 1.1195118427276611, 3.1083767414093018, 0.4917594790458679, 0.9849034547805786, 1.4389952421188354, 0.0, 0.250740110874176, 0.1766735315322876, 0.051304955035448074, 0.47261565923690796, 0.12770405411720276, 0.17074623703956604, 1.322328805923462, 1.5723941326141357, 0.004791595507413149, 0.6905006170272827, 0.0, 0.0003682618262246251, 0.2737150192260742, 0.0, 0.4291851222515106, 0.0, 0.6898602843284607, 1.9639835357666016, 0.7196730971336365, 0.0, 0.04074985533952713, 0.017468804493546486, 3.4294137954711914, 1.2283177375793457, 1.0949883460998535, 4.1195326048182324e-05, 0.0, 0.07921160757541656, 1.180829644203186, 0.03807958960533142, 0.053877223283052444, 0.36907315254211426, 0.3138981759548187, 0.21402230858802795, 0.6773284077644348, 0.051988035440444946, 0.03370858356356621, 0.5647709369659424, 0.0, 1.5683287382125854, 0.015935350209474564, 0.5290639996528625, 1.6405527591705322, 0.0, 0.01582120545208454, 0.19341203570365906, 0.0, 0.0, 0.0, 6.1234650274855085e-06, 0.028628213331103325, 0.0, 0.05210820958018303, 0.20291174948215485, 0.4205072820186615, 0.05610893294215202, 0.02162245847284794, 0.01221169251948595, 0.0, 0.1121283769607544, 0.04129569232463837, 0.12061148136854172, 0.552068829536438, 0.0, 1.9918848276138306, 1.1476263999938965, 0.06058996543288231, 0.03357335552573204, 0.1937076449394226, 0.2960987091064453, 0.8707168102264404, 1.911136269569397, 1.8867380619049072, 0.0, 0.16190001368522644, 0.39846545457839966, 0.0, 0.023158850148320198, 0.0, 0.15480558574199677, 0.009255457669496536, 0.013283418491482735, 0.2936275601387024, 0.053505487740039825, 3.3363847732543945, 0.004805594217032194, 1.189786672592163, 0.6090697646141052, 0.1636124849319458, 0.1391357183456421, 0.015880011022090912, 0.17909201979637146, 0.0, 0.016135897487401962, 0.08965463191270828, 0.0, 0.045368749648332596, 0.0, 0.14672695100307465, 0.0, 0.598169207572937, 0.0, 1.2551261186599731, 0.0, 1.0585638284683228, 0.4819194972515106, 0.0, 0.4953438639640808, 2.7949130535125732, 0.0, 0.10779046267271042, 0.0, 2.2165727615356445, 0.015212350524961948, 0.3054179251194, 0.0, 0.9813977479934692, 0.08053583651781082, 0.29586508870124817, 0.34850022196769714, 1.3503661155700684, 0.015971960499882698, 0.6742443442344666, 0.13496717810630798, 0.19961969554424286, 0.37523019313812256, 0.5201059579849243, 0.0, 2.2651844024658203, 0.43283119797706604, 0.6587239503860474, 0.4959254860877991, 0.0, 0.14759235084056854, 0.0930376648902893, 0.3077017366886139, 0.0, 0.24491290748119354, 0.0, 0.04142129793763161, 0.0, 1.6823146343231201, 0.8032200336456299, 0.11991465836763382, 0.0, 0.5604395866394043, 1.366642713546753, 0.2509669065475464, 0.012364484369754791, 0.08803540468215942, 0.246080219745636, 0.011895624920725822, 0.047552891075611115, 0.06404568254947662, 0.0, 0.0, 0.030564825981855392, 0.3309938609600067, 0.6520522832870483, 0.0007559158257208765, 0.0, 0.08622648566961288, 0.49467387795448303, 0.0, 0.16997858881950378, 0.28745540976524353, 0.0, 0.4639517068862915, 1.4619303941726685, 0.3011273741722107, 1.1200450658798218, 0.0, 3.7574985027313232, 0.006414063274860382, 0.12049804627895355, 0.0, 0.4256522059440613, 0.0, 0.07449720054864883, 0.0, 0.005960873328149319, 0.01139578502625227, 0.9904700517654419, 1.4423365592956543, 0.029897674918174744, 0.0339023619890213, 0.20833392441272736, 2.8565380573272705, 1.2882224321365356, 0.3342384099960327, 0.0, 0.8972122669219971, 0.565834105014801, 0.8345252871513367, 0.0034244961570948362, 0.9561604857444763, 1.4016433954238892, 0.18124395608901978, 0.19702377915382385, 0.679664134979248, 0.46044591069221497, 0.0805436447262764, 0.04698019474744797, 0.08985336124897003, 3.0903501510620117, 0.01830166205763817, 0.04212905466556549, 0.5086918473243713, 0.062250927090644836, 0.0, 0.033084191381931305, 0.05486460030078888, 0.31849974393844604, 1.7809851169586182, 0.4040965735912323, 0.0, 0.9055280685424805, 0.0, 0.9228887557983398, 0.165229931473732, 0.2931693196296692, 0.8896560072898865, 0.7934058308601379, 0.11455148458480835, 0.6167744398117065, 0.953106164932251, 0.0, 0.03943295031785965, 0.028719250112771988, 0.6947385668754578, 0.17931200563907623, 0.468553751707077, 0.054672721773386, 0.03778529912233353, 0.005162316840142012, 0.00029077334329485893, 0.1340927928686142, 0.23372802138328552, 0.4361495077610016, 0.15329298377037048, 2.1837916374206543, 0.273285835981369, 0.05287977308034897, 0.45411795377731323, 0.20134654641151428, 0.0, 0.27237728238105774, 0.14621688425540924, 0.9368563890457153, 0.4543159008026123, 0.6718169450759888, 0.0, 0.2874579131603241, 0.7903578877449036, 0.5327685475349426, 0.024866748601198196, 2.335824728012085, 0.08370527625083923, 0.0, 0.0, 0.8187059760093689, 0.03457459807395935, 0.15612655878067017, 0.005904823075979948, 0.1857461929321289, 0.0, 0.0, 0.037356872111558914, 0.8602414727210999, 2.2560722827911377, 1.5508332252502441, 0.1603553295135498, 0.02929522469639778, 0.04757073149085045, 0.6158567667007446, 0.0, 1.6868896484375, 0.0014983098953962326, 2.9344186782836914, 0.8343422412872314, 0.0, 0.0, 0.006089307833462954, 0.046777237206697464, 0.7707036733627319, 0.0, 0.0, 0.07484013587236404, 0.4836689829826355, 0.0, 0.006312888581305742, 4.743289947509766, 0.3527454137802124, 0.8493176102638245, 0.4392237365245819, 1.0202499628067017, 0.547582745552063, 1.2314684391021729, 0.0, 0.0, 0.0, 0.06580571830272675, 0.11002040654420853, 0.0, 0.3612871766090393, 1.1709849834442139, 1.6535513401031494, 0.2872563600540161, 0.19816330075263977, 0.006606768816709518, 0.2943148612976074, 0.6599484086036682, 0.4700841009616852, 0.09340532124042511, 0.18912926316261292, 0.1109461858868599, 0.054624397307634354, 0.22965775430202484, 0.20679956674575806, 0.05132923647761345, 0.21554304659366608, 0.7927458882331848, 0.0, 0.02115471102297306, 0.010112451389431953, 0.0, 0.16563360393047333, 0.5225645899772644, 0.1236906573176384, 0.27423375844955444, 0.016267022117972374, 4.507087707519531, 0.002467608079314232, 0.10123634338378906, 0.0, 0.35083550214767456, 0.2585671842098236, 1.1617735624313354, 0.04010755568742752, 0.19608357548713684, 3.876558780670166, 0.1029856726527214, 0.05059661343693733, 0.6805452704429626, 0.15015119314193726, 0.0, 1.7442119121551514, 0.45337170362472534, 5.7347540855407715, 0.26800236105918884, 0.41453731060028076, 0.21237137913703918, 0.0, 0.003118437249213457, 0.1978011280298233, 0.0, 0.19271905720233917, 0.027136199176311493, 0.0, 0.0, 0.3210943639278412, 0.4622098207473755, 0.0, 1.0677498579025269, 0.3544887602329254, 0.0625658705830574, 4.461307048797607, 0.0, 0.47551286220550537, 1.3509204387664795, 0.081814706325531, 0.004027653485536575, 0.08005691319704056, 0.05734042078256607, 0.05556128919124603, 0.208374485373497, 0.0, 2.3379876613616943, 0.362560510635376, 0.0, 0.0, 0.0, 0.0024150731042027473, 0.15607769787311554, 0.019297411665320396, 0.1399378627538681, 0.7787839770317078, 0.018440255895256996, 0.885607123374939, 1.956099510192871, 3.201279401779175, 0.0, 0.0, 0.30400729179382324, 0.28808292746543884, 0.0, 0.12869633734226227, 1.3762508630752563, 0.0, 0.3079608082771301, 0.0, 0.0, 1.1696630716323853, 0.09756609797477722, 0.002709785243496299, 0.0, 0.09417763352394104, 0.6814742684364319, 0.0, 0.5903457403182983, 0.0007948291604407132, 0.03593456372618675, 0.0, 0.3990427851676941, 0.4146842956542969, 0.016830025240778923, 0.2269330471754074, 0.006745778955519199, 0.12465254217386246, 0.3276560306549072, 1.207733154296875, 0.30625924468040466, 0.0, 0.0, 0.012546198442578316, 0.1363029032945633, 0.29177188873291016, 1.3774622678756714, 0.07801485806703568, 0.6060100197792053, 0.1355961710214615, 0.0, 0.0, 0.15994393825531006, 0.5111132860183716, 0.8119100332260132, 0.00694584846496582, 0.06724219024181366, 0.25596097111701965, 0.038462623953819275, 0.8366926312446594, 0.21245276927947998, 1.8619892597198486, 2.120502471923828, 0.0, 0.0, 1.778954029083252, 0.0, 0.0, 0.0, 0.0, 0.0, 0.029825976118445396, 0.0, 0.002244146540760994, 0.34449702501296997, 0.0, 0.06918694078922272, 0.11737916618585587, 0.0, 0.306813508272171, 0.0, 1.2410831451416016, 0.0, 0.15458060801029205, 0.7875003218650818, 1.2402262687683105, 0.0, 0.4092344045639038, 0.3783978521823883, 1.282266616821289, 0.01549466047435999, 0.12297772616147995, 0.008531801402568817, 0.989406406879425, 3.781773805618286, 0.17585335671901703, 0.04911228269338608, 0.789368212223053, 0.06800224632024765, 0.002013296587392688, 0.435956746339798, 0.24052149057388306, 0.24594633281230927, 0.015285742469131947, 1.1165292263031006, 0.0, 0.0, 0.6822600960731506, 0.0, 0.05630892142653465, 1.013311743736267, 0.17141374945640564, 1.5786097049713135, 0.07209523767232895, 0.2907082438468933, 0.009472416713833809, 1.3845301866531372, 0.0696859136223793, 0.0, 0.0022967590484768152, 0.0, 0.06445138156414032, 0.007236113306134939, 1.225679874420166, 0.1058138832449913, 0.10318335890769958, 0.042065512388944626, 0.11199439316987991, 0.10220269113779068, 0.09106044471263885, 0.04280562326312065, 0.042727500200271606, 0.0, 0.06102802976965904, 0.7160369753837585, 0.08655039966106415, 0.0, 0.16801908612251282, 1.8354336023330688, 0.0, 0.5137210488319397, 0.0, 0.2521800696849823, 0.0, 0.06876392662525177, 0.05149869993329048, 0.004207688849419355, 0.1488412618637085, 0.1259019374847412, 0.036875564604997635, 0.3657882511615753, 0.5824885964393616, 3.8476381301879883, 0.08352673798799515, 0.1501840502023697, 0.9771292805671692, 0.0, 0.005220987368375063, 0.00019323095330037177, 0.11424560844898224, 0.1290881633758545, 2.886554718017578, 0.011879181489348412, 0.9262678027153015, 0.6793001294136047, 0.32551270723342896, 0.247402623295784, 0.08336498588323593, 0.8409337401390076, 2.6346163749694824, 0.12522706389427185, 0.0, 0.16720525920391083, 0.0, 0.08458783477544785, 5.865504264831543, 0.0, 0.1325279176235199, 0.0, 0.03532451391220093, 0.4774078130722046, 0.07136500626802444, 0.005042005330324173, 0.29831361770629883, 0.05903761833906174, 0.01642327383160591, 0.018462784588336945, 0.10029016435146332, 0.2214321345090866, 0.025661736726760864, 0.3195061981678009, 0.001442412962205708, 0.008543710224330425, 0.06000048667192459, 0.004362758249044418, 0.26700517535209656, 0.022115716710686684, 0.0, 0.0, 0.129112109541893, 0.06699488312005997, 3.025329351425171, 0.2637901306152344, 0.0, 0.2830889821052551, 0.0, 0.41358575224876404, 0.827849805355072, 0.24619585275650024, 0.008408205583691597, 0.5013161897659302, 0.0, 0.0, 0.09760118275880814, 0.9305399060249329, 0.0, 0.0803416296839714, 0.8602818250656128, 0.010602501221001148, 0.0, 1.0024440288543701, 0.0, 0.008549329824745655, 1.9214264154434204, 0.06373114138841629, 0.514711856842041, 0.0, 0.0, 0.0942307561635971, 0.04957164078950882, 0.00321910809725523, 0.049373432993888855, 0.04320462793111801, 0.0, 0.026377147063612938, 3.9398703575134277, 0.026637675240635872, 0.0, 1.2606090307235718, 0.0, 0.14761485159397125, 0.0, 0.02792508527636528, 0.2538601756095886, 0.23366336524486542, 0.12245489656925201, 0.014458096586167812, 0.015171951614320278, 0.0, 0.02435915730893612, 0.6704646348953247, 0.0650070309638977, 0.6024197340011597, 0.0, 0.0, 0.0, 0.26588284969329834, 0.0, 0.22934015095233917, 0.04942438378930092, 1.895219326019287, 0.1548002064228058, 0.009609178639948368, 0.0, 0.015999462455511093, 0.0, 0.0, 0.05250752717256546, 1.122734785079956, 0.2199694961309433, 0.0, 0.2157098948955536, 0.34312742948532104, 0.47629639506340027, 0.05017552152276039, 0.0, 0.06704562902450562, 0.5583165884017944, 0.20097556710243225, 0.020218469202518463, 0.04743895307183266, 0.5584077835083008, 0.0, 0.20134326815605164, 1.1083557605743408, 0.016710923984646797, 0.0, 0.13214202225208282, 0.3663741946220398, 0.31752461194992065, 0.21961480379104614, 2.7278242111206055, 0.0038932489696890116, 0.07795055210590363, 1.8032337427139282, 0.0237396489828825, 0.0, 0.0, 0.314330518245697, 0.30445021390914917, 0.6572719216346741, 1.1314352750778198, 0.44056928157806396, 0.15250283479690552, 1.2239564657211304, 0.8307927846908569, 0.0, 0.09677515178918839, 0.13993771374225616, 0.4718402028083801, 0.011715251952409744, 0.07202053815126419, 1.3585401773452759, 0.08369937539100647, 3.3964006900787354, 0.0, 0.0, 5.988198972772807e-05, 0.0, 0.33753103017807007, 0.3225737512111664, 0.13125529885292053, 0.13747838139533997, 0.37705689668655396, 2.1001341342926025, 1.1986401081085205, 0.08054827898740768, 0.18014197051525116, 0.0, 1.0464309453964233, 0.0869094729423523, 0.43497684597969055, 1.6147984266281128, 0.332267165184021, 0.011906972154974937, 0.11205826699733734, 0.009596221148967743, 0.3842567205429077, 0.03583472967147827, 0.0, 0.3083675503730774, 0.23423132300376892, 0.008637393824756145, 0.07182244211435318, 0.9497138261795044, 0.32720834016799927, 0.24455533921718597, 0.7344568967819214, 0.6421215534210205, 0.03708568960428238, 0.2455665022134781, 0.0669083446264267, 0.04527509957551956, 0.3832646310329437, 0.17225632071495056, 0.15677666664123535, 0.0, 0.053865134716033936, 0.45455437898635864, 0.20803672075271606, 0.7469480633735657, 0.003143252106383443, 0.09277264028787613, 0.16576683521270752, 0.1448589265346527, 0.09984954446554184, 0.28509521484375, 0.12891598045825958, 0.6814836263656616, 0.2791186571121216, 3.1617074012756348, 0.24852943420410156, 0.004398216959089041, 1.6297974586486816, 0.0, 0.0023688492365181446, 0.0, 0.00760246766731143, 0.907366156578064, 0.16702480614185333, 0.016292279586195946, 0.06032218411564827, 0.31304818391799927, 0.2560064494609833, 1.0144133567810059, 0.04624619334936142, 0.0, 0.4727422297000885, 0.3448856770992279, 0.22306567430496216, 2.4225897789001465, 0.11719678342342377, 0.006913141347467899, 0.02644769474864006, 0.08845987170934677, 0.050707604736089706, 0.0, 0.44908156991004944, 0.0032763530034571886, 0.0, 1.2449301481246948, 1.6349496841430664, 0.685187816619873, 0.06261786818504333, 0.16272619366645813, 0.0962628722190857, 0.0, 0.21581244468688965, 0.0, 0.8438610434532166, 0.14092238247394562, 0.16100047528743744, 0.04595533013343811, 0.10721208900213242, 0.08116711676120758, 0.0, 0.40491101145744324, 0.1931600421667099, 0.20506733655929565, 0.3632950186729431, 0.7550275325775146, 0.012951345182955265, 1.4852222204208374, 0.0, 0.13633698225021362, 0.0, 3.591254949569702, 0.0, 0.11063531786203384, 0.001123900292441249, 1.3051822185516357, 0.5864250659942627, 1.0293158292770386, 0.30097121000289917, 0.0, 5.046149253845215, 0.02105264738202095, 0.023944836109876633, 0.23286303877830505, 0.0, 0.31462347507476807, 0.08321096748113632, 1.0411911010742188, 0.0, 0.304340660572052, 0.0, 0.5352096557617188, 0.06547355651855469, 0.025837408378720284, 0.03172785043716431, 0.010455640032887459, 1.455998182296753, 0.13696619868278503, 0.7663078904151917, 0.028803573921322823, 3.4813435077667236, 0.5562899708747864, 0.3706464469432831, 0.009407960809767246, 0.0808580070734024, 0.0, 0.9051979184150696, 0.8558637499809265, 0.0871402844786644, 1.2356832027435303, 0.5573869943618774, 0.16793255507946014, 0.7715293765068054, 0.0284911897033453, 0.2605602443218231, 0.0, 0.0030134040862321854, 0.0008428242872469127, 0.0113157257437706, 0.0, 0.011043981648981571, 0.0, 0.0, 5.238358020782471, 0.0, 1.036192774772644, 0.6634628772735596, 1.750435471534729, 0.09175685793161392, 0.9254284501075745, 0.14344792068004608, 0.0, 0.0, 0.35969293117523193, 0.24208655953407288, 0.0, 0.405557245016098, 0.009929326362907887, 0.014946142211556435, 0.0, 0.110430046916008, 0.5266332030296326, 0.0, 1.3849997520446777, 0.10707802325487137, 0.09445464611053467, 0.0, 0.09391485154628754, 0.0, 1.399935007095337, 0.3441174030303955, 0.109977588057518, 0.033954180777072906, 0.0, 0.8320866823196411, 2.83809232711792, 0.1444256752729416, 0.024098580703139305, 0.0, 0.02195294015109539, 0.0, 0.14000283181667328, 0.0, 0.007236395496875048, 1.2260146141052246, 2.2271573543548584, 0.11342351138591766, 0.07197213917970657, 3.1994824409484863, 0.028661154210567474, 0.0004711297224275768, 0.15954825282096863, 0.017921680584549904, 0.057335298508405685, 1.2684029340744019, 0.1696552336215973, 0.5934273600578308, 0.44283023476600647, 0.0, 0.012487917207181454, 0.0, 0.0, 0.07208301872015, 0.0, 0.030274754390120506, 0.09828676283359528, 0.4761813282966614, 0.0038560458924621344, 0.6420809030532837, 0.00873545277863741, 2.934539556503296, 1.586056113243103, 0.0, 1.0955666303634644, 0.06360034644603729, 0.0, 0.8922581672668457, 0.0932919904589653, 0.36651289463043213, 0.04131489247083664, 0.7428385019302368, 0.0, 3.9846131801605225, 0.15968811511993408, 0.46412909030914307, 0.1619735211133957, 0.501493513584137, 0.08074187487363815, 0.01685907319188118, 0.439537912607193, 0.05084864795207977, 0.13252395391464233, 0.002780177164822817, 0.020372673869132996, 0.044849421828985214, 0.0, 0.07817821949720383, 2.0152690410614014, 0.0, 0.3379196226596832, 0.7031583189964294, 0.19655545055866241, 2.4515790939331055, 1.0459394454956055, 0.001955577405169606, 2.218763828277588, 0.8481007814407349, 1.0957177877426147, 0.4665371775627136, 2.204423666000366, 1.0168558359146118, 0.42767998576164246, 0.012521120719611645, 0.023306313902139664, 0.19545216858386993, 0.0, 0.27130287885665894, 3.294877767562866, 0.048633236438035965, 2.010434865951538, 0.007369601167738438, 0.06835921853780746, 0.008754953742027283, 0.11705737560987473, 0.06617133319377899, 0.0, 0.021794810891151428, 0.0206723865121603, 0.00621129060164094, 0.7439539432525635, 1.2677425146102905, 0.09731104969978333, 0.03694455325603485, 0.017284583300352097, 0.2648945748806, 2.124896287918091, 0.0, 0.002175766509026289, 0.0, 0.9753777384757996, 0.0, 0.0, 0.7144305109977722, 0.029013952240347862, 0.02124348282814026, 1.2276123925403226e-05, 0.596264123916626, 0.0, 0.09422340244054794, 0.26194557547569275, 0.005044311750680208, 0.007629195228219032, 0.16929930448532104, 0.10925096273422241, 0.06539223343133926, 0.13277077674865723, 0.9861935973167419, 0.45332857966423035, 0.268293559551239, 0.0, 0.0361175574362278, 3.7073559761047363, 0.9895509481430054, 6.1138715744018555, 0.009687545709311962, 0.005953808315098286, 2.3452742099761963, 0.029539361596107483, 0.08397649228572845, 0.054988473653793335, 0.41211163997650146, 0.13741499185562134, 0.0, 0.5951600074768066, 0.14665623009204865, 0.0, 0.07292133569717407, 0.02751990780234337, 1.1171143054962158, 0.2077171504497528, 0.11674359440803528, 0.0741150975227356, 0.09202804416418076, 0.2963429391384125, 1.0582141876220703, 0.022073570638895035, 0.0807679146528244, 0.0, 2.1457083225250244, 0.1512785404920578, 0.029963668435811996, 0.15431106090545654, 0.28266072273254395, 0.0, 0.9035150408744812, 0.06290676444768906, 0.05116335302591324, 0.0, 0.011563933454453945, 0.037964753806591034, 0.2778383195400238, 0.9571004509925842, 0.1971009373664856, 0.027651503682136536, 1.7209713459014893, 0.016676193103194237, 0.3462267518043518, 0.06542408466339111, 0.0, 1.6877409219741821, 0.0, 0.169705331325531, 2.2596585750579834, 0.05015605315566063, 0.0, 2.4145796298980713, 0.0, 0.43137744069099426, 0.5378620028495789, 0.0, 0.06880198419094086, 0.269610732793808, 0.2124568372964859, 0.012531707063317299, 0.11050213873386383, 0.0, 0.04273824393749237, 0.6179811358451843, 0.04160790890455246, 0.024482909590005875, 0.33930450677871704, 0.9708393812179565, 0.6510494947433472, 3.775602340698242, 0.01021780539304018, 0.0859612450003624, 0.0, 0.6122052669525146, 0.33396556973457336, 0.08351559191942215, 0.0, 0.2665821611881256, 0.02334458939731121, 0.3449232280254364, 0.0018949410878121853, 0.07022029906511307, 0.3339739739894867, 0.12409418821334839, 0.38436102867126465, 0.4444054663181305, 0.0, 1.0161210298538208, 0.0, 0.010369690135121346, 0.8600180745124817, 0.4590541422367096, 0.16602279245853424, 2.653898239135742, 0.21717141568660736, 0.3972117006778717, 0.08608650416135788, 0.0, 0.0, 0.03143465891480446, 0.004833265207707882, 0.13052469491958618, 0.07843493670225143, 0.02741217613220215, 0.020034506916999817, 0.057022105902433395, 0.43657922744750977, 1.0464706420898438, 1.0498026609420776, 0.20287266373634338, 0.0, 0.32355260848999023, 0.146408349275589, 0.1938033401966095, 0.003314336994662881, 0.0, 0.003130031982436776, 0.2103865146636963, 0.05789453163743019, 0.7068107724189758, 0.5013709664344788, 0.031050268560647964, 0.06516224145889282, 0.10011716932058334, 0.04941196367144585, 1.2847201824188232, 0.013228075578808784, 1.4729863405227661, 0.0, 0.24239914119243622, 0.7444512248039246, 0.001521835569292307, 0.00010309657227480784, 0.0, 0.0018293759785592556, 0.13214720785617828, 0.004994737915694714, 0.0, 0.2024420201778412, 0.19233132898807526, 0.5671412348747253, 0.0, 0.07703801244497299, 0.4387959837913513, 0.7401770949363708, 0.1913897693157196, 0.0, 1.5080450773239136, 0.1453482210636139, 0.44470280408859253, 0.0765325129032135, 0.13956138491630554, 0.0, 0.38230156898498535, 0.05534202232956886, 0.00249887234531343, 0.23013636469841003, 0.0, 0.8463073968887329, 0.263648122549057, 0.058070845901966095, 0.0, 2.631532907485962, 0.15199612081050873, 0.17082227766513824, 0.011070636101067066, 0.33017200231552124, 0.0, 0.028699763119220734, 0.11949914693832397, 0.25729063153266907, 0.00961014349013567, 0.7670906782150269, 0.018063649535179138, 1.1626237630844116, 0.024988457560539246, 0.18325327336788177, 3.1720855236053467, 0.30751967430114746, 1.9588490724563599, 0.3574199378490448, 0.7817289233207703, 0.0, 0.0, 0.0201328806579113, 1.5630464553833008, 0.0, 0.007998907007277012, 0.008732537738978863, 0.6779202818870544, 0.05307502672076225, 0.3648061454296112, 0.0, 0.027702437713742256, 0.0005924896104261279, 0.0012245142133906484, 0.29178401827812195, 0.1027267575263977, 0.12336990982294083, 0.38402268290519714, 0.0, 0.0, 0.0023947004228830338, 0.5137895345687866, 0.08294674754142761, 0.8324475884437561, 0.14782489836215973, 0.27508744597435, 1.057664155960083, 1.7445781230926514, 0.03256292641162872, 0.7598013877868652, 0.13416153192520142, 0.0, 0.08908005058765411, 0.07441975921392441, 0.07113184034824371, 0.14507468044757843, 0.8482841849327087, 0.38376104831695557, 0.22947615385055542, 0.0, 0.0, 0.034497831016778946, 0.0, 1.0637176036834717, 0.0, 1.1681265830993652, 0.0, 0.3778405487537384, 0.8883910775184631, 0.007431181147694588, 0.011246712878346443, 0.0, 0.03509238734841347, 0.01651555672287941, 0.015270940959453583, 0.19187285006046295, 0.0, 0.1597665697336197, 0.0, 0.1411069631576538, 2.646763801574707, 0.455025851726532, 0.0, 0.03925289586186409, 0.0, 0.08105557411909103, 1.1867361068725586, 0.007574110757559538, 0.07552652060985565, 0.41516464948654175, 0.0, 1.4996393918991089, 0.0, 0.11611223220825195, 0.36039456725120544, 1.407696008682251, 0.06144019216299057, 0.17294497787952423, 0.32802072167396545, 0.006972962524741888, 0.4019976258277893, 0.28895071148872375, 8.418566703796387, 0.16549625992774963, 0.44828087091445923, 0.4860765039920807, 0.5781855583190918, 0.07506494224071503, 0.0012601687340065837, 3.295703887939453, 0.0, 0.6159142255783081, 0.3734012246131897, 1.5449837446212769, 0.08471804857254028, 0.0, 0.9839881062507629, 0.041691284626722336, 0.027530519291758537, 0.0, 0.015053602866828442, 0.11300532519817352, 0.35819053649902344, 0.27338486909866333, 0.0, 0.03608045354485512, 0.006247033830732107, 0.5919015407562256, 0.0, 0.038432471454143524, 0.0, 0.02170821838080883, 0.28319334983825684, 0.29043665528297424, 0.4607870578765869, 0.039779454469680786, 3.118361711502075, 0.1639198511838913, 0.4047949016094208, 0.05627158284187317, 0.005543265957385302, 1.068600058555603, 0.0, 0.012164325453341007, 2.6038978099823, 0.0, 0.2068432718515396, 0.10527434945106506, 0.21252547204494476, 0.13575953245162964, 0.059184201061725616, 0.001533299102447927, 2.0163002014160156, 0.0, 3.341033935546875, 1.3386363983154297, 0.23797129094600677, 0.015445837751030922, 2.207686424255371, 0.6322750449180603, 0.0, 0.026837585493922234, 0.04189220070838928, 0.10066115856170654, 3.46889328956604, 0.29303792119026184, 0.0, 0.07113552838563919, 0.0, 0.2762724757194519, 0.24589025974273682, 0.05560436472296715, 2.0767717361450195, 0.17090359330177307, 0.03933505713939667, 1.2976006269454956, 1.9860550165176392, 0.25532111525535583, 0.03457661718130112, 0.05088309943675995, 0.6085830926895142, 0.34140369296073914, 0.054132480174303055, 0.37197935581207275, 0.23682337999343872, 0.03269736096262932, 0.8895518183708191, 0.1560129076242447, 0.056407902389764786, 0.06824193894863129, 0.14013075828552246, 0.0, 0.0, 0.5342430472373962, 0.0, 0.03102075308561325, 0.9287760853767395, 0.8501037955284119, 0.0, 0.022908393293619156, 0.02644212543964386, 0.0, 0.06189608946442604, 0.14295080304145813, 0.5221540331840515, 0.44449397921562195, 2.125788688659668, 0.9648857116699219, 0.04604429006576538, 0.01870087720453739, 0.9459076523780823, 1.3751499652862549, 0.3721732199192047, 0.0670127123594284, 0.07812616974115372, 0.04575935751199722, 0.008737084455788136, 0.1194951981306076, 1.6684925556182861, 0.6393489837646484, 0.0, 0.03474748507142067, 0.7824147939682007, 0.0030638393945991993, 0.9739933609962463, 0.010939211584627628, 0.29025301337242126, 0.05902305245399475, 0.47379735112190247, 0.0, 0.4505007266998291, 0.2015564739704132, 0.11890091001987457, 0.0, 0.024028878659009933, 0.09570621699094772, 0.8490985035896301, 1.137101650238037, 0.008660316467285156, 0.648421585559845, 0.0, 0.25789669156074524, 0.05690613389015198, 0.06791283190250397, 6.600788765354082e-05, 0.4346437156200409, 0.9598228931427002, 0.21729473769664764, 1.0869872570037842, 0.0, 0.001717572333291173, 1.6758567094802856, 1.3445496559143066, 0.18443503975868225, 0.0015688672428950667, 0.309114009141922, 0.11978276818990707, 0.0, 0.8308883309364319, 0.0074694352224469185, 0.005951642990112305, 0.08116799592971802, 0.10265537351369858, 0.25503021478652954, 0.8845232129096985, 1.5359222888946533, 0.0, 0.5160451531410217, 1.4546798467636108, 0.2037007212638855, 0.12257066369056702, 0.0, 0.0, 0.0, 0.0, 0.0, 0.03703537583351135, 0.8641575574874878, 0.7804375290870667, 0.37856560945510864, 2.7702412605285645, 0.010468781925737858, 0.2216426283121109, 0.07205013185739517, 2.4069554805755615, 0.3648810088634491, 1.0434976816177368, 0.36552655696868896, 0.07297126203775406, 0.28160080313682556, 0.19398586452007294, 1.1298420429229736, 0.09206335991621017, 0.0, 0.6819343566894531, 0.07565496116876602, 0.046681735664606094, 0.046996358782052994, 1.084012508392334, 0.7879405617713928, 1.0088565349578857, 0.01977968029677868, 0.006543256808072329, 0.0, 0.0, 0.3708380162715912, 0.0, 0.38374239206314087, 0.02785666659474373, 0.02288099192082882, 0.0, 0.006949045229703188, 0.08545418828725815, 0.06758241355419159, 0.06005008891224861, 0.0022095174062997103, 0.0, 0.2550065517425537, 0.0, 0.0, 0.0, 1.7783029079437256, 0.10729917883872986, 0.8851021528244019, 0.029748735949397087, 0.05947243422269821, 2.046339273452759, 0.0010230541229248047]",Testing/glioma_tumor/image(6).jpg
"[0.06186893209815025, 0.3308800756931305, 0.0, 0.2798103094100952, 0.21829825639724731, 0.6625546813011169, 3.502197265625, 0.0, 0.05620601773262024, 0.0, 0.0002450724132359028, 0.06518319249153137, 0.004266802221536636, 0.18936379253864288, 0.18557794392108917, 0.002798844361677766, 0.0, 1.3966493606567383, 0.11247208714485168, 0.03697599098086357, 0.25091803073883057, 0.044059500098228455, 0.0, 0.01552615873515606, 0.2680417001247406, 0.07651972770690918, 0.31136611104011536, 0.0, 0.1272035837173462, 1.1214226484298706, 0.05366891622543335, 0.04421377554535866, 0.025725092738866806, 0.9522626996040344, 2.9829163551330566, 0.5760825276374817, 0.5706397294998169, 0.04239296540617943, 0.0771862342953682, 0.0671841949224472, 0.7561123371124268, 0.5778698325157166, 0.0, 0.02098310925066471, 0.041619256138801575, 0.0, 0.0, 0.009478033520281315, 0.0, 1.3755196332931519, 0.7084306478500366, 0.030691975727677345, 1.7626956701278687, 0.07962039858102798, 0.6133990287780762, 0.46332424879074097, 0.47553345561027527, 0.5150970220565796, 0.2917618155479431, 0.07364960759878159, 0.049848608672618866, 1.5299677848815918, 0.9619957208633423, 3.1696765422821045, 0.2020224779844284, 0.45424923300743103, 0.5288670063018799, 0.15637876093387604, 0.3695083260536194, 0.030008237808942795, 0.002745185513049364, 0.34326624870300293, 0.29510825872421265, 6.320579528808594, 0.3768244683742523, 0.6567916870117188, 2.1338274478912354, 1.091421365737915, 0.08831365406513214, 0.39436402916908264, 0.017827559262514114, 0.011228128336369991, 0.12841926515102386, 0.49808454513549805, 1.7690080404281616, 0.023609330877661705, 0.6278497576713562, 0.03722960129380226, 0.07799611985683441, 0.0, 0.974609375, 0.0, 0.013510504737496376, 0.5206508040428162, 0.4609212279319763, 0.33903083205223083, 0.08010237663984299, 0.5992551445960999, 0.44461238384246826, 0.3682299256324768, 0.031049879267811775, 0.42992666363716125, 0.061889901757240295, 0.10914700478315353, 0.491263747215271, 0.6091593503952026, 1.30539071559906, 1.2989754676818848, 0.052413687109947205, 1.3935049772262573, 0.0685468465089798, 0.1041155457496643, 0.6061806082725525, 0.028849417343735695, 0.15467669069766998, 0.1693001538515091, 0.037689458578825, 0.2781369984149933, 0.35382306575775146, 0.0721776932477951, 0.06430383771657944, 0.035669680684804916, 0.0, 0.404006689786911, 1.3600550889968872, 0.20150126516819, 0.19448141753673553, 0.2027975171804428, 2.71577525138855, 0.24672061204910278, 0.0, 3.255171537399292, 0.010617260821163654, 0.0435543954372406, 0.11711877584457397, 0.017605947330594063, 0.6613931655883789, 0.0, 0.021377969533205032, 0.41172221302986145, 0.06702347844839096, 0.03174740821123123, 0.013372309505939484, 0.03657175973057747, 0.057933203876018524, 0.02129337005317211, 0.05177803337574005, 1.261063814163208, 0.0163298100233078, 0.0, 1.1181604862213135, 0.39160847663879395, 0.05905325710773468, 0.13569340109825134, 0.619978666305542, 0.007447503041476011, 0.03761559724807739, 0.015325191430747509, 0.0592677928507328, 0.02178698219358921, 1.0955421924591064, 0.6993428468704224, 0.0, 0.03723670914769173, 0.033315710723400116, 0.21663044393062592, 0.0, 0.020847441628575325, 0.7435557842254639, 5.285953998565674, 1.8781189918518066, 0.0, 0.08175431191921234, 0.05998948961496353, 0.5290008783340454, 0.5386154651641846, 0.020883601158857346, 3.0946719646453857, 0.0, 0.8071804642677307, 0.47418928146362305, 0.5275272727012634, 0.20594334602355957, 0.23350557684898376, 2.4776859283447266, 0.10568583756685257, 0.16604971885681152, 0.17294420301914215, 0.43975386023521423, 0.0017791573191061616, 0.0, 0.014710649847984314, 0.44241833686828613, 0.3156754672527313, 0.0, 0.5264659523963928, 0.4938671588897705, 1.04945969581604, 0.005564115475863218, 0.15520456433296204, 0.14358870685100555, 0.023452352732419968, 0.6542617678642273, 0.7522825002670288, 1.3022350072860718, 0.47980859875679016, 0.0, 0.06453818082809448, 0.6652509570121765, 0.20475322008132935, 0.20423966646194458, 0.08246424049139023, 0.0, 0.8415753245353699, 0.0, 0.0, 0.02800045534968376, 0.0, 0.17215974628925323, 0.004215123597532511, 0.2735224664211273, 0.0, 1.6128742694854736, 1.072769045829773, 0.011258505284786224, 1.874306559562683, 0.13299405574798584, 0.02686363272368908, 4.344988822937012, 0.14039383828639984, 3.0650198459625244, 0.12549203634262085, 0.0, 0.7575810551643372, 0.9477488398551941, 0.5263189077377319, 0.20996315777301788, 0.697749674320221, 0.0, 0.005445670336484909, 0.43131497502326965, 0.59089195728302, 0.5474495887756348, 0.02228715270757675, 0.0, 0.0, 1.1381170749664307, 1.2818126678466797, 0.08521093428134918, 2.918734550476074, 0.16252323985099792, 0.0, 0.1461210548877716, 1.0982911586761475, 2.1361446380615234, 2.386587142944336, 1.5945724248886108, 4.272491931915283, 0.024589449167251587, 0.3078153729438782, 0.1334429830312729, 0.0, 0.07863406091928482, 0.12540549039840698, 0.0, 0.0039406162686645985, 0.0014796111499890685, 0.014592895284295082, 0.0, 0.0, 0.09471704810857773, 0.2276262491941452, 1.1843370199203491, 0.013521751388907433, 1.6354056596755981, 0.1634819060564041, 0.008532916195690632, 0.5321629047393799, 1.460931420326233, 0.008015695959329605, 2.2106337547302246, 2.2964863777160645, 3.0817198753356934, 0.11375914514064789, 0.49920836091041565, 0.07099634408950806, 0.1998833268880844, 0.2702523171901703, 0.018070202320814133, 0.09077613055706024, 1.4099221229553223, 0.37960684299468994, 0.0, 0.35088402032852173, 0.05618080869317055, 1.0204594135284424, 0.18184669315814972, 0.1598871648311615, 1.2615702152252197, 0.11719507724046707, 0.33382487297058105, 0.008435964584350586, 3.038123846054077, 0.013414304703474045, 1.4198111295700073, 0.15256528556346893, 2.2459592819213867, 0.05116158723831177, 0.0174490287899971, 0.0, 1.1538467407226562, 1.0465830564498901, 0.011727924458682537, 0.29435205459594727, 0.09833063185214996, 0.10034633427858353, 0.3588871359825134, 0.2552962601184845, 0.0, 0.07048992067575455, 0.25216737389564514, 0.6543286442756653, 0.4807444214820862, 0.057404037564992905, 0.09191518276929855, 0.0003565549850463867, 0.048590172082185745, 0.028806554153561592, 1.3877522945404053, 1.7170761823654175, 0.07096049934625626, 0.0204036682844162, 2.403557777404785, 0.20353266596794128, 0.0003239694924559444, 0.25923776626586914, 1.131465196609497, 2.1660079956054688, 1.16408371925354, 0.17374730110168457, 0.024678349494934082, 0.6939417123794556, 0.03861774131655693, 0.047118645161390305, 0.035522401332855225, 0.02756267413496971, 0.10120261460542679, 0.01661129854619503, 1.9711376428604126, 0.0, 0.0, 0.10048426687717438, 0.3793061673641205, 0.0, 0.022010628134012222, 0.2083345204591751, 0.9740856885910034, 0.24562691152095795, 0.0, 0.1669856458902359, 0.014509344473481178, 0.22192344069480896, 1.615820288658142, 0.5459355115890503, 0.5539688467979431, 1.6142208576202393, 0.0404331274330616, 0.005669727455824614, 0.0, 0.8761428594589233, 0.5525423884391785, 0.0, 1.3724371194839478, 1.8867921829223633, 0.5379999876022339, 0.017918052151799202, 0.11295976489782333, 0.07848542183637619, 0.004625546745955944, 0.002206576056778431, 0.0, 0.11074254661798477, 0.0, 0.0, 0.8151220083236694, 0.1493595689535141, 0.02154534123837948, 0.1457982212305069, 0.0, 0.215725377202034, 0.0, 0.313495934009552, 2.1832387447357178, 0.12153997272253036, 0.2056354433298111, 6.175808429718018, 0.0, 0.6864343881607056, 0.0, 0.21169807016849518, 1.3967269659042358, 0.0, 0.47202619910240173, 0.11547881364822388, 0.1304982304573059, 2.9336588382720947, 0.007531949318945408, 0.02659888193011284, 0.39120179414749146, 0.06805142015218735, 2.077855110168457, 0.0, 0.0, 0.14586637914180756, 0.0, 0.6651232838630676, 0.0, 0.0, 1.463019847869873, 1.8986362218856812, 0.40362003445625305, 0.0015205704839900136, 0.03754797577857971, 0.14713479578495026, 0.0, 0.01444340217858553, 0.22530658543109894, 0.01137750968337059, 0.041835106909275055, 0.0, 0.6057957410812378, 0.2887468636035919, 1.7969310283660889, 0.17973405122756958, 1.4484877586364746, 0.1652272492647171, 0.3725191354751587, 2.565192937850952, 0.17910386621952057, 0.05670848488807678, 0.0, 0.10238952189683914, 0.0156722255051136, 0.2848156988620758, 0.12817353010177612, 0.29818084836006165, 0.0, 0.8937439322471619, 0.0567692294716835, 2.473893404006958, 3.5469796657562256, 0.0926630049943924, 0.17525926232337952, 0.14065416157245636, 0.0446472130715847, 0.1487901508808136, 0.3716251254081726, 0.08247625827789307, 0.0919790044426918, 3.3819007873535156, 0.36494868993759155, 0.23067425191402435, 0.9967806339263916, 0.09164270758628845, 0.08211831003427505, 0.08735211193561554, 0.10134755074977875, 0.3556652367115021, 1.2742260694503784, 0.0, 0.0, 0.03476671129465103, 0.05396367982029915, 0.17862887680530548, 0.258232444524765, 0.19128234684467316, 0.4164353311061859, 0.23167940974235535, 0.09627043455839157, 2.4563076496124268, 0.5732722878456116, 0.0, 0.1357516646385193, 0.24484479427337646, 0.0013250404736027122, 0.11623992025852203, 0.0, 0.0, 0.28391745686531067, 1.1429494406911545e-05, 0.02831755392253399, 2.3496546745300293, 2.4230709075927734, 0.0, 0.43439531326293945, 0.0, 0.19199688732624054, 0.028187725692987442, 0.0, 0.29904770851135254, 0.012481475248932838, 0.03894427791237831, 0.8656570315361023, 3.700672149658203, 1.108381986618042, 0.5125042796134949, 0.23329579830169678, 0.0, 0.07500918954610825, 0.2860817313194275, 0.06935913860797882, 0.01715751737356186, 0.15398231148719788, 0.21415451169013977, 0.18236146867275238, 0.019767822697758675, 0.010553388856351376, 0.5545412302017212, 0.0, 0.043573047965765, 0.03361313045024872, 0.3945753276348114, 0.4085468649864197, 0.08834521472454071, 0.00822659395635128, 1.014614462852478, 0.0, 0.0, 0.7831171751022339, 0.5076380968093872, 0.29818493127822876, 2.3367550373077393, 0.4117392301559448, 2.2265982627868652, 0.04191911965608597, 0.5939038395881653, 2.1857926845550537, 0.03464767709374428, 0.005106694996356964, 0.015965856611728668, 0.0, 0.052430834621191025, 0.13063953816890717, 0.3470763862133026, 0.8749794363975525, 0.08297576755285263, 0.0, 0.07330016046762466, 0.0, 0.07403964549303055, 0.0965099111199379, 0.1550249606370926, 0.21779128909111023, 0.07796774059534073, 1.4396259784698486, 0.33787786960601807, 0.01969752460718155, 0.0, 0.021634923294186592, 0.10367903113365173, 2.530956745147705, 1.1580708026885986, 1.009469985961914, 0.0, 0.08912557363510132, 0.6313753128051758, 0.29906243085861206, 0.7768726944923401, 1.6400187015533447, 0.0, 0.5300348401069641, 0.07268110662698746, 2.429643392562866, 0.0, 0.03365654498338699, 0.9126244187355042, 0.02968570403754711, 0.18325373530387878, 0.09419682621955872, 0.010022798553109169, 1.4320486783981323, 0.08802346140146255, 0.09196993708610535, 0.0, 0.0, 0.2245209515094757, 0.015141107141971588, 0.0, 0.0, 0.002884957240894437, 0.1510021686553955, 0.06620769202709198, 0.6335800886154175, 0.0, 0.42487385869026184, 0.010131606832146645, 0.1501445770263672, 0.3972550630569458, 0.31224730610847473, 0.549238920211792, 0.22475850582122803, 0.0, 2.0954153537750244, 2.1996400356292725, 0.05834824591875076, 0.0021805616561323404, 0.1011260449886322, 0.002563800197094679, 0.33123406767845154, 1.4677728414535522, 0.051560401916503906, 0.17533719539642334, 1.285314917564392, 1.0357877016067505, 0.5320234298706055, 0.047035470604896545, 0.0, 0.16258810460567474, 0.0, 3.0417842864990234, 0.03883587196469307, 0.06843002140522003, 0.7332920432090759, 1.549705982208252, 0.5491754412651062, 0.008037610910832882, 0.10252182930707932, 0.709916353225708, 0.029666012153029442, 0.31005096435546875, 0.020957956090569496, 0.7924100756645203, 0.014892336912453175, 0.0695699080824852, 0.22036397457122803, 0.0, 0.00289811659604311, 0.0016887723468244076, 0.6541256308555603, 1.3448103666305542, 0.34281980991363525, 0.049109332263469696, 0.18847797811031342, 0.5406169295310974, 0.08075040578842163, 0.7275312542915344, 1.4603480100631714, 0.002518048044294119, 0.4593181908130646, 0.03811883553862572, 1.607061743736267, 1.0972766876220703, 0.41585808992385864, 0.0868130475282669, 0.4136735498905182, 0.10940468311309814, 0.1650388091802597, 0.37771284580230713, 0.19527281820774078, 0.0017269193194806576, 1.8008687496185303, 0.20455925166606903, 0.31867197155952454, 0.30322059988975525, 1.3991409540176392, 0.004483332391828299, 1.5159897804260254, 0.02299870364367962, 0.0, 0.10133098810911179, 0.0, 0.0607047975063324, 0.02516014501452446, 0.2526799142360687, 0.0, 0.6544423699378967, 0.01374957524240017, 0.23259402811527252, 0.47772449254989624, 1.5862836837768555, 0.03404589369893074, 0.0009093576809391379, 0.0, 0.049927446991205215, 0.7410668134689331, 0.2784920930862427, 0.03756383806467056, 0.0, 0.9614196419715881, 0.7860789895057678, 0.019806209951639175, 0.0, 0.08969799429178238, 0.01755131594836712, 0.4573153257369995, 0.09023762494325638, 1.0954334735870361, 0.9261899590492249, 0.015102989971637726, 0.0, 0.3493896722793579, 0.0, 0.1451125591993332, 0.04755145311355591, 0.09716396778821945, 0.012521916069090366, 0.4170840382575989, 1.2747236490249634, 0.26376593112945557, 0.0, 1.013662576675415, 0.4741824269294739, 0.2612115144729614, 0.0, 0.028948409482836723, 0.0, 0.06522698700428009, 0.002876147860661149, 0.05163493752479553, 0.0, 0.16658401489257812, 1.783492088317871, 0.6758120059967041, 0.08379396051168442, 0.03380618616938591, 4.670828342437744, 0.1803470104932785, 0.08667450398206711, 0.1974940001964569, 0.34091436862945557, 0.0, 0.27488571405410767, 0.5998349189758301, 0.8542121052742004, 0.4652411937713623, 0.07498420774936676, 0.20862895250320435, 0.17417661845684052, 0.3779447078704834, 0.06938804686069489, 0.0, 0.03094116598367691, 0.17842790484428406, 1.397323727607727, 0.04461605101823807, 0.2948930263519287, 0.02954883500933647, 0.0, 0.0012347843730822206, 0.5582027435302734, 0.31499460339546204, 0.6241737604141235, 0.23597562313079834, 0.006852957885712385, 0.7528769969940186, 0.36791837215423584, 1.923466682434082, 0.04576323553919792, 0.4825587272644043, 0.07344888150691986, 0.4931412935256958, 0.9552791118621826, 0.07229073345661163, 0.7206238508224487, 0.1146487221121788, 0.0, 0.5011449456214905, 1.3405534029006958, 0.2593761384487152, 1.3528934717178345, 0.018598074093461037, 0.03563202917575836, 0.10815196484327316, 0.0, 0.6071182489395142, 0.18182680010795593, 0.02077220194041729, 0.0, 1.4779582023620605, 0.22851580381393433, 2.360599994659424, 1.2205077409744263, 0.3509957492351532, 0.02319207973778248, 1.2476567029953003, 0.013103524222970009, 1.6375174522399902, 0.31618374586105347, 0.113124318420887, 0.0071550654247403145, 1.8624612092971802, 0.520891010761261, 0.28148624300956726, 0.15426482260227203, 1.9754095077514648, 0.8098818063735962, 0.479055255651474, 0.0, 0.5944433212280273, 0.0, 0.02908223494887352, 0.002590159885585308, 0.30839359760284424, 0.44741156697273254, 0.012198087759315968, 0.0, 0.7260638475418091, 0.9732482433319092, 1.2232751846313477, 0.13416607677936554, 0.1846121996641159, 0.0414729081094265, 0.07010053098201752, 0.09249880164861679, 1.4763356447219849, 0.18533575534820557, 1.012323021888733, 1.314366340637207, 0.03339630365371704, 1.050935983657837, 0.03601571172475815, 0.3391123116016388, 0.900236189365387, 0.03684664145112038, 0.2583341896533966, 1.9989027976989746, 0.0, 0.00906408578157425, 0.07392965257167816, 0.6524295210838318, 0.0844334289431572, 0.0, 1.2202600240707397, 1.3738752603530884, 0.380505234003067, 2.7066752910614014, 0.0, 0.0, 0.0, 0.1809055358171463, 0.11039575934410095, 0.01594141125679016, 0.3140363395214081, 2.8439958095550537, 1.1907814741134644, 0.1148553416132927, 0.07416538894176483, 0.9305557012557983, 0.8781659603118896, 0.18609216809272766, 0.04490680992603302, 0.0, 0.0035896836780011654, 0.0, 0.05470997095108032, 0.0, 0.4846746623516083, 0.0, 0.1367131769657135, 0.6861178278923035, 0.008414083160459995, 0.08334611356258392, 0.2759847939014435, 0.0, 0.3405163884162903, 0.23765146732330322, 0.03319023922085762, 0.46562689542770386, 0.6646771430969238, 4.707923889160156, 0.21765053272247314, 0.0, 0.05958325415849686, 0.05566398426890373, 0.0, 1.2333835363388062, 0.7974487543106079, 0.737182080745697, 1.5782135725021362, 0.40288567543029785, 0.0034073833376169205, 0.6060023903846741, 0.04405618831515312, 0.0, 0.9242981672286987, 0.02041350118815899, 0.3300981819629669, 2.607264518737793, 0.2108849138021469, 0.003805221291258931, 0.014051319099962711, 0.0, 0.14447033405303955, 0.010029011406004429, 0.7235308289527893, 0.539818525314331, 0.02353481389582157, 0.686434268951416, 0.07590460032224655, 0.14622022211551666, 0.0, 0.4262674152851105, 0.11105810105800629, 0.012563666328787804, 4.226968765258789, 0.0, 0.21414071321487427, 1.4310050010681152, 0.19628369808197021, 0.05761760473251343, 2.4973645210266113, 0.10903370380401611, 0.5380047559738159, 0.021201692521572113, 0.0, 0.09748227149248123, 0.04834685102105141, 0.09453064948320389, 0.004368565510958433, 0.0, 0.24436619877815247, 0.0211718138307333, 0.01344352588057518, 0.3712330162525177, 0.6934769153594971, 0.03389817476272583, 0.5345936417579651, 0.22792696952819824, 5.4719743728637695, 0.02128063328564167, 0.0, 0.10378841310739517, 1.794174075126648, 0.0, 0.587785005569458, 0.43918275833129883, 0.0, 0.667389988899231, 0.4178209900856018, 0.02421083301305771, 0.7663413882255554, 0.07170253247022629, 0.6863344311714172, 0.0, 0.3893565237522125, 0.015515487641096115, 0.2798301577568054, 1.2585885524749756, 0.07147545367479324, 4.836306571960449, 0.0, 0.5420323610305786, 0.0, 0.026439528912305832, 0.6604382395744324, 0.0, 0.0, 1.556991457939148, 0.22657859325408936, 0.12583234906196594, 0.17374248802661896, 0.28568515181541443, 0.18951080739498138, 0.5192703604698181, 0.3099978566169739, 0.14193709194660187, 0.7779441475868225, 0.0008752516587264836, 0.061175741255283356, 0.2108384370803833, 0.0, 0.7364275455474854, 2.1466941833496094, 0.5355964303016663, 0.37724459171295166, 0.0, 0.7968490719795227, 0.16074050962924957, 0.0, 0.2798844575881958, 1.1720324754714966, 1.0588573217391968, 0.6057882308959961, 0.47668689489364624, 1.181841254234314, 0.01601649820804596, 0.5564205646514893, 0.08433843404054642, 0.3280717134475708, 0.4826965034008026, 0.13385196030139923, 0.0, 0.1202642023563385, 0.0, 0.0, 0.017759624868631363, 0.21833977103233337, 0.015622070990502834, 0.0906379297375679, 0.06915702670812607, 0.1338283121585846, 0.0, 0.0646432638168335, 0.14809678494930267, 1.6049563884735107, 1.6887338161468506, 0.0, 0.5529769659042358, 0.2588343620300293, 0.0, 0.14412128925323486, 0.21127058565616608, 0.09141779690980911, 1.5099966526031494, 0.006648892071098089, 0.04840858653187752, 0.0, 0.000765890465117991, 0.011073127388954163, 0.020779570564627647, 0.0, 0.2221325784921646, 0.018500111997127533, 0.6096192002296448, 0.018228530883789062, 1.505297303199768, 0.2861776053905487, 0.0033916744869202375, 0.0, 0.0039059482514858246, 0.3020801544189453, 0.05703475698828697, 0.15049082040786743, 0.2947292625904083, 0.0, 1.746421217918396, 0.05076849088072777, 0.0, 0.09193438291549683, 0.25053369998931885, 0.059883225709199905, 0.03694618120789528, 0.8961229920387268, 0.10427790880203247, 0.0, 0.04244796186685562, 0.0, 0.05519416555762291, 0.32997003197669983, 0.6854506731033325, 0.03947144001722336, 0.3307558298110962, 0.0, 0.16795563697814941, 0.058772601187229156, 0.0, 0.015697957947850227, 2.011967658996582, 1.130603551864624, 0.5961998701095581, 0.014311123639345169, 0.7232857346534729, 0.1461402177810669, 0.7678440809249878, 0.7288972735404968, 0.01132180541753769, 1.0634599924087524, 0.4074779152870178, 0.37641191482543945, 0.05180232971906662, 0.9851232767105103, 2.9819347858428955, 0.08540064841508865, 0.03243938088417053, 0.8662521839141846, 1.009436011314392, 0.017437219619750977, 0.13084959983825684, 0.057118214666843414, 0.44683924317359924, 0.7053722739219666, 0.0046790060587227345, 1.6929576396942139, 1.2672728300094604, 0.06294187903404236, 0.9737392067909241, 0.0, 0.9406073689460754, 2.2277708053588867, 0.6474794745445251, 0.005467677488923073, 0.7966182231903076, 2.5373852252960205, 0.013425515964627266, 2.8706612586975098, 0.007906198501586914, 0.04038378223776817, 0.35118308663368225, 0.0, 0.5078040361404419, 0.013604016043245792, 0.0, 0.12810687720775604, 0.7147924304008484, 0.08249753713607788, 0.0632215291261673, 1.82582688331604, 0.19173717498779297, 0.5211318135261536, 0.30194520950317383, 0.36906906962394714, 0.299182653427124, 0.0, 0.0, 0.21129196882247925, 0.19508107006549835, 0.021543065086007118, 0.04485255852341652, 2.329056978225708, 0.42874476313591003, 0.02124452032148838, 0.017722994089126587, 0.023505594581365585, 0.1617288440465927, 0.0, 0.02379678748548031, 0.31784147024154663, 0.20942376554012299, 0.1084035336971283, 0.392184853553772, 0.08834566175937653, 0.11860977858304977, 0.3929438591003418, 1.115105390548706, 0.000997679540887475, 0.01897144876420498, 0.3808830678462982, 0.042052462697029114, 0.05377494916319847, 0.019608383998274803, 0.0, 0.1626017987728119, 1.618746280670166, 0.05393122509121895, 0.1470576375722885, 0.0, 0.0643671378493309, 0.0, 0.09201208502054214, 0.3411482274532318, 0.09456536918878555, 0.0, 0.0032130770850926638, 0.15702319145202637, 0.5174174904823303, 1.1120027303695679, 0.9786834120750427, 0.26950985193252563, 0.0629914328455925, 3.1116974353790283, 0.0, 0.0, 0.03223579376935959, 0.7828623056411743, 0.2651984989643097, 0.023628663271665573, 0.1573900580406189, 0.2937646210193634, 0.25812575221061707, 0.040677133947610855, 1.5898205041885376, 0.0, 0.00039587216451764107, 0.0, 0.0, 0.4340772032737732, 0.025595227256417274, 0.2496737837791443, 0.06821545213460922, 0.7871785759925842, 0.0, 0.0, 0.15541648864746094, 0.08353710919618607, 0.0, 0.10145483165979385, 0.015419458970427513, 0.45161110162734985, 0.9318447709083557, 0.36309483647346497, 0.5722193717956543, 0.1946907788515091, 0.26483914256095886, 0.0, 0.0540984682738781, 0.466712087392807, 0.016292279586195946, 0.11528758704662323, 0.019480038434267044, 0.0002127812767866999, 0.10186278820037842, 0.0, 1.281267762184143, 0.9206746220588684, 1.393919825553894, 0.5124717354774475, 0.5944736003875732, 0.3600237965583801, 0.0073481458239257336, 1.6232954263687134, 0.4086473882198334, 0.16075743734836578, 3.411369562149048, 0.9034794569015503, 0.1333487629890442, 0.036432716995477676, 0.0, 0.03345808759331703, 0.037955399602651596, 3.525918873492628e-05, 2.087352991104126, 0.014756616204977036, 0.23607344925403595, 0.5098438858985901, 0.0484030619263649, 0.023788373917341232, 0.0, 2.4100515842437744, 0.4064740836620331, 0.0029961722902953625, 0.24644948542118073, 1.0152068138122559, 0.18209850788116455, 1.1219396591186523, 0.13076375424861908, 0.05990948900580406, 0.8065119981765747, 0.0, 0.10857387632131577, 0.058949071913957596, 0.8336490988731384, 0.002569855423644185, 2.181927442550659, 0.08312097191810608, 0.04883813485503197, 0.9026164412498474, 0.4075466990470886, 0.18724563717842102, 0.0, 0.0051797726191580296, 0.07433827966451645, 1.3830562829971313, 0.40028613805770874, 0.005097328219562769, 0.2750704884529114, 0.0, 0.33760857582092285, 0.17666828632354736, 0.0885142982006073, 0.007522488012909889, 0.08547456562519073, 0.0951910987496376, 0.14954650402069092, 0.9355773329734802, 0.05783623084425926, 2.353961944580078, 2.174036741256714, 2.782849073410034, 0.09786023944616318, 0.40762290358543396, 0.5455557107925415, 0.0, 0.14177142083644867, 0.02206326462328434, 0.34013086557388306, 0.4014315605163574, 0.6568971872329712, 0.28451254963874817, 0.0, 0.37213513255119324, 0.8899739384651184, 0.7419171333312988, 0.25002244114875793, 0.23991915583610535, 0.0013248628238216043, 0.47040897607803345, 0.990409255027771, 0.490358829498291, 0.06731148064136505, 0.0, 0.15420198440551758, 0.04464300721883774, 0.06812522560358047, 0.0, 0.03109458088874817, 0.0, 0.15388771891593933, 0.11353099346160889, 0.10663823038339615, 0.07971145957708359, 1.8956772089004517, 0.0, 0.008859432302415371, 1.984789490699768, 0.3120817542076111, 0.12491971254348755, 0.19980113208293915, 0.0, 1.3882755041122437, 3.203809976577759, 0.31433019042015076, 0.1852598339319229, 0.2266019582748413, 0.0, 2.0390546321868896, 1.1092777252197266, 0.02455769293010235, 0.08771415799856186, 0.03609616309404373, 0.3302895724773407, 1.2740522623062134, 2.335833787918091, 1.162214756011963, 0.0006078992737457156, 0.21118108928203583, 0.007279400713741779, 0.3199792802333832, 0.03060353547334671, 1.1935313940048218, 0.3788601756095886, 0.0, 1.1265764236450195, 0.024565206840634346, 0.28271055221557617, 0.0, 0.0, 0.07378699630498886, 0.07123544067144394, 0.5963783860206604, 0.8906831741333008, 0.1714637726545334, 0.09860718250274658, 0.17788363993167877, 0.5254197120666504, 0.0, 1.3985137939453125, 0.02660447172820568, 0.24591560661792755, 0.14341537654399872, 0.7591802477836609, 0.052733927965164185, 0.05201251059770584, 0.18750399351119995, 0.0502292774617672, 0.09382075816392899, 0.29297131299972534, 0.1576230674982071, 0.19586721062660217, 0.138947531580925, 0.0, 1.366621732711792, 0.7658683061599731, 0.0, 0.31309279799461365, 0.0, 1.649786353111267, 0.26471734046936035, 0.3665412664413452, 0.687914252281189, 0.30174151062965393, 0.08077748119831085, 0.08914854377508163, 0.5504428148269653, 0.0, 1.446975827217102, 0.09251417219638824, 0.42356881499290466, 0.13006503880023956, 0.0, 0.0, 3.084132671356201, 0.39727094769477844, 0.18968619406223297, 1.586256742477417, 0.7748153805732727, 0.0, 0.0011822545202448964, 0.5950550436973572, 0.24866077303886414, 0.08523127436637878, 0.00040591979632154107, 0.0, 0.13368108868598938, 0.0, 0.0, 0.0, 0.0, 1.5469855070114136, 0.17206820845603943, 0.0, 0.13187390565872192, 0.622542679309845, 0.006548893637955189, 0.4963839650154114, 0.004830883350223303, 0.0, 0.19079342484474182, 0.7873064875602722, 0.9421626329421997, 0.022867219522595406, 0.16390196979045868, 0.0, 0.010775486007332802, 0.09036355465650558, 0.744049072265625, 3.194777727127075, 0.6383267045021057, 0.07926049083471298, 0.01407578494399786, 0.4112722873687744, 0.20818588137626648, 0.013274704106152058, 0.018471285700798035, 4.129409313201904, 0.007085877936333418, 0.0, 0.21132749319076538, 0.013005567714571953, 0.6042382121086121, 4.599395275115967, 0.0, 0.0, 0.0, 0.41078677773475647, 0.06087837368249893, 0.535839855670929, 0.0, 0.0, 0.8617392778396606, 0.2727516293525696, 0.499284029006958, 0.17430426180362701, 1.347102165222168, 0.0, 0.03130794316530228, 0.0, 0.5115803480148315, 0.011735436506569386, 0.1014804095029831, 0.0, 0.405179500579834, 0.037552136927843094, 0.009239527396857738, 0.4187186360359192, 0.0, 0.0, 0.7084052562713623, 0.030661465600132942, 0.1936425417661667, 0.19343173503875732, 0.7588884234428406, 0.0875043272972107, 0.14556828141212463, 0.5555340647697449, 0.3211685121059418, 1.984590768814087, 0.23022446036338806, 0.8506461977958679, 0.9626587629318237, 0.0, 0.6782191395759583, 0.05815370753407478, 1.4574111700057983, 0.4081355929374695, 2.6006276607513428, 0.5175126791000366, 0.7543433904647827, 0.36752521991729736, 0.18154475092887878, 0.13994921743869781, 0.044411931186914444, 0.10344680398702621, 0.06595605611801147, 0.13901031017303467, 0.1338958889245987, 0.6210496425628662, 0.0, 0.38425615429878235, 0.0652003362774849, 0.006807988975197077, 0.031160512939095497, 0.8090667724609375, 0.29841184616088867, 0.593446671962738, 0.7467268109321594, 0.0, 0.6228812336921692, 0.3149622976779938, 0.0, 2.1128578186035156, 0.21802140772342682, 0.4768051505088806, 0.011812828481197357, 0.2199867218732834, 0.582338273525238, 0.9628547430038452, 0.016264526173472404, 0.23600834608078003, 0.7069124579429626, 0.20190879702568054, 0.0, 1.7978206872940063, 0.24269458651542664, 1.1819484233856201, 1.2916141748428345, 0.0, 0.8134910464286804, 0.7515202760696411, 0.3716704845428467, 0.0022591862361878157, 0.013195645995438099, 0.21157515048980713, 0.11001240462064743, 2.1997275352478027, 0.1371002495288849, 0.0, 0.09255141019821167, 0.2890108823776245, 1.2142362594604492, 2.180217742919922, 1.0483813285827637, 0.0, 0.019235936924815178, 0.019933372735977173, 0.25410687923431396, 0.004355007316917181, 0.9169601202011108, 0.11978292465209961, 0.0023623681627213955, 0.0, 0.04295821115374565, 0.0, 0.0, 0.0, 0.005254132207483053, 0.8176559209823608, 0.5090045928955078, 0.040513135492801666, 0.6495898962020874, 0.49457982182502747, 2.510134696960449, 0.8399060964584351, 1.2105295658111572, 0.17612414062023163, 0.8680518269538879, 1.7252049446105957, 0.0, 1.5189701318740845, 0.7003458738327026, 0.07882410287857056, 0.20748944580554962, 0.3803652822971344, 0.14028878509998322, 0.24673710763454437, 0.0, 1.5069453716278076, 0.2631666362285614, 0.32861456274986267, 0.4860409200191498, 0.05236196145415306, 0.0, 0.023012463003396988, 0.6319031715393066, 0.0, 0.0, 0.18342609703540802, 0.6350457072257996, 0.011000195518136024, 0.31562796235084534, 0.015215958468616009, 0.23604151606559753, 0.03008817695081234, 0.15300852060317993, 0.2137315273284912, 0.05675555765628815, 0.22791552543640137, 0.176760733127594, 0.21148477494716644, 1.6584553718566895, 0.44029346108436584, 0.10841385275125504, 0.12098059058189392, 0.11494830995798111, 0.0751095712184906, 2.011775016784668, 0.14598192274570465, 0.1738136261701584, 0.39035341143608093, 0.7513806223869324, 0.1023392453789711, 0.7701060771942139, 1.2854046821594238, 1.1951075792312622, 0.24323779344558716, 0.06278857588768005, 0.29152679443359375, 0.04632527381181717, 0.1313553899526596, 1.0675804615020752, 1.2013825178146362, 0.0, 0.4141112267971039, 0.4234803318977356, 0.03693723306059837, 0.023773010820150375, 0.3477335274219513, 0.005320179276168346, 0.12534356117248535, 0.0362282395362854, 0.0003903544566128403, 0.014601512812077999, 1.1530197858810425, 3.2079479694366455, 1.5436416864395142, 0.12404266744852066, 0.3224555552005768, 1.2091749906539917, 1.9939215183258057, 0.0, 0.0, 0.0, 1.0128179788589478, 0.4656431972980499, 0.029710866510868073, 0.04298316314816475, 2.287991523742676, 0.2805691957473755, 0.011066682636737823, 0.5316987037658691, 0.2734060287475586, 0.8470867872238159, 0.6083173155784607, 1.1135753393173218, 0.47625163197517395, 0.006312835030257702, 3.025559663772583, 0.22722162306308746, 0.0, 1.2204481363296509, 0.07695159316062927, 1.5419460535049438, 0.20431436598300934, 2.3610496520996094, 1.4494991302490234, 0.1603011041879654, 0.7910402417182922, 0.0, 0.022179370746016502, 0.19021525979042053, 0.057845015078783035, 0.16011780500411987, 0.0, 0.09128030389547348, 0.010375416837632656, 0.0892445519566536, 1.1368863582611084, 0.985308825969696, 0.15159933269023895, 0.0, 0.016243239864706993, 0.057469431310892105, 0.4714439809322357, 0.09267830103635788, 0.13541893661022186, 0.013101093471050262, 0.30822184681892395, 0.4597930908203125, 0.10314976423978806, 0.0, 0.28464266657829285, 0.0, 0.041470225900411606, 0.09466828405857086, 0.0, 0.02029046230018139, 1.0066392421722412, 0.0, 0.33644774556159973, 0.5545898675918579, 0.2784627079963684, 0.36102747917175293, 0.3001822233200073, 0.05112094432115555, 0.0020088274031877518, 0.37604206800460815, 0.8170545101165771, 0.3843587040901184, 0.01318195927888155, 2.723970890045166, 0.0, 0.14513202011585236, 0.7180531620979309, 0.5888295769691467, 0.4143856465816498, 0.0833812803030014, 0.05469081923365593, 0.0753331407904625, 0.0016045327065512538, 0.0, 0.0028999485075473785, 0.048776786774396896, 0.6891534924507141, 0.08739540725946426, 0.039712585508823395, 0.0, 0.03808468580245972, 0.0, 0.0, 0.005126019008457661, 0.06470083445310593, 0.6294991374015808, 0.09368789196014404, 2.1169376373291016, 0.0, 0.06300336122512817, 0.002023035194724798, 0.0, 0.04678376391530037, 0.0, 0.006468683015555143, 0.5834922194480896, 0.07722364366054535, 1.6014530658721924, 0.25289276242256165, 0.032856881618499756, 0.3276703357696533, 0.0, 2.5873501300811768, 1.3908342123031616, 3.019582986831665, 0.1571679264307022, 0.011446877382695675, 0.0, 0.642768919467926, 0.0, 0.11087913811206818, 0.029793865978717804, 0.04954810068011284, 0.030409764498472214, 0.006982958875596523, 1.3795418739318848, 0.006458691321313381, 0.0027349432930350304, 0.053392913192510605, 0.517899215221405, 0.7726600766181946, 0.1717805117368698, 0.6568702459335327, 0.23789598047733307, 0.011336134746670723, 0.02752438560128212, 0.0, 0.008511360734701157, 0.07680471241474152, 0.05521775782108307, 0.0, 1.020449161529541, 0.6190992593765259, 0.2415262758731842, 0.036532044410705566, 0.07032765448093414, 0.00679988507181406, 0.0, 0.0, 0.22035463154315948, 0.01834038272500038, 0.9893478155136108, 0.9637508988380432, 0.9905309677124023, 0.09983450174331665, 0.017341239377856255, 0.0, 0.06193448230624199, 1.376596450805664, 0.23314312100410461, 0.6807764172554016, 0.03480987623333931, 0.12191422283649445, 0.6078494787216187, 0.04331415891647339, 0.2713571786880493, 0.2766735553741455, 0.4820694327354431, 0.22574712336063385, 0.009293923154473305, 0.0, 0.0016980512300506234, 0.3022555708885193, 0.10186348855495453, 0.4016202390193939, 1.621518850326538, 0.09242178499698639, 0.1137327179312706, 0.0, 0.005185131914913654, 0.02164260670542717, 3.8621509075164795, 0.18707217276096344, 0.0, 0.7738692760467529, 0.10590088367462158, 0.34896448254585266, 0.27947553992271423, 0.0, 1.7975736856460571, 0.7055243849754333, 0.21189691126346588, 0.6517959833145142, 0.06388803571462631, 0.39923107624053955, 0.5772168040275574, 0.33753252029418945, 9.530732154846191, 0.0, 0.2759900391101837, 1.077022910118103, 0.0, 0.0, 0.009658638387918472, 1.315956473350525, 0.0, 0.10657520592212677, 0.0, 0.6470582485198975, 0.03915582224726677, 0.21382683515548706, 0.16536091268062592, 0.013071644119918346, 1.0464040040969849, 0.7299465537071228, 0.04448696970939636, 0.5991066694259644, 0.09629407525062561, 0.03578439727425575, 0.5688397288322449, 0.4613455533981323, 0.0, 0.3766472339630127, 0.184045672416687, 1.031419038772583, 0.13135123252868652, 0.07985996454954147, 0.0, 1.6298563480377197, 0.40335360169410706, 0.00610103877261281, 1.8041237592697144, 0.34917739033699036, 0.02358870580792427, 0.41843748092651367, 0.0, 0.07603386789560318, 0.1350705921649933, 0.06164165586233139, 0.5909740328788757, 0.47079697251319885, 2.4507815837860107, 0.018367519602179527, 0.792976975440979, 0.0, 0.16651344299316406, 0.08399595320224762, 1.5148751735687256, 0.6190028786659241, 0.4209378957748413, 2.4176583290100098, 0.6474332809448242, 0.0, 0.20121143758296967, 0.08470458537340164, 0.0, 0.34884482622146606, 0.15752892196178436, 3.2344279289245605, 0.17916762828826904, 0.6114746928215027, 0.0014767549000680447, 0.0, 0.07986446470022202, 0.055342528969049454, 0.09627846628427505, 0.04821955785155296, 2.5748627185821533, 0.09645599871873856, 0.12403882294893265, 0.6208126544952393, 1.5687260627746582, 0.6464828848838806, 1.0292617082595825, 0.40003499388694763, 0.24168576300144196, 0.4860409200191498, 0.006953115575015545, 0.19115076959133148, 0.0, 0.15520502626895905, 0.2778915464878082, 0.7395287156105042, 0.06148916482925415, 0.22729727625846863, 0.0, 0.0, 0.0, 0.05203856900334358, 0.20793849229812622, 0.0, 1.5153913497924805, 0.034394871443510056, 0.030919799581170082, 0.02237595058977604, 0.020863002166152, 0.0, 0.018878411501646042, 0.0, 0.3482661247253418, 0.6436043381690979, 1.6719716787338257, 0.5491992235183716, 0.27615225315093994, 0.02636910416185856, 0.250395804643631, 0.23620197176933289, 0.3700127899646759, 0.0574800968170166, 0.9611518979072571, 0.2101406306028366, 0.2884795665740967, 0.0950365662574768, 3.273972511291504, 0.0, 0.05438781902194023, 0.0, 0.0, 0.0, 1.0832127332687378, 3.1947031021118164, 0.7458127737045288, 0.1224040687084198, 1.5448535680770874, 0.56327885389328, 0.9783747792243958, 0.03221791237592697, 0.06602978706359863, 0.0867229774594307, 0.004408140666782856, 0.26580241322517395, 0.31991103291511536, 2.5062222480773926, 0.01945008523762226, 0.10174780339002609, 0.002180077601224184, 0.04034177586436272, 0.0, 0.01184708159416914, 0.12414196878671646, 1.3492883443832397, 0.6914860606193542, 0.016934316605329514, 1.2312216758728027, 0.15504856407642365, 0.005744602996855974, 0.22305282950401306, 1.151854157447815, 0.370903879404068, 0.01953071542084217, 0.7055850625038147, 0.0791865810751915, 0.07668399810791016, 0.6592274904251099, 0.13270434737205505, 0.014496552757918835, 0.0, 0.10130733996629715, 0.0, 0.0, 2.8094515800476074, 0.02989753894507885, 0.3961169719696045, 0.5704447031021118, 0.8252456188201904, 0.1672002077102661, 0.0, 0.0003434151876717806, 0.25215867161750793, 0.0, 0.10953196883201599, 0.3596934974193573, 0.389605313539505, 2.6637027263641357, 0.7695953845977783, 1.4076446294784546, 0.15296129882335663, 1.1665139198303223, 0.0029551959596574306, 3.346710443496704, 0.5932006239891052, 3.869093894958496, 0.0, 0.7132782936096191, 0.38174960017204285, 0.27307361364364624, 1.0389102697372437, 0.4394553005695343, 0.10912241041660309, 0.026342783123254776, 0.02565731294453144, 0.42625874280929565, 0.7254315614700317, 0.2238016277551651, 1.415723204612732, 0.08119478076696396, 0.0, 0.0, 0.0, 0.0, 0.39212337136268616, 0.5533627867698669, 0.9266489744186401, 0.0, 0.28451964259147644, 0.07219183444976807, 1.7951105833053589, 0.03625073656439781, 0.4294344186782837, 0.12372033298015594, 0.6107755899429321, 0.005331192631274462, 0.10910539329051971, 0.0, 0.06873636692762375, 0.1652500182390213, 0.02509400248527527, 0.049423158168792725, 0.23695428669452667, 0.09922948479652405, 0.24258768558502197, 3.0811140537261963, 0.06581658124923706]",Testing/glioma_tumor/image(37).jpg
"[0.8403324484825134, 0.6110275387763977, 0.0, 1.2429882287979126, 1.0411360263824463, 0.22239232063293457, 2.8558454513549805, 0.008303890004754066, 0.3418624997138977, 0.0006304954877123237, 0.008725857362151146, 0.08866176754236221, 0.8008056879043579, 0.5718902945518494, 0.10577739030122757, 0.905915379524231, 0.07364419847726822, 0.13266576826572418, 0.0, 0.09445054829120636, 0.061388250440359116, 0.32758650183677673, 0.5046769976615906, 0.20962382853031158, 0.11771687865257263, 0.13937048614025116, 1.1682571172714233, 0.18993650376796722, 0.14675195515155792, 0.02971627749502659, 0.3727946877479553, 0.04522659257054329, 0.01337996032088995, 0.7423113584518433, 0.17125791311264038, 0.36995387077331543, 0.047124579548835754, 0.12575624883174896, 0.23086540400981903, 0.025153500959277153, 0.15806996822357178, 0.7126429080963135, 0.010409355163574219, 0.005885112099349499, 0.014028739184141159, 0.42605435848236084, 0.0582558773458004, 0.023476528003811836, 0.04038555175065994, 1.1257272958755493, 1.2082630395889282, 0.14551307260990143, 1.0478489398956299, 0.060153454542160034, 1.2734506130218506, 0.49868127703666687, 0.054670047014951706, 0.07825803011655807, 0.6842827200889587, 0.0, 0.5443743467330933, 0.6728989481925964, 0.9896003603935242, 1.3629659414291382, 0.28631260991096497, 0.0, 1.2201564311981201, 0.002202222589403391, 0.0037743558641523123, 0.012955110520124435, 0.0, 0.003938828129321337, 0.08142758160829544, 3.5745725631713867, 0.21787452697753906, 0.08521333336830139, 4.744141101837158, 0.2068641632795334, 0.0, 0.3379439413547516, 0.0958872139453888, 0.0348198376595974, 0.6740109324455261, 0.2544354498386383, 1.1963520050048828, 0.03450149670243263, 4.085814952850342, 0.0, 0.032039202749729156, 0.8252901434898376, 1.3390533924102783, 0.013935303315520287, 0.04114953801035881, 0.43816396594047546, 0.19247221946716309, 0.046945784240961075, 0.17896056175231934, 0.8474164009094238, 0.03411586582660675, 0.3411514163017273, 0.0997663214802742, 0.9783163070678711, 0.0, 0.7221463322639465, 0.7489075064659119, 0.5198318362236023, 0.09692826867103577, 1.988721251487732, 0.030886217951774597, 1.0312609672546387, 1.1964199542999268, 0.04094521701335907, 0.0, 0.1148374155163765, 0.17923575639724731, 0.524745523929596, 0.2838838994503021, 0.18690311908721924, 0.0, 0.0474732369184494, 0.10205786675214767, 0.1505817174911499, 0.028751956298947334, 0.1739935576915741, 1.1154873371124268, 0.5330546498298645, 0.3102343678474426, 0.04322480037808418, 2.225635528564453, 0.0, 0.0, 0.9367655515670776, 0.021921783685684204, 0.012679824605584145, 0.011663076467812061, 0.7230468392372131, 0.15340447425842285, 1.7066707611083984, 0.012527093291282654, 0.30173414945602417, 0.043724413961172104, 0.025042714551091194, 0.037030693143606186, 0.03204844519495964, 0.04746111109852791, 0.10539629310369492, 0.6698499321937561, 0.5248834490776062, 0.08000924438238144, 0.0, 0.5748544335365295, 0.5510308146476746, 0.002194137079641223, 0.11408132314682007, 0.37957170605659485, 0.12114106118679047, 0.07601887732744217, 0.2017785608768463, 1.4413747787475586, 0.021171901375055313, 0.06987140327692032, 0.6505194902420044, 0.0, 0.0, 0.04727819934487343, 0.1899617463350296, 0.4353158175945282, 0.0, 0.28179189562797546, 5.046823024749756, 0.8180254101753235, 0.033072929829359055, 0.0011054156348109245, 0.04161389544606209, 1.3799734115600586, 0.5439872741699219, 0.0, 0.4364205300807953, 0.0, 0.23564910888671875, 0.22388333082199097, 0.0, 0.06249507516622543, 0.6554751992225647, 0.7026809453964233, 0.08904654532670975, 0.07657621800899506, 1.084713101387024, 0.49584144353866577, 0.0, 0.7072750926017761, 0.5731196999549866, 0.045458827167749405, 0.0, 0.0, 0.22572407126426697, 0.007516199257224798, 0.5232261419296265, 0.0020693030674010515, 0.06014182046055794, 0.7226977944374084, 0.1716925948858261, 0.8949292302131653, 0.8685627579689026, 0.565056324005127, 0.22275365889072418, 0.07563574612140656, 0.0, 0.03175331652164459, 0.7967865467071533, 0.028043579310178757, 0.9057683944702148, 0.0, 1.2903985977172852, 0.016028836369514465, 0.8184521794319153, 0.07164577394723892, 0.0, 0.0380684919655323, 0.0, 0.12391664832830429, 0.10235559940338135, 1.101631760597229, 0.26377472281455994, 0.0009294334449805319, 1.6201585531234741, 0.3809753656387329, 0.07262570410966873, 2.370346784591675, 0.36216485500335693, 0.3781106173992157, 0.9982729554176331, 0.22106163203716278, 0.025868669152259827, 1.9227498769760132, 0.08809047937393188, 0.0, 0.2812923192977905, 0.0, 0.001754094148054719, 0.1449132114648819, 0.749747633934021, 1.6987212896347046, 0.497357040643692, 0.0, 0.07797326147556305, 0.1333434283733368, 3.963505268096924, 0.07141014188528061, 1.6652710437774658, 1.1932710409164429, 0.0, 0.18438802659511566, 0.23053760826587677, 1.9054523706436157, 0.46379220485687256, 1.3733760118484497, 3.657287359237671, 0.10836712270975113, 0.6328895092010498, 0.012338798493146896, 0.0, 0.3340199589729309, 0.05853100121021271, 0.0010473509319126606, 0.0, 0.017619488760828972, 0.2666507363319397, 0.0, 0.005884523503482342, 0.04483946040272713, 0.07226651906967163, 0.08587823808193207, 0.1457776129245758, 4.485922813415527, 0.1555631011724472, 0.0, 0.7969185709953308, 0.5716127753257751, 0.06362734735012054, 1.6348490715026855, 1.381894588470459, 2.955122947692871, 0.5337576270103455, 0.7105368971824646, 0.6501196026802063, 0.11833905428647995, 0.07306607067584991, 0.34721192717552185, 0.4795224964618683, 1.0250787734985352, 0.4662199914455414, 0.014710260555148125, 0.19740831851959229, 0.2704881429672241, 2.5600149631500244, 0.6795538067817688, 0.1237383559346199, 0.1880786418914795, 0.4667927026748657, 0.8977303504943848, 0.03145904093980789, 5.240540027618408, 0.0, 0.9895601868629456, 0.21475628018379211, 3.2937605381011963, 0.13655947148799896, 0.07517453283071518, 0.002424498088657856, 1.424973726272583, 0.46144750714302063, 0.19989240169525146, 0.025807389989495277, 0.5563139915466309, 0.0, 0.4109894037246704, 0.08563627302646637, 0.0, 0.01792909950017929, 0.18266195058822632, 0.1726883053779602, 0.0, 0.47788846492767334, 0.04680870100855827, 0.2920577824115753, 0.5112197399139404, 0.011243808083236217, 3.0263988971710205, 0.8802144527435303, 0.5217345356941223, 0.025149671360850334, 1.0227669477462769, 0.04237072914838791, 0.0, 0.05132606253027916, 1.8203750848770142, 0.08497580885887146, 1.3007615804672241, 0.2301938533782959, 0.042193807661533356, 0.004552457015961409, 0.02538137696683407, 0.07464642077684402, 0.0, 0.08791348338127136, 0.7262322306632996, 0.18528564274311066, 0.3252040445804596, 0.12289353460073471, 0.07534227520227432, 0.0, 0.4811708927154541, 0.0, 0.22146116197109222, 0.06657298654317856, 1.1298283338546753, 0.011058690957725048, 0.0, 0.2047162801027298, 0.5518104434013367, 0.26186835765838623, 0.09141824394464493, 0.05264554172754288, 0.06138652563095093, 0.8252947926521301, 0.24241478741168976, 0.015051527880132198, 0.45964401960372925, 0.6305966973304749, 0.08527106791734695, 0.034559041261672974, 1.6098850965499878, 1.6773326396942139, 0.021198224276304245, 0.2836407721042633, 0.7560150027275085, 0.1763177365064621, 0.0189078226685524, 0.015035147778689861, 0.0, 0.38922491669654846, 0.3394864797592163, 0.006162884179502726, 0.089463010430336, 0.6079108715057373, 0.5075469017028809, 0.0, 0.0, 0.06227882206439972, 0.0, 1.4509729146957397, 0.0013440385228022933, 0.2812959849834442, 0.029556848108768463, 4.638383388519287, 0.0, 0.3147035837173462, 0.22987408936023712, 0.0, 0.7787849307060242, 0.0, 0.022169867530465126, 0.161819726228714, 0.06306738406419754, 1.7100638151168823, 0.016125092282891273, 0.03755522146821022, 0.9004297256469727, 0.17345257103443146, 0.3331545293331146, 0.349609375, 0.0026892886962741613, 0.0, 0.029918067157268524, 2.7646050453186035, 0.0015139434253796935, 0.5358790159225464, 0.35133352875709534, 0.43757250905036926, 0.48802995681762695, 0.13728435337543488, 0.0, 0.6685328483581543, 0.23405155539512634, 0.0, 0.17968255281448364, 0.0, 0.0, 0.11395902186632156, 0.8978010416030884, 0.0, 1.1291745901107788, 0.1075291559100151, 2.6106700897216797, 0.193418487906456, 0.04297301173210144, 2.493283271789551, 0.0, 0.08526681363582611, 0.0, 0.19279815256595612, 0.4721420407295227, 0.27577054500579834, 0.04756896197795868, 0.03435869514942169, 0.0, 0.08003360033035278, 0.10926491022109985, 0.0, 1.6976447105407715, 0.09963130950927734, 0.15912000834941864, 0.1510433405637741, 0.03260505571961403, 0.07564875483512878, 0.0349363312125206, 0.07923147827386856, 0.003210744122043252, 0.9505534172058105, 0.5695437788963318, 0.49634653329849243, 0.23277689516544342, 0.0, 0.10477442294359207, 0.042257051914930344, 0.3386234641075134, 0.024641022086143494, 0.04837626963853836, 0.3771364688873291, 0.2776678502559662, 0.6663896441459656, 0.06464741379022598, 0.09567373991012573, 0.015195837244391441, 0.0422290675342083, 0.12960225343704224, 0.0, 0.08177407830953598, 1.3077071905136108, 1.0410401821136475, 0.0, 0.402820348739624, 0.610602855682373, 0.010863620787858963, 0.023998212069272995, 0.0, 0.01769120991230011, 0.7784477472305298, 0.12686766684055328, 1.395984411239624, 1.95084547996521, 0.9338638782501221, 0.0, 0.39994561672210693, 0.012449486181139946, 0.4383946657180786, 0.23291726410388947, 0.7770321369171143, 0.35677042603492737, 0.005585948005318642, 0.5198161602020264, 0.01080322265625, 5.7399468421936035, 1.4615137577056885, 0.029102873057127, 0.0981966108083725, 0.0, 0.1686246395111084, 0.12853789329528809, 0.01861797459423542, 0.0, 0.3607349693775177, 0.4488738775253296, 0.27232998609542847, 0.05360420420765877, 0.25866395235061646, 0.6952001452445984, 0.0, 0.006079938728362322, 0.0, 0.648648738861084, 0.11326742172241211, 0.5376943349838257, 0.0, 0.8351725935935974, 0.0, 0.0, 0.6393738985061646, 0.6232863664627075, 0.04838230833411217, 5.703737735748291, 1.668178677558899, 2.46358323097229, 0.08242153376340866, 1.1934171915054321, 0.9359273910522461, 0.12292317301034927, 0.32651379704475403, 0.12269815802574158, 0.017563531175255775, 0.0, 0.13647352159023285, 1.1525812149047852, 1.6627041101455688, 0.0, 0.37587594985961914, 1.3717360496520996, 0.0, 0.006874079816043377, 0.8759050369262695, 0.44587162137031555, 0.23166047036647797, 0.11040051281452179, 0.5413838028907776, 0.5180677175521851, 0.5146629810333252, 0.0, 0.05215427652001381, 0.2021682858467102, 5.572743892669678, 0.27619868516921997, 0.6755108833312988, 0.0, 0.017607463523745537, 0.2524067163467407, 0.6693674325942993, 0.01460000779479742, 0.3754243552684784, 1.8406306505203247, 1.3078194856643677, 0.07388459146022797, 0.8353312015533447, 0.364787757396698, 0.005033999215811491, 0.7882285118103027, 0.041018836200237274, 0.22668063640594482, 0.05371200665831566, 0.0, 1.3108621835708618, 0.0005040217656642199, 0.8361266851425171, 0.14567694067955017, 0.0, 0.01729365438222885, 0.0, 0.036776769906282425, 0.014393619261682034, 0.0, 0.01725681871175766, 0.09111031889915466, 0.34265217185020447, 0.01672087423503399, 0.3212822377681732, 0.0, 1.1629002094268799, 0.008846886456012726, 0.0, 0.0, 0.27335023880004883, 0.24638065695762634, 1.8471828699111938, 1.490859031677246, 0.25797784328460693, 0.010011074133217335, 0.7184575200080872, 0.18369744718074799, 0.8138835430145264, 2.23923921585083, 0.03496284782886505, 0.0, 0.27199849486351013, 0.4393764138221741, 0.0, 0.1445782482624054, 0.0, 0.03425253555178642, 0.19991818070411682, 0.14950384199619293, 0.037640295922756195, 0.0005956863751634955, 0.5491055250167847, 1.6926443576812744, 0.5509170293807983, 0.7529717087745667, 0.037145841866731644, 0.0, 0.0, 0.034797172993421555, 0.022511005401611328, 0.9500098824501038, 0.05320364236831665, 0.0, 0.007682629860937595, 0.0, 0.08399391174316406, 0.0, 0.4852445125579834, 0.0, 0.31102901697158813, 0.012371866032481194, 1.0921565294265747, 0.4333057701587677, 0.042707569897174835, 0.7212539911270142, 2.7851133346557617, 0.0, 0.2992463707923889, 0.0, 0.9467008709907532, 0.007659829221665859, 0.08014699816703796, 0.2523190379142761, 0.17901279032230377, 0.10030244290828705, 0.1297791451215744, 0.3788674771785736, 0.2963789403438568, 0.11343209445476532, 2.9840755462646484, 0.21608023345470428, 0.572930097579956, 0.5554428696632385, 0.1628562957048416, 0.0, 1.5775532722473145, 0.03566022217273712, 0.0, 0.8758308291435242, 0.029459018260240555, 0.15101104974746704, 0.03228480741381645, 0.33410876989364624, 0.115242600440979, 0.0, 0.3998052775859833, 0.19169385731220245, 0.9661824703216553, 1.1852445602416992, 0.5652891993522644, 0.006497368682175875, 0.0, 0.11321207880973816, 0.9924415349960327, 0.36435598134994507, 0.11659185588359833, 0.008560054004192352, 0.7522415518760681, 0.0, 0.1784260869026184, 0.08827011287212372, 0.0, 0.004070054739713669, 0.06943010538816452, 0.012501025572419167, 0.8306375741958618, 0.16656170785427094, 0.0, 0.17389804124832153, 0.34987279772758484, 0.01333099976181984, 0.5615330338478088, 1.0478781461715698, 0.0, 0.0, 1.0273494720458984, 1.4359066486358643, 0.24129058420658112, 0.00210928195156157, 2.216006278991699, 0.017351118847727776, 0.2513519823551178, 0.08189668506383896, 0.040653519332408905, 0.0, 0.07764739543199539, 0.0, 0.03191720321774483, 0.006920444779098034, 0.6047340035438538, 1.4133814573287964, 1.6413781642913818, 0.0, 0.03919162228703499, 2.367845058441162, 0.7457995414733887, 0.12608978152275085, 0.0, 0.2531602084636688, 0.0466402992606163, 0.3613671362400055, 0.6933383345603943, 0.7301557660102844, 0.465790718793869, 0.028492920100688934, 0.3168623149394989, 0.26739099621772766, 0.11106173694133759, 0.03501720353960991, 0.598378598690033, 0.43684306740760803, 0.060598548501729965, 2.0644259452819824, 0.0, 0.29125598073005676, 0.3127434253692627, 0.0, 0.05688514560461044, 0.03197508305311203, 0.2924600839614868, 0.9521647691726685, 1.3247883319854736, 0.0, 0.49247780442237854, 0.023555662482976913, 0.5372030138969421, 0.21319739520549774, 0.28543800115585327, 0.0624653659760952, 0.7952598333358765, 0.8341859579086304, 0.1770678162574768, 1.03764009475708, 0.00028737710090354085, 0.19756118953227997, 1.23808753490448, 0.15202020108699799, 0.4235835075378418, 0.20452262461185455, 0.14327557384967804, 0.3181460499763489, 0.17635981738567352, 0.2239021211862564, 0.17836979031562805, 0.11472660303115845, 0.0, 0.1300121545791626, 2.1135802268981934, 0.7488155961036682, 1.0971884727478027, 0.5607092380523682, 0.9382267594337463, 0.0, 0.7062320113182068, 0.014441222883760929, 1.262794852256775, 0.7214106321334839, 1.3401541709899902, 0.0, 1.1361583471298218, 0.6962429881095886, 0.8529577255249023, 0.0, 1.0365393161773682, 0.6655974388122559, 0.018301982432603836, 0.14442990720272064, 0.41284483671188354, 0.7999341487884521, 0.1592552661895752, 0.05939618870615959, 0.08123686164617538, 0.0, 0.008024877868592739, 0.028144139796495438, 0.8203763365745544, 1.3250560760498047, 0.5599611401557922, 0.03528698533773422, 0.19779852032661438, 0.035740070044994354, 0.49772340059280396, 0.00564570352435112, 0.26802754402160645, 0.014581466093659401, 2.7271647453308105, 1.3178706169128418, 0.0, 0.007135162595659494, 0.09453420341014862, 0.0, 2.1813108921051025, 0.33588284254074097, 0.0, 1.3483858108520508, 0.026595463976264, 0.0, 0.4337306022644043, 4.398604393005371, 0.11188223212957382, 1.547012448310852, 0.23981140553951263, 1.8765618801116943, 0.08036867529153824, 3.0232646465301514, 0.0, 0.4633680582046509, 0.0, 0.4185585379600525, 0.01431849505752325, 0.0, 0.37011486291885376, 1.2018678188323975, 1.4947774410247803, 0.006423366256058216, 0.23057672381401062, 0.2957135736942291, 0.08165539801120758, 0.6796210408210754, 0.07135114073753357, 0.18099357187747955, 0.9503534436225891, 0.012106538750231266, 0.022821376100182533, 0.37524518370628357, 0.053905632346868515, 0.0577191524207592, 0.09280223399400711, 1.4195849895477295, 0.3185366094112396, 0.0733107328414917, 0.5229666829109192, 0.010284267365932465, 0.91181480884552, 0.13530996441841125, 0.01837581768631935, 0.06748063862323761, 0.11828133463859558, 3.931957721710205, 0.14976157248020172, 0.0, 0.0, 0.015436026267707348, 0.006287883967161179, 1.3895812034606934, 0.0, 0.11738023161888123, 1.0003412961959839, 0.05183561146259308, 0.17623509466648102, 0.04814343526959419, 0.7687855958938599, 0.03897608444094658, 0.259044349193573, 0.13509559631347656, 2.3356213569641113, 1.8788914680480957, 0.11012757569551468, 0.03647198900580406, 0.022577360272407532, 0.258605420589447, 0.0848693773150444, 0.0, 0.6173776388168335, 0.0004892470897175372, 0.0023017562925815582, 0.0, 0.0, 0.09940219670534134, 0.0, 0.32305797934532166, 0.0052531398832798, 0.06789226084947586, 2.9662859439849854, 0.0, 0.03413389250636101, 1.2585927248001099, 0.09507802128791809, 0.14643055200576782, 0.9903838634490967, 0.3088347911834717, 0.11019323021173477, 0.3100862503051758, 0.0856141448020935, 0.6012890934944153, 0.4399835765361786, 0.1768539398908615, 0.44640469551086426, 0.0, 0.0, 0.034830242395401, 0.06022068113088608, 0.2473195493221283, 0.4350847601890564, 0.019990546628832817, 2.559192180633545, 0.4095041751861572, 2.930500030517578, 0.0, 0.1725205034017563, 0.329806387424469, 1.924666166305542, 0.0, 0.19411607086658478, 1.269052267074585, 0.0, 0.029542146250605583, 0.004464373458176851, 0.05767563357949257, 0.16685886681079865, 0.0631440281867981, 0.11689088493585587, 0.0, 0.18797150254249573, 0.27140453457832336, 0.10874348878860474, 0.06851505488157272, 0.0, 0.9604637026786804, 0.0, 0.2516709268093109, 0.026294350624084473, 0.0, 0.3169327974319458, 0.16440506279468536, 0.28056272864341736, 2.788240671157837, 0.3880481421947479, 0.5020903944969177, 0.07151752710342407, 0.28415969014167786, 0.0, 0.27682116627693176, 0.812109649181366, 1.9146482944488525, 0.15943101048469543, 0.36027300357818604, 0.019719066098332405, 0.07964882254600525, 0.019162774085998535, 0.3205503523349762, 0.14430966973304749, 0.03365226089954376, 0.0, 0.09557145833969116, 1.1858692169189453, 0.0, 0.0, 0.279813677072525, 1.7192633152008057, 1.14883553981781, 0.06369531899690628, 0.12812991440296173, 2.586327314376831, 0.0, 0.08904527127742767, 0.0, 0.008496438153088093, 0.005435182247310877, 0.028047818690538406, 0.20620594918727875, 0.01722675748169422, 0.0, 0.0, 0.10284785181283951, 0.04397251084446907, 0.0, 0.14002153277397156, 0.03514778986573219, 0.7766019701957703, 0.013716420158743858, 0.036087118089199066, 0.9067919254302979, 2.72713041305542, 0.13771256804466248, 0.1555783748626709, 0.6062446236610413, 0.7226871848106384, 0.04009843245148659, 0.6454101204872131, 0.054103340953588486, 0.17413847148418427, 2.6413938999176025, 0.23566658794879913, 0.03266157582402229, 0.26782652735710144, 0.01138302218168974, 0.0, 0.379870742559433, 0.46696269512176514, 0.0, 0.11781886219978333, 0.033939141780138016, 0.12641111016273499, 0.5766223073005676, 0.0, 0.0, 0.0, 0.10610438138246536, 0.0, 0.006704471539705992, 0.7443023920059204, 0.5928754806518555, 0.03432466462254524, 1.9400972127914429, 0.031232614070177078, 0.0, 0.0, 0.0, 0.029829157516360283, 0.2160695493221283, 1.3736122846603394, 0.017540231347084045, 0.0, 0.0046388860791921616, 0.016763044521212578, 0.034984324127435684, 0.09484075754880905, 0.24761606752872467, 0.12342393398284912, 0.3749758303165436, 0.08823476731777191, 0.05584944039583206, 0.007450084201991558, 0.0, 0.06762762367725372, 2.5797290802001953, 0.6737520098686218, 0.4470710754394531, 0.0, 0.7388302683830261, 0.07437970489263535, 0.1935790330171585, 0.02722802944481373, 0.08340621739625931, 1.0964021682739258, 0.014164515770971775, 0.0, 0.31104549765586853, 1.3697255849838257, 1.626236915588379, 0.2811732292175293, 0.008268955163657665, 0.8705753684043884, 0.32484978437423706, 0.15922963619232178, 0.47106924653053284, 0.0, 0.96080482006073, 2.944700002670288, 0.024339476600289345, 0.4212043583393097, 0.934952974319458, 0.0, 1.0052199363708496, 0.0028509534895420074, 0.053114525973796844, 2.7973222732543945, 0.006683634128421545, 0.3996133506298065, 0.0, 0.7620033621788025, 0.07750917226076126, 2.4388372898101807, 0.0, 0.0, 0.21424365043640137, 0.0, 0.42472437024116516, 0.02283606491982937, 0.007245029788464308, 0.25181716680526733, 1.5426411628723145, 0.42093023657798767, 0.2233431041240692, 0.42636415362358093, 0.08295761793851852, 0.38171491026878357, 0.019206490367650986, 0.017737319692969322, 0.004251591861248016, 0.3854590952396393, 0.03119845688343048, 0.1623883694410324, 0.48630306124687195, 0.008046471513807774, 0.18224766850471497, 0.3520400822162628, 0.19022324681282043, 0.8667187094688416, 0.8449653387069702, 0.060202743858098984, 0.3030712306499481, 0.0, 0.07952314615249634, 0.14346589148044586, 0.10347253084182739, 0.021018821746110916, 0.0, 0.0, 0.2989319860935211, 0.14511287212371826, 1.5380072593688965, 0.0, 0.0, 0.3225036859512329, 0.02115871012210846, 0.12222792208194733, 0.7725728750228882, 0.0, 0.06024320796132088, 3.4862060546875, 0.0, 0.17444999516010284, 0.006338474806398153, 0.041810862720012665, 0.04161720722913742, 0.00761158624663949, 1.1579010486602783, 1.4866582155227661, 0.011486507952213287, 0.0, 0.5652222037315369, 1.4317458868026733, 0.3432557284832001, 0.09476616978645325, 1.0842680931091309, 0.0, 1.8880479335784912, 0.0, 0.0, 0.31671810150146484, 0.08027476817369461, 0.06603096425533295, 0.0026991514023393393, 0.12670156359672546, 0.012371775694191456, 0.9671162962913513, 0.05403118580579758, 2.0247156620025635, 0.0, 0.08157356828451157, 0.18128101527690887, 0.0, 0.20328198373317719, 0.0823059007525444, 0.015576863661408424, 0.0, 0.45017778873443604, 0.0, 0.016482193022966385, 0.09224583953619003, 0.3315948247909546, 0.011724413372576237, 0.006934460252523422, 0.004021566826850176, 0.4602508246898651, 0.739118754863739, 0.026132846251130104, 0.464232474565506, 0.11651206761598587, 0.38087964057922363, 0.03241996094584465, 0.9976599812507629, 0.19199016690254211, 0.08435922116041183, 0.07187329232692719, 0.1275881677865982, 0.0, 0.5409930348396301, 0.006653041113168001, 0.5432152152061462, 0.7420951128005981, 0.15990181267261505, 0.35398203134536743, 0.32820674777030945, 0.4668712615966797, 0.0, 0.4232369661331177, 3.1581809520721436, 0.0, 3.3458516597747803, 1.1563440561294556, 0.0, 0.07717323303222656, 0.0, 0.008867185562849045, 0.0, 0.2611248195171356, 0.5416111946105957, 0.07941725850105286, 0.07152612507343292, 0.9406282305717468, 0.02698526345193386, 0.07047311961650848, 0.1834700107574463, 0.08035051822662354, 0.25787219405174255, 0.02616463601589203, 0.12283741682767868, 0.2286664843559265, 0.04245850443840027, 2.1894400119781494, 0.3035016655921936, 0.00983821414411068, 0.7604022026062012, 0.2074173539876938, 0.43756604194641113, 0.053038887679576874, 0.001253804424777627, 0.18213310837745667, 0.7129043340682983, 1.5876479148864746, 0.02146475575864315, 0.727078914642334, 0.37004825472831726, 0.14885836839675903, 0.2891750633716583, 0.05363978073000908, 0.0, 0.9452627301216125, 0.10140097886323929, 0.08589645475149155, 0.04659426957368851, 0.0, 0.32209038734436035, 0.0, 0.027958199381828308, 0.4510221779346466, 0.009237773716449738, 0.015652578324079514, 0.17489396035671234, 0.9945889115333557, 0.015058641321957111, 0.34284135699272156, 2.44062876701355, 2.1871848106384277, 0.46047094464302063, 0.0916576161980629, 0.343085378408432, 0.07057297229766846, 0.34412384033203125, 0.34809327125549316, 0.49620288610458374, 0.01677347719669342, 0.30751943588256836, 0.24154111742973328, 0.0, 0.3358290493488312, 0.0, 0.01069026067852974, 0.08747690916061401, 0.11924552172422409, 0.0, 0.49662089347839355, 0.06789518892765045, 1.1229865550994873, 0.26801589131355286, 0.8279596567153931, 0.12267554551362991, 0.07832974195480347, 0.02583099901676178, 0.1717553585767746, 0.0, 0.18931959569454193, 0.005959775764495134, 1.283066987991333, 0.0, 0.014202169142663479, 1.3943610191345215, 0.7073870301246643, 0.002790256403386593, 0.11466633528470993, 0.09363552182912827, 0.02597547136247158, 0.1110825464129448, 0.0, 0.45203158259391785, 1.008777379989624, 0.03450106456875801, 0.0, 0.14584790170192719, 0.0, 0.1723625212907791, 0.42284250259399414, 0.15213041007518768, 0.2996178865432739, 0.024939576163887978, 1.605793833732605, 0.33838412165641785, 0.7606806755065918, 0.41263651847839355, 0.1305631846189499, 0.1480478197336197, 0.0, 0.07922893017530441, 0.04483744129538536, 0.2906268239021301, 0.2982255816459656, 0.07383273541927338, 0.03866220638155937, 0.10159236192703247, 0.8032750487327576, 0.0, 0.2733279764652252, 0.4480208456516266, 0.03902316093444824, 0.6208899021148682, 0.5437605381011963, 0.0, 1.2525379657745361, 0.5177578330039978, 0.0, 0.01749933511018753, 2.4567136764526367, 0.14879074692726135, 0.016510628163814545, 0.0, 0.8365287184715271, 0.1050049364566803, 0.05177515000104904, 1.2083024978637695, 0.03586351498961449, 2.9419384002685547, 0.18880100548267365, 0.07174412161111832, 0.41399767994880676, 0.3371250331401825, 0.4877201318740845, 0.38199344277381897, 0.5039763450622559, 0.0, 0.23474666476249695, 0.0005408269935287535, 2.096555471420288, 0.0, 0.33824655413627625, 0.06616158783435822, 0.030695511028170586, 0.09418954700231552, 0.03743179515004158, 0.3908345103263855, 0.0, 3.354963541030884, 1.6370818614959717, 0.4118615388870239, 0.01688084378838539, 0.5186704397201538, 0.0, 2.982135772705078, 1.3208180665969849, 0.018298940733075142, 0.7606176137924194, 0.6504412889480591, 0.0, 0.36603212356567383, 0.613898515701294, 0.053867895156145096, 0.0, 0.0, 0.0, 0.16807754337787628, 0.1058976799249649, 0.0, 0.007659216411411762, 0.0, 2.6107935905456543, 0.1816077083349228, 0.01139541994780302, 0.011534150689840317, 1.4624406099319458, 0.21549619734287262, 1.113779067993164, 0.24684077501296997, 0.0, 0.5001043081283569, 0.4619326591491699, 0.31034448742866516, 0.2237437516450882, 2.2871172428131104, 0.14595477283000946, 0.0, 0.014468764886260033, 0.0, 0.37001174688339233, 0.0, 0.980424702167511, 0.01062722597271204, 0.5021748542785645, 0.005928993225097656, 0.9746389389038086, 0.01500694826245308, 0.43122395873069763, 0.009128885343670845, 0.06544198840856552, 0.0, 0.21612174808979034, 0.8126673698425293, 1.3331836462020874, 0.0, 0.043173931539058685, 0.0, 0.18366268277168274, 0.08450674265623093, 0.0, 0.0, 0.0, 0.574025571346283, 0.6045363545417786, 0.5416064262390137, 0.0, 1.84576416015625, 0.06952637434005737, 0.05829770117998123, 0.3734154999256134, 0.12976782023906708, 0.0, 0.0, 0.10060201585292816, 0.020730035379529, 0.018523946404457092, 0.10844822227954865, 0.685438334941864, 0.0, 0.0, 0.2278669774532318, 0.0, 0.07703114300966263, 0.35641178488731384, 0.3493879735469818, 0.013124280609190464, 0.4069732427597046, 0.4318835139274597, 1.546291708946228, 3.6158337593078613, 0.0, 0.39206767082214355, 0.4451150596141815, 0.0, 0.1415872722864151, 1.0490939617156982, 0.8865601420402527, 0.5341735482215881, 1.730144739151001, 0.25437551736831665, 3.1654562950134277, 0.11686941981315613, 2.4082353115081787, 0.13149641454219818, 0.04118095710873604, 0.1222691535949707, 0.09500840306282043, 0.1779780089855194, 0.5035449862480164, 0.008926323615014553, 0.0, 0.08834819495677948, 0.06318233162164688, 0.0, 0.0, 0.46983593702316284, 0.17865170538425446, 0.3228602111339569, 1.0838141441345215, 0.4827978312969208, 0.44261500239372253, 0.5975537300109863, 0.0, 1.6354066133499146, 0.36489859223365784, 2.8856964111328125, 0.11960051208734512, 0.9721400737762451, 0.6520431637763977, 0.07172245532274246, 0.10516361147165298, 0.08178115636110306, 0.44378602504730225, 0.018770292401313782, 0.4464205801486969, 1.4567067623138428, 0.10956316441297531, 0.7365081310272217, 0.2260512113571167, 0.0, 0.10138003528118134, 4.22293758392334, 9.322653204435483e-05, 0.1211475357413292, 0.011652469635009766, 0.0, 0.0, 1.6067569255828857, 0.7137720584869385, 0.05160808563232422, 0.14636671543121338, 0.3831716775894165, 0.3844313621520996, 1.4505478143692017, 0.0831318125128746, 0.0, 0.03930714726448059, 0.49205055832862854, 0.0, 0.0, 0.8137351274490356, 0.16940829157829285, 0.05845649912953377, 0.028634650632739067, 0.028231341391801834, 0.0, 0.16477841138839722, 0.02552878111600876, 0.020338676869869232, 0.2128475159406662, 0.19051817059516907, 0.06988032162189484, 0.3605555295944214, 0.00633656233549118, 0.49787652492523193, 0.15875105559825897, 0.02898700349032879, 0.0, 0.014012590050697327, 0.6689828634262085, 0.22250033915042877, 4.339738845825195, 0.0, 0.1006150171160698, 0.36007097363471985, 0.16518370807170868, 0.20960885286331177, 0.752656102180481, 0.01603640802204609, 1.1645961999893188, 0.033699531108140945, 0.269229918718338, 0.5289515256881714, 0.002699934644624591, 0.35408589243888855, 0.0740659162402153, 0.24791762232780457, 0.40306246280670166, 0.0, 0.94322669506073, 0.6183786988258362, 0.026613028720021248, 0.37030935287475586, 0.0, 0.18754106760025024, 0.0, 0.06848584115505219, 0.04052383452653885, 0.0, 0.0, 0.03413213789463043, 0.39275649189949036, 0.25201693177223206, 0.005917763337492943, 0.2904084026813507, 0.0006805926095694304, 0.03405414894223213, 0.0, 0.5545095205307007, 0.8699936866760254, 0.27236390113830566, 0.0067251212894916534, 1.5997483730316162, 0.0, 0.7682369947433472, 0.449203759431839, 0.032907623797655106, 0.6520452499389648, 0.10777444392442703, 0.03231438994407654, 0.8410710692405701, 0.08683592081069946, 0.0163026861846447, 0.6358391046524048, 0.029032601043581963, 1.7671464681625366, 0.0854208692908287, 0.02029287815093994, 0.29240065813064575, 0.07828715443611145, 0.01481748279184103, 0.0, 0.008505621924996376, 0.0, 0.22693826258182526, 1.302608847618103, 0.08483954519033432, 1.0975857973098755, 0.3130533993244171, 0.5849990844726562, 0.0, 2.3403830528259277, 0.0, 0.0, 0.0, 0.4400874972343445, 0.07622002810239792, 0.1648983508348465, 0.06811784207820892, 0.8353833556175232, 0.062119245529174805, 0.031221596524119377, 0.11365576088428497, 0.0, 1.2269508838653564, 0.08992509543895721, 0.9156942367553711, 0.36947640776634216, 0.18725630640983582, 0.7364226579666138, 0.1408638209104538, 0.09231214225292206, 0.6169657111167908, 0.35131749510765076, 0.024185720831155777, 0.6088546514511108, 1.1538891792297363, 0.09831728041172028, 0.11613121628761292, 0.0, 0.0, 0.058734994381666183, 0.6786593198776245, 0.03923248127102852, 0.09583673626184464, 0.0, 0.08240679651498795, 0.11662403494119644, 0.14930249750614166, 0.6969060897827148, 0.9572079181671143, 0.446746289730072, 0.0, 0.4234597384929657, 0.0, 0.2839561402797699, 0.8258114457130432, 0.0020323041826486588, 0.0, 0.8081889152526855, 0.8362898826599121, 0.0, 0.43455520272254944, 0.03767366707324982, 0.0, 0.10750735551118851, 0.13595324754714966, 0.8010406494140625, 0.0, 1.4247628450393677, 0.010560814291238785, 0.8017762899398804, 0.5836839079856873, 0.3461688160896301, 0.0, 0.23087520897388458, 0.0, 0.0, 0.14942285418510437, 0.005376932676881552, 0.048191335052251816, 0.0, 0.9629237055778503, 0.0, 0.14021357893943787, 1.4822994470596313, 0.5130916237831116, 0.4803391396999359, 0.0, 0.14811725914478302, 0.5616164803504944, 0.17614048719406128, 0.0, 0.04564700648188591, 0.0022970607969909906, 1.2811315059661865, 0.0, 0.0023212432861328125, 0.202458456158638, 0.4459541141986847, 0.1570819765329361, 0.2862577736377716, 0.023882461711764336, 0.0, 1.2960964441299438, 0.3442486822605133, 0.05656052753329277, 0.10779674351215363, 0.0, 0.027205340564250946, 0.003046439727768302, 0.06247276812791824, 0.0, 1.32391357421875, 1.1036772727966309, 0.004278153646737337, 1.5482131242752075, 0.09165000915527344, 0.4827532470226288, 1.14905846118927, 0.00076625298243016, 3.8473126888275146, 0.5849223732948303, 1.7787411212921143, 0.0, 0.0, 0.0, 1.1857357025146484, 0.0, 0.02500510960817337, 0.30544960498809814, 0.10082609951496124, 0.0, 0.32771673798561096, 0.10774869471788406, 0.0, 0.0, 0.07078467309474945, 3.641934871673584, 0.3065112829208374, 0.08594853430986404, 0.9498434066772461, 0.0, 0.0, 0.00967869907617569, 0.05642436817288399, 0.031436026096343994, 0.08746463060379028, 0.20737743377685547, 0.001069492194801569, 0.15588021278381348, 2.3333301544189453, 0.017590604722499847, 0.14620311558246613, 0.1682981550693512, 0.12323916703462601, 0.2098422348499298, 0.004163922276347876, 0.05564821884036064, 0.0, 0.30954745411872864, 1.7176504135131836, 0.8494834303855896, 0.052817363291978836, 0.08830772340297699, 0.0, 0.0, 0.7712101340293884, 0.4214290976524353, 0.4272078573703766, 0.0, 0.4935198426246643, 1.5083028078079224, 0.3677491545677185, 0.473966121673584, 0.06643969565629959, 0.2918524146080017, 0.0, 0.04264198988676071, 0.0761876180768013, 0.03670022264122963, 0.046086885035037994, 0.0, 0.27828362584114075, 2.7970213890075684, 0.5959069728851318, 0.2408161610364914, 0.16560283303260803, 0.06828983873128891, 0.18297933042049408, 0.7592241168022156, 0.05612381175160408, 0.0, 0.16481882333755493, 0.7870221734046936, 3.070802927017212, 0.02063942700624466, 0.0, 0.7053261399269104, 1.072274923324585, 0.5676699876785278, 0.10549958050251007, 0.34555575251579285, 0.021263975650072098, 0.37946850061416626, 0.024516206234693527, 6.963231086730957, 0.16739241778850555, 0.039642781019210815, 0.8339185118675232, 0.2489227056503296, 0.0803970918059349, 0.07048997282981873, 0.3003544509410858, 0.0, 0.257152259349823, 0.00784757174551487, 1.7969070672988892, 0.0, 0.060892410576343536, 0.027664534747600555, 0.29958051443099976, 0.24892017245292664, 0.12556631863117218, 0.0, 0.004792048130184412, 0.3546034097671509, 0.0034001311287283897, 0.09501221030950546, 0.1547907590866089, 0.004438514821231365, 0.43864011764526367, 0.0, 0.2875702381134033, 0.0656757727265358, 0.0, 0.6638015508651733, 0.014412193559110165, 0.23388215899467468, 0.43989673256874084, 2.358713150024414, 0.1272444725036621, 0.5319980978965759, 0.7108657956123352, 0.09179023653268814, 0.36021870374679565, 0.2268650233745575, 0.24802957475185394, 1.4881876707077026, 1.2106438875198364, 0.08017455041408539, 0.135122150182724, 0.3524790108203888, 0.42505568265914917, 0.1204347088932991, 0.9190581440925598, 1.0622648000717163, 0.032887376844882965, 1.9235233068466187, 0.494765967130661, 0.7444888353347778, 0.0, 0.011366291902959347, 1.215245246887207, 0.012531370855867863, 1.3755639791488647, 0.5323668718338013, 0.9890605211257935, 0.47390055656433105, 0.9878230094909668, 0.0, 0.26522666215896606, 0.009645315818488598, 0.1263887584209442, 0.03011150285601616, 0.0381707064807415, 4.4830780029296875, 0.04957013204693794, 0.020648494362831116, 0.08045121282339096, 1.7953660488128662, 0.3137214481830597, 0.22383713722229004, 0.21226130425930023, 0.0269999410957098, 0.0360635481774807, 0.15179775655269623, 0.22100085020065308, 0.0666976273059845, 0.0, 0.5362439751625061, 0.41703325510025024, 0.0, 0.02792459912598133, 0.22551433742046356, 0.0, 0.0, 0.5356279611587524, 0.04427701607346535, 0.0, 0.6553889513015747, 1.7996699810028076, 0.0, 0.0, 1.1089516878128052, 0.0, 0.0, 0.08330762386322021, 0.1232595145702362, 0.25143206119537354, 0.5434682369232178, 0.6383138298988342, 0.0, 0.07113772630691528, 0.7161219120025635, 0.16236555576324463, 0.03781608119606972, 0.0, 0.47429418563842773, 0.6227213740348816, 0.005011127796024084, 0.0, 0.8563545346260071, 0.016095414757728577, 0.0006010678480379283, 0.0, 0.08930175006389618, 0.0, 1.4771419763565063, 0.2914120554924011, 0.6496758460998535, 0.08796247839927673, 0.2290872484445572, 0.0, 0.4229758083820343, 0.0751555934548378, 0.0, 0.0, 0.01058744452893734, 0.17661195993423462, 0.11028997600078583, 1.1738215684890747, 0.0, 0.6401649713516235, 0.011342798359692097, 0.16308583319187164, 0.06144910305738449, 0.11073001474142075, 0.0, 0.5041708946228027, 0.19928647577762604, 0.43362146615982056, 2.4608795642852783, 0.15625792741775513, 0.08227717131376266, 0.3213793635368347, 1.1669301986694336, 0.1378481388092041, 0.0, 1.5211676359176636, 0.00900573842227459, 0.0005797877674922347, 0.16746121644973755, 0.03185984492301941, 0.0, 0.0, 0.04185350611805916, 0.010332202538847923, 0.5719748735427856, 0.7777178287506104, 0.0, 1.2164063453674316, 0.9853582382202148, 0.44263195991516113, 0.12557774782180786, 0.06643937528133392, 0.0017458662623539567, 0.2076302021741867, 0.3798774480819702, 0.0, 0.39202016592025757, 0.3036681115627289, 1.2192291021347046, 0.21260769665241241, 4.141281604766846, 0.6082651019096375, 0.3311213552951813, 0.0056584682315588, 4.3417887687683105, 0.02331450581550598, 1.1286367177963257, 0.05928988754749298, 0.24584326148033142, 0.09536552429199219, 0.15165875852108002, 2.192446231842041, 0.23993436992168427, 0.06273403018712997, 0.10035909712314606, 0.20780625939369202, 0.020171334967017174, 0.19036106765270233, 0.09574244916439056, 0.5886180400848389, 0.7784246206283569, 0.4594976007938385, 0.0, 0.0, 0.15900038182735443, 0.4095778167247772, 0.05650267004966736, 0.4042677581310272, 0.0, 0.25184375047683716, 0.2257167249917984, 1.9074403047561646, 0.05160421133041382, 0.39568889141082764, 0.0, 1.5772424936294556, 0.0, 0.07879816740751266, 0.01630815677344799, 0.24292495846748352, 0.12157860398292542, 0.27882757782936096, 0.06938713788986206, 0.8243923783302307, 0.24565830826759338, 0.006025759503245354, 0.955950140953064, 0.3740493357181549]",Testing/glioma_tumor/image(89).jpg
"[0.0, 1.6036272048950195, 0.033484019339084625, 0.7780036330223083, 0.6282927989959717, 0.13443627953529358, 3.6706979274749756, 0.032645341008901596, 0.044434450566768646, 0.0, 0.0, 0.25463971495628357, 0.1918751448392868, 2.088603973388672, 0.1470308154821396, 0.0, 0.20793603360652924, 0.71499103307724, 0.2929390072822571, 0.05486002564430237, 0.6685342788696289, 0.4141887426376343, 0.23435941338539124, 0.0, 0.0, 0.2588351368904114, 1.0919116735458374, 0.09220045804977417, 0.0911824107170105, 0.0818689614534378, 0.005566565319895744, 0.0, 2.3311920166015625, 2.2517967224121094, 1.4071699380874634, 0.2420659363269806, 0.045499589294195175, 0.5249378681182861, 0.049940381199121475, 0.12361364811658859, 3.8146955966949463, 1.0195235013961792, 0.020361028611660004, 0.0, 0.001454022480174899, 0.29361578822135925, 0.2554238736629486, 0.03041532076895237, 0.0, 0.029279818758368492, 0.24362272024154663, 1.3538182973861694, 1.2767943143844604, 0.3341086208820343, 1.9244496822357178, 3.152583599090576, 0.7794454097747803, 0.06031063571572304, 1.0617778301239014, 0.2700870633125305, 0.31418031454086304, 1.3551697731018066, 0.33090856671333313, 2.1851606369018555, 0.6544308066368103, 0.6066139936447144, 0.38043081760406494, 0.07137809693813324, 1.4170523881912231, 0.052183832973241806, 0.02129431627690792, 0.0, 0.06928058713674545, 2.588120460510254, 0.2749701738357544, 0.3030272424221039, 2.807913064956665, 0.3336780369281769, 0.0, 1.0480947494506836, 0.09627564251422882, 0.0, 2.73124098777771, 0.5569183826446533, 0.7962412238121033, 0.14181837439537048, 3.88938307762146, 0.13936887681484222, 0.00644228421151638, 0.030457409098744392, 3.729203462600708, 0.07693181931972504, 0.05291413888335228, 0.5332094430923462, 0.0, 0.003578098490834236, 0.22760091722011566, 0.06629489362239838, 0.07609140872955322, 0.3247724175453186, 0.0, 0.3335861563682556, 0.10140975564718246, 0.07261139154434204, 1.3395622968673706, 0.6439244151115417, 0.32112783193588257, 1.775816798210144, 0.3842543065547943, 1.2794264554977417, 0.0, 0.39157068729400635, 0.15985143184661865, 0.0, 0.3356851041316986, 0.23719589412212372, 0.27182626724243164, 0.6388078331947327, 0.08387507498264313, 0.3008570373058319, 0.12542672455310822, 0.0057171848602592945, 0.0019110392313450575, 0.2527291178703308, 0.8044531941413879, 1.4087352752685547, 0.017949698492884636, 1.0458074808120728, 2.81876540184021, 0.0, 0.0, 0.6325362920761108, 0.0, 0.5940654277801514, 0.025344420224428177, 0.18961641192436218, 0.38726741075515747, 0.14241501688957214, 0.03747333958745003, 0.32750841975212097, 0.03273450955748558, 0.007023166865110397, 0.0004465239471755922, 0.10238593071699142, 0.9869043231010437, 0.0, 0.1034771278500557, 2.755042791366577, 0.36186280846595764, 0.0057501234114170074, 0.696789026260376, 1.9001108407974243, 0.041550956666469574, 0.06322123855352402, 0.21007366478443146, 0.832405686378479, 0.1233072578907013, 0.14303860068321228, 0.8003774285316467, 0.011492148041725159, 0.6981725692749023, 1.8735846281051636, 0.1288745105266571, 0.6912938356399536, 0.0898853987455368, 0.3756287693977356, 0.68695068359375, 0.6584752798080444, 0.5932000875473022, 5.06775426864624, 0.6896446943283081, 0.0, 0.021133868023753166, 0.5273337960243225, 1.6896271705627441, 0.3085011839866638, 0.05911855399608612, 0.8886093497276306, 0.4406629800796509, 0.5321285724639893, 0.0, 0.03185945004224777, 0.47594723105430603, 0.5112309455871582, 1.239856243133545, 1.3855000734329224, 0.007186524569988251, 0.557122528553009, 1.235892415046692, 0.014835902489721775, 0.06201381981372833, 0.05293393135070801, 0.024435043334960938, 0.015829849988222122, 0.08913244307041168, 0.21923470497131348, 0.3000180125236511, 0.05870647728443146, 0.0, 0.20647454261779785, 0.7400026917457581, 0.27636438608169556, 0.14348386228084564, 0.43655022978782654, 0.5168356895446777, 0.18039469420909882, 0.01683111861348152, 0.018525918945670128, 0.3921252191066742, 0.03396976366639137, 0.4404204487800598, 0.4627971947193146, 0.0, 0.7521705031394958, 0.03861560672521591, 0.25998449325561523, 0.1671532541513443, 0.014510699547827244, 0.010961377061903477, 0.012822599150240421, 0.19010359048843384, 0.47480541467666626, 0.83574378490448, 0.5489457845687866, 0.0, 1.9095362424850464, 0.6716129779815674, 0.15488342940807343, 2.6536247730255127, 0.30911895632743835, 0.2316007763147354, 0.5155963897705078, 0.07077299058437347, 1.7065566778182983, 0.5047211647033691, 0.7842061519622803, 0.0, 0.23666542768478394, 0.0, 0.17214767634868622, 0.09426358342170715, 0.6640167832374573, 1.1114040613174438, 0.0056056976318359375, 0.2781885862350464, 0.150824636220932, 1.8735688924789429, 1.7648751735687256, 0.07972807437181473, 1.3376460075378418, 2.0983850955963135, 0.0, 1.3869237899780273, 0.827137291431427, 0.07419881224632263, 0.5441087484359741, 0.18359951674938202, 1.829819917678833, 0.21072863042354584, 0.19652479887008667, 0.13532595336437225, 0.012243242003023624, 0.474984347820282, 0.016650579869747162, 0.15324100852012634, 0.030052460730075836, 0.1830890029668808, 0.6195204257965088, 0.06821051985025406, 0.0, 0.769769549369812, 0.0646180585026741, 0.3003435432910919, 0.027209864929318428, 5.241793155670166, 0.08203238248825073, 0.0, 0.5932229161262512, 0.8194094300270081, 0.0, 1.7914453744888306, 0.5623579025268555, 1.2571735382080078, 0.0017633292591199279, 0.9471209645271301, 0.19877088069915771, 1.4365553855895996, 0.14534367620944977, 0.07352854311466217, 0.008461793884634972, 0.5231918692588806, 0.34435442090034485, 0.0, 0.036015503108501434, 0.0006067412323318422, 1.2066030502319336, 0.17091400921344757, 0.06642474979162216, 0.08769543468952179, 0.0365450344979763, 1.1197283267974854, 0.030621137470006943, 3.8905577659606934, 0.5125413537025452, 0.8974981307983398, 0.8803295493125916, 0.062402840703725815, 0.8286822438240051, 0.2019454389810562, 0.021961094811558723, 0.6534316539764404, 0.6533265113830566, 0.6249142289161682, 0.36658769845962524, 0.2580997049808502, 0.18945257365703583, 0.5609474778175354, 0.01569063775241375, 0.33571749925613403, 0.07728904485702515, 0.05710703134536743, 0.13467922806739807, 0.009540260769426823, 0.0, 0.5354129076004028, 0.0, 0.19019189476966858, 0.0, 3.710312843322754, 0.8490974307060242, 0.47112658619880676, 0.47178736329078674, 0.8114362955093384, 0.39946019649505615, 0.0, 0.025179395452141762, 2.9457645416259766, 0.6468184590339661, 2.5856902599334717, 0.21252478659152985, 0.22009550034999847, 0.19497032463550568, 0.08776483684778214, 0.05241997539997101, 0.03878794237971306, 0.19126807153224945, 0.4303913116455078, 0.12379515916109085, 0.3091246485710144, 0.5667747855186462, 0.0009118999587371945, 0.797676682472229, 0.2687503695487976, 0.0004732888482976705, 0.12964363396167755, 0.1513134092092514, 0.06823106855154037, 0.04021201655268669, 0.03783653303980827, 0.27189919352531433, 0.003840183839201927, 0.24765168130397797, 0.6073885560035706, 0.06704040616750717, 0.3528519868850708, 0.5043860077857971, 0.19225071370601654, 0.02275385893881321, 0.9809392094612122, 2.7231547832489014, 0.13714440166950226, 1.0769131183624268, 3.0202982425689697, 3.8936524391174316, 0.1273287981748581, 0.051321566104888916, 0.48490890860557556, 0.0, 0.009905925020575523, 0.20864853262901306, 0.3025754690170288, 0.036081790924072266, 0.0, 0.012109466828405857, 0.0745544359087944, 1.439333200454712, 1.2225494384765625, 0.06831634044647217, 0.018490219488739967, 0.140602707862854, 0.019134847447276115, 0.07603614032268524, 0.3703497350215912, 0.5868713855743408, 0.09849752485752106, 3.3493618965148926, 0.0, 0.8999689221382141, 0.0, 0.42944908142089844, 2.75655198097229, 0.0, 0.08328743278980255, 0.19501398503780365, 0.0008246071520261467, 2.9467225074768066, 0.0, 0.14507359266281128, 1.6270533800125122, 0.34279873967170715, 0.9916040897369385, 0.016966650262475014, 0.0, 0.006136465817689896, 0.028227699920535088, 2.0518994331359863, 0.018053459003567696, 0.004238846246153116, 0.9070770740509033, 0.2933179438114166, 1.1123260259628296, 0.46980324387550354, 0.009630532003939152, 0.21315772831439972, 0.12210448831319809, 0.010590791702270508, 0.03773558512330055, 0.3728346526622772, 0.021928738802671432, 0.0, 0.9181238412857056, 0.9141421318054199, 1.4600193500518799, 0.0029507072176784277, 1.3493006229400635, 1.3310601711273193, 0.07171300798654556, 4.591209411621094, 0.7111833691596985, 0.16559778153896332, 0.0, 0.017347661778330803, 1.8644872903823853, 0.11115331202745438, 0.144790381193161, 0.08087769895792007, 0.0, 0.46069326996803284, 0.06112072244286537, 0.26065492630004883, 0.368053138256073, 0.1629982739686966, 0.09472229331731796, 0.035188525915145874, 0.14897586405277252, 0.22790993750095367, 0.0537002757191658, 0.1412958800792694, 0.06583408266305923, 3.2686374187469482, 0.27997878193855286, 0.9367855787277222, 0.2626725435256958, 0.44998547434806824, 0.06487203389406204, 0.05388680100440979, 0.0, 0.7813384532928467, 0.19983349740505219, 0.2850964367389679, 0.16538245975971222, 0.09146690368652344, 0.09538069367408752, 0.6290169358253479, 0.014244070276618004, 0.0, 0.31379058957099915, 0.10803627222776413, 0.17172788083553314, 0.9280217289924622, 0.9608686566352844, 0.02218429371714592, 0.25872093439102173, 0.47871026396751404, 0.4481218755245209, 0.30609625577926636, 0.0, 0.0020254631526768208, 0.6485925912857056, 0.022443247959017754, 0.6020894646644592, 2.825425148010254, 1.2389408349990845, 0.017794528976082802, 1.0723575353622437, 0.11127730458974838, 0.0, 0.1443173736333847, 0.2529833912849426, 0.09751365333795547, 0.47271016240119934, 0.762885332107544, 0.3195885121822357, 5.204680919647217, 0.34626227617263794, 0.32686203718185425, 0.050188496708869934, 0.221849262714386, 0.10793028026819229, 0.4825098514556885, 0.0, 0.4121626317501068, 0.5335561633110046, 0.12403498589992523, 0.7711759805679321, 0.8877633810043335, 0.2845412790775299, 0.004344324581325054, 0.16690056025981903, 0.29650160670280457, 0.017984285950660706, 0.05395885556936264, 0.08072828501462936, 0.20413188636302948, 0.0, 0.08017057180404663, 0.0, 0.0, 0.16169677674770355, 0.42960667610168457, 0.5483541488647461, 2.4301791191101074, 2.1713223457336426, 3.8915791511535645, 0.20191729068756104, 0.6331168413162231, 2.836735963821411, 0.2889990508556366, 0.10944691300392151, 0.5307009816169739, 0.00521845230832696, 0.1768186092376709, 0.41030794382095337, 0.07597136497497559, 0.9755164980888367, 0.7855604290962219, 0.3385530710220337, 0.1356591284275055, 0.1269691288471222, 0.011044648475944996, 0.07075238972902298, 1.0348031520843506, 0.21006552875041962, 0.3712460994720459, 1.0450905561447144, 1.7094979286193848, 0.9160771369934082, 0.0, 0.0009233891032636166, 0.41818368434906006, 1.9202523231506348, 1.4126951694488525, 1.1607475280761719, 0.0, 0.2657652497291565, 0.2238679826259613, 0.3109947443008423, 0.10374002158641815, 1.3712249994277954, 0.1311626434326172, 0.30251970887184143, 0.08569396287202835, 2.9971585273742676, 0.9523313641548157, 0.0148366279900074, 2.1024370193481445, 0.06888875365257263, 0.7682854533195496, 0.0, 0.08812551200389862, 3.916897773742676, 0.0, 0.08381964266300201, 0.007356721442192793, 0.016111869364976883, 0.0, 0.15917019546031952, 0.2714690864086151, 0.029548073187470436, 0.077544204890728, 0.1994900405406952, 0.11269380897283554, 1.254704475402832, 0.0, 0.06760156154632568, 0.005696556996554136, 0.32664138078689575, 0.0, 0.011047723703086376, 0.0394354946911335, 0.18029402196407318, 0.0, 2.830516815185547, 0.4211026728153229, 0.0019085577223449945, 0.042985815554857254, 1.2068514823913574, 0.17667777836322784, 0.1174536794424057, 3.0317442417144775, 0.8832060098648071, 0.10140549391508102, 0.684785008430481, 0.529838502407074, 0.08217408508062363, 0.37932685017585754, 0.0, 0.28552165627479553, 0.053095560520887375, 0.4696026146411896, 0.2201279103755951, 0.07157241553068161, 3.4553022384643555, 0.1273832470178604, 1.3044160604476929, 0.12401437014341354, 0.06420779973268509, 0.5953965783119202, 0.0, 0.09672628343105316, 0.0, 0.13063229620456696, 0.06207922101020813, 0.09341128915548325, 0.0, 0.0005245549255050719, 0.4002777338027954, 0.042894281446933746, 0.2245323210954666, 0.3509691059589386, 1.8154057264328003, 0.1818978488445282, 0.052905745804309845, 0.9378210306167603, 0.07016167044639587, 0.3459290564060211, 2.809512138366699, 0.11532029509544373, 0.0, 0.0, 0.9518463611602783, 0.21840158104896545, 0.6808762550354004, 0.0, 3.9880483150482178, 0.09394184499979019, 0.9196423888206482, 1.0954227447509766, 0.577544093132019, 0.14444607496261597, 0.34556376934051514, 0.322978675365448, 0.08775119483470917, 0.10670535266399384, 1.308379054069519, 0.09164263308048248, 1.5510410070419312, 0.0236391332000494, 0.18278232216835022, 0.7152407765388489, 0.027349140495061874, 0.167968288064003, 0.022571740671992302, 0.0462125763297081, 0.010193304158747196, 0.6490253210067749, 0.0, 0.0900057777762413, 0.5005613565444946, 1.8870958089828491, 0.6368299722671509, 0.31535136699676514, 0.0, 0.0, 1.7153862714767456, 0.5542124509811401, 0.027309339493513107, 1.1075069904327393, 0.8765416145324707, 0.02607727237045765, 0.0, 0.09949672222137451, 0.09464950859546661, 0.0, 0.47410473227500916, 0.6488783955574036, 1.64569091796875, 0.17058828473091125, 0.11092732846736908, 0.0, 0.436168372631073, 0.0047141872346401215, 0.3567662239074707, 0.4089008569717407, 0.0020978646352887154, 0.00996745377779007, 2.137800931930542, 2.1242592334747314, 2.3152916431427, 0.0, 2.1686484813690186, 0.05729292705655098, 0.6354150772094727, 0.0, 0.4980701804161072, 0.0, 0.011507224291563034, 0.0, 0.059117116034030914, 0.09330705553293228, 0.46266019344329834, 1.2966573238372803, 0.2539251744747162, 0.27902474999427795, 0.047261904925107956, 4.238677501678467, 0.7387905716896057, 0.24324487149715424, 0.016176512464880943, 0.8299341201782227, 0.0, 0.0729859322309494, 0.5753415822982788, 0.40768152475357056, 3.616889715194702, 0.7265937328338623, 0.4620101749897003, 0.7907370924949646, 0.4064033031463623, 0.06753895431756973, 0.37922754883766174, 0.25128278136253357, 4.371237754821777, 0.0, 0.022096792235970497, 0.7641566395759583, 0.23706555366516113, 0.0061135804280638695, 0.10752047598361969, 0.04899352788925171, 0.07264582812786102, 1.5550123453140259, 0.3646829426288605, 0.131673663854599, 0.33202654123306274, 0.5881107449531555, 0.9892107844352722, 0.25159743428230286, 0.29213541746139526, 0.23101209104061127, 1.2307000160217285, 0.39491352438926697, 1.316414713859558, 1.3420157432556152, 0.040833089500665665, 0.0, 0.4410209655761719, 0.6106865406036377, 1.0968294143676758, 0.7171928286552429, 0.080315962433815, 0.0, 0.16285046935081482, 0.2768767476081848, 0.16344794631004333, 0.060176167637109756, 0.017327621579170227, 0.09648685157299042, 0.8992133736610413, 0.114167720079422, 0.21392390131950378, 0.3766103982925415, 1.6364160776138306, 0.04676712676882744, 1.8879563808441162, 0.20208033919334412, 1.3617538213729858, 0.9217569231987, 0.027877043932676315, 0.0, 0.7095339894294739, 0.16614069044589996, 0.2803816795349121, 0.0, 1.9214589595794678, 0.35865578055381775, 0.1593507081270218, 0.033507540822029114, 1.7733495235443115, 0.00560509180650115, 0.15048399567604065, 0.08718220144510269, 0.3195353150367737, 0.020582670345902443, 0.0023445840924978256, 0.2588283121585846, 1.890739917755127, 0.3504335582256317, 0.3201855421066284, 0.43329790234565735, 0.016503967344760895, 0.18372318148612976, 1.6798341274261475, 0.00396382063627243, 1.4412171840667725, 0.04091987758874893, 3.2149698734283447, 0.6935598254203796, 0.008990253321826458, 0.0, 0.0, 0.2228051722049713, 0.576764702796936, 0.0, 0.007888544350862503, 0.4988481104373932, 0.0, 0.25885799527168274, 0.8114019632339478, 4.299046516418457, 0.028101643547415733, 0.6084322929382324, 0.1555798053741455, 1.5461426973342896, 0.19396579265594482, 2.9571595191955566, 0.0, 0.0, 0.005819785408675671, 0.056697770953178406, 0.0, 0.009536037221550941, 0.2325105518102646, 2.9483346939086914, 1.6136565208435059, 0.09016360342502594, 0.5447860956192017, 0.3288986384868622, 0.36360934376716614, 0.3093411326408386, 0.0, 0.09068533778190613, 1.2705140113830566, 0.013840436935424805, 0.03271738812327385, 0.4591297209262848, 0.1161496713757515, 0.07742954045534134, 0.0965997725725174, 0.44981202483177185, 0.0694131925702095, 0.9634751081466675, 0.8573713302612305, 0.006748130079358816, 0.36264097690582275, 0.22387142479419708, 0.2284170389175415, 0.10489975661039352, 0.7003824710845947, 4.4994282722473145, 0.4814375638961792, 0.014134470373392105, 0.004977732431143522, 0.10139256715774536, 0.009041229262948036, 0.47252944111824036, 0.2838095724582672, 0.28230154514312744, 1.5829198360443115, 0.5199822783470154, 0.003976116422563791, 1.3503884077072144, 0.37583231925964355, 0.0, 0.30759331583976746, 0.3613337576389313, 0.34881511330604553, 1.4572235345840454, 0.34672173857688904, 0.1689673215150833, 0.026887066662311554, 0.15300045907497406, 0.18875662982463837, 0.015275775454938412, 0.031925883144140244, 0.02790072187781334, 0.005060957279056311, 0.11699949204921722, 0.5729193687438965, 0.4550510048866272, 0.14606612920761108, 1.4648971557617188, 0.12949995696544647, 0.0073083797469735146, 3.9183895587921143, 0.15311762690544128, 0.2549969553947449, 1.8284494876861572, 0.4876755177974701, 0.14895126223564148, 0.9416598677635193, 0.0, 0.05390679091215134, 0.6253344416618347, 0.025088777765631676, 0.682177722454071, 0.025229651480913162, 0.0, 0.4149996340274811, 0.057954516261816025, 0.0, 0.03466971591114998, 0.1473637819290161, 0.20077551901340485, 1.189253568649292, 0.07419542223215103, 1.565829873085022, 0.08901587128639221, 4.578954219818115, 0.0, 0.10192737728357315, 0.12467997521162033, 0.5892709493637085, 0.0, 0.40064120292663574, 1.1973201036453247, 0.015397723764181137, 0.7386027574539185, 0.0, 0.015467653051018715, 0.9702697992324829, 0.10966266691684723, 0.06469868868589401, 3.1592895538778976e-05, 0.0, 0.30185970664024353, 0.0018778820522129536, 0.8538964986801147, 0.31247472763061523, 0.09493302553892136, 0.0, 0.8275832533836365, 0.11537306755781174, 0.08450180292129517, 0.27880409359931946, 0.059311553835868835, 0.010635064914822578, 0.544011652469635, 0.14475299417972565, 0.2709812521934509, 0.02541414648294449, 0.04537396505475044, 0.09992081671953201, 0.3256494700908661, 0.6326196789741516, 2.075984477996826, 0.3031153678894043, 0.7248387336730957, 0.051911041140556335, 0.12433769553899765, 0.0019759011920541525, 0.41341695189476013, 0.2080574780702591, 0.20881175994873047, 0.0, 0.1479034274816513, 0.013768276199698448, 0.14772260189056396, 0.47236090898513794, 0.5321146249771118, 0.5876120328903198, 0.528105616569519, 0.36103346943855286, 0.040157463401556015, 2.075814723968506, 0.03098822385072708, 0.2907109260559082, 0.0, 0.21845653653144836, 0.03154844790697098, 0.04247841238975525, 0.07816258817911148, 0.014508748427033424, 0.04653630778193474, 0.644413411617279, 0.0, 0.29194724559783936, 0.0, 0.21914048492908478, 0.0, 3.365968704223633, 0.0, 0.0, 0.4881151616573334, 1.4310237169265747, 1.8058046102523804, 0.20076867938041687, 0.4070381224155426, 0.7330977916717529, 0.00032798366737551987, 0.26477932929992676, 0.0040933964774012566, 0.5961750745773315, 3.4786620140075684, 0.4482495188713074, 0.05683615803718567, 0.0611555241048336, 0.001830731169320643, 0.21738635003566742, 2.7319538593292236, 0.860552966594696, 1.4184925556182861, 0.0, 0.10638511180877686, 0.5449668765068054, 0.8793807029724121, 0.03417721018195152, 0.006179777905344963, 0.09065715968608856, 0.08643534034490585, 0.21175837516784668, 0.06230393797159195, 0.19232463836669922, 1.0149714946746826, 0.0297218170017004, 0.9427462816238403, 0.3517703115940094, 0.06224239245057106, 0.09991538524627686, 0.04931680113077164, 0.00555430119857192, 0.026659773662686348, 0.4672229588031769, 0.12701399624347687, 0.06594052910804749, 0.4785512685775757, 0.022007489576935768, 0.1618029773235321, 0.15057291090488434, 0.3725324273109436, 0.20353297889232635, 0.021872736513614655, 0.008169773034751415, 0.012757403776049614, 0.03562767803668976, 0.0, 0.38729554414749146, 2.7230844497680664, 0.12007761746644974, 0.6852704882621765, 0.06811505556106567, 0.04874154552817345, 0.22394344210624695, 0.05612747371196747, 0.008086666464805603, 0.0, 1.6431143283843994, 0.0994701087474823, 0.19341158866882324, 0.31065332889556885, 0.511668860912323, 2.8691091537475586, 0.612000048160553, 0.1870904266834259, 0.4985060393810272, 0.0752449631690979, 0.00180943647865206, 0.06008398160338402, 0.005119138862937689, 0.5435632467269897, 1.552310824394226, 0.05275664106011391, 0.6563835144042969, 0.9515302181243896, 0.0, 0.9626286029815674, 0.04141206666827202, 2.902818441390991, 5.304956436157227, 0.289664089679718, 0.22127166390419006, 0.007320939097553492, 0.09590043872594833, 0.0, 5.83677339553833, 0.012264568358659744, 0.011853622272610664, 0.038890864700078964, 0.03214447200298309, 0.7039881348609924, 0.20639902353286743, 0.012918464839458466, 0.011947821825742722, 0.022868098691105843, 0.0714598223567009, 0.16709931194782257, 0.6986775398254395, 0.048005782067775726, 0.24821250140666962, 0.23732802271842957, 0.3466480076313019, 0.3815915584564209, 0.1362144500017166, 0.05892074853181839, 0.06308555603027344, 0.06639933586120605, 0.014913279563188553, 0.0, 1.0011498928070068, 0.0, 0.9194321632385254, 0.07931143045425415, 0.11493920534849167, 0.4429585933685303, 0.0013770132791250944, 0.025255177170038223, 0.38335052132606506, 0.06780055910348892, 0.5934315919876099, 0.21818998456001282, 0.0, 0.27687981724739075, 0.5059764385223389, 2.460263729095459, 0.0, 0.02925810031592846, 0.7897591590881348, 0.0, 0.11190846562385559, 0.0, 0.024203432723879814, 0.33942288160324097, 2.8646881580352783, 0.03197275102138519, 0.019884906709194183, 0.0, 0.0, 0.00855158269405365, 0.0030649243853986263, 0.014737304300069809, 0.32684415578842163, 0.8906775712966919, 0.22867290675640106, 0.43737921118736267, 3.3086438179016113, 0.03221438452601433, 0.0, 0.05349734425544739, 0.0, 1.2397868633270264, 0.006251670885831118, 0.00940763670951128, 0.36293432116508484, 0.0, 0.13396483659744263, 0.1930902898311615, 0.5350207686424255, 0.9160659909248352, 0.0, 0.0028694747015833855, 0.0, 0.011381694115698338, 0.12871576845645905, 0.09244547039270401, 0.20799586176872253, 0.7001594305038452, 0.0, 0.020888207480311394, 0.0, 1.3062366247177124, 0.008464976213872433, 0.31419435143470764, 0.0, 0.010524063371121883, 0.013516440987586975, 0.022717460989952087, 0.0, 0.8594403862953186, 0.08517532050609589, 0.8274224996566772, 1.0695550441741943, 0.17943266034126282, 0.4294605553150177, 0.1855737566947937, 0.13973380625247955, 0.36631864309310913, 0.9018318057060242, 0.7103235721588135, 0.5384893417358398, 0.2718043029308319, 0.06265277415513992, 0.0, 0.3344237208366394, 0.23175294697284698, 0.3638317286968231, 0.036207232624292374, 0.8325815200805664, 1.0011694431304932, 0.13832812011241913, 0.6269134283065796, 3.90016770362854, 0.0, 0.0328378789126873, 1.0628188848495483, 0.002923155203461647, 0.0, 0.00862424261868, 0.04621279984712601, 0.13775406777858734, 0.022909710183739662, 0.3719242215156555, 0.3532193899154663, 0.1506337672472, 2.0010595321655273, 0.19016005098819733, 0.3768477439880371, 0.1127481460571289, 0.6294936537742615, 0.3495512902736664, 0.0, 0.20784740149974823, 0.07981736212968826, 0.04272402077913284, 3.353181838989258, 0.06318885087966919, 0.10538534075021744, 0.21455930173397064, 0.0, 0.8812739849090576, 0.1411699801683426, 0.8887628316879272, 0.16956254839897156, 0.6548126935958862, 1.782204270362854, 0.0, 0.04152577370405197, 0.7128637433052063, 0.0, 0.11651181429624557, 0.03561144694685936, 0.17365524172782898, 1.1740423440933228, 1.3963596820831299, 0.0, 0.6241394281387329, 0.19920381903648376, 1.9000855684280396, 0.05566626042127609, 0.0, 0.0, 0.041811004281044006, 0.0, 0.24773414433002472, 0.9946519732475281, 0.4287276864051819, 1.0112626552581787, 1.6191394329071045, 1.1376140117645264, 0.2331380993127823, 0.12149088084697723, 0.028849031776189804, 0.1366983950138092, 0.375944048166275, 0.2601001560688019, 0.024877244606614113, 0.04706921428442001, 0.7666786909103394, 1.0251260995864868, 0.032396670430898666, 0.24821661412715912, 0.07828707247972488, 1.3972606658935547, 0.04773540794849396, 0.019312961027026176, 0.0, 2.0076773166656494, 0.05073186755180359, 0.42206594347953796, 0.1000477522611618, 0.7830217480659485, 0.35991838574409485, 0.0, 0.5398544073104858, 0.01760067045688629, 0.06453845649957657, 0.011552552692592144, 0.20678019523620605, 2.312248468399048, 0.0, 0.0, 0.2555418312549591, 0.0, 1.3337656259536743, 1.2686885595321655, 0.012820769101381302, 0.008121959865093231, 0.7029599547386169, 0.4961516857147217, 0.7985779047012329, 3.1523189544677734, 0.33968663215637207, 0.011717630550265312, 0.18609468638896942, 0.0, 0.4862322509288788, 0.07145194709300995, 0.7708348035812378, 0.06596726179122925, 0.4437467157840729, 2.684825897216797, 3.051237106323242, 0.24808894097805023, 0.044490691274404526, 0.07547377794981003, 0.304928183555603, 0.00986633449792862, 0.13002601265907288, 0.29004716873168945, 0.3965226709842682, 0.021190904080867767, 0.035034604370594025, 0.08773411810398102, 0.10051971673965454, 0.41739752888679504, 0.07891034334897995, 0.0037132524885237217, 1.3139008283615112, 0.05094987526535988, 0.46473202109336853, 0.9071612358093262, 0.2682019770145416, 0.7101830244064331, 0.39652979373931885, 0.02197292633354664, 0.12958401441574097, 1.949616551399231, 0.04611145332455635, 0.0005770167335867882, 0.0, 0.6478236317634583, 0.27687951922416687, 0.027003565803170204, 0.49861714243888855, 0.006774863228201866, 1.0327144861221313, 0.3589772582054138, 0.0, 0.21830299496650696, 0.010143980383872986, 0.07789790630340576, 0.8058555126190186, 0.13192367553710938, 0.0, 0.0716308057308197, 0.0, 1.668886661529541, 0.0011731483973562717, 1.1526988744735718, 0.0369386225938797, 0.17621703445911407, 0.05201646685600281, 0.5061513781547546, 0.10049829632043839, 0.04911258444190025, 3.7221455574035645, 0.3151903748512268, 0.005581349600106478, 0.3135756552219391, 0.06603602319955826, 0.0, 2.1115081310272217, 0.36690187454223633, 0.0, 0.36985522508621216, 0.07911478728055954, 0.0, 0.2841808795928955, 0.1338130533695221, 0.3203358054161072, 0.0, 0.2340778410434723, 0.0, 0.0027997444849461317, 0.00908873975276947, 0.3095194697380066, 0.05101283639669418, 0.022997403517365456, 2.0239224433898926, 0.01223132573068142, 0.6907073259353638, 0.07519088685512543, 3.220201253890991, 0.0, 1.0103325843811035, 0.659123420715332, 0.02061573415994644, 0.04701131582260132, 0.3556198477745056, 1.309342622756958, 0.05994880571961403, 0.19420243799686432, 0.8164278268814087, 0.050644855946302414, 0.19408124685287476, 0.16712938249111176, 1.0510964393615723, 0.1474877893924713, 0.6696711778640747, 0.024483593180775642, 0.037562295794487, 0.27905136346817017, 0.20619533956050873, 0.006460296921432018, 0.08962593972682953, 0.11362885683774948, 0.241788849234581, 0.026103399693965912, 0.0, 0.07154106348752975, 2.7092525959014893, 0.2133401781320572, 0.05362546071410179, 0.013411784544587135, 0.22023393213748932, 0.2897152304649353, 0.03587481379508972, 0.0511590801179409, 0.004389789421111345, 0.8612060546875, 0.11362774670124054, 0.5631335377693176, 0.030082181096076965, 1.876304030418396, 0.09209244698286057, 0.0, 0.4519801139831543, 0.4062701165676117, 0.00015370213077403605, 0.1960873305797577, 0.012390228919684887, 0.1779872328042984, 0.47920599579811096, 0.015956426039338112, 0.0, 0.0, 0.010447796434164047, 0.3984265923500061, 0.002463355427607894, 0.018015291541814804, 0.12050472944974899, 1.0858110189437866, 0.048390548676252365, 0.2274845838546753, 0.4580218195915222, 3.376464605331421, 3.9036314487457275, 0.0655413419008255, 1.848379373550415, 0.7718652486801147, 0.0, 0.1357431858778, 2.7133257389068604, 2.1121809482574463, 0.0015102503821253777, 2.536647081375122, 0.05047696828842163, 1.4324580430984497, 0.24924565851688385, 1.2107123136520386, 0.11565662175416946, 0.14238499104976654, 0.2830051779747009, 0.005766917020082474, 0.019562914967536926, 0.45317620038986206, 0.5892776846885681, 0.0, 0.46575087308883667, 0.013421423733234406, 0.056609801948070526, 0.050087977200746536, 2.288240909576416, 0.04103773459792137, 0.14759865403175354, 1.1176972389221191, 0.0, 1.1734896898269653, 1.4908158779144287, 0.07140292972326279, 2.401250123977661, 1.601155161857605, 1.0394539833068848, 0.01110022608190775, 2.776172161102295, 1.6925344467163086, 0.8981831073760986, 0.0, 0.008234230801463127, 2.226135492324829, 0.0, 0.0016465235967189074, 1.9238041639328003, 0.4287559986114502, 0.7641426920890808, 1.4272695779800415, 0.0, 0.19218894839286804, 0.0, 0.04426300898194313, 0.015347412787377834, 0.12491700798273087, 0.08142802864313126, 0.053706031292676926, 2.558216094970703, 0.020261254161596298, 0.026429828256368637, 0.022097986191511154, 0.08690834045410156, 0.45208433270454407, 1.6721608638763428, 0.38805949687957764, 0.04163188487291336, 0.021406080573797226, 0.26495882868766785, 0.08424824476242065, 0.0, 0.1796724945306778, 0.009596494026482105, 0.03764007240533829, 0.18986505270004272, 0.3983900845050812, 0.03307986631989479, 0.0, 0.30641788244247437, 0.0, 0.19528719782829285, 0.3829690217971802, 0.2268163114786148, 1.0412085056304932, 0.5533447861671448, 1.1957080364227295, 0.1164967268705368, 0.2500573694705963, 0.058466192334890366, 0.2788049876689911, 1.5509612560272217, 1.1192843914031982, 3.0269715785980225, 0.0, 0.7196360230445862, 0.29046913981437683, 0.039778608828783035, 0.9002947211265564, 0.06651726365089417, 0.09547186642885208, 0.18585433065891266, 0.0, 0.16361317038536072, 0.017974665388464928, 0.6259770393371582, 0.0457293726503849, 0.05315630882978439, 0.832737386226654, 0.1602843552827835, 0.08156963437795639, 1.2591623067855835, 0.7960167527198792, 0.07962247729301453, 0.6202208995819092, 0.08730082958936691, 0.005507639609277248, 0.0, 1.3196684122085571, 0.0, 0.01996959000825882, 0.00976114347577095, 0.7302312850952148, 0.5051990151405334, 1.2558785676956177, 0.9752945303916931, 0.3759741485118866, 0.0, 0.00914200022816658, 0.33457791805267334, 0.33588865399360657, 0.4220801293849945, 0.08064401894807816, 0.06786831468343735, 1.3130583763122559, 0.01625572331249714, 0.7672681212425232, 0.20572638511657715, 0.8944148421287537, 2.124314785003662, 0.0, 0.5127636790275574, 0.7210037708282471, 0.2391566038131714, 0.23762476444244385, 0.7800025343894958, 0.0, 0.10872694849967957, 0.3372337818145752, 0.03258860483765602, 0.032105833292007446, 0.3311249017715454, 0.11057701706886292, 0.06958647817373276, 0.42563387751579285, 0.10429296642541885, 0.24707163870334625, 0.5433288812637329, 0.49229350686073303, 1.932950496673584, 1.787906289100647, 0.897209882736206, 1.387797474861145, 5.43607234954834, 0.012153900228440762, 0.12660881876945496, 0.0, 2.2448461055755615, 0.4399285912513733, 0.0, 0.040705349296331406, 0.6352901458740234, 0.20260150730609894, 0.4107459783554077, 0.019472606480121613, 0.5964271426200867, 0.49050137400627136, 0.16123756766319275, 1.0000169277191162, 0.16859251260757446, 0.0, 0.5779669284820557, 0.0, 0.1359369158744812, 1.778002381324768, 0.010371636599302292, 0.0, 0.5178502798080444, 0.94890296459198, 0.6950752139091492, 0.16577619314193726, 0.13345682621002197, 0.06029234081506729, 0.044145312160253525, 0.0029224425088614225, 0.13088485598564148, 0.33460497856140137, 0.14222504198551178, 0.1981542408466339, 0.31270137429237366, 0.2440444827079773, 0.9834965467453003, 1.18501877784729, 0.09129224717617035, 0.0, 0.08927294611930847, 0.028523722663521767, 0.4884636104106903, 0.23221008479595184, 0.15355809032917023, 0.010080578736960888, 0.3660224676132202, 0.3702531158924103, 0.7241350412368774, 0.07438316941261292, 0.2926724851131439, 0.047375015914440155, 0.02976781688630581, 0.0323130339384079, 0.01981109008193016, 0.0, 1.2846260070800781, 0.0486370287835598, 0.35162660479545593, 0.9070946574211121, 0.0, 0.0, 0.4772788882255554, 0.018484439700841904, 0.05752911418676376, 0.29889142513275146, 0.29218512773513794, 0.14927248656749725, 0.1254846155643463, 0.7660455703735352, 0.0, 0.05803199112415314, 0.5945362448692322, 0.6852256655693054, 0.2666749060153961, 0.14325252175331116, 2.652589797973633, 0.07729966938495636, 0.1439466029405594, 0.0, 0.0022469344548881054, 0.0, 0.4333522915840149, 0.004117155447602272, 0.25254443287849426, 0.052845511585474014, 0.003788914065808058, 0.25179174542427063, 0.16606828570365906, 0.032622095197439194, 0.0026984629221260548, 0.7746716141700745, 0.2620110511779785, 2.0853841304779053, 0.12695977091789246, 0.08046118170022964, 0.10547643899917603, 0.15899813175201416, 0.15440180897712708, 0.23931482434272766, 0.32850381731987, 0.24443942308425903, 0.003497225930914283, 0.7284444570541382, 0.048637934029102325, 0.5792607665061951, 1.333907961845398, 0.012585914693772793, 0.489806592464447, 1.2690529823303223, 3.669105291366577, 0.011178955435752869, 0.0, 0.002141594886779785, 0.14558658003807068, 0.0, 0.07123614102602005, 0.05485052615404129, 0.26402536034584045, 0.0, 1.4845738410949707, 1.3886327743530273, 0.17122898995876312, 0.1951262205839157, 0.7402250170707703, 1.3844308853149414, 0.267273873090744, 0.49600523710250854, 1.3870773315429688, 0.031112851575016975, 0.027773287147283554, 0.15954704582691193, 0.5539150834083557, 0.15407072007656097, 0.8171294331550598, 0.09320690482854843, 0.14632150530815125, 0.3679046928882599, 1.0542378425598145, 0.3208892047405243, 0.6874745488166809, 0.05685650557279587, 0.057318415492773056, 0.0, 0.07218639552593231, 0.0, 0.0, 1.2294763326644897, 0.6292116641998291, 0.47248589992523193, 0.06643868237733841, 0.05259561538696289, 0.0, 0.3476724326610565, 1.6000235080718994, 0.05303787812590599, 0.017931470647454262, 0.0, 0.48977410793304443, 1.9318253993988037, 0.07483575493097305, 0.6847375631332397, 0.01562872715294361, 0.16658222675323486, 0.028884241357445717, 0.0, 1.6981985569000244, 0.0, 0.18060870468616486, 0.015267230570316315, 0.008400702849030495, 3.5551228523254395, 0.03253410384058952, 0.02138998545706272, 0.02647978998720646, 0.0, 0.1196429580450058, 1.6477866172790527, 0.08867421746253967, 0.0, 0.4366217255592346, 0.15133345127105713, 0.8030960559844971, 0.12312619388103485, 0.2164088785648346, 1.2474967241287231, 1.5943902730941772, 0.01685217395424843, 0.2102157473564148, 1.583253026008606, 0.27737897634506226, 0.6436652541160583, 0.16865456104278564, 5.90948486328125, 0.22980549931526184, 0.5619649887084961, 0.10697203129529953, 0.4721687436103821, 0.0, 0.13688504695892334, 1.1489652395248413, 0.033412691205739975, 0.872589647769928, 0.03330565616488457, 1.3247218132019043, 0.10514306277036667, 0.01843721605837345, 0.02001252956688404, 0.3554854094982147, 0.43322598934173584, 0.004258311353623867, 0.0, 0.40616273880004883, 0.33965200185775757, 0.04370444267988205, 0.0, 0.0024897565599530935, 0.013303233310580254, 0.03975687175989151, 0.3599492013454437, 0.6285812854766846, 0.08839350193738937, 0.02676793932914734, 0.01428512204438448, 0.09092769026756287, 0.15734241902828217, 0.16627323627471924, 1.2660658359527588, 0.17614765465259552, 0.003724402282387018, 0.5139561891555786, 0.14565256237983704, 0.5500964522361755, 0.0, 0.0648384764790535, 2.345064640045166, 0.17699946463108063, 0.19846686720848083, 0.2976188361644745, 0.10345211625099182, 0.0, 0.05332883447408676, 0.6031384468078613, 0.8950917720794678, 0.011475728824734688, 2.088106155395508, 0.21568971872329712, 0.07472775131464005, 0.17783309519290924, 0.059930771589279175, 0.8079980611801147, 0.046940337866544724, 0.5441321730613708, 0.24324780702590942, 1.4896172285079956, 2.4854342937469482, 0.21162374317646027, 0.0, 0.0, 0.13519302010536194, 0.3531775176525116, 0.08247007429599762, 0.18027986586093903, 6.265649318695068, 0.2155008167028427, 0.8349025249481201, 0.5372990965843201, 2.1085731983184814, 0.8108158707618713, 0.3191061317920685, 0.24441224336624146, 0.1515396535396576, 0.0, 0.05341940373182297, 0.1549326628446579, 0.0, 0.0, 0.715724527835846, 0.3790171146392822, 0.07401236891746521, 0.06728003174066544, 0.0, 0.017745468765497208, 0.10037556290626526, 0.4002291262149811, 0.1471184343099594, 0.0, 0.5871475338935852, 0.5108683109283447, 0.0, 0.13436345756053925, 0.0069329398684203625, 0.0, 0.0049446336925029755, 0.02246597781777382, 0.1024789810180664, 0.8736965656280518, 0.5313347578048706, 1.4656627178192139, 0.49040353298187256, 0.15771983563899994, 0.9341800212860107, 0.13856634497642517, 0.01123083382844925, 0.0, 0.002492362167686224, 0.32992106676101685, 0.14430224895477295, 0.1945362091064453, 0.4395938813686371, 0.0, 2.0011513233184814, 0.06636776030063629, 0.028963230550289154, 0.00604201341047883, 1.5792646408081055, 0.23154333233833313, 2.270458221435547, 0.20022781193256378, 0.4391760528087616, 0.003150876611471176, 0.32389628887176514, 0.029831537976861, 0.19298744201660156, 0.010906652547419071, 0.1382579654455185, 0.10934489220380783, 0.8346318006515503, 1.7972530126571655, 0.0, 0.5034113526344299, 0.09103816002607346, 0.05424779653549194, 0.0, 0.11261402815580368, 0.10912904888391495, 0.5158841013908386, 0.8475731015205383, 0.0038139454554766417, 0.7701075077056885, 0.12797199189662933, 0.07004750519990921, 0.7421290874481201, 1.1621021032333374, 0.20629075169563293, 0.01784108579158783, 1.2704381942749023, 0.10658377408981323, 0.0, 0.8852436542510986, 0.05731700360774994, 0.7923642992973328, 0.005822237581014633, 0.04187595471739769, 0.23359788954257965, 0.7763578295707703, 1.1706892251968384, 0.10448265075683594, 2.0265450477600098, 0.5950928330421448, 0.0940016359090805, 0.2406569868326187, 0.11400296539068222, 0.004048709757626057, 0.1651223599910736, 0.0, 0.08101344853639603, 0.32475998997688293, 1.1540077924728394, 1.5005840063095093, 0.6331632137298584, 1.1103897094726562, 0.06528513878583908, 1.0315945148468018, 0.0, 3.8014893531799316, 0.42236608266830444, 3.3889107704162598, 0.01979292929172516, 0.20203788578510284, 0.1542029082775116, 1.1080212593078613, 4.005253791809082, 0.4406493306159973, 0.03668234124779701, 1.1868078708648682, 0.0026899210643023252, 0.37611207365989685, 0.9630154967308044, 0.2130829095840454, 0.959712564945221, 1.4995403289794922, 0.1890232264995575, 0.0, 0.11384452134370804, 0.007943598553538322, 0.4348800480365753, 0.5776188969612122, 1.2223678827285767, 0.0, 0.02087216079235077, 0.3762950003147125, 0.8271967768669128, 0.31787392497062683, 0.9154499769210815, 0.0026891084853559732, 1.2534759044647217, 0.0, 0.09977833181619644, 0.007305367849767208, 0.008353634737432003, 0.006162400357425213, 0.14844615757465363, 0.4994494915008545, 0.12409801036119461, 0.0, 0.1886684000492096, 4.055027961730957, 0.46183812618255615]",Testing/glioma_tumor/image(93).jpg
"[0.1103428527712822, 2.022756576538086, 0.13142262399196625, 0.16810676455497742, 0.14132645726203918, 0.6694715619087219, 3.364072322845459, 0.1969532072544098, 0.0, 0.01842893846333027, 0.0, 0.040229056030511856, 0.027815911918878555, 0.974949300289154, 0.14293193817138672, 0.03965812176465988, 0.4428707957267761, 2.1735787391662598, 1.1641052961349487, 0.0, 2.5573549270629883, 0.2842743992805481, 0.4959075450897217, 0.5961558818817139, 1.1523534059524536, 0.3573490083217621, 1.0788578987121582, 0.14950600266456604, 0.0, 0.0, 1.7641113996505737, 0.1212608739733696, 2.1229710578918457, 1.2686797380447388, 0.4120683968067169, 0.3088068962097168, 0.21116001904010773, 0.1488703340291977, 0.0, 1.7494771480560303, 0.9384199380874634, 0.3313561677932739, 0.21286970376968384, 0.5173795819282532, 0.23257045447826385, 0.005132889375090599, 0.005515030585229397, 0.0, 0.0749804750084877, 0.17579957842826843, 3.3412201404571533, 0.0, 1.6896848678588867, 0.07807617634534836, 0.868658185005188, 3.4679269790649414, 0.29371970891952515, 0.6053844094276428, 0.6704137325286865, 0.022312719374895096, 0.04625672101974487, 1.5941931009292603, 0.004494891036301851, 0.8047236204147339, 0.658643901348114, 0.0, 0.5850914716720581, 0.0031034727580845356, 0.19760334491729736, 0.0, 0.7908403873443604, 0.0, 0.009584645740687847, 2.165245532989502, 1.3602697849273682, 0.0, 1.3414753675460815, 0.0028124512173235416, 0.00950214359909296, 1.770639181137085, 0.05131865665316582, 1.6215007305145264, 0.6427721977233887, 0.039745841175317764, 0.6478922367095947, 0.16465817391872406, 3.0873353481292725, 0.021848784759640694, 0.0, 0.4147137701511383, 0.0, 0.2547476887702942, 0.08747885376214981, 1.926816463470459, 0.6600982546806335, 0.2684238851070404, 0.46243175864219666, 0.09955243021249771, 0.049360986799001694, 0.0, 0.07653600722551346, 1.8686672449111938, 0.0, 0.02231638692319393, 4.244082927703857, 0.5197594165802002, 0.32324329018592834, 0.7036246657371521, 0.018468739464879036, 1.6986638307571411, 0.4030478596687317, 0.21811166405677795, 0.03217479959130287, 0.0, 0.5006307363510132, 0.0, 0.0, 1.059896469116211, 0.00015793285274412483, 0.38243594765663147, 0.07605807483196259, 0.0, 0.0, 0.0, 0.012830743566155434, 2.055508613586426, 0.2764348089694977, 4.060389995574951, 2.7739338874816895, 0.0, 0.017705144360661507, 1.7829554080963135, 0.012036157771945, 0.0, 0.6389122605323792, 0.0, 1.3186813592910767, 0.036517225205898285, 0.019054677337408066, 0.2915481925010681, 0.16787299513816833, 0.7903765439987183, 0.04754113033413887, 0.6914945244789124, 0.0, 0.930573046207428, 0.1349589228630066, 5.477004528045654, 0.27215108275413513, 0.42570531368255615, 6.797133922576904, 0.21787437796592712, 0.0, 0.0318145789206028, 0.0, 0.3066885471343994, 0.0, 0.9906834959983826, 0.33902788162231445, 0.0, 0.018361490219831467, 2.031675338745117, 0.0, 0.23186251521110535, 0.5920895338058472, 0.22356060147285461, 0.30855023860931396, 0.0016098801279440522, 0.18301290273666382, 5.237194538116455, 1.9444670677185059, 0.10009345412254333, 0.3785439431667328, 3.081181049346924, 2.5723390579223633, 1.558701753616333, 0.0456373356282711, 1.3193449974060059, 0.15388795733451843, 1.4498376846313477, 0.27351900935173035, 0.06238692253828049, 0.3996458947658539, 0.08851340413093567, 0.5710896849632263, 0.09428238123655319, 0.29538699984550476, 1.0535900592803955, 0.2429025024175644, 0.831696629524231, 0.0, 0.0, 1.3725686073303223, 0.30568018555641174, 1.108899712562561, 0.18936088681221008, 0.1392577439546585, 0.03077114373445511, 0.018815960735082626, 0.2980272173881531, 0.7862924337387085, 0.2571864128112793, 1.4332739114761353, 0.12499351799488068, 3.936288356781006, 0.78432697057724, 0.0, 0.0, 0.013854391872882843, 0.0017297875601798296, 1.1843292713165283, 1.222398042678833, 0.010668282397091389, 0.013142751529812813, 0.18590444326400757, 1.4355533123016357, 0.15282243490219116, 0.17746536433696747, 0.6312903761863708, 0.0, 0.8959962725639343, 0.0, 2.0274817943573, 0.00702766515314579, 0.29811835289001465, 1.4965440034866333, 0.370125949382782, 0.032399628311395645, 1.8388651609420776, 0.06363779306411743, 0.5706819295883179, 0.011763889342546463, 1.5652902126312256, 0.5875305533409119, 0.21115875244140625, 0.26395267248153687, 0.045622486621141434, 0.045966073870658875, 0.21507960557937622, 0.8838503956794739, 0.05103778466582298, 0.043221309781074524, 0.8708236217498779, 0.0, 0.06914918124675751, 0.6461998820304871, 0.056952476501464844, 1.0383703708648682, 0.00894998013973236, 1.9214411973953247, 0.4800615906715393, 0.0, 1.551530122756958, 0.16861362755298615, 0.025939757004380226, 0.17114625871181488, 0.6262283325195312, 0.0, 0.0, 1.1940219402313232, 0.016866158694028854, 0.004022615496069193, 1.8196959495544434, 0.0, 0.03943133354187012, 0.14232726395130157, 0.2614642083644867, 0.0888894721865654, 0.0, 0.0275807473808527, 0.32242727279663086, 0.0, 0.5064346790313721, 1.7432516813278198, 1.1501582860946655, 0.24316279590129852, 0.8275290727615356, 1.3694885969161987, 0.6325651407241821, 0.13209204375743866, 0.9405723214149475, 0.7308974266052246, 1.0925590991973877, 1.111721158027649, 0.804887592792511, 1.2757264375686646, 1.0671641826629639, 0.0074823047034442425, 0.010618523694574833, 0.026511412113904953, 0.436890184879303, 0.2199101597070694, 0.0, 0.33484867215156555, 0.8735635876655579, 3.7418649196624756, 0.284553200006485, 0.0029966854490339756, 0.1478063017129898, 0.09169835597276688, 0.5384805202484131, 0.10005667060613632, 1.6257745027542114, 0.2439885437488556, 2.1435387134552, 0.31508398056030273, 0.9845100045204163, 3.000971794128418, 1.1550874710083008, 0.2627846300601959, 0.24132050573825836, 0.43258246779441833, 0.0, 0.7914631366729736, 0.1893044114112854, 1.9070740938186646, 0.716120719909668, 0.46292510628700256, 0.0, 0.06516873836517334, 0.12709270417690277, 4.180410385131836, 0.4816302955150604, 0.14442400634288788, 0.7075715065002441, 0.0, 0.062074244022369385, 0.13948269188404083, 2.8089730739593506, 0.11904878169298172, 0.022739440202713013, 0.10324296355247498, 1.6635991334915161, 1.4500747919082642, 0.005586711689829826, 0.07157205790281296, 0.2348087877035141, 2.4025800228118896, 1.8800638914108276, 0.9500833749771118, 2.475637435913086, 0.7050172686576843, 0.0, 1.0638608932495117, 0.07835648208856583, 0.0, 0.020622245967388153, 0.10275382548570633, 0.07050304114818573, 1.70145583152771, 0.0013873212737962604, 1.3520183563232422, 0.7991210222244263, 0.07540889829397202, 0.369112104177475, 0.0, 0.0, 0.10384554415941238, 0.47441965341567993, 0.12399087846279144, 0.018063602969050407, 0.5206563472747803, 0.0, 0.5943334102630615, 0.13470520079135895, 0.0, 0.10794230550527573, 0.6073468923568726, 0.44050270318984985, 0.2976055443286896, 0.11056209355592728, 0.014306671917438507, 5.860369682312012, 2.103977680206299, 0.009876660071313381, 0.001568361185491085, 1.9657583236694336, 1.0172429084777832, 0.0, 0.0, 0.0, 0.0, 0.19435080885887146, 0.11596672236919403, 0.9973284602165222, 0.0515783466398716, 1.1803663969039917, 0.2828470766544342, 0.08753794431686401, 0.0640421137213707, 0.019850561395287514, 0.01887602172791958, 0.6935296058654785, 0.08748996257781982, 0.0, 3.8264360427856445, 0.0, 1.8873443603515625, 0.1797971874475479, 0.7762151956558228, 0.0, 0.0, 0.0, 0.0, 0.2531607449054718, 1.870559811592102, 0.0005333715816959739, 0.07785198092460632, 0.4098885655403137, 0.01271362416446209, 0.0, 0.0, 0.1146962121129036, 0.10413868725299835, 0.14225326478481293, 1.5631768703460693, 0.04388486221432686, 0.12335943430662155, 0.0030895350500941277, 0.025261614471673965, 0.10185661166906357, 0.015208642929792404, 0.472775399684906, 0.4844449460506439, 0.19687847793102264, 0.0827777311205864, 0.024129804223775864, 0.0, 0.3145049214363098, 0.0, 0.8416932821273804, 0.10357710719108582, 1.220231294631958, 0.39799097180366516, 2.0461292266845703, 0.7635952830314636, 0.0, 5.35221529006958, 1.9449609518051147, 0.0, 0.0, 0.0, 0.5462964773178101, 0.2873322665691376, 0.26264822483062744, 0.8076788187026978, 0.0032700616866350174, 0.9460228085517883, 0.04261201620101929, 0.0, 0.2358100414276123, 0.8214478492736816, 2.610856056213379, 0.01910495012998581, 0.0, 0.05525261536240578, 0.11326362937688828, 0.03067312017083168, 0.04975663870573044, 2.7101640701293945, 0.04331016167998314, 2.2378454208374023, 0.22396539151668549, 0.22953929007053375, 0.0410352498292923, 0.3396066129207611, 0.0, 0.2162047028541565, 0.34665679931640625, 0.3495034873485565, 0.013868777081370354, 0.0038660254795104265, 0.017073016613721848, 0.032079193741083145, 0.8497865796089172, 0.030336441472172737, 0.38788995146751404, 0.0, 0.2997380197048187, 1.6462407112121582, 0.5531085133552551, 0.4078420102596283, 0.18461480736732483, 0.7630293965339661, 0.034495458006858826, 0.31380537152290344, 1.5142349004745483, 0.0, 0.5171343088150024, 0.652113676071167, 0.03203074261546135, 3.528299331665039, 1.0933971405029297, 0.06593379378318787, 1.119076132774353, 0.6077818870544434, 0.12723426520824432, 0.30240297317504883, 0.8027091026306152, 0.308053582906723, 0.0, 1.4071487188339233, 0.0, 4.156478404998779, 0.5857701301574707, 0.03979400545358658, 0.12200674414634705, 0.05240262672305107, 0.2883719801902771, 0.17963002622127533, 0.0, 2.247323513031006, 0.13622784614562988, 0.14289705455303192, 0.08634427189826965, 0.4260178804397583, 0.25918829441070557, 0.3228367269039154, 0.010532678104937077, 0.0015086178900673985, 2.379964828491211, 1.8284224271774292, 0.017415672540664673, 0.000882128078956157, 0.011915321461856365, 0.48616108298301697, 0.0, 0.0, 0.31328901648521423, 0.3980729579925537, 0.2580781579017639, 0.5896347761154175, 0.3334319591522217, 1.558408260345459, 0.12358291447162628, 0.42124253511428833, 2.841984272003174, 1.1050947904586792, 0.0, 0.2224457561969757, 0.0, 0.7864168286323547, 1.1310219764709473, 0.0713687315583229, 0.2413908839225769, 0.054998889565467834, 0.0, 0.0, 1.332441806793213, 0.1573365330696106, 1.06367027759552, 0.0, 0.31982335448265076, 0.0, 0.11730033159255981, 5.337333679199219, 0.2619944214820862, 0.1737111508846283, 0.18214872479438782, 0.0, 2.9274890422821045, 0.7539734840393066, 1.8430589437484741, 0.0, 0.08087295293807983, 0.5695370435714722, 0.0, 0.12691819667816162, 0.6331903338432312, 0.08669319748878479, 0.15131722390651703, 0.08934241533279419, 0.0, 0.013913816772401333, 0.006231736391782761, 0.375603586435318, 0.0, 1.4466004371643066, 0.023664552718400955, 0.08286381512880325, 0.6492223143577576, 0.0, 0.04529842734336853, 1.2066007852554321, 0.0355512797832489, 0.2030833661556244, 0.17369988560676575, 0.0032153858337551355, 0.0, 0.0, 0.0, 0.7101474404335022, 0.006994904484599829, 0.0, 0.040625568479299545, 0.5620579123497009, 0.0, 0.7687827944755554, 0.06290870904922485, 1.7735509872436523, 1.3110060691833496, 0.0218967292457819, 2.9396097660064697, 0.2316543459892273, 0.3424229621887207, 0.5474106669425964, 0.09300410747528076, 0.006550771649926901, 3.2286620140075684, 1.9075616598129272, 1.131864070892334, 0.6515119671821594, 0.33580872416496277, 0.010757857002317905, 0.009104604832828045, 0.49400395154953003, 0.4479093849658966, 0.1398291140794754, 0.0, 0.30398842692375183, 0.0, 0.0, 1.9510585069656372, 0.580293595790863, 0.5428146123886108, 0.3935397267341614, 0.07181346416473389, 1.4808714389801025, 0.0, 0.36794090270996094, 0.01699441857635975, 0.07296156138181686, 0.06911560893058777, 0.1697414368391037, 0.011316644959151745, 0.036242417991161346, 0.015395903959870338, 0.21556007862091064, 0.017721205949783325, 0.013596607372164726, 0.631798505783081, 0.0, 0.008602947928011417, 0.216970294713974, 0.01041468046605587, 1.4189329147338867, 0.7132189869880676, 0.7054316997528076, 0.2499842494726181, 0.0, 0.0, 0.7189933061599731, 0.08602187037467957, 0.0, 1.1147316694259644, 0.031847964972257614, 2.3483903408050537, 0.5490801334381104, 0.06675291061401367, 0.030640339478850365, 0.9727569818496704, 0.3599693775177002, 0.018565289676189423, 0.0, 1.1522130966186523, 0.2805807590484619, 2.3071048259735107, 0.22088630497455597, 0.47375768423080444, 0.6403159499168396, 0.3684737980365753, 0.005380460061132908, 0.02436693385243416, 0.29663437604904175, 2.614926815032959, 0.5635983347892761, 0.023229876533150673, 0.8074752688407898, 0.37761422991752625, 1.2512998580932617, 2.964911699295044, 0.05868598446249962, 0.190576434135437, 0.08401133120059967, 1.556001901626587, 0.04852347820997238, 0.09216699004173279, 0.03887194022536278, 1.1721116304397583, 0.5917696952819824, 0.03328300639986992, 0.03931616246700287, 0.0, 0.3157612681388855, 0.007801007479429245, 0.0016322792507708073, 2.1024329662323, 0.1591322124004364, 0.010238287039101124, 0.45651572942733765, 0.06767185032367706, 0.036738455295562744, 0.47167399525642395, 0.15675505995750427, 0.02834596484899521, 0.7798808217048645, 0.6858855485916138, 0.0, 1.6337926387786865, 0.060082074254751205, 3.1217639446258545, 0.0, 0.24027638137340546, 0.0, 0.0, 0.14446061849594116, 0.09801337122917175, 0.002512535313144326, 0.05364849045872688, 0.0, 0.24001608788967133, 2.726980447769165, 0.012808583676815033, 0.29531896114349365, 0.18403840065002441, 1.2834290266036987, 0.3472763001918793, 0.5446506142616272, 0.005416627041995525, 0.19264617562294006, 0.1547122746706009, 0.03289951756596565, 0.8660662770271301, 0.7387229204177856, 0.7262446880340576, 0.0, 0.958534300327301, 0.5290947556495667, 2.071112632751465, 0.848692774772644, 0.0, 0.2294016033411026, 1.5012973546981812, 0.05290514975786209, 0.15668685734272003, 1.4722871780395508, 0.0, 0.0, 0.6696608662605286, 0.39396417140960693, 2.237795829772949, 1.4724559783935547, 0.1791515350341797, 0.4123644232749939, 0.09040403366088867, 0.012071967124938965, 1.4199986457824707, 0.11283189058303833, 0.05689750239253044, 0.17483164370059967, 1.19809889793396, 0.9887726306915283, 0.032114654779434204, 0.8405219912528992, 0.32878223061561584, 0.010324244387447834, 0.020212246105074883, 2.802274227142334, 0.5817729830741882, 2.5197479724884033, 0.07994759827852249, 0.05714799091219902, 0.0, 0.6004530191421509, 0.24755164980888367, 0.3511408567428589, 0.05216441676020622, 0.6342836022377014, 0.16904392838478088, 4.1150617599487305, 0.01327067706733942, 0.6846335530281067, 0.8377125859260559, 0.01049230806529522, 1.3558837175369263, 0.34536290168762207, 0.6778243780136108, 0.08038132637739182, 0.022259999066591263, 0.9211156368255615, 0.16555415093898773, 0.019730139523744583, 0.4848300516605377, 0.0009478306164965034, 1.6250252723693848, 0.3357139229774475, 0.300170361995697, 0.0, 0.2789503335952759, 0.5032139420509338, 0.07187887281179428, 0.3545663058757782, 0.11704965680837631, 0.19178493320941925, 0.14645454287528992, 0.13020165264606476, 1.2178943157196045, 0.7555298805236816, 0.6548044681549072, 0.6761072874069214, 0.14904017746448517, 0.36137986183166504, 2.0626492500305176, 0.0, 0.11850188672542572, 0.0006212701555341482, 3.9044179916381836, 1.737966775894165, 0.04013098403811455, 0.0, 0.08703021705150604, 2.0925416946411133, 2.386641025543213, 0.44103237986564636, 0.6092920899391174, 1.0537545680999756, 0.0, 0.0, 0.011313606053590775, 2.8539390563964844, 0.1971074491739273, 0.31845682859420776, 0.9503511786460876, 0.15158697962760925, 0.36878132820129395, 1.2433398962020874, 0.006958195008337498, 0.19804565608501434, 0.031356800347566605, 0.7436754703521729, 0.0008778742630966008, 0.0, 0.01302741002291441, 0.16619877517223358, 2.4128284454345703, 0.2163398563861847, 0.49926260113716125, 0.0, 0.08190326392650604, 0.06490106135606766, 0.021968215703964233, 0.2944789528846741, 0.24171027541160583, 0.0044724359177052975, 1.120334506034851, 0.7260509133338928, 0.05679698288440704, 0.16770358383655548, 0.5012409687042236, 0.9468147158622742, 0.20460714399814606, 0.3127049505710602, 0.4143426716327667, 0.0, 0.786248505115509, 0.1686662882566452, 0.02960045076906681, 0.43474283814430237, 0.3359645903110504, 8.119769096374512, 1.2598615884780884, 0.02682034857571125, 0.0, 0.007082367315888405, 0.4518241882324219, 0.4845317006111145, 0.6219508647918701, 0.3640289306640625, 1.429017186164856, 0.22476808726787567, 0.1348322033882141, 2.386914014816284, 1.2971489429473877, 0.0, 0.9668703675270081, 0.2466604858636856, 0.3084926903247833, 1.2098195552825928, 0.6004363894462585, 0.036408811807632446, 0.13940313458442688, 0.5827701091766357, 0.0, 0.005249816458672285, 0.16360418498516083, 0.22734341025352478, 0.1989973485469818, 0.16972997784614563, 0.016231002286076546, 3.8645823001861572, 0.30421051383018494, 1.5622587203979492, 0.0, 0.030129536986351013, 2.265909194946289, 0.2636188268661499, 0.026651591062545776, 0.9124945998191833, 0.0049996571615338326, 0.4995627999305725, 2.03826904296875, 0.03432593494653702, 0.37298786640167236, 0.0013598568039014935, 0.0, 1.5465470552444458, 0.0, 0.06733951717615128, 0.0, 0.0, 1.2721433639526367, 1.939683437347412, 0.4110012948513031, 0.0, 0.055066533386707306, 0.004289184231311083, 0.24882733821868896, 0.4145807921886444, 1.7899001836776733, 0.5158634781837463, 0.24889840185642242, 3.4324445724487305, 0.23705416917800903, 0.3461790382862091, 0.3293970823287964, 0.42479434609413147, 0.06748482584953308, 0.18301355838775635, 0.0, 0.0, 0.0025093313306570053, 0.16242459416389465, 0.011651343666017056, 0.00191472505684942, 0.2927493751049042, 0.1470533162355423, 0.005202162079513073, 0.2192496508359909, 0.4904474914073944, 1.5050581693649292, 0.004874370526522398, 0.24418815970420837, 0.37868738174438477, 0.447625994682312, 1.1311677694320679, 0.0, 0.02283630147576332, 0.9066481590270996, 0.003930422943085432, 0.6244667768478394, 0.43809932470321655, 0.009296835400164127, 0.016427118331193924, 1.4742226600646973, 0.009699027985334396, 0.3559684455394745, 0.46195122599601746, 0.0, 0.07065460830926895, 0.0, 0.0, 0.024888653308153152, 1.9486891031265259, 0.3335033059120178, 0.0, 0.10714073479175568, 0.04502882808446884, 0.6124613285064697, 0.19522851705551147, 0.1789281815290451, 0.48532775044441223, 0.8930781483650208, 0.6354427933692932, 0.5862862467765808, 2.48846697807312, 0.0, 0.1098400428891182, 0.2981319725513458, 2.0415947437286377, 0.3541777431964874, 0.04481370002031326, 0.7747046947479248, 1.165216088294983, 0.0, 0.008645232766866684, 0.591792106628418, 0.06713641434907913, 0.07388586550951004, 0.025682279840111732, 0.10385662317276001, 1.826577067375183, 0.15338024497032166, 0.010424446314573288, 0.5789098739624023, 1.5262558460235596, 0.38620898127555847, 1.3906126022338867, 0.9031020402908325, 4.091312408447266, 0.01585078239440918, 0.15974126756191254, 0.9095492959022522, 0.5299088954925537, 0.08351083844900131, 0.024370187893509865, 0.8865486979484558, 0.5669409036636353, 0.0028440270107239485, 0.0720321536064148, 4.063041687011719, 0.18484829366207123, 0.008763305842876434, 0.2603623569011688, 0.04589853808283806, 0.0020717845764011145, 0.3427392542362213, 0.0011702727060765028, 0.0, 0.04605475813150406, 0.231210395693779, 0.10281329602003098, 0.2605730891227722, 0.13408350944519043, 2.5569136142730713, 0.291983962059021, 0.4889516234397888, 0.7290062308311462, 0.013336488045752048, 0.3432283103466034, 0.23494797945022583, 1.093136191368103, 0.5374739170074463, 1.2384579181671143, 0.0, 0.0, 0.5654651522636414, 0.09094753861427307, 0.004646021407097578, 0.0, 0.13466483354568481, 0.0, 0.05533558875322342, 0.056687336415052414, 0.00011025155981769785, 0.0, 0.0, 0.18509431183338165, 2.1445841789245605, 0.03884051740169525, 0.838530421257019, 0.6961618661880493, 0.0, 0.0, 0.07829547673463821, 0.0, 0.13590124249458313, 0.7902235984802246, 0.24061357975006104, 0.9514564275741577, 0.9482653737068176, 0.5012204051017761, 3.190626859664917, 0.005629330407828093, 0.33417990803718567, 0.36475348472595215, 0.00975189357995987, 0.0, 0.0, 0.03489859029650688, 0.5141509175300598, 0.22486725449562073, 0.31579670310020447, 0.0, 1.1647833585739136, 0.17203541100025177, 2.4044361114501953, 0.013551125302910805, 3.180422782897949, 8.969508171081543, 0.010589205659925938, 0.1881440430879593, 0.41374993324279785, 0.09224633872509003, 0.03679116815328598, 0.804792046546936, 0.03422600030899048, 0.00868542306125164, 0.00891102571040392, 0.0, 0.729557454586029, 0.2948225736618042, 0.39499926567077637, 0.5874552726745605, 0.3480874001979828, 0.21922869980335236, 0.15317203104496002, 0.4581305980682373, 0.0, 0.12346193939447403, 0.0, 0.1342727243900299, 0.0, 1.1496888399124146, 0.08604339510202408, 0.5362146496772766, 0.26541203260421753, 0.24081256985664368, 0.0, 0.19772294163703918, 0.38354888558387756, 0.013901282101869583, 1.2214542627334595, 0.023765796795487404, 0.7917801141738892, 0.16881205141544342, 1.5153788328170776, 0.18594755232334137, 0.24289879202842712, 1.2081313133239746, 0.060088835656642914, 0.0, 0.25389769673347473, 0.30818605422973633, 0.13162831962108612, 0.06364375352859497, 0.0, 0.0, 0.0, 0.43457603454589844, 0.0, 0.0, 0.03243669122457504, 0.35100749135017395, 0.0, 0.8112901449203491, 0.0, 0.0, 0.30783602595329285, 0.06484860926866531, 0.0, 0.007511679083108902, 0.062378425151109695, 0.034441620111465454, 0.21077409386634827, 2.066023826599121, 0.4026789367198944, 0.001978664891794324, 0.0, 0.10346005111932755, 0.49931204319000244, 0.23277346789836884, 0.8346571922302246, 0.05616375058889389, 0.1711827516555786, 0.04401775822043419, 1.298652172088623, 1.2051676511764526, 0.0392460860311985, 0.0, 0.14533746242523193, 0.12982739508152008, 0.0, 0.0, 0.0051004402339458466, 0.0, 0.21197108924388885, 0.20157179236412048, 0.0, 0.7804886698722839, 0.7534452676773071, 0.0015494993422180414, 0.03779526799917221, 2.5078125, 0.0, 0.0, 0.08702275156974792, 0.0519569031894207, 1.8538236618041992, 0.14550942182540894, 0.594577968120575, 0.02487013302743435, 0.0, 0.733410120010376, 0.0, 0.025327887386083603, 0.6073580980300903, 0.1685623973608017, 1.2021613121032715, 0.38552385568618774, 0.1923145353794098, 0.10327107459306717, 0.5010008811950684, 0.2217315137386322, 0.04454975202679634, 0.17492613196372986, 0.2687961161136627, 0.021863847970962524, 1.8776662349700928, 0.5333006381988525, 0.3916124701499939, 2.2680599689483643, 0.0, 0.15882271528244019, 1.340627670288086, 0.04998251423239708, 0.9335494041442871, 0.185781791806221, 0.2118244171142578, 0.08530215919017792, 0.019355693832039833, 0.24483680725097656, 0.16028206050395966, 0.021640639752149582, 0.3537011444568634, 0.0, 2.831062078475952, 0.351546049118042, 0.06241521239280701, 0.0, 0.06664850562810898, 0.01889839395880699, 0.0, 0.0086521590128541, 0.353456974029541, 0.31246042251586914, 0.10182270407676697, 0.4541073143482208, 0.2309843748807907, 0.18657803535461426, 0.5186582803726196, 0.0, 0.7450764179229736, 0.5442935228347778, 1.3855962753295898, 0.11905765533447266, 0.468065470457077, 0.04416818171739578, 0.0, 0.0, 0.009926516562700272, 0.5544520020484924, 0.29968589544296265, 0.23284465074539185, 0.0, 0.008386378176510334, 0.31010493636131287, 0.17402350902557373, 0.21443133056163788, 0.0, 0.019807154312729836, 2.2105350494384766, 0.8507503867149353, 0.2870422601699829, 1.4382356405258179, 1.1015623807907104, 3.2145943641662598, 0.4874557852745056, 0.6072695255279541, 0.1980159878730774, 0.4997657835483551, 0.012890818528831005, 2.0234298706054688, 0.1501573771238327, 1.8602089881896973, 0.4220183193683624, 0.0, 0.020982975140213966, 0.007039189338684082, 1.4292525053024292, 0.35116320848464966, 0.16522783041000366, 0.6111351847648621, 2.308070182800293, 0.5384543538093567, 0.0, 0.6322374939918518, 0.24311046302318573, 0.42186588048934937, 1.0310230255126953, 1.0813590288162231, 0.053122617304325104, 0.9018800854682922, 0.19772280752658844, 0.0, 0.21989555656909943, 1.9380437135696411, 0.1531476080417633, 1.6750998497009277, 0.07691250741481781, 0.0, 0.9049310684204102, 0.31922268867492676, 0.48234236240386963, 2.620333671569824, 0.08791135996580124, 0.0, 0.08680180460214615, 0.0, 0.8259130716323853, 1.9051015377044678, 0.1249382272362709, 0.009304752573370934, 0.009463619440793991, 0.34145864844322205, 0.0, 1.2636916637420654, 0.5731073617935181, 0.0, 1.258522629737854, 0.14355958998203278, 0.9468889832496643, 0.006048569921404123, 0.0, 4.816587448120117, 0.16583730280399323, 0.07044773548841476, 0.31549304723739624, 0.004261376801878214, 0.4794093668460846, 0.0, 0.2941065728664398, 0.04446000978350639, 3.854945182800293, 0.1277158260345459, 0.28865063190460205, 0.4454731047153473, 0.43846839666366577, 0.006753979716449976, 0.8300601243972778, 0.9405744075775146, 0.0, 0.0, 0.0260865930467844, 0.017090169712901115, 0.0, 4.218856334686279, 0.0, 0.2758585512638092, 0.0, 1.005216360092163, 0.183842733502388, 0.19459958374500275, 0.0735849067568779, 0.0, 3.7480969429016113, 0.24007150530815125, 0.0, 0.12148153781890869, 0.5227079391479492, 0.0, 0.20381703972816467, 0.18303395807743073, 0.039261918514966965, 0.0, 0.0, 0.9026262164115906, 0.21115876734256744, 1.1579835414886475, 0.23846498131752014, 0.01706988736987114, 0.732722282409668, 0.08027178049087524, 0.7600204944610596, 0.0, 2.608064651489258, 1.187757968902588, 0.5438450574874878, 0.0, 0.55855792760849, 0.0, 0.7768741250038147, 0.14895783364772797, 0.0014252517139539123, 0.6596755981445312, 0.3072083592414856, 0.0, 0.6528172492980957, 0.40183025598526, 0.15968525409698486, 0.07473070919513702, 0.03455435857176781, 0.0, 0.28198984265327454, 0.11930055171251297, 0.0, 0.0, 0.0, 1.7761595249176025, 0.0, 0.2523098289966583, 0.32070648670196533, 0.8734990954399109, 0.0, 1.9247604608535767, 0.016206661239266396, 0.038650769740343094, 0.07350010424852371, 2.9696860313415527, 1.1004397869110107, 0.8949753046035767, 0.11872612684965134, 0.14123916625976562, 0.005256713833659887, 0.09851338714361191, 0.21590492129325867, 0.36882853507995605, 0.035681188106536865, 0.06993087381124496, 0.033883288502693176, 0.24586009979248047, 0.0, 0.46974703669548035, 0.0, 1.103624939918518, 0.0, 0.0, 0.14921462535858154, 0.0, 0.35935521125793457, 2.8076729774475098, 1.1732972860336304, 0.0, 0.2920602858066559, 0.5690432190895081, 0.1582077145576477, 0.0, 0.0, 0.0, 0.004988295491784811, 0.4336743950843811, 0.06287791579961777, 0.0, 3.6682467460632324, 0.0, 0.037600163370370865, 1.1685616970062256, 0.024025464430451393, 0.08620370179414749, 0.0, 0.001333061489276588, 0.3420132100582123, 0.0, 0.15947234630584717, 0.3893420994281769, 0.0, 0.0, 0.5063967704772949, 0.07262920588254929, 0.350951611995697, 0.0, 0.0, 0.0, 1.256136417388916, 0.41724729537963867, 1.9117697477340698, 2.2932279109954834, 0.673926055431366, 0.37288814783096313, 0.4659571051597595, 0.02236713469028473, 0.015114560723304749, 0.002023940207436681, 1.6942933797836304, 0.001205361564643681, 2.792098045349121, 0.30546706914901733, 0.43241554498672485, 0.10332079976797104, 2.0604915618896484, 0.020565567538142204, 2.4799935817718506, 0.02746845781803131, 0.43981871008872986, 0.11367714405059814, 0.0, 0.020995372906327248, 0.0, 1.1673717498779297, 0.0002186006458941847, 0.04377276450395584, 0.07195872068405151, 1.6370935440063477, 0.018298251554369926, 0.08755553513765335, 0.12272834777832031, 0.12921662628650665, 3.490709066390991, 0.0, 0.0, 1.0534636974334717, 0.3168776333332062, 0.10905478894710541, 0.006091360934078693, 5.173863410949707, 1.0808006525039673, 0.029040342196822166, 0.07280748337507248, 0.43694403767585754, 1.366501808166504, 0.007207505404949188, 0.0, 1.3155936002731323, 0.3604140877723694, 0.5037068128585815, 0.777973473072052, 0.7663823366165161, 0.012408784590661526, 0.01377516333013773, 0.021930398419499397, 0.0, 0.08449898660182953, 0.8675737977027893, 0.15000484883785248, 2.0901927947998047, 0.17587724328041077, 0.24163366854190826, 0.0, 0.0, 0.051141705363988876, 0.613795816898346, 0.3889934718608856, 0.42936429381370544, 0.19454804062843323, 0.23230430483818054, 0.005849482957273722, 0.0, 0.19764243066310883, 0.03699959069490433, 0.04179767519235611, 0.0, 1.6344096660614014, 0.0, 0.0, 0.09777872264385223, 0.1922057569026947, 0.45396173000335693, 0.011583440005779266, 0.6471691727638245, 1.4817286729812622, 0.008983942680060863, 0.2564263343811035, 1.5239876508712769, 0.038192268460989, 0.13401567935943604, 0.5077292919158936, 0.559775710105896, 2.1340348720550537, 5.377368450164795, 0.4074955880641937, 0.3972255289554596, 0.8815849423408508, 0.03790770843625069, 0.41140317916870117, 0.16290724277496338, 0.07889002561569214, 0.0, 0.3567293882369995, 0.9677507281303406, 0.21584726870059967, 0.784069299697876, 0.11140309274196625, 0.6976413130760193, 0.30087465047836304, 0.8584126234054565, 0.0, 0.17043864727020264, 0.09411486983299255, 0.6056979298591614, 1.6222654581069946, 0.6937000751495361, 0.005991984158754349, 4.656947567127645e-05, 0.98953777551651, 0.6455618739128113, 0.2160475254058838, 0.0, 0.17801165580749512, 0.0, 0.901665210723877, 0.4109261631965637, 0.16302132606506348, 0.0, 2.056256055831909, 0.021846085786819458, 0.20275241136550903, 2.439695358276367, 0.26642298698425293, 0.001152851153165102, 0.1865813136100769, 0.04168790578842163, 0.602321445941925, 0.1275172382593155, 0.0, 0.26823922991752625, 0.0548040047287941, 0.3247659206390381, 1.159205436706543, 0.17321991920471191, 0.0, 3.3637876510620117, 0.0, 0.32311874628067017, 2.0432286262512207, 0.00669812923297286, 0.16320936381816864, 0.1492687463760376, 0.845247209072113, 0.00465855048969388, 0.7000571489334106, 0.16633881628513336, 0.09397970885038376, 0.33852463960647583, 0.01865326054394245, 1.6340839862823486, 1.352822184562683, 0.009297680109739304, 0.2631162106990814, 3.070822238922119, 0.0, 0.021072231233119965, 2.0854320526123047, 2.5395565032958984, 0.2372617870569229, 0.0021827903110533953, 0.02097366936504841, 3.030968427658081, 0.046424753963947296, 0.3103411793708801, 0.7761321067810059, 2.8854899406433105, 0.4329932928085327, 0.8787959218025208, 0.13243867456912994, 0.15454865992069244, 0.06368456035852432, 1.1435626745224, 0.24493299424648285, 0.021944615989923477, 0.09283386170864105, 0.8567654490470886, 0.0, 1.3053396940231323, 2.127258062362671, 0.6202629208564758, 0.2834942936897278, 0.0, 0.0, 0.14251093566417694, 0.0, 0.3945345878601074, 0.16380895674228668, 0.0, 0.0401926189661026, 0.0, 0.041441794484853745, 0.25699448585510254, 1.2282845973968506, 0.013316825963556767, 0.0, 0.3654300272464752, 0.08403001725673676, 1.6617462635040283, 0.479577898979187, 0.1006627157330513, 0.13173939287662506, 0.1837415248155594, 0.5672507882118225, 0.11766605824232101, 0.0, 0.0, 0.08911582082509995, 0.0, 0.5147994756698608, 0.25159165263175964, 0.01292359083890915, 1.0205399990081787, 0.11895996332168579, 3.6258199214935303, 0.050947241485118866, 0.3086888790130615, 0.0, 0.41609373688697815, 0.08792325109243393, 0.0, 0.4729034900665283, 0.20637816190719604, 0.08793515712022781, 0.0, 0.0, 0.0, 0.0445537194609642, 0.3345780670642853, 0.5613414645195007, 1.8183790445327759, 0.048124536871910095, 0.38533854484558105, 0.37056964635849, 0.08939533680677414, 0.0, 0.04586957395076752, 1.1760151386260986, 0.4386342167854309, 0.0, 0.01112560834735632, 0.45181629061698914, 0.0, 0.201745867729187, 0.01056971587240696, 0.0, 0.15430620312690735, 0.6449684500694275, 0.015079459175467491, 0.0, 0.0, 0.0, 0.3004850745201111, 0.004100724123418331, 0.10117585211992264, 0.28148701786994934, 0.7516083717346191, 2.8712995052337646, 0.33977246284484863, 1.9222803115844727, 0.041240934282541275, 0.08370912075042725, 0.5769245624542236, 0.1590563952922821, 0.24349497258663177, 1.0647997856140137, 1.2574186325073242, 0.0, 0.0, 1.9751570224761963, 0.7376496195793152, 0.0, 0.0, 0.0641094520688057, 0.7667810916900635, 0.00014700695464853197, 0.06026846542954445, 0.12028289586305618, 0.7061764597892761, 0.0189206600189209, 0.0, 0.2748943567276001, 0.17052020132541656, 0.2071719616651535, 0.5934903621673584, 0.0, 0.05824195221066475, 0.0, 0.011850505135953426, 0.0, 0.34471991658210754, 0.5282588005065918, 0.9153721332550049, 0.1973147839307785, 1.0137746334075928, 0.12567099928855896, 0.9175615310668945, 0.17546100914478302, 0.16614317893981934, 0.0, 0.058072466403245926, 0.0, 0.1646823137998581, 1.0194941759109497, 0.41856735944747925, 0.11059876531362534, 0.021309876814484596, 0.0695878267288208, 0.3704761862754822, 0.0, 4.128636360168457, 0.0, 0.8268290162086487, 0.15325991809368134, 0.040508680045604706, 2.215492010116577, 0.12199223041534424, 0.0, 0.005963671021163464, 0.9269564151763916, 0.0, 0.0, 2.146495819091797, 0.0, 0.0, 0.0, 0.0, 1.8171442747116089, 0.0, 0.07629993557929993, 0.3349268436431885, 0.3407883048057556, 0.05261901021003723, 1.3222509622573853, 0.0, 0.0, 0.6585277915000916, 0.006101627834141254, 1.0295737981796265, 0.2107829451560974, 0.0, 0.12645111978054047, 0.8208776116371155, 0.05155787989497185, 0.0, 1.8650308847427368, 0.23506690561771393, 0.5197113752365112, 0.09620123356580734, 10.4386625289917, 0.020957475528120995, 0.07297790795564651, 0.922324538230896, 0.002167249098420143, 0.05343388393521309, 3.836258888244629, 0.39275944232940674, 0.0, 0.01699559949338436, 0.008934701792895794, 0.607158899307251, 0.26988789439201355, 0.03442299738526344, 0.0, 0.09739050269126892, 0.35878533124923706, 0.0, 0.006692455615848303, 0.017847562208771706, 0.0030177077278494835, 0.9770068526268005, 0.4312729239463806, 0.0, 0.007915659807622433, 0.06007596477866173, 0.020272692665457726, 0.009703310206532478, 0.10002391040325165, 0.0, 0.10546032339334488, 0.2631007432937622, 0.18493403494358063, 0.006314204540103674, 3.695314645767212, 0.21255329251289368, 0.1902714967727661, 0.005540745798498392, 0.0, 0.16300219297409058, 0.1867302507162094, 0.20838496088981628, 0.5026348829269409, 0.07501038908958435, 0.3942967355251312, 0.20925204455852509, 0.9124580025672913, 0.07616207748651505, 0.004211902618408203, 0.23078176379203796, 1.9424787759780884, 0.10631933063268661, 4.4857964515686035, 0.0029780548065900803, 0.12173303961753845, 0.05308264121413231, 0.37988653779029846, 1.5728703737258911, 0.007447527255862951, 0.6991332173347473, 0.0, 1.7533804178237915, 2.473060131072998, 1.8701614141464233, 0.09897991269826889, 1.1730464696884155, 0.15157389640808105, 0.5375468730926514, 0.0, 0.01265768613666296, 0.5323262214660645, 0.8090145587921143, 0.3609302341938019, 0.0, 2.2813427448272705, 0.536274790763855, 0.0, 0.09101887047290802, 0.0, 0.0, 0.23479816317558289, 0.8174326419830322, 0.0, 0.0039474330842494965, 0.5699079036712646, 0.3309306800365448, 0.14864592254161835, 0.0, 0.011569670401513577, 0.00415183836594224, 0.0, 0.28147491812705994, 0.0, 0.0451117642223835, 0.9235208630561829, 1.3043532371520996, 0.0, 0.03407953679561615, 0.270206093788147, 0.008288994431495667, 0.2057817429304123, 0.0609823539853096, 0.0, 1.4695043563842773, 1.2734624147415161, 1.934357762336731, 0.0, 0.8748133778572083, 0.2782277762889862, 2.7367424964904785, 0.4620424509048462, 0.08474823832511902, 0.13504621386528015, 0.4953291416168213, 0.0031148511916399, 0.0, 0.620788037776947, 0.8099153637886047, 0.0, 0.5126373171806335, 0.08221506327390671, 0.05513586476445198, 0.6521390676498413, 0.7247920632362366, 1.0521142482757568, 2.558621406555176, 0.5206642746925354, 0.06632168591022491, 0.2743787169456482, 0.303617388010025, 3.3985209465026855, 0.17069701850414276, 0.0837426483631134, 0.020230624824762344, 0.04876076802611351, 0.01705445535480976, 0.0, 0.11714309453964233, 0.020302334800362587, 0.20795997977256775, 0.025690339505672455, 1.639853596687317, 0.5349351763725281, 0.07485652714967728, 0.22107329964637756, 0.12453905493021011, 0.0, 0.7925835251808167, 0.003784148022532463, 1.7530375719070435, 0.2224375456571579, 0.2680601477622986, 0.4947907328605652, 0.8926154971122742, 1.910941243171692, 0.2051304429769516, 0.7892122864723206, 2.615652561187744, 0.0, 0.6503222584724426, 0.6808742880821228, 0.4919474720954895, 1.5585987567901611, 0.0, 0.0, 2.6432502269744873, 0.16064010560512543, 0.020900528877973557, 0.0, 1.9382688999176025, 0.22531190514564514, 0.14323072135448456, 0.15128853917121887, 0.1649959534406662, 0.047689005732536316, 0.0, 0.3157632648944855, 0.0, 1.2664765119552612, 0.9908055067062378, 0.0004541533417068422, 0.0, 0.6555928587913513, 0.05782123655080795, 3.96390962600708, 0.0, 0.27251115441322327, 0.4686034917831421, 0.021536333486437798, 0.5628907084465027, 0.7508457899093628, 0.22036699950695038, 0.5530976057052612, 0.3461093604564667, 0.025584770366549492, 0.0043122186325490475, 0.08278276771306992, 0.3831263482570648, 0.0, 0.0981188490986824, 0.0, 0.5932877063751221, 0.0, 0.07041291892528534, 1.2618622779846191, 2.4560601711273193, 0.02141321450471878, 0.0, 0.083968386054039, 0.8942732810974121, 0.2667195200920105, 0.01956409029662609, 0.0, 0.13521428406238556, 0.033126793801784515, 0.031699471175670624, 0.0018528018845245242, 0.2615879476070404, 0.14180785417556763, 0.0, 0.0, 0.5530140399932861, 0.0, 0.008709290996193886, 3.277616500854492, 0.11537990719079971]",Testing/glioma_tumor/image(26).jpg
"[0.03410567715764046, 0.024457285180687904, 0.017024973407387733, 0.14150172472000122, 0.8668787479400635, 0.0184942614287138, 2.287616729736328, 0.0, 0.0, 0.0, 0.0, 0.0, 0.0, 0.0, 0.04988491162657738, 0.0, 0.021603107452392578, 0.6318694353103638, 0.0, 0.0, 0.025611894205212593, 0.6178652048110962, 0.0, 0.000764919794164598, 0.07961355149745941, 0.004032748285681009, 1.1308319568634033, 0.12524567544460297, 0.029139675199985504, 0.0510324165225029, 0.0, 0.1049068346619606, 0.21719029545783997, 0.22696805000305176, 0.0007826892542652786, 1.6936845779418945, 0.0, 0.3991290032863617, 0.0, 0.1614958643913269, 0.5690418481826782, 0.2656826376914978, 0.013788179494440556, 0.02013864554464817, 0.0, 0.0, 0.0, 0.0, 0.004689372144639492, 0.03157588094472885, 0.05822711065411568, 0.09941043704748154, 1.841970443725586, 0.07512574642896652, 0.1692371964454651, 0.4959275424480438, 0.09684862196445465, 0.0, 0.10497055947780609, 0.005159399937838316, 0.24614419043064117, 1.5554498434066772, 0.6585085988044739, 1.9607964754104614, 0.0351533442735672, 0.0, 0.20180697739124298, 0.0, 0.9269665479660034, 0.002223486779257655, 0.00020768691319972277, 0.0029840299393981695, 0.11135131120681763, 0.11636463552713394, 0.0, 0.006836122367531061, 0.15494632720947266, 0.408160537481308, 0.0, 0.117671437561512, 0.05773534998297691, 0.0, 0.059942662715911865, 0.010186370462179184, 0.38813531398773193, 0.05897355452179909, 2.0324411392211914, 0.08733879029750824, 0.0, 0.07719123363494873, 0.24515792727470398, 0.03684061020612717, 0.0026645611505955458, 0.0, 0.0, 0.0, 0.34815868735313416, 0.0, 0.35712406039237976, 0.680493175983429, 0.0, 1.1176111698150635, 0.033609986305236816, 0.0, 0.2307477742433548, 0.008880897425115108, 0.04515586420893669, 2.344128370285034, 0.401129812002182, 1.736081838607788, 0.0, 0.002363732783123851, 0.0, 0.727373480796814, 0.0, 0.2458587884902954, 0.01145954243838787, 0.35857319831848145, 0.0, 0.0005017300136387348, 0.23740138113498688, 0.0, 0.0, 0.05350489914417267, 0.1498347371816635, 0.23215381801128387, 0.02121686190366745, 0.06155001372098923, 0.8163062930107117, 0.0, 0.0, 2.4594249725341797, 0.0, 0.0, 0.03583433851599693, 0.07247614115476608, 1.0549886226654053, 0.29518505930900574, 0.011026528663933277, 0.03098880499601364, 0.08152640610933304, 0.04128338769078255, 0.0, 0.034954413771629333, 0.005702447146177292, 0.0, 0.2659287452697754, 0.18462936580181122, 0.058049995452165604, 0.0, 0.7203493714332581, 0.5399429202079773, 0.18469996750354767, 0.0, 0.027411580085754395, 0.15492847561836243, 0.0, 0.0, 0.5977730751037598, 0.1450115293264389, 0.3235838711261749, 0.034162361174821854, 0.0, 0.0, 0.0, 0.0, 0.1753896027803421, 0.0, 0.05042107775807381, 5.184398651123047, 0.19376139342784882, 0.0, 0.0285946112126112, 0.0, 0.303640216588974, 0.015502452850341797, 0.007423829287290573, 0.4522968530654907, 0.0, 0.0, 0.07484780251979828, 0.0, 0.32739269733428955, 0.008322655223309994, 0.3714602589607239, 0.9136739373207092, 0.9639384746551514, 1.0171818733215332, 0.14329931139945984, 0.0, 0.0, 0.0, 0.009666685946285725, 0.0, 0.0, 0.25153759121894836, 0.0, 0.0, 0.004286298993974924, 0.052896153181791306, 0.07467033714056015, 0.0022675844375044107, 0.05210290476679802, 0.0, 0.45305532217025757, 1.5702520608901978, 0.0, 0.023996755480766296, 0.027314743027091026, 0.0, 0.4661697745323181, 0.00944106187671423, 0.0, 0.0373421236872673, 0.0, 0.1474582999944687, 0.0, 0.023987049236893654, 0.0310321357101202, 0.012057416141033173, 2.74973464012146, 0.0, 4.708846569061279, 0.0074986950494349, 0.0, 0.7854496836662292, 0.20411327481269836, 0.13456256687641144, 0.0, 0.0007750379736535251, 0.5997522473335266, 0.010321271605789661, 0.023150788620114326, 0.6485901474952698, 0.0, 0.05507355183362961, 0.0, 0.029403965920209885, 0.0, 0.06777492165565491, 0.009671333245933056, 0.32025203108787537, 0.055497363209724426, 0.0, 0.0, 0.0, 0.0, 0.18204249441623688, 0.0, 0.28372132778167725, 0.3007819652557373, 0.05492541193962097, 1.4589600563049316, 0.012811137363314629, 0.0, 0.04087631404399872, 0.13144391775131226, 3.0945160388946533, 0.1650514453649521, 0.09772852808237076, 0.0, 0.0, 0.18895433843135834, 0.0022033792920410633, 0.0, 0.029566500335931778, 0.015909923240542412, 0.0, 0.0, 0.0, 0.5885037183761597, 0.0, 0.20774486660957336, 0.09868308156728745, 2.0616204738616943, 0.28426334261894226, 0.2068185955286026, 0.0, 0.4725855886936188, 0.0, 0.4753083884716034, 0.2266068309545517, 0.730444073677063, 0.0, 0.4463975727558136, 1.2658629417419434, 0.029448047280311584, 0.021242491900920868, 0.0, 0.0735306367278099, 0.04515843465924263, 0.03379707783460617, 0.0, 0.05333874002099037, 0.26706698536872864, 0.4495093822479248, 0.04789549112319946, 0.11819089204072952, 0.5896791219711304, 0.0, 0.22289858758449554, 0.0036503635346889496, 0.32626983523368835, 0.0, 0.07926178723573685, 0.10736815631389618, 0.006587881129235029, 0.0, 0.26057231426239014, 0.09361232072114944, 0.19888794422149658, 0.9157283306121826, 0.0647217333316803, 0.11666685342788696, 0.41747426986694336, 0.0523873046040535, 1.1077206134796143, 0.0756213590502739, 0.0, 0.0021178137976676226, 0.0, 0.13119393587112427, 0.0, 0.04870930314064026, 0.0, 0.033593833446502686, 0.0, 0.025478551164269447, 0.3834622800350189, 0.6420906782150269, 0.020350271835923195, 0.0, 0.2853742837905884, 0.351915568113327, 0.0, 0.0, 0.3164655864238739, 0.22932298481464386, 1.2116626501083374, 0.06936460733413696, 0.0, 0.22983711957931519, 1.0912944078445435, 0.003691904479637742, 0.0, 0.0, 0.0, 0.020911242812871933, 0.7576491832733154, 0.42831817269325256, 0.0, 0.07202333211898804, 2.6645047664642334, 0.8500770330429077, 0.0, 0.0, 0.2320692092180252, 0.0666625127196312, 0.0, 0.0747588500380516, 0.0, 0.45231205224990845, 0.04645488038659096, 0.8248225450515747, 0.0032391888089478016, 0.06134173274040222, 0.2243572175502777, 0.016040699556469917, 0.0037516257725656033, 0.6464462876319885, 0.02177308313548565, 0.2499637007713318, 1.515690565109253, 1.2794749736785889, 0.2096874862909317, 0.0, 0.10446351021528244, 0.0028878378216177225, 0.018901238217949867, 0.0, 0.0, 0.0, 0.0, 0.01623419299721718, 0.059618812054395676, 0.06415095180273056, 0.0, 0.0, 0.0, 0.0, 0.0, 0.005787044297903776, 0.01729724556207657, 0.0, 0.0, 4.197738170623779, 0.0, 0.11456234753131866, 0.0, 0.0, 0.0039149061776697636, 0.0, 0.0, 0.00928451120853424, 0.0110014071688056, 5.561922073364258, 0.0, 0.033864445984363556, 0.0, 0.03703077882528305, 0.16343331336975098, 0.0, 0.0, 0.0, 0.0, 0.6445107460021973, 0.004213301464915276, 0.006089971866458654, 0.0, 0.08724985271692276, 0.5937654972076416, 0.0, 0.03519420698285103, 0.0030378736555576324, 0.00795558001846075, 0.002263125032186508, 0.003470430616289377, 0.06407884508371353, 0.0, 0.01870110258460045, 0.11356470733880997, 0.4503800868988037, 0.12584933638572693, 0.0043253605253994465, 0.09800030291080475, 1.0437196493148804, 0.03516751155257225, 0.6712458729743958, 0.4542514681816101, 0.03200925514101982, 0.0262912567704916, 0.0, 0.08913084119558334, 0.06703902035951614, 0.46829062700271606, 0.0, 0.0, 0.0, 0.03310165926814079, 0.0, 0.13537663221359253, 0.0, 0.16681751608848572, 0.0, 0.0, 0.053514812141656876, 0.2816518545150757, 0.05697639659047127, 0.019601816311478615, 0.2601603865623474, 0.05515933036804199, 0.026748575270175934, 0.12339752912521362, 0.3288516104221344, 0.005677341017872095, 0.0, 0.026572544127702713, 0.08536849915981293, 1.852292776107788, 0.07807429879903793, 0.10617723315954208, 0.0858403742313385, 0.038545649498701096, 0.0, 0.013843998312950134, 0.027207937091588974, 0.0, 0.0, 0.33018362522125244, 0.05522963032126427, 0.02131562866270542, 0.18511945009231567, 0.08340327441692352, 1.2236496210098267, 0.0, 0.0, 0.0, 0.0, 0.5247609615325928, 0.0, 0.49334701895713806, 0.2857133150100708, 0.03939192742109299, 0.012425495311617851, 1.2051209211349487, 0.03964661434292793, 0.012731917202472687, 0.3898071050643921, 0.02291014790534973, 0.29489821195602417, 0.07955344021320343, 0.0, 0.0, 1.0085357427597046, 0.04235420376062393, 1.0493155717849731, 0.034072261303663254, 0.22449994087219238, 0.20481014251708984, 1.5321696996688843, 0.0, 0.2946787476539612, 0.0, 1.3620940446853638, 0.22282524406909943, 0.48865213990211487, 0.08016102015972137, 0.023534361273050308, 0.0, 0.0734940767288208, 0.027973443269729614, 0.0, 0.15184172987937927, 0.16874033212661743, 0.0, 0.1956074982881546, 0.0, 0.0, 0.026682011783123016, 0.34677815437316895, 0.05521455034613609, 0.435269832611084, 0.08075432479381561, 2.9979310035705566, 0.10766561329364777, 0.8728856444358826, 0.3297937214374542, 0.0, 0.0, 0.0560825951397419, 0.0736783817410469, 0.0, 0.0, 0.0, 0.08954287320375443, 0.316266268491745, 0.0, 0.0, 0.1067749559879303, 0.022779088467359543, 0.0, 0.0, 0.09923436492681503, 0.0, 1.9672434329986572, 0.25578102469444275, 0.660273551940918, 0.0, 0.0025382577441632748, 0.0, 2.0247642993927, 2.114161491394043, 0.41333621740341187, 0.0, 0.0, 0.0, 0.16349735856056213, 0.05864475667476654, 0.08703839778900146, 0.0, 0.0451960451900959, 0.0, 0.13040947914123535, 0.008976581506431103, 0.031530313193798065, 0.037045255303382874, 0.0, 1.5166294574737549, 0.5269238948822021, 0.03738681226968765, 0.19679906964302063, 0.0, 0.0, 0.095626600086689, 0.0, 0.08385802060365677, 0.0, 0.01003926619887352, 0.0, 0.0, 0.1205923780798912, 0.07562917470932007, 0.0, 0.0, 0.0, 0.0008877004729583859, 0.02663039229810238, 0.07749398052692413, 0.04547315835952759, 0.09321436285972595, 0.04569775611162186, 0.016582801938056946, 2.0465991497039795, 0.8251129984855652, 0.03226413577795029, 0.5334165096282959, 0.0, 0.04785686731338501, 0.07416196912527084, 2.9795427322387695, 0.13579154014587402, 0.008641359396278858, 0.20353925228118896, 0.009184802882373333, 0.005280465353280306, 0.004575894679874182, 0.0, 0.0, 0.0, 0.37455281615257263, 0.20536668598651886, 0.0, 1.0301927328109741, 0.019374234601855278, 3.069162130355835, 0.0, 0.0, 0.0, 0.0, 0.31392183899879456, 0.0, 0.006324140354990959, 0.5502712726593018, 0.0, 0.0, 0.0, 0.0, 0.0, 0.1914617419242859, 0.17482879757881165, 0.6149570941925049, 0.023665636777877808, 1.944055199623108, 0.4924418330192566, 0.0, 0.0, 0.44942381978034973, 0.00792666245251894, 0.35638588666915894, 0.0, 2.6904358863830566, 0.0, 0.0, 0.0, 0.06708972901105881, 0.04431796446442604, 0.41907817125320435, 0.571598470211029, 0.05836620181798935, 0.0034273462370038033, 0.07420583814382553, 0.0003366713644936681, 0.11054505407810211, 0.20741118490695953, 2.272981882095337, 0.07044436782598495, 0.1282595694065094, 0.026899293065071106, 0.0, 0.0, 0.0, 0.045635681599378586, 0.049385733902454376, 0.05644268915057182, 0.09502832591533661, 0.7132527828216553, 0.0, 0.07368534803390503, 0.0076921251602470875, 1.0141876935958862, 0.44900667667388916, 0.0, 0.0, 0.14709703624248505, 0.17640003561973572, 1.7256674766540527, 0.006691572722047567, 0.0, 0.7951761484146118, 0.4226813018321991, 0.0, 0.0, 0.05333482101559639, 0.0, 0.04087018966674805, 0.011980907991528511, 0.34489908814430237, 0.03198978677392006, 0.0, 0.0, 0.1215946152806282, 0.0, 0.049196548759937286, 0.0, 0.004611937329173088, 0.0007712403312325478, 0.2094099223613739, 0.036979734897613525, 0.606635332107544, 0.0, 0.4426965117454529, 0.036112911999225616, 0.013341221027076244, 0.0, 0.061253927648067474, 0.0, 0.0, 0.0, 0.0036441294942051172, 0.0, 0.07279437780380249, 2.416872501373291, 0.9943543076515198, 0.0, 0.01811947673559189, 1.7551695108413696, 1.1235724687576294, 0.21768313646316528, 0.9345105290412903, 0.031962789595127106, 0.0, 1.226919174194336, 0.0, 0.1377408504486084, 0.2338985651731491, 0.0, 0.07211364060640335, 0.3937152922153473, 0.06770803779363632, 0.09181740880012512, 0.0, 0.0, 0.9677131175994873, 0.1315993368625641, 0.0007862704223953187, 0.5483986735343933, 0.06320542097091675, 0.0, 0.018853314220905304, 0.01430694293230772, 1.4326218366622925, 0.6635516285896301, 0.03821545094251633, 0.0, 0.2316626012325287, 0.02906288020312786, 0.9446015357971191, 0.0, 0.11157594621181488, 0.00969796720892191, 0.7581583261489868, 0.0912763923406601, 2.1328234672546387, 0.33336639404296875, 0.13516341149806976, 0.0, 0.0, 0.18423587083816528, 0.22476595640182495, 1.5750309228897095, 0.012201294302940369, 0.0, 0.1089947372674942, 0.0, 0.7418901920318604, 0.04246923699975014, 0.011757592670619488, 0.08199958503246307, 1.9145030975341797, 0.0, 0.029069088399410248, 0.5603398084640503, 0.017673738300800323, 0.14067019522190094, 0.6283320784568787, 0.0014940135879442096, 0.5397468209266663, 0.7402142882347107, 0.010032152757048607, 0.00047754269326105714, 0.45386847853660583, 0.44257020950317383, 0.7378519177436829, 0.07531934231519699, 0.38975363969802856, 0.10122789442539215, 0.0, 0.0, 0.05919397622346878, 0.0, 0.0, 0.0, 0.051452599465847015, 0.09077581763267517, 0.0, 0.0, 0.47922998666763306, 0.211342453956604, 2.27815842628479, 0.0987512469291687, 0.04337987303733826, 0.0, 1.2727782726287842, 0.0, 3.1619646549224854, 0.03245912864804268, 2.069790840148926, 0.23508277535438538, 0.0, 0.0, 0.0, 0.0, 0.0, 0.07702749967575073, 0.005417580716311932, 0.7353334426879883, 0.0, 0.0, 0.03231266140937805, 4.35520076751709, 0.0326128751039505, 0.0, 0.4595223367214203, 0.1959233433008194, 0.0, 2.253498077392578, 0.012557209469377995, 0.0, 0.019116824492812157, 0.1485685259103775, 0.09610490500926971, 0.0, 0.32583558559417725, 1.3070265054702759, 0.5373557209968567, 0.027017662301659584, 0.0302006546407938, 0.0399169996380806, 0.7022802233695984, 0.14538705348968506, 0.06401864439249039, 0.05557972192764282, 1.047261118888855, 0.016048479825258255, 0.0, 0.004434344824403524, 0.950122058391571, 0.007361995987594128, 0.1375752091407776, 0.0659167543053627, 0.0, 0.0, 0.4215628504753113, 0.0029652458615601063, 0.2134907841682434, 0.0, 0.0, 0.0, 0.0, 5.278223991394043, 0.0, 0.052188824862241745, 0.0, 0.10958556830883026, 0.0, 0.046213530004024506, 0.024783827364444733, 0.05445454642176628, 1.3165004253387451, 0.0016206040745601058, 0.0, 0.4250260293483734, 0.13066089153289795, 0.0, 0.9366995096206665, 0.0, 0.8671365976333618, 0.6563153862953186, 0.6026161313056946, 0.012028572149574757, 0.15180180966854095, 0.24777202308177948, 0.05253169313073158, 0.0038219569250941277, 0.0, 0.09237336367368698, 0.007309380918741226, 0.009926708415150642, 0.0, 0.916912853717804, 0.01583697833120823, 0.5711957812309265, 0.0, 0.0, 3.5826945304870605, 0.0, 0.01815672218799591, 3.0132834911346436, 0.0241253525018692, 0.0, 1.1545265913009644, 0.026165856048464775, 0.058604512363672256, 0.2437431365251541, 0.0, 0.6401050686836243, 0.004169507883489132, 0.01656787469983101, 0.023260140791535378, 0.0, 0.0, 0.03769094496965408, 0.2803935408592224, 0.0037491151597350836, 0.9204796552658081, 0.22517049312591553, 0.4727915823459625, 0.027001390233635902, 1.2053951025009155, 0.0, 0.0, 0.04301390424370766, 0.0, 0.0, 0.0, 0.0, 0.0, 0.5711794495582581, 0.025928594172000885, 0.0, 0.10936320573091507, 0.3480498790740967, 0.0, 0.0, 0.0024772274773567915, 0.01793713867664337, 0.0, 0.0117860808968544, 0.023067129775881767, 0.0005248371162451804, 0.0, 0.40332522988319397, 0.01058855839073658, 0.009774505160748959, 0.42892229557037354, 0.0, 0.0, 0.7609584331512451, 0.06877421587705612, 0.17147637903690338, 0.022078130394220352, 0.0, 0.0, 0.0, 0.4003325402736664, 0.8991760015487671, 0.002133520320057869, 0.6339836120605469, 0.0, 0.09187867492437363, 0.0, 0.0, 0.13521243631839752, 0.07737258821725845, 0.0, 0.04079660773277283, 0.04311612993478775, 0.0, 0.5119370222091675, 0.017013734206557274, 1.9653642177581787, 2.9026012420654297, 0.0, 0.007074278313666582, 0.8867741823196411, 0.0, 0.00460363645106554, 0.0, 0.0, 0.0031524531077593565, 0.03271801397204399, 0.0, 0.0, 0.0, 0.0954117476940155, 0.0, 0.5656047463417053, 0.0, 0.11870376765727997, 0.0, 0.1857462376356125, 0.0, 0.0, 0.07594328373670578, 0.8642985820770264, 0.0, 0.0, 1.1305230855941772, 0.5232307314872742, 0.018704043701291084, 0.18305623531341553, 0.10592585057020187, 0.0, 1.5186904668807983, 0.0, 0.006011301185935736, 0.6129744648933411, 0.08117366582155228, 0.0, 0.3508312702178955, 0.027655713260173798, 0.0, 0.009586047381162643, 0.5333335399627686, 0.0, 0.1777225285768509, 0.24377042055130005, 0.0, 0.0, 0.0, 0.3402331471443176, 0.20853006839752197, 0.10024890303611755, 0.030293552204966545, 0.08946185559034348, 0.522903561592102, 0.0, 0.0, 0.039068806916475296, 0.0, 0.05022682622075081, 0.0, 0.6197778582572937, 0.14842434227466583, 0.0, 0.0, 0.0, 0.12137366086244583, 0.0, 0.02479947917163372, 0.0, 0.11196935176849365, 0.004000087268650532, 0.0, 0.05086250230669975, 0.0, 0.5921195149421692, 2.7902987003326416, 0.0, 0.005296347197145224, 0.04268474131822586, 0.0511586032807827, 0.4826520085334778, 0.005872485693544149, 0.0, 0.0067479368299245834, 0.09018932282924652, 0.0, 0.06052025407552719, 0.37862628698349, 0.5776199102401733, 0.9588782787322998, 0.008870745077729225, 0.2864530682563782, 0.030677614733576775, 0.0, 0.12563742697238922, 0.0, 0.049390219151973724, 0.04753132909536362, 1.472110629081726, 0.054154567420482635, 0.1331595778465271, 1.5470789670944214, 0.07036672532558441, 1.1189872026443481, 0.0008168731583282351, 0.6014379262924194, 2.49652099609375, 0.7333666086196899, 0.0, 0.0, 0.003689172212034464, 0.42107826471328735, 7.238709926605225, 0.0, 0.0, 0.0, 0.0009875723626464605, 0.20521527528762817, 0.0, 0.03827916458249092, 0.05783640220761299, 0.03249981999397278, 0.0, 0.0, 0.9552658796310425, 1.81610107421875, 0.11519888788461685, 0.46094435453414917, 0.0, 0.03385000675916672, 0.4435264468193054, 0.0, 0.6829746961593628, 0.02875196747481823, 0.0, 0.0, 0.10394056141376495, 0.5197293162345886, 1.7173516750335693, 0.30387943983078003, 0.053333740681409836, 0.12428919970989227, 0.0, 0.07018503546714783, 0.2128569781780243, 0.0, 0.34842464327812195, 0.010707206092774868, 0.0, 0.1502564251422882, 0.10123647004365921, 0.3795807957649231, 0.0, 0.0, 0.29375314712524414, 0.011877707205712795, 0.009038345888257027, 0.0, 0.0, 0.025780310854315758, 0.24126559495925903, 0.0, 0.005748819559812546, 0.3938319683074951, 0.0, 0.0, 0.017816750332713127, 0.0, 0.00031992854201234877, 0.18323300778865814, 0.0, 0.0, 0.8800476789474487, 0.07157252728939056, 0.08048664033412933, 0.04383162409067154, 0.0, 0.0, 0.0, 0.0018097064457833767, 0.0158840361982584, 0.9400560259819031, 0.0446917898952961, 0.0, 0.0, 0.34519335627555847, 0.0, 0.007184952963143587, 0.1771591305732727, 0.0, 0.0, 0.0, 0.0, 0.28345370292663574, 0.048387907445430756, 0.04878658056259155, 0.0, 1.8729221820831299, 0.192118838429451, 0.0, 0.0, 0.0, 0.0047920141369104385, 0.0, 0.0, 1.7577296495437622, 0.022536128759384155, 0.010251093655824661, 0.011401049792766571, 0.003083423711359501, 0.045817453414201736, 0.06711190938949585, 0.0, 1.1836292743682861, 0.1588556468486786, 0.10993418097496033, 0.0, 0.0, 0.0, 0.0, 0.0, 0.6584374308586121, 0.0, 0.03894627466797829, 0.046504877507686615, 0.014305902644991875, 0.0, 0.0, 0.3899705111980438, 0.0, 0.0, 0.16611245274543762, 0.03375309333205223, 0.0, 0.004669510759413242, 0.1861414611339569, 0.12004785984754562, 0.049892086535692215, 2.936718702316284, 0.0, 0.0, 0.5240508317947388, 0.00895992573350668, 0.06240120530128479, 0.007403969764709473, 0.04197799786925316, 0.004358060657978058, 0.0, 0.06287107616662979, 0.0, 0.2682274878025055, 2.1561503410339355, 0.0006249899743124843, 0.15849316120147705, 0.3300119638442993, 0.0, 0.6560953855514526, 0.08354122936725616, 0.7440159320831299, 0.014796062372624874, 0.18281258642673492, 0.2873696982860565, 0.0, 0.16280560195446014, 0.0, 0.0, 0.5663773417472839, 0.03321029990911484, 0.0813637524843216, 2.368687152862549, 0.09803631901741028, 0.0, 0.037418678402900696, 0.0, 0.4229508638381958, 0.06891816854476929, 0.0, 0.003974481485784054, 0.0, 0.11104556173086166, 0.2721143364906311, 0.05474438518285751, 0.7793353199958801, 0.466327041387558, 0.10023819655179977, 0.28498002886772156, 0.0, 0.0, 0.0, 0.0, 0.0, 0.0, 0.0, 0.023363759741187096, 0.13110972940921783, 0.07539030909538269, 0.0, 0.18191535770893097, 0.0, 0.0, 0.14377261698246002, 0.07550707459449768, 0.0, 1.1151281595230103, 0.0, 0.31755152344703674, 1.1158688068389893, 0.5462663173675537, 0.11728595942258835, 0.018171142786741257, 0.4688083827495575, 0.0, 0.017998194321990013, 0.0, 0.0, 0.12421099841594696, 0.0, 0.01901024766266346, 0.09684794396162033, 0.057005979120731354, 0.8184952735900879, 0.2513563632965088, 0.0, 0.0, 0.05010921135544777, 0.011355701833963394, 0.3802599310874939, 2.730759859085083, 0.18382273614406586, 0.04658091813325882, 0.030711719766259193, 0.0001724982721498236, 4.247256583767012e-05, 0.8336990475654602, 0.04269356280565262, 0.15041159093379974, 0.0, 1.8302220106124878, 0.6929717063903809, 0.43506622314453125, 0.12257907539606094, 0.02845502458512783, 0.0, 0.0, 0.11261259019374847, 0.0, 0.7260947227478027, 0.0, 0.14374013245105743, 0.04366912692785263, 0.0507739819586277, 0.0, 0.14414358139038086, 0.0, 0.06586441397666931, 0.14613062143325806, 1.088472843170166, 0.2739611566066742, 0.03327874839305878, 0.4254375398159027, 0.01864646002650261, 0.14521439373493195, 0.0, 4.171370029449463, 0.0, 0.09469649940729141, 0.0016982457600533962, 0.03916744887828827, 0.05193270370364189, 0.0, 0.0, 0.0, 1.3000019788742065, 0.015261746942996979, 0.0, 0.023820536211133003, 0.0, 0.005974971689283848, 0.011420843191444874, 0.4505622684955597, 0.042097412049770355, 0.0, 0.015661215409636497, 0.11556637287139893, 0.0, 0.5963861346244812, 0.064483143389225, 0.08444980531930923, 0.06367210298776627, 0.39091554284095764, 0.9642044901847839, 0.0, 0.7125602960586548, 0.26724332571029663, 0.3242169916629791, 0.022427724674344063, 0.242665097117424, 0.0, 0.7755104303359985, 0.1808246374130249, 0.03744611144065857, 1.4399902820587158, 0.17111116647720337, 0.0, 0.0979953333735466, 0.07448174804449081, 0.020086878910660744, 0.07988341897726059, 0.0, 0.0, 0.03549160808324814, 0.0, 0.0027994646225124598, 0.029330028221011162, 0.025083335116505623, 3.3367209434509277, 0.0, 0.0006156965391710401, 0.3996293544769287, 0.0, 0.0, 0.5445074439048767, 0.15814387798309326, 0.00926112663000822, 0.0, 0.07389989495277405, 2.985656976699829, 0.0, 0.01269393041729927, 0.0, 0.004898966755717993, 0.05762721225619316, 0.028075704351067543, 0.7925351858139038, 0.0, 0.0, 0.14555151760578156, 0.0, 0.07241084426641464, 0.0, 0.02052401565015316, 0.4966824948787689, 0.0041427467949688435, 0.12441759556531906, 0.040248095989227295, 0.0, 0.0, 0.7385408282279968, 0.0, 0.0, 0.08763214200735092, 0.01227767113596201, 0.5532382130622864, 0.0023122343700379133, 0.0, 0.07003846764564514, 1.328078031539917, 0.2652609050273895, 0.04509016126394272, 0.0, 1.3635493516921997, 0.0, 0.0, 0.0, 0.01843539997935295, 0.1360745131969452, 0.011916238814592361, 0.0, 0.0, 0.0, 0.0, 0.022083038464188576, 0.0, 0.0, 0.11919660866260529, 0.0, 0.052788469940423965, 0.0, 0.0, 0.00890504103153944, 0.42791253328323364, 0.11056578159332275, 0.12392314523458481, 1.6593077182769775, 0.1509121060371399, 0.3072587847709656, 0.0, 0.0047855498269200325, 0.9244537949562073, 0.0013253494398668408, 0.03569028154015541, 0.0, 0.46071043610572815, 0.009160708636045456, 0.0, 0.11909577995538712, 0.18371210992336273, 0.009950647130608559, 0.015099907293915749, 0.16546788811683655, 0.0, 0.08190862834453583, 0.03257839381694794, 0.14721502363681793, 0.0, 0.0, 0.10491450875997543, 0.0, 0.0, 1.5913903713226318, 0.05193464085459709, 0.0, 0.17026005685329437, 0.0, 0.09746566414833069, 0.034921374171972275, 0.019051766023039818, 1.5378717184066772, 0.423167884349823, 0.06629160791635513, 0.0, 0.7091705203056335, 0.053929563611745834, 0.4090758264064789, 0.0, 0.0, 0.977591872215271, 0.019613610580563545, 0.0, 0.31712421774864197, 0.03324543312191963, 1.1219313144683838, 0.20949243009090424, 0.0, 0.02598954737186432, 0.014612730592489243, 0.012990403920412064, 0.026204362511634827, 0.0, 0.06967367231845856, 0.08131325244903564, 0.46423327922821045, 0.0, 0.0, 0.02111699804663658, 0.0, 0.032584305852651596, 3.214339256286621, 1.7103615999221802, 0.035770416259765625, 0.0, 0.23787668347358704, 0.0, 0.0, 0.07316847145557404, 0.02984992042183876, 0.047313787043094635, 0.0, 0.32549548149108887, 0.0, 0.024580376222729683, 0.2668628990650177, 0.303977370262146, 0.0, 0.2873821258544922, 0.21780523657798767, 0.13215722143650055, 0.012175900861620903, 1.3026093244552612, 1.0070304870605469, 0.010739963501691818, 0.0, 0.0, 2.0037431716918945, 0.0, 1.7856338024139404, 0.0, 0.036529261618852615, 1.219333529472351, 0.0, 0.8081352114677429, 1.275412678718567, 0.0, 0.027126390486955643, 0.0, 1.7007980346679688, 0.04252167046070099, 0.025963114574551582, 0.0, 0.0, 0.23730164766311646, 0.3027082681655884, 0.0, 0.549393892288208, 0.20167787373065948, 0.0, 1.4062676429748535, 0.0, 0.30621224641799927, 0.0, 0.7233948111534119, 0.0, 0.0, 0.0, 0.0049048541113734245, 0.00876978226006031, 0.43227580189704895, 0.04114002734422684, 0.1985950917005539, 0.0, 0.0, 0.02974030002951622, 0.052287470549345016, 0.0006538215675391257, 0.006195851601660252, 0.010039489716291428, 1.357271432876587, 0.009930070489645004, 0.8273363709449768, 0.0, 0.0, 0.05862732231616974, 0.0, 0.0, 0.01429031789302826, 0.2891923487186432, 0.3023127615451813, 3.5439820289611816, 0.0, 0.42276671528816223, 0.17937827110290527, 0.006084889639168978, 0.06884732097387314, 0.08940733969211578, 0.1218535378575325, 0.263552188873291, 0.0, 0.0, 0.0, 0.2901104986667633, 0.2910110354423523, 1.0872294902801514, 0.738408625125885, 0.7912432551383972, 0.41134363412857056, 1.6165715456008911, 0.009256148710846901, 0.007203627377748489, 0.0, 0.8694910407066345, 0.03152851015329361, 0.0, 0.016056641936302185, 0.06662110984325409, 0.04425425082445145, 0.15738926827907562, 0.05662405863404274, 0.0015757570508867502, 1.1418631076812744, 0.0, 0.9633806347846985, 0.0, 0.027571607381105423, 2.155038595199585, 0.0, 0.05416013300418854, 1.1074011325836182, 0.528335690498352, 0.0, 0.9665826559066772, 1.0281563997268677, 0.07245238870382309, 0.0, 0.0, 0.0, 0.0, 0.0, 0.04983088746666908, 0.0, 0.0068446374498307705, 0.0, 0.0, 0.10330048203468323, 0.1605672538280487, 0.44485703110694885, 0.08710452169179916, 0.037855364382267, 0.38014182448387146, 0.05931168049573898, 0.9214802980422974, 0.0, 0.05426793172955513, 0.06420765817165375, 0.0, 0.0, 0.0, 0.0, 0.43718743324279785, 0.0, 0.3708076775074005, 0.028972776606678963, 1.0394868850708008, 0.0029403092339634895, 1.2513915300369263, 0.0, 0.04326297342777252, 0.09899228811264038, 0.0, 0.0, 0.0, 0.0, 0.01749095693230629, 0.0, 0.0, 0.0018839300610125065, 0.058584973216056824, 0.4161187410354614, 0.0, 0.002723237732425332, 0.0, 1.259581446647644, 0.18483422696590424, 0.0, 0.07866734266281128, 0.21061795949935913, 0.0, 0.0, 0.03139786422252655, 0.023265575990080833, 0.009177526459097862, 0.0, 0.0, 0.0, 0.0, 3.314361333847046, 0.0, 0.0, 0.0, 1.939548373222351, 0.11548443138599396, 0.01666460931301117, 0.0, 0.0, 0.17732714116573334, 0.05586162954568863, 0.287259578704834, 0.49659737944602966, 0.2961868941783905, 0.41745811700820923, 0.0, 1.2780141830444336, 0.026621120050549507, 0.0, 1.3297237157821655, 0.04789077118039131, 0.3416653871536255, 0.5364543199539185, 2.221076726913452, 0.0, 0.21696817874908447, 0.0, 0.16737213730812073, 0.0, 0.0397217720746994, 0.0910038873553276, 0.23379874229431152, 0.0, 0.6596469283103943, 0.04138690605759621, 0.0, 0.0, 0.10334119945764542, 0.10367175191640854, 0.0, 0.27438706159591675, 0.08923100680112839, 0.004303868860006332, 0.008789448998868465, 0.17432264983654022, 0.0, 0.0, 0.05300227552652359, 0.02052604965865612, 0.00818384438753128, 0.3495621979236603, 0.0072179860435426235, 0.0, 0.5832318663597107, 0.021836500614881516, 0.0, 0.0, 0.0, 0.0, 0.050746332854032516, 0.0, 0.13243326544761658, 0.036738570779561996, 0.0027809678576886654, 0.026316754519939423, 0.16582967340946198, 0.0, 0.548550546169281, 0.06072068586945534, 0.27698463201522827, 0.0, 0.09420652687549591, 1.4860749244689941, 0.0, 0.009417840279638767, 0.0, 0.3476005792617798, 0.014219211414456367, 0.0008273465209640563, 0.0, 0.0, 0.2835933268070221, 0.0, 0.10335872322320938, 0.820145845413208, 0.0, 0.005316773429512978, 0.027222242206335068, 0.013981079682707787, 0.02964572049677372, 0.5237030386924744, 0.028289537876844406, 0.10851096361875534, 0.3029930293560028, 0.21545621752738953, 0.28869569301605225, 0.12662377953529358, 0.0, 0.21191063523292542, 0.6249874830245972, 0.14347577095031738, 0.47858184576034546, 0.1425865888595581, 0.0, 0.06327261030673981, 0.0, 10.36962604522705, 0.0, 0.030271807685494423, 0.09016545116901398, 0.0, 0.16788284480571747, 0.07423923164606094, 2.6104843616485596, 0.0, 0.45333051681518555, 0.029949964955449104, 1.8625941276550293, 0.0, 0.08226410299539566, 0.0, 0.07329409569501877, 0.046537186950445175, 0.03739558905363083, 0.0, 0.00660143094137311, 0.07240501046180725, 0.07045803219079971, 0.0, 0.2530248463153839, 0.016101347282528877, 0.10116191953420639, 0.004080008715391159, 0.1638607680797577, 0.0, 0.020828479900956154, 0.0, 0.030524736270308495, 0.4166123569011688, 0.047258928418159485, 1.9554469585418701, 0.0, 0.21253769099712372, 0.02771899662911892, 0.029207341372966766, 0.3114038109779358, 0.0, 0.8893038034439087, 1.8758759498596191, 0.01784844696521759, 0.3235105574131012, 0.0, 0.05149860680103302, 0.0, 0.0008193765534088016, 0.05810130760073662, 0.21147027611732483, 0.06015941873192787, 4.636173248291016, 0.01122953463345766, 0.0, 0.05043328180909157, 0.5148884654045105, 0.27022427320480347, 0.0, 0.04080912843346596, 0.0025616763159632683, 0.037697453051805496, 0.2840592861175537, 0.04753353074193001, 0.0, 0.0, 0.10312855988740921, 0.021226810291409492, 0.0, 0.0706414207816124, 0.4979305565357208, 0.16399326920509338, 0.17400819063186646, 0.06408070772886276, 0.1999431848526001, 0.9566667675971985, 0.2600407600402832, 0.0, 0.0, 0.04499823600053787, 0.17101147770881653, 0.0, 0.0, 0.0032356830779463053, 0.06424909085035324, 0.31766366958618164, 0.0011139475973322988, 0.0, 0.0, 0.0, 0.0, 0.011341863311827183, 0.040846001356840134, 0.0, 3.6881184577941895, 0.207900732755661, 0.0, 0.796949565410614, 0.3513301610946655, 0.0, 0.153052419424057, 0.0, 0.09145567566156387, 0.10605072230100632, 0.08988364785909653, 0.0, 0.0, 0.046473436057567596, 0.08149130642414093, 1.7796400785446167, 0.8289317488670349, 0.0, 0.0005683606723323464, 0.07769488543272018, 0.02829299494624138, 0.0, 1.0577455759048462, 0.0, 0.0, 0.12296060472726822, 0.6767128109931946, 0.0, 0.33854183554649353, 0.09720202535390854, 0.625975489616394, 0.0, 0.4743380546569824, 0.14640934765338898, 0.36958545446395874, 0.0, 0.0, 0.0, 0.0, 0.0004054575692862272, 0.1391225904226303, 0.1567782163619995, 0.10298798233270645, 0.08455285429954529, 0.0, 0.06892284005880356, 0.011268090456724167, 0.05701926350593567, 0.19245077669620514, 0.16806767880916595, 0.09570468962192535, 0.0, 1.100173830986023, 0.0, 0.0, 1.3922200202941895, 1.1272426843643188, 1.5294655561447144, 0.0984078124165535, 0.10643719881772995, 0.0003265215491410345, 0.0, 0.01654168777167797, 0.20272552967071533, 0.0, 0.0, 0.10478142648935318, 0.034272246062755585, 0.059492871165275574, 0.18210479617118835, 0.04196448251605034, 0.21582509577274323, 0.0, 0.0, 0.0, 0.31289198994636536, 0.28019699454307556, 0.01585286483168602, 0.0, 0.0, 0.04440075159072876, 0.6890292763710022, 1.8467295169830322, 0.0, 1.4159796237945557, 0.18882256746292114, 0.029994620010256767, 0.0, 0.2133122682571411, 0.0, 3.1547954082489014, 0.0, 0.062281589955091476, 0.13723240792751312, 0.6668558716773987, 2.1712522506713867, 0.2856057584285736, 0.010541057214140892, 0.6149085164070129, 0.0, 0.02116273157298565, 1.1648298501968384, 0.5555375814437866, 0.02184700034558773, 0.03487176075577736, 0.0, 0.0, 0.0, 0.0, 0.009623969905078411, 0.35902732610702515, 0.00242864852771163, 0.0, 0.0019815843552351, 0.05565468594431877, 0.08799348771572113, 0.018365638330578804, 0.0, 0.0, 0.2338709533214569, 0.0, 0.29943448305130005, 0.0, 0.0, 0.021179182454943657, 0.14156456291675568, 0.21599800884723663, 0.0, 0.0, 0.19706924259662628, 2.480788230895996, 0.015797510743141174]",Testing/glioma_tumor/image(66).jpg
"[0.15445780754089355, 0.2902529835700989, 0.1626226007938385, 0.2291986495256424, 0.7132664918899536, 0.1413167417049408, 2.766118049621582, 0.0, 0.205582857131958, 0.0008511202759109437, 0.0, 0.0, 0.02091280370950699, 0.04321422427892685, 0.04889281094074249, 0.03368029370903969, 0.0, 0.23885878920555115, 0.0055877771228551865, 0.000388296291930601, 0.13235659897327423, 0.6589660048484802, 0.0, 0.0, 0.11469841748476028, 0.06213431432843208, 0.5624424815177917, 0.24573251605033875, 0.0, 0.116156667470932, 0.2534688115119934, 0.028398068621754646, 0.11730498820543289, 0.2342732846736908, 0.00018791276670526713, 1.2276830673217773, 0.0, 0.28129854798316956, 0.0, 0.24396896362304688, 1.761562466621399, 0.7474076151847839, 0.06822070479393005, 0.1805231273174286, 0.030530773103237152, 0.0, 0.0, 0.0, 0.0, 0.07613133639097214, 0.07674068212509155, 0.005343916360288858, 1.8447538614273071, 0.1392422616481781, 0.6835619807243347, 0.05275118723511696, 0.0, 0.2375936061143875, 0.5879611372947693, 0.07762543857097626, 0.4027771055698395, 1.5457854270935059, 0.9711639881134033, 2.7161858081817627, 0.06359166651964188, 0.0, 1.1403590440750122, 0.03767320513725281, 0.18262626230716705, 0.07164003700017929, 0.03017858788371086, 0.0805620402097702, 0.18411225080490112, 1.085720419883728, 0.06150612235069275, 0.05153048783540726, 0.7082015872001648, 0.005755808670073748, 0.0, 0.1962205469608307, 0.08547969907522202, 0.013948600739240646, 0.05151710659265518, 0.08844827860593796, 0.7573249936103821, 0.0, 1.6943553686141968, 0.060426075011491776, 0.019127890467643738, 0.22034288942813873, 0.6481575965881348, 0.07451038807630539, 0.0, 0.2030731439590454, 0.028940072283148766, 0.0019484441727399826, 0.15733693540096283, 0.010262586176395416, 0.18310165405273438, 0.9673317670822144, 0.0, 1.2288768291473389, 0.0, 0.0039154947735369205, 0.3563770353794098, 0.23429417610168457, 0.08583205938339233, 4.139743328094482, 0.12990273535251617, 1.9543662071228027, 0.17557792365550995, 0.04000813513994217, 0.0003820925485342741, 0.28522977232933044, 0.04330293461680412, 0.2601812779903412, 0.17733588814735413, 0.1384090930223465, 0.0, 0.05645277723670006, 0.2645576298236847, 0.0033232143614441156, 0.0, 0.07018881291151047, 0.27952486276626587, 0.6443951725959778, 0.02578536421060562, 0.0054397848434746265, 1.6862030029296875, 0.0, 0.0, 2.6676852703094482, 0.0, 0.0, 0.005950828082859516, 0.09243443608283997, 0.6993433833122253, 0.6338951587677002, 0.003061063354834914, 0.0, 0.18342325091362, 0.0, 0.0, 0.007954461500048637, 0.1646294891834259, 0.0, 0.232619971036911, 0.2608751058578491, 0.08399825543165207, 0.0, 0.5358643531799316, 0.8257052898406982, 0.2618124485015869, 0.0, 0.26307424902915955, 0.6614590883255005, 0.0, 0.04113917052745819, 0.09607808291912079, 0.11124914884567261, 0.4803105592727661, 0.16884852945804596, 0.11840255558490753, 0.02657092548906803, 0.0, 0.09004243463277817, 0.4827791750431061, 0.02673638053238392, 0.12058966606855392, 5.107152462005615, 0.5841456651687622, 0.02228962443768978, 0.152138352394104, 0.0, 0.4205009937286377, 0.07500717043876648, 0.0, 1.1114397048950195, 0.06794822216033936, 0.17848728597164154, 0.03729395940899849, 0.024677131325006485, 0.16255496442317963, 0.32703670859336853, 0.023297781124711037, 0.9521527886390686, 0.9366651177406311, 1.8465806245803833, 0.7642342448234558, 0.0, 0.1565575748682022, 0.04969082027673721, 0.0, 0.0, 0.005831876769661903, 0.28918346762657166, 0.0, 0.1559184491634369, 0.0032492680475115776, 0.08692947775125504, 0.19487929344177246, 0.0, 0.04677923396229744, 0.14678336679935455, 0.5670422911643982, 1.53519606590271, 0.32347771525382996, 0.08436822146177292, 0.43998855352401733, 0.06349178403615952, 0.1807943433523178, 0.006272554397583008, 0.0, 0.20754919946193695, 0.0, 0.5674953460693359, 0.0004294599930290133, 0.015723641961812973, 0.05395109951496124, 0.0, 1.9278978109359741, 0.02134428732097149, 4.256473541259766, 0.1606384515762329, 0.0, 1.330830454826355, 0.10677376389503479, 0.11382132023572922, 0.9745755195617676, 5.4836273193359375e-05, 1.0462208986282349, 0.2568965554237366, 0.09234067052602768, 1.0810484886169434, 0.07660894095897675, 0.3397402763366699, 0.0, 0.06070936098694801, 0.004117126576602459, 0.016472019255161285, 0.03679637610912323, 0.6515219211578369, 0.09182187169790268, 0.2072126865386963, 0.0, 0.08047033101320267, 0.030458079650998116, 0.43711575865745544, 0.09607409685850143, 0.408346027135849, 0.1305048018693924, 0.008135735057294369, 1.316397786140442, 0.3384518623352051, 0.1926921159029007, 0.24657593667507172, 0.05787992477416992, 2.9250190258026123, 0.6039173603057861, 0.44629862904548645, 0.013712926767766476, 0.0, 0.6198887825012207, 0.021555239334702492, 0.0, 0.2700056731700897, 0.16969093680381775, 0.0, 0.0, 0.0, 0.3994191288948059, 0.0, 0.7409656047821045, 0.06897303462028503, 2.8820934295654297, 0.12963975965976715, 0.38907766342163086, 0.09984324127435684, 0.7509697079658508, 0.0, 0.5679648518562317, 0.5051337480545044, 0.9773154854774475, 0.0, 0.5214268565177917, 1.2591029405593872, 0.0858638808131218, 0.1622944176197052, 0.006309849675744772, 0.03950884938240051, 0.18886816501617432, 0.04572606086730957, 0.0, 0.3253951966762543, 0.23370349407196045, 2.116975784301758, 0.3334510922431946, 0.08909634500741959, 0.7597714066505432, 0.0, 0.3784026801586151, 0.010251565836369991, 1.5599690675735474, 0.0, 0.06355158239603043, 0.007048446219414473, 0.6314219832420349, 0.22725163400173187, 0.20968347787857056, 0.004886722192168236, 0.2712419033050537, 0.7683945298194885, 0.3156143128871918, 0.06748823076486588, 0.6037412285804749, 0.0112987095490098, 0.7770262956619263, 0.008031253702938557, 0.005771846044808626, 0.004078439436852932, 0.060599084943532944, 0.11208124458789825, 0.0, 0.009460731409490108, 0.0, 0.09607136249542236, 0.010991188697516918, 0.09270795434713364, 1.001912236213684, 1.341538429260254, 0.10759856551885605, 0.0, 1.3528510332107544, 0.2130642533302307, 0.0, 0.0, 1.2086992263793945, 1.0484445095062256, 0.8865707516670227, 0.1169518455862999, 0.0, 0.10789956897497177, 0.43207839131355286, 0.07299245893955231, 0.0, 0.0, 0.09079493582248688, 0.008421194739639759, 0.9406552314758301, 1.0716910362243652, 0.0, 0.04625076800584793, 1.9417142868041992, 0.2065040022134781, 0.046713728457689285, 0.0, 1.2132847309112549, 0.003724044654518366, 0.003068507881835103, 0.0, 0.04042091593146324, 0.034214239567518234, 0.02747180499136448, 0.6125611662864685, 0.060792021453380585, 0.20563939213752747, 0.5059694647789001, 0.012346508912742138, 0.22783571481704712, 0.8582044839859009, 0.014832720160484314, 0.31591951847076416, 1.6102964878082275, 1.2370636463165283, 0.1168968454003334, 0.0, 0.13910508155822754, 0.04830075427889824, 0.0, 0.0, 0.0, 0.03318978473544121, 0.0, 0.0, 0.17375212907791138, 0.04248560592532158, 0.34977084398269653, 0.0, 0.0, 0.0, 0.0, 0.0800512358546257, 0.20791657269001007, 0.0, 0.02289348654448986, 4.9504499435424805, 0.004681205376982689, 0.3211171329021454, 0.0008760471828281879, 0.0, 0.08781540393829346, 0.0, 0.0273404810577631, 0.09496599435806274, 0.0, 6.0842766761779785, 0.01569104753434658, 0.027506370097398758, 0.03286067396402359, 0.14558489620685577, 0.11312977224588394, 0.0, 0.0, 0.0, 0.0, 1.8918981552124023, 0.0, 0.19749127328395844, 0.0, 0.4765506982803345, 0.08648072183132172, 0.0, 0.0, 0.0, 0.0, 0.020395072177052498, 0.028655534610152245, 0.0, 0.3662985861301422, 0.015174313448369503, 0.17086593806743622, 0.5851569771766663, 0.6381868124008179, 0.016679471358656883, 0.28365442156791687, 1.0863977670669556, 0.0, 1.6945754289627075, 0.0, 0.07765018194913864, 0.03909296542406082, 0.0, 0.029191777110099792, 0.029766665771603584, 0.26548126339912415, 0.051178641617298126, 0.008452109061181545, 0.13982893526554108, 0.23898614943027496, 0.00530652143061161, 0.31810903549194336, 0.0469345860183239, 0.031857818365097046, 0.0414971187710762, 0.027782846242189407, 0.07546864449977875, 0.6501326560974121, 0.012237071990966797, 0.002481193048879504, 0.5486856698989868, 0.021205388009548187, 0.026331814005970955, 0.9031313061714172, 0.09511256963014603, 0.10093291103839874, 0.0, 0.08130493760108948, 0.24249540269374847, 0.5066435933113098, 0.08330870419740677, 0.2356991022825241, 0.005917519796639681, 0.17022891342639923, 0.12775644659996033, 0.0972893163561821, 0.030274488031864166, 0.0, 0.0, 0.11357209831476212, 0.46051034331321716, 0.2661755084991455, 0.029130393639206886, 0.5583297610282898, 1.4273083209991455, 0.02543690986931324, 0.3048434257507324, 0.00239715282805264, 0.010563643649220467, 0.2958253026008606, 0.0, 0.30848440527915955, 0.4808675944805145, 1.0084384679794312, 0.0, 0.5984697937965393, 0.03872327134013176, 0.08038357645273209, 0.2199978083372116, 0.12241438776254654, 0.23753060400485992, 0.24855224788188934, 0.13754527270793915, 0.2184860110282898, 1.693210244178772, 0.08783521503210068, 0.8711662888526917, 0.18506526947021484, 0.030389396473765373, 0.6095291972160339, 1.5765376091003418, 0.0, 0.07456943392753601, 0.1994883418083191, 0.8816386461257935, 0.227471724152565, 0.03672775626182556, 0.07984184473752975, 0.08209386467933655, 0.049593087285757065, 0.0, 0.001886294805444777, 0.10482871532440186, 0.0055141570046544075, 0.27334535121917725, 0.04129199683666229, 0.28722941875457764, 0.0, 0.0, 0.08720146864652634, 0.3702732026576996, 0.13184267282485962, 2.2205536365509033, 0.4788971245288849, 3.296247720718384, 0.040239475667476654, 1.105847716331482, 0.2414393275976181, 0.0, 0.0, 0.20246462523937225, 0.02138662338256836, 0.1932443529367447, 0.012924570590257645, 0.16894330084323883, 0.006436012219637632, 0.41106200218200684, 0.0, 0.20638127624988556, 0.21833719313144684, 0.08052067458629608, 0.0, 0.0026437481865286827, 0.28534379601478577, 0.0, 1.414697289466858, 0.30753248929977417, 0.47323548793792725, 0.0, 0.23936748504638672, 0.0, 3.8352761268615723, 1.1413952112197876, 0.2503265142440796, 0.0, 0.0, 0.0, 0.08704068511724472, 0.08641233295202255, 0.29361528158187866, 0.0814637690782547, 0.30506616830825806, 0.0, 0.16417795419692993, 0.19271212816238403, 0.1479918360710144, 0.22674307227134705, 0.0, 1.2807667255401611, 0.11305258423089981, 0.015725059434771538, 0.09076627343893051, 0.0088703827932477, 0.015171065926551819, 0.1376529037952423, 0.0, 0.04088931530714035, 0.0, 0.0, 0.03492528945207596, 0.0011295859003439546, 0.13644541800022125, 0.11236196756362915, 0.0, 0.0, 0.022487075999379158, 0.0, 0.03366151452064514, 0.002780583454295993, 0.009753691032528877, 0.2767055630683899, 0.018594013527035713, 0.03008420765399933, 1.4055790901184082, 0.4149695336818695, 0.06611639261245728, 0.06656668335199356, 0.05599527433514595, 0.2049005627632141, 0.31804877519607544, 1.9803889989852905, 0.3640870451927185, 0.0, 0.04656115919351578, 0.19062867760658264, 0.0, 0.0, 0.0, 0.0392301119863987, 0.0, 1.1056426763534546, 0.24288016557693481, 0.06500768661499023, 2.2638301849365234, 0.010542062111198902, 2.4446346759796143, 0.022989489138126373, 0.019460568204522133, 0.0, 0.0, 0.058666929602622986, 0.0, 0.0, 0.5894550681114197, 0.028455767780542374, 0.017672259360551834, 0.0, 0.0, 0.014564275741577148, 0.298175185918808, 0.05827237665653229, 0.07695384323596954, 0.09421195834875107, 1.624930500984192, 0.34082144498825073, 0.0239945650100708, 0.132791206240654, 0.07405383884906769, 0.0030921015422791243, 0.47390082478523254, 0.0, 3.512577533721924, 0.1490517407655716, 0.3415953516960144, 0.0, 0.5890147089958191, 0.10185660421848297, 0.4878718852996826, 0.29813000559806824, 0.05149470642209053, 0.0, 0.16556605696678162, 0.08266529440879822, 0.2732546925544739, 0.34325098991394043, 1.1906925439834595, 0.022768639028072357, 0.9849117994308472, 0.0, 0.0443061962723732, 0.0019009988754987717, 0.003978578373789787, 0.06126412749290466, 0.00790413748472929, 0.0, 0.27736303210258484, 0.14864134788513184, 0.0, 0.031624168157577515, 0.020846828818321228, 1.8644647598266602, 0.2951350510120392, 0.0, 0.0, 0.19856378436088562, 0.7081097960472107, 0.8340145945549011, 0.0, 0.0, 1.3516744375228882, 0.3463364839553833, 0.0, 0.0, 0.015255090780556202, 0.0, 0.060446273535490036, 0.10664308071136475, 0.5156911611557007, 0.0, 0.0, 0.0, 0.193426713347435, 0.0, 0.04706769064068794, 0.2792387008666992, 0.08988567441701889, 0.0, 0.5353986620903015, 0.7274647951126099, 0.35662904381752014, 0.0, 1.2816258668899536, 0.09561102837324142, 0.018187563866376877, 0.006007359828799963, 0.3080114722251892, 0.0, 0.0, 0.0, 0.09110675752162933, 0.0, 0.18765315413475037, 1.7485612630844116, 1.7816613912582397, 0.04325300455093384, 0.0, 2.2088117599487305, 0.9774210453033447, 0.3106509745121002, 0.6612794995307922, 0.0, 0.023242264986038208, 0.9460151791572571, 0.04100530594587326, 0.009934199042618275, 0.9881505966186523, 0.031221019104123116, 0.19162572920322418, 0.49761098623275757, 0.03416571766138077, 0.2434319108724594, 0.0, 0.011224743910133839, 1.0129342079162598, 0.9771573543548584, 0.03436804562807083, 0.7032411694526672, 0.1977340131998062, 0.0, 0.22928676009178162, 0.19871412217617035, 0.4088534116744995, 0.7499629259109497, 0.3570016324520111, 0.0, 0.15499228239059448, 0.0, 1.0110502243041992, 0.0, 0.12645693123340607, 0.5901782512664795, 0.09132718294858932, 0.42249709367752075, 1.1224086284637451, 0.6888979077339172, 0.2989989221096039, 0.1278846263885498, 0.2891860008239746, 0.20442865788936615, 0.36153027415275574, 1.1969172954559326, 0.062464747577905655, 0.0, 0.22404341399669647, 0.0067397309467196465, 0.449792742729187, 0.038046836853027344, 0.0, 0.011889943853020668, 2.6384589672088623, 0.033438824117183685, 0.5127806663513184, 0.68719083070755, 0.4479917883872986, 0.09185489267110825, 0.8248319625854492, 0.01844218745827675, 0.40524664521217346, 0.29268378019332886, 0.09937414526939392, 0.0, 1.048871397972107, 0.253462553024292, 0.7619783282279968, 0.16828392446041107, 1.0063328742980957, 0.2519553303718567, 0.00660192733630538, 0.0, 0.0, 0.11225521564483643, 0.06214568018913269, 0.0, 0.05765211209654808, 0.1050543487071991, 0.002058953745290637, 0.0, 1.3966615200042725, 1.2288310527801514, 2.0204813480377197, 0.6397097706794739, 0.036678511649370193, 0.03690826892852783, 0.9217250347137451, 0.15053686499595642, 3.2570838928222656, 0.13187409937381744, 3.70949125289917, 0.5506559014320374, 0.0, 0.002425315324217081, 0.0, 0.0, 0.07300518453121185, 0.024701250717043877, 0.10471221059560776, 0.8837351202964783, 0.0, 0.0, 0.012123886495828629, 4.049379825592041, 0.12503448128700256, 0.08562096953392029, 0.0025141239166259766, 2.22853422164917, 0.3177128732204437, 3.1742024421691895, 0.0, 0.0, 0.0, 0.03132571280002594, 0.20121000707149506, 0.006521670147776604, 0.4040050208568573, 1.2575159072875977, 0.6590173840522766, 0.09679128974676132, 0.1952475756406784, 0.09962533414363861, 0.32542622089385986, 0.49294552206993103, 0.12140622735023499, 0.014582497999072075, 0.1723237782716751, 0.09089524298906326, 0.022290419787168503, 0.11149844527244568, 1.1684465408325195, 0.04474049061536789, 0.013736012391746044, 0.47160032391548157, 0.0, 0.10557276010513306, 1.4216912984848022, 0.0, 0.34818801283836365, 0.423084020614624, 0.026680802926421165, 0.015025202184915543, 0.00011250923853367567, 5.058084487915039, 0.05214933305978775, 0.07359463721513748, 0.0, 0.20700322091579437, 0.0, 0.30248796939849854, 0.1714855134487152, 0.18295282125473022, 0.9367495179176331, 0.0790204107761383, 0.01935741677880287, 0.011436503380537033, 0.1720350980758667, 0.0, 0.918523371219635, 0.08847582340240479, 1.7149362564086914, 1.6488969326019287, 0.5423439741134644, 0.266417920589447, 0.0, 0.41547366976737976, 0.06789935380220413, 0.0, 0.002479166490957141, 0.38658052682876587, 0.011011484079062939, 0.0, 0.1286231428384781, 1.6570693254470825, 0.1303318440914154, 0.17753219604492188, 0.02396353892982006, 0.004818001762032509, 3.3691189289093018, 0.0, 0.07631025463342667, 2.8163208961486816, 0.0900234803557396, 0.006116699427366257, 0.6920034289360046, 0.08821503072977066, 0.14023520052433014, 0.42481473088264465, 0.02463957667350769, 0.7176066040992737, 0.06701201945543289, 0.018913831561803818, 0.13059967756271362, 0.0633024126291275, 0.0, 0.0, 0.1499994993209839, 0.0, 1.3127758502960205, 0.1835300624370575, 0.6952852606773376, 0.09709180891513824, 1.168890357017517, 0.0, 0.0, 0.0638393685221672, 0.47307586669921875, 0.0, 0.15216049551963806, 0.38052088022232056, 0.0, 0.4132368266582489, 0.25660884380340576, 0.06369072198867798, 0.04428617283701897, 0.5851683616638184, 0.05880392715334892, 0.08464937657117844, 0.0, 0.35225698351860046, 0.0, 0.05939149484038353, 0.044921815395355225, 0.10716282576322556, 0.0, 0.4258299767971039, 0.0625046119093895, 0.0, 0.190632626414299, 0.0, 0.0, 1.0719257593154907, 0.6390967965126038, 0.021550463512539864, 0.14404229819774628, 0.0, 0.18459643423557281, 0.18145515024662018, 0.5050989389419556, 1.2380402088165283, 0.1893087476491928, 0.46121370792388916, 0.004646758548915386, 0.0401325598359108, 0.0, 0.0552520751953125, 0.0195468757301569, 0.19869482517242432, 0.0, 0.022745171561837196, 0.045186374336481094, 0.04051512852311134, 0.687394380569458, 0.1064738929271698, 2.5241918563842773, 2.4347569942474365, 0.0, 0.0, 1.3203963041305542, 0.009410924278199673, 0.02726491168141365, 0.00701287342235446, 0.0, 0.0, 0.17446550726890564, 0.0, 0.0, 0.0, 0.153513103723526, 0.0, 0.09779128432273865, 0.0, 0.4936197102069855, 0.00913035124540329, 0.541181206703186, 0.0, 0.03739720955491066, 0.9866745471954346, 1.5955358743667603, 0.1393379271030426, 0.0, 0.49740350246429443, 0.8915497660636902, 0.19122150540351868, 0.2674860954284668, 0.13050517439842224, 0.0, 1.8517807722091675, 0.011257251724600792, 0.010093231685459614, 0.5136234760284424, 0.13595302402973175, 0.0, 0.01995968632400036, 0.2701011598110199, 0.009951119311153889, 0.20784223079681396, 0.5794005990028381, 0.0, 0.0, 0.20381808280944824, 0.050143834203481674, 0.0032534697093069553, 0.11295676976442337, 0.12722867727279663, 0.0787494033575058, 0.856286883354187, 0.46948346495628357, 0.09772227704524994, 0.57783043384552, 0.0, 0.0, 0.018915550783276558, 0.00042191086686216295, 0.2971806526184082, 0.0, 0.2920820713043213, 0.06050452962517738, 0.01047616545110941, 0.023194147273898125, 0.0, 0.07409891486167908, 0.02315162681043148, 0.10510124266147614, 0.12640927731990814, 0.15421625971794128, 0.03738617151975632, 0.00546870194375515, 0.31097328662872314, 0.0, 0.233587846159935, 1.9158686399459839, 0.0, 0.6334230303764343, 0.1724737584590912, 0.0769801214337349, 0.39293622970581055, 0.0787975862622261, 0.007395676337182522, 0.043599683791399, 0.3944545388221741, 0.09608253091573715, 0.019375894218683243, 0.37124520540237427, 0.7397308945655823, 1.0332095623016357, 0.0, 0.02709539234638214, 0.005152006633579731, 0.0, 0.3869066536426544, 0.04032303765416145, 0.017761046066880226, 0.2361793965101242, 0.9798059463500977, 0.04498273506760597, 0.511454701423645, 1.568488597869873, 0.20953509211540222, 0.51137775182724, 0.0023059528321027756, 0.6687901020050049, 2.3708791732788086, 0.16468581557273865, 0.13711394369602203, 0.0, 0.08815515041351318, 0.07845022529363632, 6.335835933685303, 0.0, 0.007171114906668663, 0.0, 0.004706618841737509, 0.39371806383132935, 0.004751049913465977, 0.029590783640742302, 0.1217312142252922, 0.23285266757011414, 0.0038452197331935167, 0.0001361710747005418, 0.31181231141090393, 1.0869157314300537, 0.1993190199136734, 0.2844642102718353, 0.1742294728755951, 0.10490421205759048, 0.5239344835281372, 0.03288966789841652, 0.47512689232826233, 0.11091960966587067, 0.0, 0.10354261845350266, 0.2716478109359741, 0.265426367521286, 1.5423933267593384, 0.7878038287162781, 0.0, 0.303727388381958, 0.02043614536523819, 0.06922989338636398, 0.06781679391860962, 0.03785356879234314, 0.3490518033504486, 0.0008450235472992063, 0.0, 0.08232325315475464, 0.29010170698165894, 1.159084439277649, 0.0, 0.03294431045651436, 0.12255941331386566, 0.0018607061356306076, 0.07182838767766953, 0.013032285496592522, 0.0, 0.07347159087657928, 1.2546494007110596, 0.0, 0.35115742683410645, 0.02670665830373764, 0.0, 0.0, 0.033869773149490356, 0.0, 0.3029025197029114, 0.07259579747915268, 0.028018683195114136, 0.025374969467520714, 1.1506884098052979, 0.12289367616176605, 0.1957738846540451, 0.5999289751052856, 0.0004409065004438162, 0.0, 0.0, 0.0, 0.028593048453330994, 1.2428358793258667, 0.028326964005827904, 0.004996635485440493, 0.0, 0.25357916951179504, 0.03356068953871727, 0.05525657907128334, 0.17679864168167114, 0.0, 0.11454591155052185, 0.0, 0.006755707319825888, 0.21912792325019836, 0.009202035143971443, 0.17006134986877441, 0.0, 2.2155749797821045, 0.19560419023036957, 0.030072487890720367, 0.0, 0.0, 0.018391624093055725, 0.015713898465037346, 0.020549021661281586, 0.9404825568199158, 0.06375277042388916, 0.11447756737470627, 0.22139859199523926, 0.036075517535209656, 0.20726145803928375, 0.06727652996778488, 0.0, 1.6204934120178223, 0.4810676574707031, 0.126344233751297, 0.0, 0.11313360929489136, 0.1330416351556778, 0.06733003258705139, 0.14971180260181427, 0.19583044946193695, 0.038822587579488754, 0.0, 0.13918426632881165, 0.09577479958534241, 0.004321431741118431, 0.03362537920475006, 1.7711485624313354, 0.0, 0.037218883633613586, 0.14349058270454407, 0.010527754202485085, 0.01066797599196434, 0.0, 0.0, 0.0, 0.00043664660188369453, 2.415112018585205, 0.011832071468234062, 0.0, 0.4431885778903961, 0.03357664495706558, 0.13226740062236786, 0.0, 0.08190947026014328, 0.16442716121673584, 0.0, 0.09011048078536987, 0.06504081934690475, 0.06405747681856155, 1.8233362436294556, 0.10280191898345947, 0.13258852064609528, 0.39274266362190247, 0.0, 0.869881272315979, 0.05742280185222626, 0.3734673857688904, 0.041168924421072006, 0.2672824561595917, 0.7678158283233643, 0.010454445146024227, 0.09697640687227249, 0.0, 0.006625666748732328, 0.4140322208404541, 0.22627685964107513, 0.008259936235845089, 1.7430410385131836, 0.12467016279697418, 0.03810299187898636, 0.029464300721883774, 0.0, 0.9481688737869263, 0.021587997674942017, 0.010110657662153244, 0.0, 0.012067227624356747, 0.09248638153076172, 0.07405637949705124, 0.6053674817085266, 0.6501986384391785, 0.5457519888877869, 0.5962886810302734, 0.4314093291759491, 0.02685047686100006, 0.006512693129479885, 0.06341332197189331, 0.0, 0.024866677820682526, 0.036028310656547546, 0.002127954037860036, 0.32080501317977905, 0.19054654240608215, 0.03797502815723419, 0.0, 0.20873938500881195, 0.0, 0.0, 0.0, 0.12811583280563354, 0.0, 0.6365705728530884, 0.0, 0.24925392866134644, 0.6970289349555969, 1.5165507793426514, 0.003166789887472987, 0.0, 0.5089364051818848, 0.014035078696906567, 0.02773422561585903, 0.0, 0.03289474919438362, 0.5463677048683167, 0.043098386377096176, 0.09243278205394745, 0.023016709834337234, 0.17746740579605103, 0.7917057871818542, 0.4234349727630615, 0.0, 0.0, 0.0020366129465401173, 0.06545714288949966, 0.6105823516845703, 3.0737898349761963, 0.3180057406425476, 0.08654286712408066, 0.09127680212259293, 0.0006207884289324284, 0.0, 0.1655878871679306, 0.07273183763027191, 0.026181532070040703, 0.0, 3.5403058528900146, 0.7370664477348328, 0.36460521817207336, 0.24297547340393066, 0.155931293964386, 0.0, 0.0, 0.3562646508216858, 0.0, 0.7128829956054688, 0.026377804577350616, 0.10018663853406906, 0.0, 0.039778973907232285, 0.025161871686577797, 0.15856146812438965, 0.012334111146628857, 0.14368559420108795, 0.1757742464542389, 0.6399321556091309, 0.5448002219200134, 0.0, 0.6211486458778381, 0.08286796510219574, 0.08148425072431564, 0.0, 3.8191535472869873, 0.0, 0.16302141547203064, 0.045602984726428986, 0.3413276672363281, 0.005799235310405493, 0.0, 0.0, 0.0, 0.9347702860832214, 0.043677836656570435, 0.0, 0.26971590518951416, 0.0, 0.10252702236175537, 0.09235617518424988, 0.48567622900009155, 0.010509424842894077, 0.0, 0.0, 0.05228034779429436, 0.0, 0.4990600645542145, 0.11200583726167679, 0.00012232575681991875, 0.1676243245601654, 0.2124495953321457, 1.5398952960968018, 0.13054867088794708, 2.285998821258545, 0.011323301121592522, 0.4061448276042938, 0.08269199728965759, 0.4559086859226227, 0.0, 0.5294697284698486, 0.5691208839416504, 0.3887321352958679, 1.064729928970337, 1.0510941743850708, 0.0, 0.1101350262761116, 0.35899031162261963, 0.015819134190678596, 0.08176585286855698, 0.0, 0.0, 0.39162904024124146, 0.014376107603311539, 0.0, 0.07959640026092529, 0.0015799561515450478, 2.2470483779907227, 0.0, 0.007430138532072306, 0.24291405081748962, 0.0, 0.0, 0.9594866633415222, 0.40038228034973145, 0.00917770154774189, 0.04160831868648529, 0.3937833607196808, 1.414445161819458, 0.06329984217882156, 0.011157315224409103, 0.021519917994737625, 0.011009865440428257, 0.12889309227466583, 0.004867458716034889, 0.9617025256156921, 0.0, 0.09860628843307495, 0.09101912379264832, 0.0, 0.04716534912586212, 0.08351978659629822, 0.0020805620588362217, 1.5053796768188477, 0.017888719215989113, 0.038723740726709366, 0.09103496372699738, 0.0, 0.0, 0.8310381174087524, 0.046761833131313324, 0.11191901564598083, 0.0, 0.5613569021224976, 0.7789873480796814, 0.0, 0.0, 0.32326608896255493, 1.2188066244125366, 0.08759336173534393, 0.1119900792837143, 0.09435562044382095, 1.6779369115829468, 0.0, 0.005516740959137678, 0.007492776028811932, 0.0, 0.05417346954345703, 0.04358100891113281, 0.0, 0.031658027321100235, 0.0, 0.06188756227493286, 0.21519672870635986, 0.0, 0.026502439752221107, 0.14188431203365326, 0.0, 0.059177760034799576, 0.42751607298851013, 0.27855566143989563, 0.11176099628210068, 0.4046725928783417, 0.407254695892334, 0.2202526181936264, 1.973393201828003, 0.3787287771701813, 0.22918961942195892, 0.08595796674489975, 0.0, 1.6609867811203003, 0.01898454688489437, 0.6762634515762329, 4.44273573521059e-05, 0.9524523615837097, 0.010912748984992504, 0.24175891280174255, 0.0, 1.385828971862793, 0.06822066754102707, 0.008738977834582329, 0.129472553730011, 0.02409682422876358, 0.15188415348529816, 0.012444882653653622, 0.12969794869422913, 0.0, 0.01581447385251522, 0.03862661123275757, 0.0, 0.0, 1.5792912244796753, 0.12237749248743057, 0.05546184629201889, 0.4673325717449188, 0.032742712646722794, 0.016726579517126083, 0.19184571504592896, 0.0, 2.062999725341797, 0.6609992980957031, 0.4566614627838135, 0.0, 0.6105290055274963, 0.1613524854183197, 0.6831443905830383, 0.0, 0.0, 0.10307277739048004, 0.054006367921829224, 0.020856492221355438, 0.3024541437625885, 0.036777228116989136, 0.7323124408721924, 0.18125975131988525, 0.0, 0.03685060143470764, 0.3371119499206543, 0.007650258485227823, 0.06212805584073067, 0.009441387839615345, 0.0, 0.009452051483094692, 0.5440958142280579, 0.2623581886291504, 0.020580003038048744, 0.07102798670530319, 0.002013525227084756, 0.2749767005443573, 3.4571831226348877, 1.138419270515442, 0.0411037914454937, 0.052982304245233536, 0.4065228998661041, 0.014827302657067776, 0.0, 0.7121917009353638, 0.056599341332912445, 0.016044504940509796, 0.0, 0.2070671170949936, 0.0, 0.04952692985534668, 0.012689901515841484, 0.3336211144924164, 0.0, 0.6756612658500671, 0.16747766733169556, 0.026886984705924988, 0.18226373195648193, 0.5901022553443909, 0.8411768078804016, 0.1263195276260376, 0.0017792570870369673, 0.012164096347987652, 2.11122989654541, 0.01301486138254404, 1.9877837896347046, 0.0, 0.09136011451482773, 1.3494319915771484, 0.3178706169128418, 0.9972805380821228, 0.5583435893058777, 0.048033569008111954, 1.4495748281478882, 0.03542318940162659, 1.802150845527649, 0.25324028730392456, 0.03076239489018917, 0.0, 0.10650720447301865, 0.046035729348659515, 0.06511009484529495, 0.0, 0.49097326397895813, 0.2635333836078644, 0.0, 1.1191028356552124, 0.0, 0.14773446321487427, 0.0, 0.5256049633026123, 0.026847178116440773, 0.0010049488628283143, 0.0, 0.0, 0.0, 0.2089783251285553, 0.0019136618357151747, 1.1455409526824951, 0.0, 0.0, 1.579887975822203e-05, 0.365970641374588, 0.1549919843673706, 0.060574453324079514, 0.01993284933269024, 1.7767690420150757, 0.08906324207782745, 1.3310626745224, 0.0700075551867485, 0.004516757093369961, 0.7887410521507263, 0.0, 0.0, 0.1852526217699051, 0.031369905918836594, 0.15628018975257874, 2.853140354156494, 0.0, 0.3825828433036804, 0.022474970668554306, 0.0654122456908226, 0.10832630097866058, 0.2381047159433365, 0.18548674881458282, 0.08781954646110535, 0.011445160023868084, 0.011620200239121914, 0.0145345414057374, 0.9776967167854309, 0.3878155052661896, 0.8904500007629395, 0.8890807628631592, 0.4407484829425812, 0.05777546018362045, 1.2216495275497437, 0.0, 0.0, 0.0, 0.8143867254257202, 0.0, 0.038345932960510254, 0.003943012561649084, 0.6370573043823242, 0.02703152410686016, 0.12190952152013779, 0.00826671626418829, 0.28881800174713135, 1.619438648223877, 0.0, 0.7552030086517334, 0.0013181871036067605, 0.022846991196274757, 0.9601715803146362, 0.0, 0.05009189248085022, 2.419384479522705, 0.5269615650177002, 0.0445832684636116, 0.8922638297080994, 0.47606852650642395, 0.272280216217041, 0.0, 0.0, 0.0, 0.015138586983084679, 0.026398785412311554, 0.0029432091396301985, 0.0, 0.0, 0.034338295459747314, 0.012164894491434097, 0.17533263564109802, 0.14218579232692719, 0.29211536049842834, 0.1230194941163063, 0.01450615469366312, 0.631635844707489, 0.06116115674376488, 1.2537622451782227, 0.0, 0.07628502696752548, 0.01442715059965849, 0.0, 0.004714688286185265, 0.0, 0.00989834126085043, 0.4799652099609375, 0.0, 0.12164269387722015, 0.13171124458312988, 0.3940643072128296, 0.0, 0.7744501829147339, 0.0, 0.1193336546421051, 0.0706811472773552, 0.0, 0.0, 0.0021069732028990984, 0.0, 0.12499725818634033, 0.030697355046868324, 0.0, 0.04658021777868271, 0.2287730723619461, 0.8078651428222656, 0.0, 0.001352268853224814, 0.45418253540992737, 1.1105514764785767, 0.05885293707251549, 0.026129145175218582, 0.21134324371814728, 0.0032222343143075705, 0.00977069791406393, 0.002182622440159321, 0.10782641172409058, 0.021604178473353386, 0.4892318844795227, 0.01872069202363491, 0.22743678092956543, 0.01698111556470394, 0.07728330790996552, 2.575375556945801, 0.0, 0.006045818328857422, 0.0, 2.131401538848877, 0.2578488886356354, 0.30465880036354065, 0.0, 0.14646263420581818, 0.07426817715167999, 0.013458008877933025, 0.16129499673843384, 0.19794389605522156, 0.4921923279762268, 0.48754313588142395, 0.0, 0.28186628222465515, 0.09917560964822769, 0.10082482546567917, 2.026841402053833, 0.1680641770362854, 0.4917377531528473, 0.6284561157226562, 2.526625871658325, 0.002629469847306609, 0.0, 0.09164472669363022, 0.23191121220588684, 0.0, 0.09769492596387863, 0.015728529542684555, 0.4798473119735718, 0.0, 0.3480956554412842, 0.028408892452716827, 0.0, 0.09433253109455109, 0.4693335294723511, 1.0104447603225708, 0.0, 0.1945500522851944, 0.4539765417575836, 0.041170746088027954, 0.1279318928718567, 0.11029597371816635, 0.038036517798900604, 0.06452473998069763, 0.06099497526884079, 0.063011534512043, 0.13763867318630219, 0.2916886806488037, 0.3056548833847046, 0.0, 0.35847756266593933, 0.0, 0.0, 0.0, 0.0, 0.010009014047682285, 0.0, 0.06970284879207611, 0.06468656659126282, 0.14015066623687744, 0.06597885489463806, 0.0, 0.11942021548748016, 0.0, 0.34827202558517456, 0.01185558270663023, 0.3270037770271301, 0.010160385631024837, 0.19050316512584686, 1.5905029773712158, 0.01319530513137579, 0.05224378779530525, 0.0, 0.07520019263029099, 0.029288481920957565, 0.06774968653917313, 0.0, 0.026216993108391762, 0.35197219252586365, 0.0, 0.1565791517496109, 1.3223679065704346, 0.006191292777657509, 0.09742289781570435, 0.17480657994747162, 0.00027202587807551026, 0.012277349829673767, 1.387923002243042, 0.024933328852057457, 0.0, 0.11830329149961472, 0.016687145456671715, 0.2834966480731964, 0.2470003217458725, 0.0, 1.0651336908340454, 0.8938298225402832, 0.1296520233154297, 0.5764033794403076, 0.07526610791683197, 0.01845351979136467, 0.17788653075695038, 0.032305944710969925, 10.2550630569458, 0.04330136999487877, 0.011043616570532322, 0.42778488993644714, 0.025649433955550194, 0.2206835001707077, 0.12325705587863922, 2.31887149810791, 0.0, 0.09202762693166733, 0.03334331884980202, 1.6454594135284424, 0.037467483431100845, 0.17182955145835876, 0.0, 0.014498920179903507, 0.07846896350383759, 0.10603580623865128, 0.01425213273614645, 0.13409355282783508, 0.2083442509174347, 0.12100916355848312, 0.022559229284524918, 0.18735218048095703, 0.013414241373538971, 0.7586847543716431, 0.01886259764432907, 0.5272682309150696, 0.011177167296409607, 0.0368645004928112, 0.04367437586188316, 0.35770341753959656, 0.35241812467575073, 0.20752155780792236, 1.5724865198135376, 0.034344449639320374, 0.09622026979923248, 0.3208669424057007, 0.11559846252202988, 0.5776485204696655, 0.0711907297372818, 0.8739092946052551, 2.2878928184509277, 0.41650301218032837, 0.5464304685592651, 0.00799427181482315, 0.0, 0.10843141376972198, 0.039377376437187195, 0.34695205092430115, 0.4317661225795746, 0.15788887441158295, 3.3830740451812744, 0.02948952279984951, 0.040484488010406494, 0.0, 0.2808133661746979, 0.42513182759284973, 0.0, 0.5719190239906311, 0.16898871958255768, 0.28886207938194275, 0.604560911655426, 0.16875605285167694, 0.0, 0.0, 0.06756040453910828, 0.0038712024688720703, 0.0, 0.016112446784973145, 0.8811355829238892, 0.20490653812885284, 0.03792911767959595, 0.013255897909402847, 0.22704516351222992, 0.8320713639259338, 0.43191176652908325, 0.0, 0.17280885577201843, 0.13535304367542267, 0.05606558918952942, 0.20681646466255188, 0.026148898527026176, 0.0580337792634964, 0.0657631978392601, 0.15783435106277466, 0.007962727919220924, 0.0, 0.0, 0.0, 0.0, 0.418641060590744, 0.1775851994752884, 0.03146127238869667, 2.690807819366455, 0.23942777514457703, 0.08113192766904831, 0.8498476147651672, 0.7993809580802917, 0.0, 0.0, 0.0, 0.040160540491342545, 0.4919149577617645, 0.10325950384140015, 0.15813475847244263, 0.0, 0.032149504870176315, 0.2269449084997177, 0.6053469777107239, 0.31474265456199646, 0.0, 0.03150295466184616, 0.4568141996860504, 0.0692453533411026, 0.0217694491147995, 0.7187410593032837, 0.0, 0.006560111418366432, 0.024002132937312126, 0.574277400970459, 0.0, 0.3494302034378052, 0.7712478041648865, 0.737842321395874, 0.014194386079907417, 0.7607958912849426, 0.051192160695791245, 0.5353578925132751, 0.0, 0.0, 0.0, 0.0, 0.018177270889282227, 0.7087054252624512, 0.23421725630760193, 0.031280942261219025, 0.4266533851623535, 0.003338502487167716, 0.100134938955307, 0.35488128662109375, 0.0809897780418396, 0.19463419914245605, 0.44856733083724976, 0.6968821287155151, 0.1543174833059311, 1.1421350240707397, 0.0, 0.0, 0.7475371956825256, 0.8121238946914673, 1.039239525794983, 0.15401622653007507, 0.13961327075958252, 0.019932029768824577, 0.0, 0.0, 0.2340892106294632, 0.0026869482826441526, 0.0, 0.14066913723945618, 0.0030301492661237717, 0.056669414043426514, 0.4606592655181885, 0.0, 0.3470303416252136, 0.05157215893268585, 0.029855450615286827, 0.06351099163293839, 0.3051564693450928, 0.022848334163427353, 0.2635921835899353, 0.060629431158304214, 0.0, 0.17517273128032684, 0.6507380604743958, 1.6373348236083984, 0.02910182625055313, 2.325265884399414, 0.1400977522134781, 0.38832223415374756, 0.0028116872999817133, 1.0973520278930664, 0.0595608651638031, 2.1547911167144775, 0.12756985425949097, 0.15539593994617462, 0.15037810802459717, 0.5824788808822632, 1.5467195510864258, 0.04365513101220131, 0.02231730706989765, 0.12611821293830872, 0.0, 0.26592516899108887, 1.826826572418213, 0.42862653732299805, 0.20249329507350922, 0.6936376094818115, 0.0, 0.003368377685546875, 0.0, 0.03880881145596504, 0.0015231930883601308, 0.27715325355529785, 0.05868924409151077, 0.0, 0.028127091005444527, 0.0714404284954071, 0.42738670110702515, 0.04918540269136429, 0.189828559756279, 0.0, 1.2947652339935303, 0.0, 0.4602414071559906, 0.0, 0.005196729674935341, 0.04575927555561066, 0.10380040109157562, 0.19019490480422974, 0.053759731352329254, 0.0068106334656476974, 0.1334492564201355, 2.82846999168396, 0.4974376857280731]",Testing/glioma_tumor/image(67).jpg
"[0.7539533376693726, 0.8545989990234375, 0.01675466075539589, 0.17240594327449799, 3.7432188987731934, 0.2836620807647705, 2.165520191192627, 0.35909563302993774, 0.5838443040847778, 0.0, 0.0, 0.15341106057167053, 0.0, 1.7444356679916382, 0.07130737602710724, 0.16304005682468414, 1.0368887186050415, 0.7508261799812317, 1.0948240756988525, 1.0275105237960815, 0.2330150157213211, 0.1876423954963684, 1.4433090686798096, 0.3553004264831543, 0.7854838371276855, 0.13911597430706024, 1.6461344957351685, 0.6292490363121033, 2.379617214202881, 0.0, 0.2700940668582916, 0.05371948331594467, 0.0007028823019936681, 0.6425765156745911, 1.3872512578964233, 0.6987352967262268, 0.7735533714294434, 0.8963994979858398, 0.293379545211792, 1.2221081256866455, 1.4684330224990845, 0.22228875756263733, 0.7363035082817078, 0.3119790852069855, 0.07229650020599365, 0.06737566739320755, 0.009836340323090553, 0.993376612663269, 0.32948315143585205, 0.2879129946231842, 1.675075650215149, 0.5199462175369263, 1.0519144535064697, 0.11457077413797379, 1.0516380071640015, 0.22899222373962402, 0.1383720487356186, 0.7277732491493225, 1.235334038734436, 0.030812805518507957, 0.16510309278964996, 1.110933780670166, 0.27330708503723145, 0.654962956905365, 0.7746163010597229, 0.0, 0.9512932300567627, 0.7886258363723755, 0.0, 0.0030823678243905306, 1.0672850608825684, 0.23028114438056946, 0.10156883299350739, 0.6308461427688599, 0.4141605794429779, 0.0, 0.3067976236343384, 0.021965473890304565, 0.6409047842025757, 0.9545984268188477, 0.034943193197250366, 1.3660988807678223, 1.5234636068344116, 0.4794849753379822, 1.5781688690185547, 0.055233683437108994, 1.0090214014053345, 0.3018389046192169, 0.18369993567466736, 0.04164867848157883, 3.3788962364196777, 0.033574484288692474, 0.8895983695983887, 1.6593904495239258, 0.10995136946439743, 0.9900177717208862, 0.10791831463575363, 0.25945523381233215, 0.5757047533988953, 0.3443429172039032, 0.08672447502613068, 1.195656180381775, 0.1341370791196823, 0.47256600856781006, 0.6908721327781677, 0.20153173804283142, 0.1613115519285202, 4.405747890472412, 0.028857765719294548, 3.362374782562256, 0.05842606723308563, 1.5575547218322754, 0.22577698528766632, 0.057617027312517166, 0.14723682403564453, 0.06493040174245834, 0.07010316848754883, 0.16997942328453064, 0.09012976288795471, 0.07510353624820709, 0.10326171666383743, 0.3115570545196533, 0.09969066083431244, 0.5617721080780029, 0.5092924237251282, 0.6658220291137695, 0.8929720520973206, 0.46200069785118103, 1.6996784210205078, 0.0, 0.0, 1.6737223863601685, 0.6306090354919434, 0.09752940386533737, 1.409000277519226, 1.0022151470184326, 0.04719246178865433, 0.11891485750675201, 0.14910057187080383, 0.12660227715969086, 0.15395678579807281, 2.183568239212036, 0.0, 0.0075536309741437435, 0.12818147242069244, 0.9588528871536255, 0.38502705097198486, 2.6807262897491455, 0.5357223153114319, 0.13683535158634186, 2.486732244491577, 0.31175559759140015, 0.4090849459171295, 0.005755458492785692, 0.45698004961013794, 0.7637774348258972, 0.10221725702285767, 1.4356353282928467, 0.2186741679906845, 0.3211076259613037, 1.0958400964736938, 0.09915857017040253, 0.0, 1.81385338306427, 0.11234977096319199, 0.3184744119644165, 2.237558126449585, 0.13034576177597046, 0.36806589365005493, 11.030627250671387, 0.9667572975158691, 0.04006866365671158, 0.378573477268219, 1.6818567514419556, 1.8649492263793945, 1.7364543676376343, 0.018612368032336235, 2.6753222942352295, 0.6697824597358704, 0.2941291034221649, 1.1039187908172607, 0.04196060076355934, 0.14615307748317719, 0.13105954229831696, 0.6720751523971558, 0.4504753053188324, 0.42807766795158386, 1.0957179069519043, 1.01026451587677, 0.3453269898891449, 0.10084336996078491, 0.11847307533025742, 0.3412250578403473, 0.0, 0.8025708794593811, 0.17838367819786072, 0.03598824888467789, 0.7068127989768982, 0.027424918487668037, 0.5476785898208618, 0.9155983924865723, 0.26313090324401855, 2.296146869659424, 0.12806566059589386, 1.2845181226730347, 0.17744530737400055, 1.0101996660232544, 0.23242086172103882, 0.9616551399230957, 0.882576048374176, 0.8002586364746094, 0.222995325922966, 0.0594438761472702, 2.0758814811706543, 0.4601629674434662, 0.06752564013004303, 0.4170575439929962, 1.8922125101089478, 0.12513811886310577, 0.03286087140440941, 0.042428046464920044, 0.004132270812988281, 0.6612131595611572, 0.0, 0.08304036408662796, 2.1346852779388428, 0.19268545508384705, 0.03116464614868164, 0.2740291953086853, 0.8610529899597168, 0.5848402380943298, 0.5285985469818115, 0.24378550052642822, 0.3058044910430908, 0.23451268672943115, 1.3648024797439575, 0.49386659264564514, 1.8033291101455688, 0.4072530269622803, 0.11889274418354034, 0.5604294538497925, 0.09606927633285522, 0.5220414996147156, 0.1789936125278473, 0.529965877532959, 1.6392754316329956, 0.6229023933410645, 0.23690776526927948, 0.2578783333301544, 1.5934667587280273, 0.9384572505950928, 0.049460139125585556, 0.137383833527565, 0.07398012280464172, 0.7060244083404541, 0.48676949739456177, 0.3865242302417755, 2.9134726524353027, 0.2703927159309387, 0.2795126140117645, 1.4372162818908691, 0.01595378667116165, 0.7725579142570496, 0.41348448395729065, 0.02295675501227379, 0.04383602365851402, 0.1622154265642166, 1.1661250591278076, 0.10709056258201599, 0.14917832612991333, 0.7098338603973389, 0.3252061903476715, 0.6905410289764404, 0.0, 2.0327160358428955, 0.7919649481773376, 0.5321645140647888, 0.5173569321632385, 0.4740854501724243, 0.43888676166534424, 0.41117188334465027, 1.27240788936615, 1.4280592203140259, 0.8997942805290222, 0.7047649025917053, 2.7247426509857178, 1.8640903234481812, 0.318286657333374, 0.11581625044345856, 0.013349620625376701, 0.4445664882659912, 0.12030813843011856, 0.0, 0.26541367173194885, 0.012335813604295254, 5.271311283111572, 0.1629614681005478, 0.18261997401714325, 0.041673798114061356, 2.6352243423461914, 0.05208127200603485, 0.6683554649353027, 2.289294719696045, 1.4487016201019287, 0.8353976011276245, 1.7583749294281006, 0.4801715612411499, 0.09206961840391159, 0.13152694702148438, 0.04377065226435661, 0.35408011078834534, 0.665989100933075, 0.0, 0.7246578931808472, 0.3723263740539551, 1.3895994424819946, 0.48816004395484924, 1.8977477550506592, 0.0, 0.3828446865081787, 0.0, 3.7510344982147217, 0.0974564254283905, 0.13079491257667542, 0.39048829674720764, 0.40290847420692444, 0.5422430038452148, 0.720527172088623, 3.348677635192871, 1.8671722412109375, 1.1105507612228394, 0.15904363989830017, 0.7704628705978394, 1.7858318090438843, 0.08063439279794693, 0.0530862994492054, 1.4104293584823608, 0.6636824607849121, 0.05669838562607765, 0.22141201794147491, 2.0686545372009277, 0.12588216364383698, 0.0, 0.6888307929039001, 0.007823722437024117, 0.2429857850074768, 0.07330575585365295, 0.25763681530952454, 0.0043108100071549416, 0.20371371507644653, 0.0648818239569664, 0.21079006791114807, 0.5166900753974915, 0.0433795191347599, 0.6420441269874573, 0.0, 0.42119139432907104, 0.0, 0.7895670533180237, 0.8440755605697632, 0.3063320517539978, 1.5020546913146973, 0.0068438732996582985, 0.18162044882774353, 0.2746584713459015, 0.5634579658508301, 0.019715111702680588, 0.22618167102336884, 2.994920492172241, 1.764072299003601, 0.004641486797481775, 0.40644699335098267, 0.08624308556318283, 1.7515274286270142, 0.007890530861914158, 1.9188487529754639, 1.466553807258606, 1.5992481708526611, 0.01478512678295374, 0.07760517299175262, 0.25561392307281494, 0.4034160375595093, 0.06951432675123215, 1.1047295331954956, 0.14018143713474274, 0.19779972732067108, 0.5947682857513428, 2.2462501525878906, 0.01067894697189331, 1.8148621320724487, 0.0, 0.08031301200389862, 0.5211631059646606, 0.03223581984639168, 0.924986720085144, 8.304244995117188, 0.17029637098312378, 0.6411454081535339, 0.001881706528365612, 1.0009751319885254, 1.9053863286972046, 0.0, 0.08895532786846161, 0.034806057810783386, 0.05221123620867729, 2.0803329944610596, 0.7281005382537842, 0.11129065603017807, 0.11385191977024078, 0.26857373118400574, 0.12487795203924179, 0.0, 1.3305314779281616, 0.05336456000804901, 0.2823621928691864, 3.2438814640045166, 0.0, 0.06710536777973175, 0.6629053354263306, 0.2807917296886444, 0.3138391673564911, 0.18778374791145325, 0.9466166496276855, 0.5162058472633362, 0.012589216232299805, 0.09474331140518188, 0.0067229075357317924, 2.8358254432678223, 0.34009289741516113, 0.1426338106393814, 1.7533390522003174, 0.47580549120903015, 1.9329105615615845, 0.19362562894821167, 1.4451119899749756, 0.15029841661453247, 0.0070198774337768555, 0.4816204905509949, 1.2081679105758667, 0.17509543895721436, 0.0, 0.2703307271003723, 0.06760607659816742, 0.9691222906112671, 0.46531587839126587, 0.8703534603118896, 0.45382222533226013, 1.5658292770385742, 0.16708379983901978, 0.3046489357948303, 0.6815763711929321, 0.032286327332258224, 0.3849034309387207, 0.0, 0.3418232202529907, 0.3348897695541382, 0.5759022831916809, 0.057184405624866486, 0.5871235728263855, 2.4961204528808594, 0.08359640836715698, 1.3292551040649414, 0.20735538005828857, 0.21069550514221191, 0.1759033352136612, 0.17007963359355927, 0.020006317645311356, 0.4245896339416504, 0.5280332565307617, 1.4573302268981934, 1.9427345991134644, 0.32209786772727966, 0.3220115900039673, 2.9579174518585205, 0.6452870965003967, 0.20737741887569427, 1.4840331077575684, 0.17124968767166138, 0.0, 1.8224254846572876, 0.41327473521232605, 0.27812978625297546, 1.3229522705078125, 0.1894908845424652, 0.0, 0.145483136177063, 0.46114403009414673, 0.021496575325727463, 0.1336764246225357, 0.08554721623659134, 0.3908689022064209, 0.4480474889278412, 0.06066150590777397, 0.26485973596572876, 0.6669245362281799, 0.219299778342247, 0.1317969113588333, 0.03777197375893593, 0.245810404419899, 0.027009664103388786, 0.23535014688968658, 1.8374154567718506, 0.22752709686756134, 0.7150466442108154, 0.002076058881357312, 0.6576032638549805, 0.19035503268241882, 0.0, 0.1748526394367218, 0.0, 0.0063021061941981316, 1.830587387084961, 0.40119409561157227, 0.19228674471378326, 0.6210464835166931, 0.5793775916099548, 0.2330690324306488, 0.004062467720359564, 0.6897616386413574, 0.15215158462524414, 0.18021060526371002, 0.06129670515656471, 0.03418613597750664, 0.09250698983669281, 0.1199907585978508, 0.13516831398010254, 0.3835570812225342, 0.0, 0.07492314279079437, 0.18003344535827637, 0.06907331943511963, 0.365246444940567, 2.8190693855285645, 1.452601671218872, 0.37625589966773987, 0.702333390712738, 4.232369899749756, 0.13631904125213623, 0.9072374105453491, 0.02951531484723091, 0.0, 0.4200194180011749, 0.6093111634254456, 0.06615640223026276, 0.5537182688713074, 0.0, 0.3239782750606537, 0.029260562732815742, 0.4549342691898346, 0.17348383367061615, 0.21286194026470184, 0.5971945524215698, 0.07508498430252075, 0.0, 0.17710600793361664, 1.0087709426879883, 0.49129432439804077, 0.1008915826678276, 0.0, 0.15944825112819672, 0.0, 0.41446053981781006, 1.767552375793457, 0.31737199425697327, 0.10600173473358154, 0.2915426790714264, 0.7917253375053406, 0.07356878370046616, 1.0329087972640991, 0.15233013033866882, 0.29531216621398926, 0.07816564291715622, 0.10886865854263306, 0.13432970643043518, 0.07076288014650345, 0.46206676959991455, 0.06642743945121765, 0.5029644966125488, 0.3836139738559723, 0.038527585566043854, 3.745845317840576, 0.0, 0.0, 0.48588013648986816, 0.07840248197317123, 0.009442837908864021, 0.8831192851066589, 0.04407959431409836, 0.7103783488273621, 0.14215846359729767, 0.185980424284935, 0.09824133664369583, 0.0, 0.0, 0.5680976510047913, 0.248718723654747, 0.13312003016471863, 0.02148011326789856, 0.0, 0.31686943769454956, 1.3790221214294434, 0.3624514639377594, 0.09433304518461227, 0.06709377467632294, 0.3361361622810364, 0.0, 0.01722630485892296, 0.5009004473686218, 1.4517050981521606, 2.5480597019195557, 1.7625203132629395, 3.0323779582977295, 1.4017014503479004, 1.039176344871521, 0.0024408441968262196, 0.35751643776893616, 0.015481453388929367, 0.08767213672399521, 0.017328111454844475, 0.5608881711959839, 1.288998007774353, 0.5047650337219238, 0.5463127493858337, 2.0154833793640137, 0.0, 0.7812219858169556, 0.2926642894744873, 0.5374111533164978, 0.017580606043338776, 0.02743314951658249, 0.004338266793638468, 0.08321715146303177, 0.05887655168771744, 0.27722659707069397, 0.06720545142889023, 0.4421856999397278, 0.4727862477302551, 0.4583931267261505, 0.6068600416183472, 0.2209078073501587, 0.08635234832763672, 0.023586222901940346, 0.07048463821411133, 0.23464509844779968, 0.0, 2.4141335487365723, 0.34301653504371643, 0.4026685357093811, 0.05295564606785774, 0.0, 0.013529635965824127, 1.180550456047058, 0.09167665243148804, 0.0, 0.9764236211776733, 0.40860438346862793, 0.13281072676181793, 0.5053131580352783, 0.1630711406469345, 0.03398947790265083, 0.4038158059120178, 0.03510550037026405, 1.0555351972579956, 0.45345890522003174, 1.8170791864395142, 0.2495698183774948, 1.9670984745025635, 0.2610471546649933, 0.0031400311272591352, 0.20156842470169067, 2.105195999145508, 0.215261310338974, 0.08573374152183533, 0.38817712664604187, 1.2934528589248657, 0.2976873219013214, 0.0, 0.8608444333076477, 0.515992283821106, 1.1431952714920044, 0.714967668056488, 0.0, 0.2820182740688324, 0.5737468004226685, 3.872152328491211, 0.036538563668727875, 0.14385069906711578, 0.44150933623313904, 1.1631522178649902, 0.2425725907087326, 1.4545978307724, 0.024776864796876907, 0.0010410085087642074, 0.6800788044929504, 0.03705228492617607, 0.09577780216932297, 1.3289114236831665, 0.2084922045469284, 0.031506311148405075, 0.7784556150436401, 0.6275987029075623, 0.018026448786258698, 0.2227603942155838, 0.08222547173500061, 0.0505647286772728, 0.7837550640106201, 0.37611767649650574, 0.10732962936162949, 0.5234101414680481, 0.02199767343699932, 1.1459412574768066, 0.05802198871970177, 0.7234140634536743, 0.017289748415350914, 0.3379056751728058, 0.4954095184803009, 0.5065360069274902, 0.04284610599279404, 0.02252473309636116, 0.41035234928131104, 0.36238589882850647, 1.5893049240112305, 0.8862770199775696, 0.43530207872390747, 0.0559416338801384, 2.7269110679626465, 0.49436044692993164, 0.9417282938957214, 0.07340800017118454, 1.2473516464233398, 0.218772754073143, 0.0, 0.12516598403453827, 0.07196278125047684, 0.08018746972084045, 1.0031360387802124, 0.10060232877731323, 0.4783232808113098, 0.31004029512405396, 1.5751103162765503, 0.12454427033662796, 0.5629180073738098, 0.015134485438466072, 1.0301560163497925, 0.012401060201227665, 1.4106576442718506, 0.0, 0.0, 0.5466306805610657, 0.8129875063896179, 0.45031240582466125, 0.6750640869140625, 1.071092128753662, 0.16733436286449432, 0.680486261844635, 0.2163056582212448, 0.29160335659980774, 0.31492868065834045, 0.23679737746715546, 0.2391003519296646, 0.23128096759319305, 0.4878216087818146, 0.007776279933750629, 2.1913957595825195, 0.6528322100639343, 0.04847046360373497, 0.006122900638729334, 0.0, 0.3535269796848297, 0.8211853504180908, 0.27472344040870667, 0.09261545538902283, 0.31220951676368713, 0.17178155481815338, 0.11233450472354889, 0.07930835336446762, 0.8967549800872803, 0.5001353621482849, 0.09825342893600464, 0.61981600522995, 0.27045780420303345, 1.7927296161651611, 0.0342104509472847, 0.00788883026689291, 0.6991046071052551, 0.9692792892456055, 1.2506211996078491, 0.159722238779068, 0.3211297392845154, 0.3461330235004425, 0.41802331805229187, 0.10435744374990463, 0.6742226481437683, 0.5447517037391663, 1.918312668800354, 0.7542431950569153, 0.01877720281481743, 0.08845452219247818, 0.07480128109455109, 0.5578393340110779, 0.796417236328125, 0.036744680255651474, 0.6956736445426941, 1.487234354019165, 0.014094150625169277, 0.46388331055641174, 4.187414169311523, 1.144605278968811, 0.14276957511901855, 1.0284886360168457, 0.057981424033641815, 0.12930060923099518, 0.39731404185295105, 0.02337959036231041, 0.8079061508178711, 0.20541560649871826, 2.6087074279785156, 0.6330457925796509, 0.1613767147064209, 0.0, 1.1299301385879517, 0.38921862840652466, 1.5843868255615234, 0.16192691028118134, 0.20923520624637604, 2.539926290512085, 0.0, 0.10219379514455795, 1.1292117834091187, 2.6868715286254883, 0.08378762006759644, 0.02000783197581768, 0.0, 0.049129799008369446, 0.952326774597168, 2.3023881912231445, 0.0, 0.4524703919887543, 0.05215424299240112, 0.7806562185287476, 0.0, 0.09766560792922974, 1.4438105821609497, 1.2050716876983643, 0.31594374775886536, 0.0011244355700910091, 0.47541579604148865, 0.2254631668329239, 0.018450230360031128, 0.7835540175437927, 0.036733586341142654, 0.393399178981781, 1.303318977355957, 0.09710843116044998, 0.5628571510314941, 0.692450225353241, 0.3266660273075104, 0.1121225655078888, 0.6559973955154419, 0.7573488354682922, 0.0, 0.5478171110153198, 0.964998185634613, 0.07572021335363388, 1.9562864303588867, 0.3336956202983856, 2.0329017639160156, 0.23228958249092102, 0.23198673129081726, 5.351360321044922, 0.7317824363708496, 1.103224515914917, 0.009422368369996548, 0.18099357187747955, 0.09109415113925934, 1.2695754766464233, 0.19777564704418182, 1.0527675151824951, 0.30993348360061646, 0.19249145686626434, 0.1859504133462906, 0.6396923661231995, 0.33303162455558777, 0.0, 0.44143450260162354, 0.9088410139083862, 0.46081411838531494, 0.046477705240249634, 0.22326776385307312, 0.05526883155107498, 0.09491971880197525, 0.08210083842277527, 0.4043194651603699, 0.004446443170309067, 1.6800587177276611, 2.0791265964508057, 0.08902916312217712, 0.2337343394756317, 0.021526044234633446, 0.5268707871437073, 0.8426448106765747, 0.13200713694095612, 0.8601957559585571, 0.7255917191505432, 2.9413509368896484, 0.06519868969917297, 0.45088866353034973, 1.3723344802856445, 0.022421391680836678, 0.5314546823501587, 0.09676843881607056, 0.7534746527671814, 0.3346704840660095, 1.3122228384017944, 0.027263928204774857, 1.786940574645996, 0.5649605393409729, 0.06838162243366241, 0.0, 0.001243331003934145, 0.5612534284591675, 1.7798354625701904, 0.37498247623443604, 0.0046492330729961395, 1.9909809827804565, 0.2846885323524475, 0.7472280263900757, 2.2553346157073975, 0.4250318706035614, 0.5675894618034363, 0.04225051775574684, 1.741549015045166, 0.3302070200443268, 0.0842558890581131, 0.5851871967315674, 1.3848257064819336, 0.19183723628520966, 0.24027018249034882, 0.4592878818511963, 0.0, 0.43640539050102234, 0.3506266474723816, 0.0710749551653862, 0.26606857776641846, 0.7821795344352722, 0.11697868257761002, 0.0, 0.46880418062210083, 0.1569705456495285, 0.8703427314758301, 0.016269391402602196, 0.07394368946552277, 0.3575602173805237, 0.17762725055217743, 0.11560019850730896, 0.04760307818651199, 0.9503142833709717, 3.2152020931243896, 0.2799670696258545, 0.1568671017885208, 0.15700164437294006, 0.15047113597393036, 0.10745470970869064, 1.359671711921692, 0.535191535949707, 0.2329246699810028, 0.235842764377594, 0.05342542752623558, 0.8551430702209473, 0.08700516819953918, 0.33117079734802246, 0.20089983940124512, 0.013875763863325119, 0.2888203561306, 0.043495893478393555, 0.09349383413791656, 1.157036304473877, 0.04011302441358566, 0.5650997757911682, 0.5274463295936584, 0.39586541056632996, 0.7089401483535767, 0.07569067180156708, 0.6307682991027832, 0.009907588362693787, 0.3699204921722412, 0.31223803758621216, 1.1393890380859375, 0.6370072364807129, 1.098220705986023, 0.3356601297855377, 0.23926489055156708, 0.0900183767080307, 0.08645834028720856, 0.3117870092391968, 0.1417163908481598, 0.0, 0.4187786281108856, 0.6189024448394775, 0.2406977266073227, 0.47608715295791626, 2.312945604324341, 0.6962059140205383, 0.26684314012527466, 0.797050952911377, 2.0557329654693604, 0.6063799858093262, 0.9380793571472168, 2.755098581314087, 0.3239690363407135, 0.6991859078407288, 0.4380791187286377, 0.18327035009860992, 0.675148606300354, 0.7486869692802429, 0.25160330533981323, 0.14182676374912262, 0.010603520087897778, 0.7896836996078491, 0.5371103882789612, 0.5533270835876465, 0.10162261128425598, 0.03316628187894821, 0.01794475130736828, 0.117337666451931, 0.4046447277069092, 0.07773234695196152, 0.34190356731414795, 0.04208124801516533, 0.317287415266037, 0.7520051002502441, 0.4449765980243683, 0.0029581761918962, 1.8417160511016846, 0.2537650465965271, 0.14950142800807953, 1.5568161010742188, 0.010809537954628468, 0.2746978998184204, 0.31786444783210754, 0.48254168033599854, 0.08084294945001602, 0.18231149017810822, 0.001670068595558405, 0.010908262804150581, 0.0, 0.08320344984531403, 0.2698940634727478, 0.1435462087392807, 0.4900215268135071, 0.12862403690814972, 0.16946595907211304, 0.0, 0.18511605262756348, 0.00887917261570692, 0.2961447834968567, 0.008183654397726059, 1.8671678304672241, 0.4170072376728058, 0.5772877335548401, 0.020417379215359688, 0.33484774827957153, 0.13153523206710815, 0.7671948671340942, 0.5827726125717163, 0.11039259284734726, 0.7500900030136108, 0.04450961574912071, 0.18080958724021912, 0.636176347732544, 0.3880155086517334, 2.368978500366211, 0.597784698009491, 0.2947351634502411, 1.3082576990127563, 0.002124455524608493, 0.6891204118728638, 0.7045882940292358, 0.14307479560375214, 0.17102012038230896, 0.5398603677749634, 0.30345475673675537, 0.6697616577148438, 0.629597544670105, 0.06303650140762329, 0.11114062368869781, 1.392993688583374, 1.1224815845489502, 1.4102578163146973, 0.4042317271232605, 0.011176085099577904, 0.5653418898582458, 0.24898084998130798, 0.05574290454387665, 2.587876319885254, 0.01743520051240921, 0.06690452992916107, 0.0, 0.15314941108226776, 2.1603035926818848, 0.1309887170791626, 0.4855774939060211, 0.2020094394683838, 0.6645321846008301, 0.32711541652679443, 0.10936737060546875, 1.4204151630401611, 0.045686446130275726, 0.0595969557762146, 0.11375487595796585, 0.07784272730350494, 1.1343042850494385, 0.00024471478536725044, 1.2190687656402588, 0.2727307379245758, 0.16258203983306885, 0.1752188801765442, 0.01337637472897768, 0.227170929312706, 0.07385598123073578, 0.2020104080438614, 1.3395090103149414, 0.06262031942605972, 0.36054322123527527, 0.04579219967126846, 0.523040771484375, 0.2548059821128845, 0.3479304313659668, 0.1388130933046341, 1.3521769046783447, 0.0, 0.049374088644981384, 0.10665374249219894, 0.5626468658447266, 0.11819390207529068, 0.48455774784088135, 0.09483171999454498, 0.002388932276517153, 0.5313616991043091, 0.13239461183547974, 0.06393077224493027, 0.16402937471866608, 0.015067348256707191, 0.10324307531118393, 0.20549575984477997, 0.0, 0.1988690048456192, 0.4505634009838104, 0.24734316766262054, 0.21552053093910217, 0.43493878841400146, 0.7497774958610535, 0.06656874716281891, 0.0017310380935668945, 1.9057830572128296, 0.19059933722019196, 0.07907320559024811, 1.7946643829345703, 0.19438622891902924, 1.9958369731903076, 0.021765878424048424, 0.2617006003856659, 0.031268954277038574, 0.1458515077829361, 0.23291422426700592, 0.040486350655555725, 0.08269596099853516, 0.21991971135139465, 0.35978415608406067, 0.7255282402038574, 0.6739161014556885, 0.03540733456611633, 0.2472161054611206, 0.03008870780467987, 0.20478269457817078, 0.5735180377960205, 0.021053876727819443, 0.20107810199260712, 0.0373745821416378, 1.1977977752685547, 0.4958508014678955, 0.1440454125404358, 0.13968440890312195, 0.032899077981710434, 0.0, 0.2940373420715332, 0.6018800735473633, 0.5563376545906067, 0.08282680064439774, 0.7944345474243164, 0.667357325553894, 0.7302063703536987, 0.14037851989269257, 0.3130576014518738, 0.0, 0.8844218254089355, 0.006841001566499472, 0.1486944854259491, 1.0704545974731445, 0.4175926446914673, 0.7249013185501099, 0.3064356744289398, 0.021848522126674652, 0.2783946096897125, 1.0444514751434326, 0.23823434114456177, 0.09888123720884323, 0.5264276266098022, 1.487095832824707, 0.352388858795166, 0.9555240273475647, 0.38220441341400146, 3.308255910873413, 1.0376816987991333, 0.8126166462898254, 0.17278939485549927, 0.45755884051322937, 0.14248372614383698, 0.0, 0.1395161747932434, 0.21189318597316742, 1.1389697790145874, 0.7257110476493835, 0.355374276638031, 0.2831520736217499, 0.5908343195915222, 0.3581071197986603, 0.3245905339717865, 0.8554365038871765, 0.45932096242904663, 0.08548301458358765, 0.2642435133457184, 0.16009706258773804, 3.311455011367798, 0.0, 0.0948764830827713, 0.11486589908599854, 0.5837062001228333, 0.07056273519992828, 0.19096378982067108, 1.1970487833023071, 0.7523605823516846, 0.584385871887207, 1.52144455909729, 1.433824062347412, 0.43580955266952515, 0.3732210695743561, 0.027327775955200195, 0.005713762249797583, 0.04302677884697914, 0.07681618630886078, 0.6127469539642334, 0.6727291941642761, 0.421922892332077, 1.0377912521362305, 0.07688549906015396, 5.8863630294799805, 0.07039353251457214, 0.7240438461303711, 0.46856972575187683, 1.1860686540603638, 0.05424400418996811, 1.5578464269638062, 0.6507315635681152, 0.5050681233406067, 0.8906400799751282, 1.3519548177719116, 1.8592233657836914, 0.7065733075141907, 0.4171418845653534, 0.13446955382823944, 0.24364323914051056, 0.13986876606941223, 0.9348353147506714, 1.374056339263916, 0.14250719547271729, 0.47415512800216675, 0.0, 0.33355996012687683, 2.162257194519043, 0.28237879276275635, 0.1480725109577179, 0.5305173993110657, 0.2576829195022583, 0.0, 0.020867133513092995, 0.2764962315559387, 0.4729693531990051, 0.4469691812992096, 0.6630351543426514, 0.6805834174156189, 1.0408638715744019, 0.10507786273956299, 0.540865421295166, 0.04604726284742355, 1.4283459186553955, 0.3360311985015869, 1.200036644935608, 0.4067709147930145, 0.04937438666820526, 0.888678252696991, 0.014401732943952084, 0.1469094455242157, 1.9282517433166504, 0.26607370376586914, 0.06734851747751236, 0.03923236206173897, 0.028948847204446793, 0.5300551652908325, 2.7722229957580566, 0.21410062909126282, 0.13355183601379395, 0.32000043988227844, 0.44770127534866333, 0.47079288959503174, 0.0, 0.42312803864479065, 0.03924259915947914, 0.32957595586776733, 3.590085983276367, 0.04189211130142212, 0.2053118795156479, 0.05597713217139244, 0.7395224571228027, 0.27014806866645813, 1.3783944845199585, 1.1488704681396484, 0.5173372626304626, 0.7136533856391907, 0.37242555618286133, 0.8364443182945251, 0.17032483220100403, 3.3062288761138916, 1.5082091093063354, 0.15072372555732727, 0.05575847625732422, 0.16311585903167725, 0.4055383503437042, 0.08542249351739883, 0.2636677622795105, 0.0734553411602974, 0.3017733693122864, 0.09029484540224075, 0.07809169590473175, 0.24390099942684174, 2.0370638370513916, 0.12382768094539642, 0.14628776907920837, 0.14921119809150696, 0.20900949835777283, 0.01539295818656683, 0.31663399934768677, 0.2662629187107086, 0.0925167053937912, 2.9658071994781494, 0.5172041058540344, 0.025053104385733604, 0.3015502095222473, 1.1700825691223145, 0.09297368675470352, 2.490673065185547, 0.8011856079101562, 0.0, 0.22323615849018097, 0.0, 0.011509661562740803, 0.3322077691555023, 0.35742709040641785, 0.502537190914154, 0.06351335346698761, 0.22100627422332764, 0.06210101768374443, 0.05976242572069168, 0.0, 2.5101895332336426, 0.007706598378717899, 0.4127492308616638, 0.05284516513347626, 0.19610781967639923, 0.0, 0.8166424632072449, 0.686363160610199, 0.7546889781951904, 2.4341471195220947, 0.3220990002155304, 0.16953009366989136, 0.28603944182395935, 0.29549065232276917, 0.00909673236310482, 0.06759217381477356, 0.13723383843898773, 0.058018699288368225, 0.5528931617736816, 0.1311577707529068, 0.18314000964164734, 0.08878319710493088, 0.25038957595825195, 0.5102509260177612, 0.4233880341053009, 0.2693805694580078, 0.0, 1.1650023460388184, 0.19887328147888184, 0.631702721118927, 0.6435025930404663, 0.13117589056491852, 0.4832330048084259, 0.9779882431030273, 0.3059570789337158, 0.43603745102882385, 0.05679413303732872, 0.6799176335334778, 0.5138216018676758, 0.10230257362127304, 0.013988176360726357, 0.3096086084842682, 0.8934446573257446, 0.9309148788452148, 0.30415016412734985, 0.017341971397399902, 0.6683562994003296, 1.112381100654602, 0.0, 2.673814058303833, 0.171958789229393, 0.0, 1.9530730247497559, 0.0, 1.5789936780929565, 4.052768707275391, 3.078441619873047, 0.6142122745513916, 0.021672047674655914, 0.25766894221305847, 0.26925939321517944, 0.8238959908485413, 0.06919621676206589, 0.02950187399983406, 0.0, 0.12793464958667755, 0.013648451305925846, 0.1647074818611145, 0.6945244669914246, 0.027352143079042435, 0.018589232116937637, 0.1793016493320465, 0.75723797082901, 0.06963777542114258, 0.1332186609506607, 0.04258112609386444, 0.0670844241976738, 0.27103376388549805, 0.783356249332428, 0.09320339560508728, 0.0, 0.02418236806988716, 0.009531867690384388, 0.14948108792304993, 0.3299046456813812, 0.27765119075775146, 0.07323776185512543, 0.04714462533593178, 1.1079742908477783, 0.02808579057455063, 2.833141326904297, 4.550750255584717, 0.7486211657524109, 0.8775222897529602, 0.9984733462333679, 0.14334973692893982, 0.1679590940475464, 0.2808576822280884, 0.42044004797935486, 0.1222570538520813, 3.3707070350646973, 0.5999588966369629, 1.1408265829086304, 0.3934917151927948, 2.676443099975586, 0.15431848168373108, 0.34570005536079407, 0.0, 0.007076696492731571, 0.7160874009132385, 0.05858801677823067, 0.04479163885116577, 0.0, 0.26154136657714844, 0.07144444435834885, 0.3730032742023468, 0.17531752586364746, 0.13083502650260925, 0.5666537284851074, 0.08350776880979538, 0.4314993917942047, 0.10097531229257584, 0.17866210639476776, 0.5764672160148621, 0.056868236511945724, 0.6043039560317993, 0.9358698725700378, 0.00688116904348135, 0.1300548017024994, 1.3474977016448975, 0.4558773338794708, 0.16849271953105927, 0.5745351910591125, 0.09422356635332108, 0.7851443290710449, 0.06499581784009933, 0.21218813955783844, 2.6005821228027344, 0.6754428148269653, 0.7651951909065247, 0.133620947599411, 0.3937808573246002, 0.0008467873558402061, 0.22185903787612915, 0.3633410334587097, 0.07846613228321075, 0.3989439606666565, 0.6939921379089355, 0.23619069159030914, 0.0, 0.08361924439668655, 0.7256436347961426, 0.7185900807380676, 0.13740767538547516, 0.008366696536540985, 1.0231146812438965, 1.2683475017547607, 0.2145327478647232, 0.02580634504556656, 0.09512221813201904, 0.011498485691845417, 0.0, 1.1580066680908203, 0.0, 0.6147973537445068, 0.0, 0.8753839731216431, 0.055790744721889496, 0.24275162816047668, 0.13665038347244263, 0.9421924948692322, 0.023107971996068954, 0.1548866331577301, 0.41583847999572754, 0.2963642477989197, 0.1690591722726822, 1.393316626548767, 0.8695951700210571, 1.0811553001403809, 0.053742822259664536, 0.09928982704877853, 0.37553757429122925, 0.7603052258491516, 2.202690362930298, 0.30907949805259705, 1.0064589977264404, 0.47220882773399353, 0.16710075736045837, 0.4708579182624817, 0.5565618872642517, 0.8584680557250977, 0.22670753300189972, 0.0, 0.09764586389064789, 3.58768892288208, 0.3734634220600128, 0.09610936790704727, 0.15995031595230103, 0.6220515370368958, 0.532130777835846, 0.6363765001296997, 0.3714141547679901, 0.05584578588604927, 0.3786660432815552, 0.7605466246604919, 0.4194107949733734, 0.032175589352846146, 0.04767444357275963, 0.2488042414188385, 1.262359857559204, 0.3808755576610565, 0.5339357256889343, 0.2337636798620224, 0.177581787109375, 0.4037545621395111, 0.35488954186439514, 0.0, 0.0, 1.3419468402862549, 0.3170149028301239, 0.1633490025997162, 1.0912858247756958, 0.17883160710334778, 0.19164077937602997, 1.516980528831482, 0.12466784566640854, 0.06640166789293289, 1.6427922248840332, 0.10286891460418701, 0.1821637600660324, 0.051017045974731445, 0.18765661120414734, 1.058485746383667, 0.18557804822921753, 0.5028573870658875, 1.128247618675232, 0.3979911506175995, 1.1849393844604492, 1.5264989137649536, 0.31024643778800964, 0.0041994876228272915, 0.5919938683509827, 0.35152965784072876, 0.15189504623413086, 0.4892439842224121, 1.3057347536087036, 0.13635891675949097, 0.21850267052650452, 1.948012113571167, 0.22164452075958252, 0.037645407021045685, 0.8021026253700256, 0.046718720346689224, 1.1725541353225708, 0.027485957369208336, 0.09306668490171432, 0.9547496438026428, 0.6653689742088318, 0.3070594370365143, 0.19650714099407196, 0.005886790808290243, 3.246748685836792, 0.587999701499939, 0.2532510459423065, 0.042231086641550064, 1.2017933130264282, 0.023830024525523186, 0.0, 0.6661800742149353, 0.08569449931383133, 0.0, 0.04872971028089523, 0.2564404308795929, 0.0, 0.6000213027000427, 1.9943846464157104, 0.01395835168659687, 1.5080519914627075, 0.32744309306144714, 0.928831160068512, 0.3628605008125305, 0.0, 0.08775065094232559, 0.0008870192687027156, 0.1188330352306366, 0.1998603194952011, 0.127883642911911, 0.4852388799190521, 0.4333358705043793, 0.553281843662262, 0.8379185795783997, 0.08701947331428528, 0.6541536450386047, 0.047724805772304535, 0.10045117139816284, 0.22855839133262634, 0.0749163031578064, 1.3156514167785645, 1.093851089477539, 0.08796337991952896, 0.036174580454826355, 0.256545752286911, 0.039322253316640854, 0.6453274488449097, 0.1311812400817871, 0.10109756141901016, 0.32956555485725403, 0.11718539893627167, 0.004510689526796341, 0.028018146753311157, 0.16885598003864288, 0.5849564075469971, 0.144734725356102, 0.4881972372531891, 1.3273122310638428, 0.21924540400505066, 0.08178959786891937, 0.0, 0.4781336784362793, 0.031617261469364166, 0.4576292932033539, 0.2451457977294922, 0.7910639047622681, 0.0, 0.14295519888401031, 0.000337705307174474, 0.79500812292099, 0.38752272725105286, 0.6293835639953613, 0.7039904594421387, 0.0, 0.3014199435710907, 0.0, 0.26145511865615845, 0.0, 0.0, 0.24005694687366486, 0.0, 0.4886765778064728, 0.011383254081010818, 1.6878468990325928, 0.015823109075427055, 0.0713987872004509, 0.5045399069786072, 1.0534722805023193, 0.5088216662406921, 1.7668838500976562, 0.013250637799501419, 0.22689153254032135, 0.039422787725925446, 0.11233220994472504, 1.173240065574646, 2.2024128437042236, 0.0830484926700592, 0.12235984206199646, 0.04269569367170334, 2.5518832206726074, 0.49242910742759705, 0.7829896807670593, 0.6748281717300415, 0.3936989903450012, 0.7653167247772217, 2.332850456237793, 1.1536383628845215, 1.0099601745605469, 2.2958993911743164, 0.046120211482048035, 0.04528583958745003, 0.5603956580162048, 0.6430106163024902, 0.010412323288619518, 0.43421563506126404, 0.0012971381656825542, 0.7915201783180237, 0.0, 0.10011498630046844, 0.10783691704273224, 0.02391846850514412, 0.17386622726917267, 0.7439005374908447, 0.10204312950372696, 0.18714886903762817, 0.1268526315689087, 1.3677923679351807, 0.21169722080230713, 1.3829565048217773, 0.0, 1.0217375755310059, 0.04734641686081886, 0.7478986978530884, 0.4241122007369995, 0.058322589844465256, 0.6529186964035034, 1.849571704864502, 0.20242932438850403, 0.2733026146888733, 0.7716304063796997, 0.83147132396698, 0.13552573323249817, 0.6315633058547974, 0.07028163969516754, 0.05700235813856125, 1.620976209640503, 0.6077531576156616, 0.28187984228134155, 0.055895429104566574, 0.02268613688647747, 0.26669079065322876, 0.03183859586715698, 2.5659751892089844, 0.6158269643783569, 0.00787306297570467, 0.0, 0.507091224193573, 0.9492726922035217, 1.210411548614502, 0.9991403818130493, 0.08964993804693222, 0.10169735550880432, 0.04115376994013786, 0.32133689522743225, 2.569246292114258, 0.0, 0.23568978905677795, 0.8317100405693054, 0.6417719125747681, 0.6308789253234863, 0.0, 0.04700138047337532, 0.11118908226490021, 0.0, 0.020075129345059395, 1.0363191366195679, 0.7076130509376526, 0.029943332076072693, 0.14353486895561218, 0.1836988478899002, 1.5758522748947144, 0.4595475494861603, 0.12678147852420807, 0.6525383591651917, 1.4023711681365967, 0.13307633996009827, 0.5721527338027954, 0.17081958055496216, 0.53740394115448, 1.2150828838348389, 0.18854667246341705, 7.177740573883057, 0.0, 0.4517836570739746, 0.08744052797555923, 0.4700002372264862, 0.009859525598585606, 1.4565601348876953, 0.15728606283664703, 0.0, 0.24959196150302887, 0.0, 0.7087228894233704, 1.6047123670578003, 0.3356638550758362, 0.4359038472175598, 0.1654144525527954, 0.1900484561920166, 0.33653441071510315, 0.1160418763756752, 0.32257723808288574, 1.1127227544784546, 1.7514451742172241, 0.02170705795288086, 0.0, 0.014064058661460876, 0.20612835884094238, 0.050240784883499146, 3.5875742435455322, 1.3969694375991821, 0.05451968312263489, 0.0, 0.0883956030011177, 0.21967658400535583, 0.30182045698165894, 3.3411693572998047, 0.014875725843012333, 1.1404588222503662, 0.1748977154493332, 0.11782389879226685, 0.7626137733459473, 1.2640899419784546, 0.22333106398582458, 1.417159080505371, 0.5360558032989502, 0.3156704902648926, 0.9187162518501282, 0.34763264656066895, 0.004139387048780918, 0.6233539581298828, 0.10876476764678955, 2.4205498695373535, 0.0, 0.2250491976737976, 0.2922460734844208, 1.4565051794052124, 0.27639949321746826, 0.2133474349975586, 1.4497582912445068, 0.47395211458206177, 0.044069793075323105, 0.11333169788122177, 2.192800998687744, 0.7385818958282471, 0.5737820267677307, 0.0, 0.04339044913649559, 0.6527796983718872, 0.021149979904294014, 0.1072457954287529, 0.005820831283926964, 2.018916130065918, 0.16542169451713562, 0.1435125470161438, 0.02064080350100994, 0.8026570081710815, 0.3422713875770569, 1.109169602394104, 0.17453664541244507, 0.45370063185691833, 0.13183334469795227, 0.8887726068496704, 0.044212449342012405, 0.05516713485121727, 0.17551356554031372, 0.42598000168800354, 0.0, 0.28724393248558044, 0.15548816323280334, 0.04198164865374565, 0.27182069420814514, 0.020100858062505722, 0.643389105796814, 1.623960018157959, 0.30237749218940735, 0.419165700674057, 0.5839902758598328, 0.03571794927120209, 0.045695673674345016, 0.41309815645217896, 0.0, 0.002843942027539015, 0.11237695068120956, 0.14991596341133118, 2.2545368671417236, 0.24884623289108276, 1.579277515411377, 0.012790966778993607, 0.6091428995132446, 3.0036141872406006, 1.577925682067871, 0.005549226421862841, 0.06251855939626694, 0.9466181993484497, 0.24454516172409058, 1.0265227556228638, 0.3316185176372528, 0.39866089820861816, 0.7647606730461121, 0.0, 0.17457187175750732, 0.4858224093914032, 0.0786203071475029, 1.1739379167556763, 1.444877028465271, 0.8854976296424866, 1.5095493793487549, 0.6095753312110901, 0.16493818163871765, 1.6758612394332886, 0.0768318697810173, 1.4102681875228882, 0.09497088193893433, 0.13439790904521942, 0.3630499243736267, 0.1732909083366394, 5.087234973907471, 0.002470996929332614, 0.22219538688659668, 0.1509307622909546, 0.2816479206085205, 0.26571521162986755, 0.965485155582428, 0.04020251706242561, 0.09313655644655228, 0.2283390760421753, 0.24178220331668854, 0.1282157450914383, 1.1167031526565552, 0.20028948783874512, 0.21155880391597748, 0.5997434854507446, 0.011836613528430462, 0.0, 1.1177606582641602, 0.0, 0.01225584838539362, 0.556128740310669, 0.3348482549190521, 1.3761544227600098, 0.9263018369674683, 0.02820277027785778, 0.054034244269132614, 0.052685756236314774, 0.11983153223991394, 0.04159652441740036, 0.7211029529571533, 0.5480549931526184, 0.022777384147047997, 0.21115460991859436, 0.9014254808425903, 0.08336623758077621, 0.09681149572134018, 0.3297045826911926, 0.6895943284034729, 0.4029625952243805, 0.0, 1.9971492290496826, 0.8633705973625183, 1.7234203815460205, 0.5734537839889526, 0.4232751429080963, 0.26210182905197144, 1.0691089630126953, 1.1448169946670532, 3.372056007385254, 0.5751115083694458, 0.5686171650886536, 0.18595725297927856, 1.1004817485809326, 1.2405294179916382, 0.8937279582023621, 0.6211491823196411, 1.620785117149353, 0.3282889425754547, 0.025250187143683434, 0.10119865089654922, 0.02121848426759243, 0.5103120803833008, 0.7685711979866028, 0.9013811349868774, 0.0, 0.21825319528579712, 0.07874348014593124, 0.37877583503723145, 0.006577472202479839, 0.5822077989578247, 0.4758390188217163, 0.38474974036216736, 0.2432601898908615, 1.168763518333435, 0.2249535769224167, 0.28031423687934875, 0.004876808263361454, 0.18504071235656738, 0.4825032353401184, 0.2825431525707245, 0.0, 0.05478769540786743, 0.6105722188949585, 0.844348669052124, 0.2468748688697815, 1.522292971611023, 0.0, 0.032722994685173035, 0.8151378035545349, 0.0]",Testing/glioma_tumor/image(91).jpg
"[0.3668314218521118, 1.5180869102478027, 0.0, 0.3732645809650421, 0.7193726301193237, 0.07911223918199539, 1.4617247581481934, 0.08119487017393112, 0.07834069430828094, 0.0, 0.03166181221604347, 0.20665983855724335, 0.13866369426250458, 0.8478760719299316, 0.783845067024231, 0.13990384340286255, 1.645847201347351, 0.6227753162384033, 0.6794683337211609, 0.0, 0.4130389094352722, 0.8418731689453125, 1.949448823928833, 0.0, 0.7807081341743469, 0.40252962708473206, 2.6915719509124756, 1.0263677835464478, 0.16316598653793335, 0.0, 0.15582458674907684, 0.4351249933242798, 1.592298984527588, 0.7193318605422974, 0.4755188226699829, 0.09530709683895111, 0.7165603637695312, 0.4848797917366028, 0.08794079720973969, 0.371524453163147, 1.45932936668396, 0.7205484509468079, 0.08609170466661453, 0.46446937322616577, 0.0, 0.4632887840270996, 0.011903960257768631, 0.0, 0.06714144349098206, 0.7435725331306458, 0.6656267642974854, 1.3844242095947266, 1.247361421585083, 0.0057635013945400715, 1.59126877784729, 1.899326205253601, 0.23945879936218262, 0.4440562129020691, 1.7888747453689575, 0.0, 0.5672134160995483, 1.356093406677246, 0.09791046380996704, 0.12648962438106537, 0.7059512734413147, 0.006719360593706369, 0.45364910364151, 0.11117711663246155, 0.0979735255241394, 0.0, 0.8109617233276367, 0.018665000796318054, 0.09890235215425491, 2.184755802154541, 0.0, 0.0, 0.9895182251930237, 0.40755051374435425, 0.0, 3.072012186050415, 0.0, 0.01937115751206875, 0.3966936469078064, 0.0, 1.5360159873962402, 0.6297024488449097, 2.3586580753326416, 0.31602004170417786, 0.12075628340244293, 0.25066760182380676, 0.7749577760696411, 0.2361680120229721, 0.08259429037570953, 0.37182939052581787, 0.4737358093261719, 0.12773728370666504, 0.19651710987091064, 0.5707071423530579, 0.32359564304351807, 0.04122978821396828, 0.5544497966766357, 0.7012599110603333, 0.16564896702766418, 0.4144585132598877, 0.9135029315948486, 0.07021474093198776, 0.20515668392181396, 0.035457998514175415, 0.0, 0.7750145196914673, 0.11366671323776245, 0.5646710395812988, 0.07548290491104126, 0.015221226029098034, 0.1392398178577423, 0.033182427287101746, 0.0008789349813014269, 1.5157588720321655, 0.01614372618496418, 0.9314313530921936, 0.01076098158955574, 0.10242598503828049, 0.0, 0.0, 0.047376543283462524, 1.4045774936676025, 0.20569272339344025, 0.2043563276529312, 2.8992810249328613, 0.0, 0.0, 1.3786790370941162, 0.07468777149915695, 0.0, 0.018141603097319603, 0.009844573214650154, 0.553864598274231, 0.15936748683452606, 0.11540165543556213, 0.04025496169924736, 0.15696190297603607, 0.5088979005813599, 0.0, 0.022596018388867378, 0.1850367784500122, 0.3237537145614624, 0.3581869304180145, 0.9094337224960327, 0.4561844766139984, 0.2058495432138443, 1.5366532802581787, 0.8222876787185669, 0.06777411699295044, 0.0, 0.123846635222435, 0.8140473365783691, 0.07250744849443436, 0.3950928747653961, 1.889401912689209, 0.022684365510940552, 0.9010120034217834, 1.068342685699463, 0.0, 0.9365041255950928, 0.23716950416564941, 0.03310181573033333, 1.5575474500656128, 0.37361273169517517, 0.5037443041801453, 8.718942642211914, 0.41406381130218506, 0.1377103328704834, 0.20658081769943237, 0.6770484447479248, 3.073878049850464, 0.411975234746933, 0.26393553614616394, 0.5041218996047974, 0.0, 1.1694698333740234, 0.10698579996824265, 0.011904924176633358, 1.063975214958191, 0.03624387085437775, 0.0, 0.4125770628452301, 0.04899466782808304, 1.2005876302719116, 0.9134653210639954, 0.0, 0.14838723838329315, 0.032280370593070984, 0.9241443276405334, 0.056468475610017776, 0.6023752093315125, 0.8868817687034607, 0.023036684840917587, 0.8205088973045349, 0.2679222822189331, 0.11981438845396042, 2.1042120456695557, 0.29916834831237793, 0.6629843711853027, 0.03196896240115166, 2.2392148971557617, 0.18919970095157623, 0.04033561050891876, 0.07748286426067352, 0.5076749920845032, 0.19917477667331696, 0.427320271730423, 3.0978853702545166, 0.014174776151776314, 0.21639376878738403, 0.15598182380199432, 1.4060114622116089, 0.20943014323711395, 0.06804707646369934, 0.1144704818725586, 0.0, 1.4381189346313477, 0.04818333312869072, 1.9916136264801025, 0.016332048922777176, 0.0, 1.2068489789962769, 0.9577455520629883, 0.04820176586508751, 0.2971090078353882, 1.1216340065002441, 0.39157888293266296, 1.032238245010376, 0.7079528570175171, 0.2912481129169464, 3.0183143615722656, 0.1908673644065857, 0.13495513796806335, 0.23768770694732666, 0.4994952082633972, 0.10250984877347946, 0.2394186109304428, 0.3969520330429077, 1.5821527242660522, 0.012439270503818989, 0.05184974893927574, 0.2530343532562256, 2.2776288986206055, 2.2648775577545166, 0.02918664552271366, 2.692857027053833, 0.4720790982246399, 0.0, 0.33491718769073486, 2.0424959659576416, 0.5808711051940918, 0.059625279158353806, 0.4816794991493225, 0.7917401790618896, 0.11300661414861679, 0.2371472716331482, 0.4816517233848572, 0.0, 2.0062344074249268, 0.04155302047729492, 0.0, 0.24660111963748932, 0.0, 0.9774345755577087, 0.0, 0.14957848191261292, 0.3934369683265686, 0.8627883195877075, 0.3504777252674103, 0.2795892357826233, 2.9199180603027344, 0.261076956987381, 0.4765126407146454, 2.6612722873687744, 0.8978012800216675, 0.12063900381326675, 0.5990786552429199, 0.34021326899528503, 2.9246633052825928, 1.0889323949813843, 0.028256429359316826, 1.9014501571655273, 0.2501031458377838, 0.019111312925815582, 0.0798378512263298, 0.0724739208817482, 0.1246790811419487, 0.17249616980552673, 0.0, 0.18535391986370087, 0.4990721642971039, 3.257796287536621, 0.030454479157924652, 0.18605385720729828, 0.0, 0.0673326775431633, 0.9664604067802429, 0.09931503236293793, 2.8679563999176025, 0.5934829115867615, 3.496427059173584, 0.3540603220462799, 0.34420323371887207, 0.3169179856777191, 0.4677595794200897, 0.5200481414794922, 0.11822612583637238, 0.601310133934021, 0.11020053923130035, 0.6602654457092285, 0.1923712193965912, 0.6055421829223633, 0.840752899646759, 0.07837771624326706, 0.0, 0.780206024646759, 0.7253347635269165, 2.255249261856079, 0.26115477085113525, 0.22193799912929535, 0.004377506207674742, 0.05799134075641632, 0.6055289506912231, 0.0, 5.674489498138428, 0.4039156436920166, 0.2971024513244629, 0.0, 1.5900447368621826, 1.1284562349319458, 0.08733572065830231, 0.289427787065506, 2.5905072689056396, 0.31984344124794006, 1.453205943107605, 0.21988962590694427, 1.5915669202804565, 0.06272657960653305, 0.14986102283000946, 0.35345929861068726, 0.0028869668021798134, 0.4209286570549011, 0.4085824489593506, 0.0031590925063937902, 0.005040455609560013, 0.6001022458076477, 0.05889974161982536, 0.15721625089645386, 0.12689585983753204, 0.21338003873825073, 0.6234927773475647, 0.033927518874406815, 0.05135396867990494, 0.03434259817004204, 0.5875747203826904, 0.36520618200302124, 0.03477654978632927, 2.888888359069824, 0.1873989701271057, 0.04808119311928749, 0.7559092044830322, 0.015725048258900642, 0.20859141647815704, 0.2222214937210083, 1.6213033199310303, 0.11026948690414429, 0.20222246646881104, 0.08074646443128586, 1.2722238302230835, 1.310336709022522, 0.08266095817089081, 0.018317053094506264, 2.64341402053833, 0.23309588432312012, 0.012577013112604618, 0.16614633798599243, 0.4336424171924591, 0.0, 0.0, 0.04897720366716385, 0.31899401545524597, 1.0561654567718506, 0.9044685363769531, 0.08527857810258865, 0.0039108628407120705, 0.039423614740371704, 0.03673683479428291, 0.561536431312561, 0.9324086904525757, 0.03541609272360802, 0.6455470323562622, 2.9760866165161133, 0.013412450440227985, 1.0868226289749146, 0.0, 0.4222896099090576, 0.4385637044906616, 0.0007049453561194241, 0.381180077791214, 0.0, 0.16855072975158691, 0.713590681552887, 0.09763794392347336, 0.03015783615410328, 0.34657782316207886, 1.035898208618164, 0.1762002855539322, 0.3502660393714905, 0.3222323954105377, 0.13814526796340942, 0.058913037180900574, 0.6514505743980408, 0.0, 0.31988322734832764, 0.6779978275299072, 0.6114566922187805, 0.7645925283432007, 0.33512088656425476, 0.42064616084098816, 2.0569307804107666, 0.2976338267326355, 0.0, 0.04223232716321945, 0.23137450218200684, 0.020607154816389084, 0.031555142253637314, 1.5512185096740723, 0.6035999655723572, 1.1499278545379639, 0.1693570613861084, 0.8372346758842468, 0.2652609944343567, 0.05637289583683014, 1.7631982564926147, 2.0582151412963867, 0.0, 0.6666420102119446, 0.014448885805904865, 0.7691291570663452, 0.012166276574134827, 0.8591932058334351, 0.8971368670463562, 0.06631408631801605, 1.3213491439819336, 0.31970617175102234, 0.29650887846946716, 0.2647079527378082, 0.26736798882484436, 0.5450751781463623, 0.0, 0.09159822762012482, 0.25415706634521484, 0.5154246091842651, 0.12355975806713104, 0.09292752295732498, 0.9166456460952759, 0.8520218729972839, 2.4072327613830566, 1.241133213043213, 0.20083141326904297, 0.05826351046562195, 0.2869018018245697, 0.08732562512159348, 1.6289626359939575, 0.6179535388946533, 0.039188921451568604, 0.00712085235863924, 0.4984985589981079, 0.01806860975921154, 0.25017908215522766, 0.7750729918479919, 0.1232234314084053, 1.700853943824768, 0.0, 0.045015618205070496, 0.5143811106681824, 1.8107722997665405, 0.0580732524394989, 1.434950351715088, 0.061984822154045105, 0.3002402186393738, 0.06163065880537033, 0.002055790973827243, 0.04296804964542389, 1.920236349105835, 0.30830514430999756, 0.26987650990486145, 1.692923665046692, 0.012826189398765564, 1.105898141860962, 4.340477466583252, 0.2876066565513611, 0.39140456914901733, 0.05745881050825119, 3.36796236038208, 0.5847245454788208, 0.4475012719631195, 1.5729687213897705, 0.17724156379699707, 2.960350751876831, 0.1788794845342636, 0.70722496509552, 0.48993822932243347, 0.12677083909511566, 0.0008698239689692855, 0.5874984264373779, 0.016072800382971764, 0.48812055587768555, 0.005490901414304972, 0.7469489574432373, 0.009485661052167416, 0.8540593981742859, 1.3212822675704956, 0.0, 0.005460970103740692, 0.22703464329242706, 0.011130459606647491, 1.0308425426483154, 0.058620866388082504, 0.08559252321720123, 0.015954719856381416, 0.921765923500061, 0.0, 0.000529868237208575, 0.15344107151031494, 1.310203194618225, 0.6577658653259277, 0.23608964681625366, 0.7777456045150757, 1.645443081855774, 0.1423485279083252, 1.5033695697784424, 1.749542236328125, 0.6714814901351929, 0.049146536737680435, 0.0, 0.007698190398514271, 0.32512611150741577, 1.1063650846481323, 0.501004695892334, 0.6259812116622925, 0.4888480007648468, 0.2016562670469284, 0.8840689659118652, 0.9788948893547058, 0.1831333190202713, 0.45955967903137207, 0.0942680686712265, 0.44541749358177185, 0.11305588483810425, 0.4067491292953491, 3.2535133361816406, 0.2529086172580719, 0.0, 0.020289206877350807, 0.15777958929538727, 1.6823012828826904, 0.6836144328117371, 0.5514400005340576, 0.1843353509902954, 0.05793250724673271, 0.44494161009788513, 0.7066934704780579, 0.10070105642080307, 0.8958010077476501, 0.328347384929657, 0.9493876695632935, 0.18392586708068848, 0.07787487655878067, 0.23620985448360443, 0.06380905210971832, 0.3166942298412323, 0.10478934645652771, 1.511859655380249, 0.062451399862766266, 0.2253163754940033, 0.3529997766017914, 0.010682332329452038, 0.8510648012161255, 0.7358642816543579, 0.0, 0.03922326862812042, 0.1856207400560379, 0.16106857359409332, 0.0, 0.0, 0.7010326981544495, 0.09932002425193787, 0.09286167472600937, 0.052039556205272675, 0.0, 0.048767246305942535, 0.19754736125469208, 0.19794560968875885, 0.04710966348648071, 1.0508968830108643, 2.2265865802764893, 0.18511249125003815, 1.7357794046401978, 0.27075451612472534, 0.07890677452087402, 0.06269951909780502, 0.11988549679517746, 0.3334961235523224, 0.44845086336135864, 3.676659107208252, 3.7581586837768555, 0.0, 1.1027946472167969, 0.009793272241950035, 0.0, 0.007734230719506741, 0.022857340052723885, 0.11053074896335602, 0.03070719540119171, 0.16948655247688293, 0.044414181262254715, 0.0878269150853157, 4.114375114440918, 0.19182242453098297, 0.38811323046684265, 0.836652934551239, 0.2527085244655609, 0.5282167792320251, 0.06669931858778, 0.08025261014699936, 0.3147936463356018, 0.34237760305404663, 0.7803348898887634, 0.09282077103853226, 0.016641227528452873, 0.05308675393462181, 0.5925858020782471, 0.006434903014451265, 0.03720469772815704, 0.0, 0.6377149224281311, 0.02864398993551731, 0.2911584675312042, 0.1205388680100441, 0.0, 0.6012576222419739, 1.955196738243103, 0.11419552564620972, 0.061896853148937225, 0.0, 0.004681579768657684, 0.4454258978366852, 0.016305536031723022, 0.0, 0.4442722797393799, 0.2579632103443146, 0.36010757088661194, 0.07113813608884811, 0.38097062706947327, 0.0, 1.012459635734558, 0.40421411395072937, 0.6214287877082825, 0.06320293247699738, 0.503143846988678, 0.0, 2.620582342147827, 0.381747841835022, 0.37888070940971375, 1.3166438341140747, 0.09032425284385681, 0.7857348918914795, 0.3668919801712036, 0.4843451976776123, 0.5990092158317566, 2.011019706726074, 0.0, 0.0918835997581482, 0.025500403717160225, 2.944603204727173, 1.0511205196380615, 0.1430637240409851, 0.05097450688481331, 0.27217793464660645, 2.731921672821045, 0.5481956005096436, 0.1340905725955963, 0.8310338854789734, 0.6228715777397156, 1.010329008102417, 0.18429191410541534, 0.16740234196186066, 0.1254824846982956, 0.04233747720718384, 0.030964531004428864, 0.3908517062664032, 2.0844485759735107, 0.6002978682518005, 0.3079563081264496, 0.03103022836148739, 0.32991498708724976, 0.1208946481347084, 0.12804633378982544, 0.03467665985226631, 0.0, 0.13925865292549133, 1.619579553604126, 0.16824251413345337, 2.532719135284424, 0.0, 4.944492816925049, 0.05987843871116638, 0.18946455419063568, 0.0, 0.5688046813011169, 0.037657562643289566, 0.3022628724575043, 0.0, 0.10179919749498367, 0.012246625497937202, 0.33987677097320557, 3.5015993118286133, 0.38137856125831604, 0.045689817517995834, 0.33609020709991455, 1.9757486581802368, 1.2148164510726929, 0.8391066789627075, 0.09389085322618484, 0.3914184868335724, 0.7200106382369995, 0.3862209618091583, 0.16134712100028992, 0.8038925528526306, 0.2673569321632385, 0.07555744796991348, 0.3394660949707031, 1.4079593420028687, 0.9287168383598328, 0.04762231931090355, 0.3249590992927551, 0.0030355211347341537, 2.5620152950286865, 0.013702134601771832, 0.11340901255607605, 1.516597032546997, 0.06124928221106529, 0.010600539855659008, 1.049524188041687, 0.5819160342216492, 0.39449185132980347, 0.772747278213501, 0.1633540242910385, 0.0, 1.867988109588623, 0.11626061797142029, 1.2691304683685303, 0.793279230594635, 0.0, 0.23019802570343018, 1.2794972658157349, 0.5998051166534424, 0.5440640449523926, 1.1273993253707886, 0.02198297157883644, 0.0011499098036438227, 0.0741916075348854, 1.4338629245758057, 1.1609761714935303, 1.0203315019607544, 0.05661395937204361, 0.007028822787106037, 0.133891761302948, 0.6109305620193481, 0.28611186146736145, 0.1993035227060318, 1.7507731914520264, 0.8233635425567627, 1.3017058372497559, 2.883195638656616, 0.49444451928138733, 1.1743710041046143, 0.3344349265098572, 0.0, 0.16542008519172668, 0.07757684588432312, 2.0598294734954834, 0.2614454925060272, 0.11956463009119034, 0.2825184166431427, 0.42103803157806396, 0.03325391188263893, 0.7964610457420349, 0.007954164408147335, 1.0428996086120605, 0.0, 0.020007070153951645, 0.0, 1.2689907550811768, 0.263035386800766, 0.17507237195968628, 0.029476871713995934, 0.4943593144416809, 1.181833028793335, 0.0, 1.4050064086914062, 2.278521776199341, 1.1334202289581299, 0.9396036267280579, 0.09827076643705368, 0.19872742891311646, 0.514922022819519, 0.0052264416590332985, 0.0, 0.8857781291007996, 0.03521612286567688, 2.465681791305542, 1.493166446685791, 0.0, 0.026640288531780243, 0.02800828032195568, 0.4974597990512848, 2.002284526824951, 0.05488918349146843, 0.006669044494628906, 0.6293670535087585, 0.9386345744132996, 0.564242422580719, 0.08506768941879272, 2.4032199382781982, 0.0, 2.9886646270751953, 0.31074991822242737, 0.3294011056423187, 0.6658580303192139, 1.6509374380111694, 0.0, 0.032699573785066605, 0.009199853055179119, 0.1476069986820221, 0.048192888498306274, 0.0, 2.742734432220459, 0.1303577870130539, 0.736376166343689, 0.023306936025619507, 0.4629506468772888, 0.011587006971240044, 0.1518200784921646, 0.6951549053192139, 0.0, 0.7882367968559265, 0.5763423442840576, 0.0, 0.0, 1.0780467987060547, 0.6797541379928589, 0.0, 0.5778087377548218, 4.124386310577393, 0.17838077247142792, 0.4559282660484314, 0.024473195895552635, 0.21675382554531097, 0.9934959411621094, 0.0632508248090744, 0.4559701681137085, 1.8236942291259766, 0.15519928932189941, 8.504770278930664, 0.41167283058166504, 0.027354702353477478, 0.0, 0.045129548758268356, 0.09216555953025818, 1.0847054719924927, 0.131626695394516, 0.08798328042030334, 2.9742002487182617, 0.0040007950738072395, 0.0036812485195696354, 1.234511137008667, 0.48191097378730774, 0.0, 0.850341796875, 0.015081045217812061, 3.151005268096924, 0.08131549507379532, 0.3452407717704773, 0.2278381884098053, 0.0015157862799242139, 0.05736466869711876, 0.2689819037914276, 0.003861300880089402, 0.5640876293182373, 0.0010597705841064453, 0.10427282005548477, 0.19748134911060333, 0.013281230814754963, 1.1704703569412231, 0.06393461674451828, 1.205858588218689, 0.0049604130908846855, 0.3137243688106537, 4.078933238983154, 0.050099629908800125, 0.5926986336708069, 1.5744400024414062, 1.5593044757843018, 1.3944809436798096, 0.6248884797096252, 0.8880398869514465, 0.26689133048057556, 0.6626137495040894, 0.0, 1.0464776754379272, 0.48676300048828125, 0.32687732577323914, 0.1341492086648941, 0.01703689619898796, 0.5421732068061829, 0.5262346267700195, 0.06484553217887878, 0.12668192386627197, 0.10829571634531021, 0.00486708665266633, 0.8845923542976379, 3.014261245727539, 1.7857921123504639, 0.0, 0.4376448094844818, 0.6139581799507141, 1.8997639417648315, 0.019084861502051353, 0.976374089717865, 1.5907679796218872, 0.0, 0.2124912142753601, 0.05503500625491142, 0.004490764811635017, 0.6721186637878418, 0.3155268132686615, 0.0, 0.08451852947473526, 0.7559008002281189, 0.0, 0.0, 0.09871002286672592, 0.02294766902923584, 0.9925105571746826, 0.0025366058107465506, 0.32067936658859253, 0.47109347581863403, 0.3321152627468109, 0.2576059103012085, 0.0, 1.1360667943954468, 0.13990652561187744, 0.09343022853136063, 0.3236023485660553, 0.0, 0.06910371035337448, 0.028055209666490555, 1.0936760902404785, 0.11401519179344177, 2.3903541564941406, 0.06504348665475845, 0.009688668884336948, 0.1900128573179245, 0.3502644896507263, 0.013865947723388672, 0.04144798964262009, 0.003910451661795378, 0.2546655237674713, 0.010025949217379093, 0.19088114798069, 0.8070687055587769, 0.0, 0.9888380169868469, 0.24894315004348755, 0.6980575323104858, 1.8566838502883911, 0.14006184041500092, 0.001545181032270193, 1.7390981912612915, 0.05519968643784523, 0.08465930074453354, 0.19353391230106354, 0.05210677906870842, 0.02877500094473362, 0.445366770029068, 0.5238918662071228, 0.23703007400035858, 0.36226969957351685, 0.019767489284276962, 0.05353189632296562, 0.1786525547504425, 0.8855717778205872, 0.49011993408203125, 0.3181997835636139, 0.3873675465583801, 0.14290191233158112, 0.20860642194747925, 0.0, 0.7761586904525757, 0.9203070998191833, 0.7761120796203613, 0.9449658989906311, 2.3620853424072266, 0.0, 0.0, 0.07857977598905563, 2.1664159297943115, 0.7302070260047913, 0.01341162621974945, 0.7732911109924316, 0.8114355206489563, 0.3520817756652832, 0.17462153732776642, 2.293454647064209, 0.016014400869607925, 0.27129852771759033, 0.21404018998146057, 0.7576291561126709, 0.11391229182481766, 1.655072569847107, 0.2539791464805603, 0.025584405288100243, 0.0, 0.029138319194316864, 0.31793805956840515, 1.4907077550888062, 0.40420112013816833, 1.3541256189346313, 0.3084437847137451, 0.04321030154824257, 0.2073410451412201, 3.129608739982359e-05, 0.019674252718687057, 0.09295088797807693, 0.0, 0.22069472074508667, 0.08225714415311813, 0.0, 0.10216439515352249, 0.31203344464302063, 0.3192256689071655, 0.29935160279273987, 0.5827910900115967, 0.04936334118247032, 0.2130947858095169, 0.044785693287849426, 0.7710034251213074, 0.30939698219299316, 0.04806913062930107, 0.04311547055840492, 0.04794258996844292, 0.7600496411323547, 0.0006679661455564201, 0.978450357913971, 0.28247401118278503, 0.028248531743884087, 0.11280303448438644, 0.019182691350579262, 0.6975229978561401, 0.0, 0.09327755123376846, 0.4332641363143921, 0.03461704030632973, 0.4790646731853485, 0.6217725872993469, 5.748076915740967, 0.011731162667274475, 0.013553634285926819, 0.5997514724731445, 0.22122196853160858, 0.0028199953958392143, 0.0, 0.19936084747314453, 0.3542046844959259, 2.7485246658325195, 1.1237399578094482, 0.2861003875732422, 0.5554417967796326, 0.0, 0.2351335734128952, 0.08903130888938904, 1.2164093255996704, 2.809501886367798, 0.10639463365077972, 0.0025351899676024914, 0.04272053763270378, 0.3951370418071747, 0.88066565990448, 2.3233513832092285, 0.01802309975028038, 0.029010703787207603, 0.0, 0.0076487138867378235, 0.8805043697357178, 0.007034673821181059, 0.2475399523973465, 0.5159918069839478, 0.22808392345905304, 1.3538163900375366, 0.263204962015152, 0.19732969999313354, 0.12295189499855042, 0.009894363582134247, 0.6305990219116211, 0.2455863505601883, 0.4246467351913452, 0.5688228607177734, 0.10623187571763992, 0.629545271396637, 0.1536235511302948, 0.049368537962436676, 0.024445759132504463, 0.019496774300932884, 0.0, 1.2877404689788818, 0.37036070227622986, 0.005570377688854933, 0.29146692156791687, 0.0, 0.2176947146654129, 0.5262655019760132, 0.08206196874380112, 0.14896591007709503, 0.47644349932670593, 0.0, 0.1035807877779007, 0.18209399282932281, 1.017991065979004, 0.13926921784877777, 0.07021364569664001, 0.2057245820760727, 0.03832077607512474, 0.24249349534511566, 0.2578236162662506, 0.030736560001969337, 0.09119056910276413, 0.6814802289009094, 0.014591582119464874, 0.46736183762550354, 0.009035596624016762, 0.16398225724697113, 0.0, 0.19545453786849976, 0.06900923699140549, 0.0, 0.019103702157735825, 0.13925646245479584, 0.12310702353715897, 2.0615479946136475, 0.05477979779243469, 0.04197762534022331, 1.9877842664718628, 0.10145260393619537, 0.02799922041594982, 0.564760684967041, 0.36098021268844604, 0.4898085594177246, 0.40509742498397827, 0.25705400109291077, 0.550048828125, 0.32733118534088135, 0.0, 0.03409271687269211, 0.023352326825261116, 0.5734366774559021, 0.011171983554959297, 0.21484971046447754, 0.0, 0.05460096895694733, 1.342517614364624, 0.0, 0.13840076327323914, 0.017397379502654076, 1.34477961063385, 0.45875445008277893, 0.016348687931895256, 0.2526334226131439, 0.238736093044281, 0.06776899099349976, 0.2899734079837799, 0.4210328161716461, 0.9256364703178406, 0.09632857888936996, 0.3805461823940277, 0.2094329297542572, 0.0, 0.621912956237793, 0.0, 0.4179121255874634, 1.4292054176330566, 0.5554090738296509, 0.29368966817855835, 0.0, 0.342499315738678, 0.1559567004442215, 0.23544864356517792, 0.752257227897644, 0.39916113018989563, 0.04893970489501953, 0.037807896733284, 0.056617461144924164, 0.6454620957374573, 0.904130220413208, 0.5949462056159973, 3.454636573791504, 0.010661086067557335, 0.01135716401040554, 1.79018235206604, 0.09850235283374786, 0.001091961981728673, 0.18265029788017273, 0.4484173655509949, 0.006151461973786354, 0.0, 0.23332346975803375, 1.1980996131896973, 0.0, 1.2888376712799072, 0.031379878520965576, 0.011134867556393147, 0.5063744783401489, 0.4274810552597046, 1.770088791847229, 1.7999978065490723, 0.021001433953642845, 0.5596970915794373, 0.16938094794750214, 1.8082809448242188, 0.020611999556422234, 0.04969700053334236, 0.0, 0.0610433854162693, 0.18226923048496246, 0.5092900395393372, 0.6167417764663696, 0.8275042772293091, 0.21882756054401398, 1.9832103252410889, 0.8316759467124939, 0.7105895280838013, 0.040248334407806396, 0.10220015794038773, 0.544152557849884, 0.3953061103820801, 0.32367920875549316, 1.392848014831543, 0.0051436228677630424, 0.40613365173339844, 0.06799878925085068, 0.00720423087477684, 0.8974024653434753, 0.001692995778284967, 0.0, 0.48122698068618774, 1.2837294340133667, 0.006443782709538937, 0.003880150383338332, 2.7029314041137695, 0.3824915289878845, 1.427451729774475, 0.6956664323806763, 0.04167700931429863, 0.5423656702041626, 1.7907490730285645, 0.07356731593608856, 0.16084346175193787, 0.16967672109603882, 1.1396297216415405, 0.6368783116340637, 0.2050686627626419, 0.9513753056526184, 0.5031965374946594, 0.5372126698493958, 1.5681943893432617, 0.01741332747042179, 0.9790010452270508, 1.2284252643585205, 0.3397085964679718, 0.20045889914035797, 0.21683958172798157, 0.09738236665725708, 0.468823105096817, 2.5222198963165283, 1.0970888137817383, 0.8649347424507141, 0.502179741859436, 0.3197094798088074, 0.04077162966132164, 0.12374131381511688, 0.5909985303878784, 0.345108300447464, 0.5016653537750244, 0.028886539861559868, 0.0024706320837140083, 2.2267520427703857, 0.33032670617103577, 0.337906152009964, 1.8873534202575684, 0.06346403807401657, 0.0, 0.49527329206466675, 0.2851755619049072, 0.1853996068239212, 2.8204586505889893, 0.0, 0.005201159510761499, 0.0, 0.11262020468711853, 0.020236467942595482, 0.6955124735832214, 0.23215605318546295, 0.010824319906532764, 0.2813735008239746, 0.12614291906356812, 0.10820142924785614, 0.2882361114025116, 0.05125313252210617, 0.8882194757461548, 0.22666405141353607, 0.0, 0.2112828642129898, 0.0184833612293005, 1.4576497077941895, 0.008587389253079891, 0.6422783732414246, 0.25884345173835754, 0.27223342657089233, 0.6603327393531799, 0.05237312614917755, 0.4377601146697998, 0.13229681551456451, 0.8336794376373291, 0.06529753655195236, 0.7203775644302368, 0.10509641468524933, 0.9312402606010437, 0.004438537638634443, 0.014071758836507797, 0.0, 4.066234111785889, 0.0, 0.060832589864730835, 0.22307120263576508, 3.299791097640991, 0.49818944931030273, 0.2591456174850464, 0.4147835671901703, 0.13679082691669464, 3.898078441619873, 0.1074882224202156, 0.0, 0.48513486981391907, 0.04047711566090584, 0.15133796632289886, 0.3300679326057434, 0.13400669395923615, 0.0, 0.053109489381313324, 0.10762857645750046, 2.4500083923339844, 0.13296182453632355, 0.01991664431989193, 0.02999834343791008, 0.0, 0.5402682423591614, 0.15452198684215546, 0.3843119740486145, 0.0, 2.284679889678955, 1.9164656400680542, 1.2690643072128296, 0.06525986641645432, 0.1641707867383957, 0.0, 1.1203466653823853, 0.9328750371932983, 0.014459422789514065, 1.8857297897338867, 0.2312038540840149, 0.033310312777757645, 1.9811402559280396, 0.018664656206965446, 0.5597570538520813, 0.0, 0.010120394639670849, 0.018280938267707825, 0.07979276776313782, 0.025317955762147903, 0.01943853683769703, 0.0, 0.0, 3.5258615016937256, 0.0, 0.2992432117462158, 0.0195939838886261, 1.1710988283157349, 0.05988720431923866, 1.8639532327651978, 0.2355579137802124, 0.0, 0.18505533039569855, 1.2939096689224243, 0.1443457454442978, 0.0, 1.0862360000610352, 0.011427915655076504, 0.0, 0.18951022624969482, 0.16741669178009033, 0.501838207244873, 0.2114724963903427, 1.6083602905273438, 0.044895779341459274, 0.1762010008096695, 0.45864081382751465, 0.2430810183286667, 0.0, 1.0230774879455566, 0.0, 0.3326241374015808, 0.0842847228050232, 0.45159903168678284, 0.6690672039985657, 4.812712669372559, 0.7068728804588318, 0.018203049898147583, 0.3060196340084076, 0.47754451632499695, 0.23730012774467468, 0.03529941290616989, 0.027499143034219742, 0.2995152771472931, 0.23105119168758392, 0.8666692972183228, 0.09952773153781891, 0.12869912385940552, 0.9954937696456909, 0.0, 0.4025512933731079, 1.026155710220337, 0.2208535075187683, 0.0, 0.9195958971977234, 0.21265290677547455, 1.4588215351104736, 0.22523008286952972, 0.1630585640668869, 0.062425944954156876, 0.0, 0.009469681419432163, 0.13330581784248352, 0.123994380235672, 0.0, 0.6804582476615906, 0.7297977805137634, 0.15976771712303162, 0.14409999549388885, 0.07308363169431686, 2.9384572505950928, 0.8150189518928528, 0.17190797626972198, 0.07936881482601166, 0.3651813268661499, 0.0, 0.4497452974319458, 0.009808273054659367, 1.741511344909668, 0.09506336599588394, 0.37452083826065063, 0.034074265509843826, 3.5725440979003906, 0.8055160045623779, 2.036024570465088, 0.05746625363826752, 1.518480896949768, 0.17314378917217255, 0.1841239482164383, 0.015548966825008392, 0.13790234923362732, 0.0, 0.044026363641023636, 0.37078994512557983, 0.08359324932098389, 0.0, 0.04296938702464104, 1.5050694942474365, 0.0, 0.031026991084218025, 0.6009320616722107, 0.018979797139763832, 2.3588855266571045, 0.430105596780777, 0.005780930630862713, 0.33854252099990845, 0.14721612632274628, 0.34713149070739746, 0.38105103373527527, 2.7756619453430176, 2.3861052989959717, 0.14591161906719208, 0.1178235113620758, 0.21276932954788208, 0.5001784563064575, 0.046778127551078796, 0.2583310604095459, 5.374419689178467, 0.1793600618839264, 1.6215839385986328, 0.11817339807748795, 0.26228001713752747, 0.0, 0.09906848520040512, 0.0035741718020290136, 0.0, 0.7660818099975586, 0.445235937833786, 0.034157875925302505, 0.26954683661460876, 0.6506054401397705, 0.0, 0.25141629576683044, 0.1630871593952179, 0.3565119504928589, 0.9311413168907166, 0.247364804148674, 0.2419198900461197, 0.03829313442111015, 0.2633258104324341, 0.018558623269200325, 0.0, 0.2212076634168625, 0.10522013902664185, 0.22358813881874084, 0.08387497812509537, 2.273106575012207, 0.022131333127617836, 0.050609100610017776, 0.0, 0.15385191142559052, 0.2022211104631424, 0.0, 0.6612176895141602, 0.8697853088378906, 0.13981355726718903, 0.8513671159744263, 0.22487220168113708, 0.14265720546245575, 0.052004024386405945, 0.08197008073329926, 2.978079080581665, 2.1283998489379883, 5.572622299194336, 0.5477227568626404, 0.2886621654033661, 1.1721632480621338, 0.025364598259329796, 0.4454255700111389, 0.7350054383277893, 0.4184291362762451, 0.6519549489021301, 0.046852029860019684, 0.3470205068588257, 0.20369870960712433, 0.3208380341529846, 0.08910161256790161, 0.0, 1.2477083206176758, 1.4797636270523071, 0.19991835951805115, 0.6232538223266602, 0.1010623499751091, 0.36339226365089417, 0.9199267029762268, 0.8247823715209961, 0.14343954622745514, 0.028061257675290108, 1.504423975944519, 0.5661956667900085, 0.0, 0.2556110918521881, 0.7855987548828125, 0.057885948568582535, 0.8304682970046997, 0.0659286379814148, 0.0, 0.01720149628818035, 0.030810151249170303, 0.04612278565764427, 0.10838759690523148, 2.2672600746154785, 0.03974233567714691, 0.0, 1.2888680696487427, 0.0, 0.3813615143299103, 1.2584941387176514, 0.2560953199863434, 0.43359366059303284, 0.0, 0.0, 1.466123342514038, 0.043736379593610764, 0.01496642455458641, 1.4017866849899292, 0.0, 0.2720240652561188, 2.979550361633301, 0.04074925556778908, 0.01487993448972702, 0.3419528603553772, 0.3469792902469635, 0.2688900828361511, 1.6613178253173828, 0.05399249121546745, 0.021251298487186432, 0.5620695352554321, 0.05702284350991249, 0.6140414476394653, 0.49374186992645264, 0.6149659156799316, 0.40418195724487305, 2.9833271503448486, 0.05764761567115784, 0.6209635734558105, 0.8004316091537476, 0.8233046531677246, 0.9007335305213928, 0.1468113362789154, 0.031382374465465546, 1.9184244871139526, 0.09253374487161636, 0.006947002839297056, 0.1488233357667923, 0.25279518961906433, 0.48797693848609924, 1.1518115997314453, 0.0, 0.31232887506484985, 0.09787832945585251, 0.005175128113478422, 0.1994512677192688, 0.15384827554225922, 1.0090696811676025, 0.3613080084323883, 0.02549332194030285, 2.6709327697753906, 2.7681093215942383, 0.353778213262558, 0.019055062904953957, 0.0, 0.003651718609035015, 0.008556414395570755, 0.0034132052678614855, 0.33765384554862976, 0.0692964717745781, 0.21779219806194305, 0.29142147302627563, 0.021922539919614792, 0.23385246098041534, 0.20180924236774445, 0.6746892929077148, 0.022817213088274002, 0.0, 0.3312205374240875, 0.0, 0.7279217839241028, 0.24728655815124512, 0.18465474247932434, 0.0, 0.06128701940178871, 0.005019934847950935, 0.6093159317970276, 0.40198758244514465, 0.0, 0.7172766923904419, 0.27332964539527893, 0.21803925931453705, 1.749851107597351, 0.0, 1.4952833652496338, 0.0, 0.08396086096763611, 1.0962094068527222, 0.39300090074539185, 0.0, 1.1469441652297974, 0.9711968302726746, 0.0, 0.0, 0.531042218208313, 0.2817799150943756, 0.0022460403852164745, 0.20529450476169586, 0.06598120182752609, 0.0, 0.006345223635435104, 1.0670768022537231, 0.25726377964019775, 0.1507427990436554, 0.6686087846755981, 1.478063941001892, 2.1230452060699463, 0.3239456117153168, 0.04712102934718132, 0.06379584223031998, 0.08068951964378357, 0.07015664875507355, 0.28036370873451233, 0.006940184626728296, 0.0, 0.531007707118988, 1.5492709875106812, 0.07168963551521301, 0.0, 0.49081951379776, 0.0, 0.40466222167015076, 0.2226642519235611, 0.052626531571149826, 0.24389035999774933, 0.0, 0.9107966423034668, 0.9145996570587158, 0.06995417922735214, 1.3582656383514404, 0.04369025677442551, 1.0012195110321045, 0.08833376318216324, 0.00649948138743639, 2.4097211360931396, 0.14068934321403503, 1.1827434301376343, 0.6891103386878967, 0.9480894207954407, 0.14954149723052979, 0.061412423849105835, 0.01220137719064951, 1.2750872373580933, 0.0, 0.1136506199836731, 0.2665596306324005, 0.35331133008003235, 0.013867339119315147, 0.14457271993160248, 0.46177536249160767, 0.0, 0.026918228715658188, 0.19191806018352509, 0.8262896537780762, 0.4860288202762604, 0.029929669573903084, 0.02559334598481655, 0.0, 0.0, 0.009101069532334805, 0.09689568728208542, 0.0585150346159935, 0.6568572521209717, 1.5750812292099, 0.32978060841560364, 1.2654365301132202, 4.748256683349609, 0.0004445874074008316, 0.7622637748718262, 0.01820169948041439, 0.39687126874923706, 0.24757835268974304, 0.00772961787879467, 0.052554547786712646, 0.5494459271430969, 0.1700642853975296, 0.394329309463501, 0.20084521174430847, 0.08187026530504227, 0.04306991770863533, 0.162961944937706, 0.31149765849113464, 2.607513904571533, 0.2752573490142822, 0.6355202198028564, 0.0, 0.1271153837442398, 0.9759407639503479, 0.17495687305927277, 0.1986512392759323, 0.0798371359705925, 0.48633864521980286, 0.07735859602689743, 0.0, 1.2243199348449707, 0.1783418506383896, 0.14955751597881317, 0.26040902733802795, 0.012198896147310734, 1.4463684558868408, 0.0, 0.03489963710308075, 0.3260132670402527, 0.025761516764760017, 0.044456351548433304, 0.5988393425941467, 0.0, 0.0, 0.19978319108486176, 0.2882184684276581, 3.0233020782470703, 0.22319118678569794, 0.4454290568828583, 0.4406684637069702, 0.9289000630378723, 0.2749674320220947, 0.010165710933506489, 0.486905962228775, 0.5625928640365601, 0.6095370650291443, 0.7630856037139893, 9.477662086486816, 0.09944355487823486, 0.35793015360832214, 0.24276499450206757, 0.13889755308628082, 0.07796993106603622, 1.0216376781463623, 1.4590398073196411, 0.0, 1.5592825412750244, 0.1252334713935852, 0.6766782402992249, 0.4257991313934326, 0.026919128373265266, 1.3597487211227417, 0.6396282315254211, 0.9387245178222656, 0.13863545656204224, 0.020768005400896072, 0.46129515767097473, 0.17941436171531677, 1.7604656219482422, 0.0, 0.037922561168670654, 0.020461685955524445, 0.4284178614616394, 0.06255821138620377, 0.045442793518304825, 0.17272979021072388, 0.11972783505916595, 0.06630071252584457, 0.09319530427455902, 0.3948187232017517, 0.7910448908805847, 2.424970865249634, 0.11520969867706299, 0.6136384010314941, 0.21487578749656677, 0.0, 0.31874144077301025, 0.0, 1.4196847677230835, 1.6209993362426758, 1.0658810138702393, 0.06944245845079422, 0.5792372226715088, 0.9983032941818237, 0.0, 0.15191568434238434, 0.5908225774765015, 2.5839383602142334, 0.15171317756175995, 3.3962185382843018, 0.1393773853778839, 0.29113587737083435, 0.03956900164484978, 0.6691907644271851, 1.0623443126678467, 0.09159654378890991, 0.04378455504775047, 0.12455568462610245, 1.501418948173523, 2.6117231845855713, 0.656154215335846, 0.0, 0.8974447250366211, 0.0, 0.009136409498751163, 0.0, 0.7819332480430603, 0.539940595626831, 0.3526199460029602, 0.6609539985656738, 0.0, 5.321865081787109, 0.3300062417984009, 0.008463874459266663, 0.603265643119812, 1.6760954856872559, 0.9656468033790588, 0.07385313510894775, 0.6896356344223022, 0.09936963021755219, 0.013453965075314045, 0.9092059135437012, 0.27501365542411804, 0.0, 0.142707958817482, 0.05567434802651405, 0.007537445053458214, 0.06380931288003922, 0.5715229511260986, 0.23482456803321838, 0.005957160610705614, 0.8753188252449036, 0.6011663675308228, 0.0, 0.16108845174312592, 0.9447885751724243, 0.029614098370075226, 0.021940670907497406, 0.00881239864975214, 0.22091145813465118, 1.2067360877990723, 1.4504796266555786, 1.8371882438659668, 0.006516227964311838, 0.02848266251385212, 0.8833283185958862, 1.913564682006836, 0.5649649500846863, 0.7317624092102051, 0.5579966902732849, 0.48050105571746826, 0.3077676594257355, 0.0025754314847290516, 0.8381080627441406, 0.6746354103088379, 0.0, 0.808055579662323, 0.21126647293567657, 0.6795495748519897, 2.5484721660614014, 0.0041517456993460655, 0.2703355550765991, 0.41215693950653076, 0.014486510306596756, 0.2335759699344635, 0.3716393709182739, 0.2172057330608368, 0.8920880556106567, 0.0, 0.0, 0.02097618393599987, 0.08395913243293762, 1.735281229019165, 0.07967131584882736, 0.5898166298866272, 0.03653417155146599, 0.19277837872505188, 0.005451270379126072, 0.9391565322875977, 0.04735289886593819, 0.14440356194972992, 1.891109824180603, 0.1824367642402649, 0.0017314492724835873, 0.027654726058244705, 0.11361578851938248, 0.9389424324035645, 1.8919458389282227, 0.48727917671203613, 0.21453844010829926, 0.9803350567817688, 0.25129494071006775, 0.2721627652645111, 2.6626687049865723, 0.12398157268762589, 0.10810217261314392, 0.20479989051818848, 1.6840094327926636, 0.21168020367622375, 0.3042835295200348, 0.5842557549476624, 0.0, 1.8957264423370361, 0.8917445540428162, 0.2471080720424652, 0.0, 1.4087790250778198, 0.33979856967926025, 0.007549414876848459, 0.0, 0.0, 0.11958225071430206, 1.4910328388214111, 0.7325653433799744, 0.36159926652908325, 1.2697430849075317, 0.16127191483974457, 0.3770815134048462, 0.15215130150318146, 2.4161550998687744, 0.3170357644557953, 3.095268487930298, 0.06970049440860748, 0.10283775627613068, 0.6374917030334473, 0.8070088624954224, 0.42267149686813354, 0.3526458740234375, 0.23683808743953705, 0.9030038714408875, 0.05095088109374046, 0.20587235689163208, 0.0, 1.1349574327468872, 0.45230695605278015, 0.0019971230067312717, 0.8006149530410767, 0.0, 0.018936673179268837, 0.015182392671704292, 0.33223599195480347, 0.1648634821176529, 1.426186442375183, 0.13505081832408905, 0.007034053560346365, 0.3499072194099426, 0.17940595746040344, 0.19005148112773895, 0.31394344568252563, 0.0, 0.08404795825481415, 0.0026803016662597656, 0.12194406986236572, 0.011588683351874352, 0.09006237238645554, 0.007435866631567478, 0.7668908834457397, 0.011398597620427608, 1.5703635215759277, 0.013622303493320942, 0.08952952176332474, 1.545735239982605, 0.29524120688438416]",Testing/glioma_tumor/image(19).jpg
"[0.8667903542518616, 0.29737597703933716, 0.0038789778482168913, 0.3188498616218567, 0.5645816922187805, 0.0909522995352745, 1.5635944604873657, 0.12699659168720245, 0.05722036957740784, 0.0, 0.015399359166622162, 0.07898939400911331, 0.4638310670852661, 0.6326673626899719, 0.028449231758713722, 0.04433272406458855, 0.6665748357772827, 0.020856112241744995, 0.14912545680999756, 0.009284530766308308, 0.3201964199542999, 1.6639295816421509, 0.4104231595993042, 0.04334613308310509, 0.4057067632675171, 0.31160861253738403, 1.3581860065460205, 0.12004803866147995, 0.10091862082481384, 0.11233977973461151, 0.21083775162696838, 0.0, 2.5807249546051025, 0.44809287786483765, 0.05752838775515556, 0.49562540650367737, 0.17796477675437927, 0.5951966047286987, 0.0007811955292709172, 0.2187330722808838, 2.851893186569214, 0.06700274348258972, 0.04215487837791443, 0.0, 0.0, 0.02356364205479622, 0.0, 0.001947831129655242, 0.0, 0.6282699108123779, 0.31219685077667236, 1.1205663681030273, 1.3730602264404297, 0.332897812128067, 2.7527050971984863, 1.803450584411621, 0.0615108385682106, 0.1128765121102333, 0.670304536819458, 0.0, 0.28514453768730164, 0.039629336446523666, 0.6795878410339355, 0.523375928401947, 0.04313947260379791, 0.0004061338840983808, 0.508184015750885, 0.020080462098121643, 0.35073626041412354, 0.0, 1.1413148641586304, 0.21573448181152344, 0.527252733707428, 2.7575225830078125, 0.08529558777809143, 0.07557128369808197, 2.2608683109283447, 0.06880348920822144, 0.0, 0.1356484591960907, 0.0, 0.049123380333185196, 0.4499809741973877, 0.005604970268905163, 0.9977781176567078, 0.024521896615624428, 0.8744886517524719, 0.051946643739938736, 0.004421954043209553, 0.0, 1.0206314325332642, 0.46631163358688354, 0.1612933874130249, 0.09293826669454575, 0.0, 0.020448977127671242, 0.17006543278694153, 0.02758106403052807, 0.13449344038963318, 0.10231882333755493, 0.0, 0.08688035607337952, 0.05218051001429558, 0.13482074439525604, 0.212831050157547, 0.08297815918922424, 0.182386577129364, 0.27724459767341614, 0.004050858318805695, 0.9449567198753357, 0.0, 0.06935848295688629, 0.0018832440255209804, 0.338702529668808, 0.16495177149772644, 0.0, 0.1428467035293579, 0.5670188665390015, 0.1229686513543129, 0.056037697941064835, 0.23191304504871368, 0.0, 0.0, 0.11427309364080429, 0.4269861876964569, 0.43288493156433105, 0.0, 0.28247004747390747, 1.3318891525268555, 0.0, 0.041596122086048126, 1.7634135484695435, 0.09947945922613144, 0.0, 0.0, 0.09166759997606277, 0.03759295493364334, 0.00021563743939623237, 0.07620443403720856, 0.00873971451073885, 0.03790220990777016, 0.08136345446109772, 0.0, 0.07829843461513519, 0.0037539054173976183, 0.08311141282320023, 0.0, 2.122666120529175, 0.11431016772985458, 0.0, 1.5072379112243652, 0.5358909368515015, 0.1256030946969986, 0.0, 0.2653348445892334, 0.8132936954498291, 0.0, 0.0, 0.7912457585334778, 0.00016976376355160028, 0.2431536316871643, 0.8654025197029114, 0.022754698991775513, 0.0, 0.0, 0.15806107223033905, 0.22099190950393677, 0.18475104868412018, 0.08957993984222412, 7.7699408531188965, 0.284831702709198, 0.01424402091652155, 0.0, 0.23115450143814087, 1.573779821395874, 0.06303806602954865, 0.01749563403427601, 0.16674645245075226, 0.009698337875306606, 0.006868627388030291, 0.039428021758794785, 0.0, 0.10537447035312653, 0.027762573212385178, 0.08631838858127594, 0.443837970495224, 0.10421963036060333, 0.038406334817409515, 0.28499770164489746, 0.0, 0.06383019685745239, 0.0, 0.03806121647357941, 0.036747731268405914, 0.017215488478541374, 0.11358382552862167, 0.03181063383817673, 2.2422049045562744, 0.015019290149211884, 0.1188616007566452, 0.7711338996887207, 0.5969972610473633, 0.01870766468346119, 0.06232473626732826, 0.33516862988471985, 0.5762169361114502, 0.0, 0.0, 0.1742030680179596, 0.014171075075864792, 0.23556682467460632, 0.8507949709892273, 0.0, 0.6563132405281067, 0.0, 0.04220997542142868, 0.19364489614963531, 0.0, 0.22066070139408112, 0.0, 0.8372663259506226, 0.042783599346876144, 2.3404741287231445, 0.09706747531890869, 0.0037199794314801693, 0.7813118100166321, 0.012741908431053162, 0.016834726557135582, 1.4249563217163086, 0.06957967579364777, 0.3017039895057678, 0.02429930865764618, 0.0, 0.6108959913253784, 1.1174607276916504, 0.11994025856256485, 0.02896633930504322, 0.024846747517585754, 0.0, 0.38025638461112976, 0.052660468965768814, 0.06104034185409546, 0.5908597707748413, 0.0, 0.01261716429144144, 0.008155700750648975, 0.0845676138997078, 0.7378149032592773, 0.0, 0.7713197469711304, 1.0343080759048462, 0.15378782153129578, 1.1874380111694336, 0.09534164518117905, 0.14023476839065552, 0.01692330278456211, 0.1599639654159546, 0.8396265506744385, 0.04772494360804558, 0.46311381459236145, 0.0, 0.056422244757413864, 0.5999681949615479, 0.04153825715184212, 0.0, 0.0, 0.29812678694725037, 0.3589729368686676, 0.0, 0.010112314485013485, 0.7693687081336975, 0.21866437792778015, 0.28351330757141113, 0.11786110699176788, 3.1671090126037598, 0.1468423455953598, 0.08328025043010712, 0.9567796587944031, 0.4503130614757538, 0.0, 1.3075957298278809, 0.7941389083862305, 1.487990379333496, 0.1017724871635437, 0.4045259952545166, 0.3151470124721527, 1.1965585947036743, 0.04733005911111832, 0.023828107863664627, 0.0, 0.2609906792640686, 0.03899278864264488, 0.0, 0.0, 0.05697081983089447, 2.1758835315704346, 0.0, 0.005259338766336441, 0.4449520409107208, 0.0, 0.2733893394470215, 0.030534282326698303, 2.7639496326446533, 0.17308667302131653, 0.5208298563957214, 0.1882239729166031, 0.029028311371803284, 0.24196568131446838, 0.6514882445335388, 0.028036104515194893, 0.13287433981895447, 0.5742924213409424, 0.1818632036447525, 0.3036220967769623, 0.13383904099464417, 0.6468415856361389, 0.4129911959171295, 5.3792584367329255e-05, 0.0, 0.0, 0.3803485929965973, 0.05431953817605972, 0.0, 0.0031941423658281565, 0.0, 0.0, 0.4714406132698059, 0.013265932910144329, 2.0728392601013184, 0.1783459335565567, 0.42273175716400146, 0.0, 0.26096341013908386, 0.7453817129135132, 0.0, 0.0641126036643982, 1.125842571258545, 0.09187635034322739, 2.1609292030334473, 0.5047698020935059, 0.03683854267001152, 0.10641521960496902, 0.1868891566991806, 0.0, 0.01103359553962946, 0.0, 0.06140398606657982, 0.04256801679730415, 0.0013440458569675684, 0.043387822806835175, 0.0371122881770134, 0.09575357288122177, 0.4795170724391937, 0.0595163032412529, 0.02529257722198963, 0.04186944663524628, 0.0, 0.015240459702908993, 0.2036970853805542, 0.024678362533450127, 0.09949491173028946, 1.6325300931930542, 0.04969225078821182, 0.12129715830087662, 0.4014754295349121, 0.02292407490313053, 0.10504618287086487, 0.03657366707921028, 0.06889577209949493, 0.19789770245552063, 0.0, 0.130104660987854, 0.701208233833313, 4.849782943725586, 0.11982779949903488, 0.0720880776643753, 2.5461864471435547, 0.0, 0.07103949040174484, 0.15755054354667664, 0.195909321308136, 0.06600935757160187, 0.0, 0.0, 0.4124715030193329, 0.21295185387134552, 2.006324052810669, 0.0, 0.0027512384112924337, 0.0, 0.03730713203549385, 0.05381188169121742, 0.18006160855293274, 0.03323987498879433, 0.04139447212219238, 3.358497381210327, 0.0, 0.7124081254005432, 0.00836246833205223, 0.002775450237095356, 0.20334725081920624, 0.016268126666545868, 0.0, 0.11006094515323639, 0.016709376126527786, 2.5023069381713867, 0.06494588404893875, 0.042542923241853714, 0.016734756529331207, 0.9925711750984192, 0.03482174500823021, 0.0, 0.10622991621494293, 0.038025472313165665, 0.10442434251308441, 0.5210921168327332, 0.0007415791042149067, 0.03678751736879349, 0.0899946466088295, 0.13349702954292297, 0.7831354141235352, 0.13038112223148346, 0.320523738861084, 0.20913542807102203, 0.0, 0.0, 0.2089177668094635, 0.0797981321811676, 0.017089499160647392, 0.001822447287850082, 0.06336843967437744, 0.36797839403152466, 0.6820778846740723, 0.3325313329696655, 0.5233968496322632, 1.8964579105377197, 0.019915737211704254, 1.3545154333114624, 0.8430109024047852, 0.0, 0.04945950582623482, 0.0, 0.4416365325450897, 0.15826433897018433, 0.3607572317123413, 0.006357017904520035, 0.0, 0.04649389907717705, 0.0, 0.0, 1.4645259380340576, 0.1367911845445633, 0.00786241702735424, 0.0, 0.07824490964412689, 0.26296019554138184, 0.4767604470252991, 0.3653430640697479, 0.0, 1.1247295141220093, 0.10190566629171371, 1.1768006086349487, 0.2724440097808838, 0.1942371279001236, 0.0, 0.08850298076868057, 0.0, 1.1844881772994995, 0.25337567925453186, 0.11198713630437851, 0.0693531408905983, 0.30848559737205505, 0.5139231085777283, 0.03787548467516899, 0.10426639020442963, 0.0, 0.0, 0.0, 0.29202720522880554, 0.20587913691997528, 0.12002795189619064, 0.2755749225616455, 0.08191999793052673, 0.07618451863527298, 0.0, 0.045418962836265564, 0.0, 0.0, 1.225134253501892, 0.05863690376281738, 0.09086204320192337, 1.8563969135284424, 0.0620366595685482, 0.051782745867967606, 0.6887537837028503, 0.0, 0.0, 0.40124690532684326, 0.5178220272064209, 0.7641660571098328, 0.006306618917733431, 0.17878559231758118, 0.23350580036640167, 2.0043981075286865, 0.19572284817695618, 0.44838643074035645, 0.11589914560317993, 0.0, 0.1929522603750229, 0.09464825689792633, 0.0, 0.12440760433673859, 0.0, 0.7178403735160828, 0.05426069349050522, 0.32483789324760437, 0.7176129817962646, 0.09836124628782272, 0.43962350487709045, 0.0532933846116066, 0.017298560589551926, 0.3070313632488251, 0.25089263916015625, 0.0007840151665732265, 0.0, 0.0, 0.0, 0.0, 0.027405301108956337, 1.7859141826629639, 0.07065068930387497, 0.9601200819015503, 0.7607066631317139, 4.06849479675293, 0.0, 0.42172759771347046, 0.47816887497901917, 0.25382891297340393, 0.19643759727478027, 0.7755653858184814, 0.058825381100177765, 0.05693008378148079, 0.011669798754155636, 0.0, 0.341858834028244, 0.04324872046709061, 0.024528255686163902, 0.26982662081718445, 0.20685040950775146, 0.0, 0.011143859475851059, 0.05144162476062775, 0.5172138810157776, 0.08546009659767151, 1.4583653211593628, 2.3835043907165527, 0.13156527280807495, 0.06523682922124863, 0.26532629132270813, 0.06796354800462723, 1.9725341796875, 0.4306374490261078, 0.1856975555419922, 0.0032481392845511436, 0.0242743082344532, 0.06067686527967453, 0.1786729395389557, 0.056717999279499054, 0.0, 0.0011538923718035221, 0.18214409053325653, 0.12552617490291595, 0.0516742579638958, 0.15998350083827972, 0.03713032975792885, 1.3181992769241333, 0.011609172448515892, 2.186535358428955, 0.05876142159104347, 0.006470356602221727, 0.40622493624687195, 0.0, 0.09488508850336075, 0.3843122124671936, 0.0, 0.09623251110315323, 0.004228806123137474, 0.00977734848856926, 0.020993489772081375, 0.0, 0.0, 0.0, 0.2870236933231354, 0.0, 0.00021661544451490045, 0.05311020091176033, 0.0, 0.08839727193117142, 0.022938139736652374, 0.04372214153409004, 0.6780064105987549, 0.0, 1.533408522605896, 0.8837822675704956, 0.04698397219181061, 0.0, 0.5261451005935669, 0.2661949396133423, 0.37149375677108765, 1.6550779342651367, 0.040666546672582626, 0.023647380992770195, 0.0963260605931282, 0.5444475412368774, 0.0, 0.0, 0.0, 0.01459195464849472, 0.0236641988158226, 0.2547461986541748, 0.37157511711120605, 0.029781000688672066, 3.503227710723877, 0.021295420825481415, 2.276698589324951, 0.2668002247810364, 0.10508209466934204, 0.0, 0.0005580722354352474, 0.059458762407302856, 0.029520004987716675, 0.061101727187633514, 0.5292055010795593, 0.025234747678041458, 0.031797125935554504, 0.0, 0.015911370515823364, 0.0, 0.3646823763847351, 0.04293869063258171, 1.2165617942810059, 0.0, 0.635858952999115, 0.12256384640932083, 0.0, 0.3930312693119049, 3.2265727519989014, 0.0, 0.003377009415999055, 0.0, 0.30386102199554443, 0.2448929399251938, 0.17208927869796753, 0.0, 2.0298426151275635, 0.043690506368875504, 0.11958013474941254, 0.05912686884403229, 0.8996800184249878, 0.0, 0.004190303850919008, 0.2617393136024475, 0.5397359728813171, 0.0028375533875077963, 1.5723886489868164, 0.14626874029636383, 1.1986159086227417, 1.8973702192306519, 0.014090100303292274, 0.081660695374012, 0.0, 0.5155280828475952, 0.08314572274684906, 0.21412073075771332, 0.0, 0.7164276838302612, 0.10859958827495575, 0.03207865357398987, 0.23747636377811432, 0.9457513689994812, 1.1823092699050903, 0.40511903166770935, 0.007930482737720013, 0.0950428694486618, 0.6172511577606201, 0.15987111628055573, 0.0, 0.016134032979607582, 0.5662842392921448, 0.16030246019363403, 0.05802309885621071, 0.16461005806922913, 0.0, 0.007822195999324322, 0.04557092487812042, 0.37035927176475525, 0.45931264758110046, 0.8608803153038025, 0.032034553587436676, 0.0, 0.04687147215008736, 0.13155318796634674, 0.18916045129299164, 0.3277920186519623, 0.06797833740711212, 0.10094934701919556, 3.5068788528442383, 1.0829720497131348, 1.6587164402008057, 0.0, 1.8591358661651611, 0.0, 0.07074787467718124, 0.0, 0.23518714308738708, 0.0, 0.0, 0.08135605603456497, 0.0, 0.0029157253447920084, 0.45836877822875977, 4.080747604370117, 0.006197846494615078, 0.14707407355308533, 0.1926337480545044, 2.622694969177246, 1.0082136392593384, 0.07558347284793854, 0.0, 0.8802497386932373, 0.419979065656662, 0.5503458976745605, 0.053427357226610184, 0.24459800124168396, 1.0785267353057861, 0.18811236321926117, 0.11038323491811752, 0.9267410039901733, 0.0, 0.015193924307823181, 0.020991547033190727, 0.0251684058457613, 2.9812350273132324, 0.0, 0.020048784092068672, 0.3599000573158264, 0.09816283732652664, 0.0, 0.22787944972515106, 0.5286559462547302, 0.094361811876297, 1.1224849224090576, 0.15575994551181793, 0.0, 0.04519861564040184, 0.17427439987659454, 1.1203234195709229, 0.008312935940921307, 0.0, 0.28221410512924194, 0.7049862742424011, 0.29842865467071533, 1.8642644882202148, 0.5319044589996338, 0.09688165038824081, 0.042383257299661636, 0.005785988178104162, 0.3374693691730499, 0.7362289428710938, 1.0937395095825195, 0.014289570972323418, 0.044421859085559845, 0.40348878502845764, 0.07602943480014801, 0.08580725640058517, 0.05295820161700249, 1.2043306827545166, 0.03731485828757286, 1.6955636739730835, 0.1938416212797165, 1.279508352279663, 0.4925443232059479, 0.718785285949707, 0.013672093860805035, 0.38741302490234375, 0.009283781051635742, 1.2020928859710693, 1.3916875123977661, 0.06529322266578674, 0.0, 0.8406702876091003, 0.808148980140686, 1.6257892847061157, 0.0, 0.5197004675865173, 0.026748299598693848, 0.0, 0.0, 0.8731804490089417, 0.035633496940135956, 0.005066012963652611, 0.33418503403663635, 0.002868009964004159, 0.0, 0.0, 0.41250842809677124, 0.5971201658248901, 1.138497233390808, 1.0864570140838623, 0.021020254120230675, 0.0, 0.3205941319465637, 1.8004069328308105, 0.04441187158226967, 1.7402771711349487, 0.0, 2.204493761062622, 1.40050208568573, 0.02240159548819065, 0.0, 0.0, 0.0, 0.7575986385345459, 0.02581225521862507, 0.10793737322092056, 0.03372788056731224, 0.1865815967321396, 0.07910926640033722, 0.2614131271839142, 4.592690467834473, 0.17003019154071808, 0.49542489647865295, 0.18191485106945038, 0.4974120855331421, 0.21039240062236786, 1.7213850021362305, 0.0, 0.012605107389390469, 0.0, 0.6006075143814087, 0.022572295740246773, 0.0, 0.7972257733345032, 3.1650097370147705, 0.22732913494110107, 0.03669934347271919, 0.13986994326114655, 0.06239533796906471, 1.7777235507965088, 0.06470520049333572, 0.07534749805927277, 0.004354866221547127, 0.4560035467147827, 0.0, 0.033811066299676895, 0.12021329253911972, 0.23620915412902832, 0.022450150921940804, 0.4853312075138092, 1.581931471824646, 0.005375825800001621, 0.0412406250834465, 0.012353960424661636, 0.01747218891978264, 0.1229129359126091, 1.0890384912490845, 0.029906509444117546, 0.2724476158618927, 0.08815088868141174, 4.3204545974731445, 0.024528874084353447, 0.03460113704204559, 0.0, 0.10916922241449356, 0.012486448511481285, 0.012901459820568562, 0.21220287680625916, 0.013785834424197674, 1.8629348278045654, 0.4386195242404938, 0.11684618145227432, 0.015515128150582314, 0.24217699468135834, 0.0, 2.140507221221924, 0.2042286992073059, 0.8315320611000061, 0.20145195722579956, 0.3409987986087799, 0.47544771432876587, 0.0, 0.3107360899448395, 0.017374182119965553, 0.0, 0.0, 0.07107571512460709, 0.0, 0.0254980381578207, 0.018529364839196205, 1.0922791957855225, 0.012216317467391491, 1.5571929216384888, 0.023635290563106537, 0.0017305442597717047, 3.7163174152374268, 0.0, 0.37454143166542053, 4.041238307952881, 0.003666303586214781, 0.01780744642019272, 0.35358965396881104, 0.3892645537853241, 0.18564817309379578, 0.4757852852344513, 0.0, 1.4124788045883179, 0.022402631118893623, 0.03471171483397484, 0.5014172792434692, 0.0, 0.0, 0.013422291725873947, 0.010737331584095955, 0.04307505488395691, 0.014792364090681076, 0.0, 1.1562904119491577, 1.2514102458953857, 2.434213638305664, 0.0, 0.0, 0.021320804953575134, 0.4573698341846466, 0.0, 0.21518225967884064, 1.2671209573745728, 0.08423541486263275, 0.0, 0.02051435224711895, 0.05974011868238449, 0.1959192156791687, 0.8232956528663635, 0.028535833582282066, 0.0, 0.010265771299600601, 0.01746181584894657, 0.0, 0.3705765902996063, 0.014833856374025345, 0.015349524095654488, 0.0, 1.0351508855819702, 0.5032275319099426, 0.024683283641934395, 0.35070064663887024, 0.0, 0.0, 1.2857438325881958, 0.7674124836921692, 0.03313436731696129, 0.010863547213375568, 0.16090765595436096, 0.02174176648259163, 0.04103346914052963, 0.18791821599006653, 1.0550987720489502, 0.18925431370735168, 0.4107244908809662, 0.09524434059858322, 0.0005515473312698305, 0.0, 0.2560884654521942, 0.039435867220163345, 0.7463908791542053, 0.03288862481713295, 0.5149481892585754, 0.17501285672187805, 0.0, 0.4345911741256714, 0.07082671672105789, 2.04644775390625, 1.7249501943588257, 0.0, 0.0, 1.3022372722625732, 0.0, 0.0, 0.0, 0.0041525340639054775, 0.0, 0.1477648913860321, 0.029163574799895287, 0.05242161452770233, 0.09914365410804749, 0.032386165112257004, 0.015196907334029675, 0.09909810870885849, 0.0, 0.012334550730884075, 0.0, 0.250798761844635, 0.0015228086849674582, 0.0, 0.0, 0.925273060798645, 0.31710490584373474, 0.0, 1.1610651016235352, 0.6798183917999268, 0.018733814358711243, 0.03766077384352684, 0.07418657839298248, 0.39445772767066956, 2.278027057647705, 0.02349107339978218, 0.0, 0.5063902139663696, 0.02904229238629341, 0.20237615704536438, 0.7689265608787537, 0.021553652361035347, 1.1768977642059326, 0.0, 0.03670814633369446, 0.13728320598602295, 0.5419729351997375, 0.013587350957095623, 0.12382255494594574, 0.0, 0.030303210020065308, 0.1745661199092865, 0.3358285129070282, 0.16651427745819092, 0.22796541452407837, 0.0, 0.09061012417078018, 0.013060666620731354, 0.0, 0.05070403590798378, 0.0, 0.0, 0.0, 0.6056482791900635, 0.09017878770828247, 0.2550954520702362, 0.07842981815338135, 0.03341490775346756, 0.13792018592357635, 0.20428109169006348, 0.08630166947841644, 0.16363854706287384, 0.0, 0.11343260854482651, 0.19134517014026642, 0.11820907890796661, 0.0, 0.8944284319877625, 2.754063844680786, 0.03259309381246567, 0.48986566066741943, 0.0, 0.08086217939853668, 0.1771530956029892, 0.12320728600025177, 0.09281870722770691, 0.06457020342350006, 0.042538926005363464, 0.3842909038066864, 0.0, 0.2368827760219574, 0.10395056009292603, 2.3867347240448, 0.08923608064651489, 0.25611212849617004, 0.47841137647628784, 0.6670049428939819, 0.12122442573308945, 0.0, 0.009567034430801868, 0.09365924447774887, 1.73748779296875, 0.048532046377658844, 0.2657025456428528, 3.3111207485198975, 0.07330351322889328, 0.3437357544898987, 0.09067805856466293, 1.278934121131897, 1.500464916229248, 0.3622981607913971, 0.0036983999889343977, 0.0, 0.28023242950439453, 0.1318032145500183, 5.27408504486084, 0.0, 0.08529707044363022, 0.0640314370393753, 0.0, 0.5004580616950989, 0.0, 0.013282084837555885, 0.2990880310535431, 0.05650435760617256, 0.11263999342918396, 0.000454136315966025, 0.6476725339889526, 0.0021278541535139084, 0.6082965135574341, 0.2414708435535431, 0.0, 0.16416335105895996, 0.10680055618286133, 0.0, 0.2825740873813629, 0.0, 0.10833409428596497, 0.0, 0.11794604361057281, 0.0, 0.7042185664176941, 0.21329915523529053, 0.0, 0.20131327211856842, 0.0, 0.0666533038020134, 0.9055561423301697, 0.006817825138568878, 0.0, 0.012207571417093277, 0.0, 0.5287731885910034, 0.0, 0.8790853023529053, 0.0, 0.0982251763343811, 0.07608592510223389, 0.021654289215803146, 0.06185635179281235, 0.2536435127258301, 0.0037101409398019314, 0.18945975601673126, 1.2662274837493896, 0.0, 0.017178677022457123, 0.0, 0.0, 0.0, 0.10748917609453201, 0.07143266499042511, 0.028106776997447014, 0.12895402312278748, 0.0, 0.06941474974155426, 1.321291208267212, 0.4235016703605652, 0.3603832721710205, 0.15558011829853058, 0.0, 0.04512244835495949, 0.0, 0.0512518510222435, 0.00860581360757351, 0.15554749965667725, 0.5472432971000671, 0.06468390673398972, 0.3381645083427429, 0.08334270864725113, 0.008548089303076267, 0.0, 0.05559014901518822, 0.12306587398052216, 0.006051917560398579, 0.013464638032019138, 0.0, 1.1549071073532104, 0.01484320592135191, 0.02633335068821907, 0.0, 1.365471363067627, 0.039636917412281036, 0.047784630209207535, 0.002990107052028179, 0.0, 0.013396915048360825, 0.1636059433221817, 0.04965925216674805, 1.0924619436264038, 0.7616019248962402, 0.032127249985933304, 1.0133627653121948, 0.03186653554439545, 0.01225841324776411, 0.010344091802835464, 0.004381362348794937, 0.2798815369606018, 0.8170914053916931, 0.25704798102378845, 0.024510471150279045, 0.09164481610059738, 0.11706037074327469, 0.11763099581003189, 0.7470399737358093, 0.9182500839233398, 0.5921521186828613, 0.1172170415520668, 0.17730635404586792, 0.13274210691452026, 0.012479415163397789, 0.8266212344169617, 1.7066638469696045, 0.0, 0.03758491203188896, 0.24233180284500122, 0.0, 0.012804420664906502, 0.0, 0.036215562373399734, 0.4167778193950653, 0.49861979484558105, 1.4936330318450928, 0.08388631045818329, 0.037958450615406036, 0.6547192931175232, 0.13901397585868835, 0.5315375328063965, 0.16191266477108002, 0.6723966002464294, 0.0, 0.013677159324288368, 0.0, 0.12499908357858658, 0.022128740325570107, 3.8361399173736572, 0.343126505613327, 0.09286544471979141, 0.02680918574333191, 0.008039765991270542, 0.13457313179969788, 0.3213154971599579, 0.10576502233743668, 0.0025174131151288748, 0.0036702058278024197, 0.13329298794269562, 0.7283614277839661, 0.15640175342559814, 0.015571603551506996, 0.10278759896755219, 0.25612860918045044, 0.02109188213944435, 0.025236699730157852, 0.9108219742774963, 0.13746866583824158, 0.0, 0.0, 0.007379796821624041, 1.156762719154358, 0.042605895549058914, 0.0, 0.005572399124503136, 0.03038209304213524, 0.1513446569442749, 0.288377046585083, 1.3141186237335205, 0.7469468116760254, 0.330890029668808, 0.37260106205940247, 0.262541264295578, 0.18627594411373138, 0.3370625376701355, 0.12074670940637589, 0.0, 0.009441171772778034, 0.0630619078874588, 0.05454665794968605, 0.0, 0.025647202506661415, 0.09855770319700241, 0.19370537996292114, 0.3561502695083618, 0.005569209810346365, 0.1892186403274536, 0.0, 0.12056821584701538, 0.037593621760606766, 0.20797042548656464, 0.0, 0.4020500183105469, 1.1692649126052856, 1.2924038171768188, 0.34986838698387146, 0.0, 0.29262271523475647, 0.0, 0.0, 0.0, 0.6338463425636292, 1.018329381942749, 0.0, 0.0, 1.2218523025512695, 0.0, 1.2226399183273315, 0.9019297957420349, 0.0, 0.0, 0.1613198071718216, 0.6828323602676392, 1.098975419998169, 4.317550182342529, 0.06636301428079605, 0.8454282283782959, 0.1436585783958435, 0.02183411829173565, 0.20773008465766907, 0.8035945296287537, 0.06772201508283615, 0.0, 0.09058905392885208, 0.3206426501274109, 2.2563412189483643, 0.09318185597658157, 0.23066134750843048, 0.07230735570192337, 0.16891059279441833, 0.0, 0.054673291742801666, 0.0, 1.4683419466018677, 0.0, 0.12867578864097595, 0.07415791600942612, 0.567082405090332, 0.11613807827234268, 0.001840506331063807, 0.03752642869949341, 0.38061094284057617, 0.022328250110149384, 0.7591329216957092, 1.2529897689819336, 0.0, 0.3335346281528473, 0.002827706281095743, 0.007713050115853548, 0.0, 2.6807563304901123, 0.020592737942934036, 0.09015528857707977, 0.0, 0.8064425587654114, 0.44846266508102417, 0.11556456238031387, 0.6908097267150879, 0.01466628722846508, 2.75761079788208, 0.31406334042549133, 0.0, 0.17760786414146423, 0.07614181935787201, 0.15460523962974548, 0.14233504235744476, 0.02324768528342247, 0.0, 0.010748717002570629, 0.0, 2.4239108562469482, 0.0, 0.48286718130111694, 0.10012519359588623, 0.0, 0.09148985892534256, 0.5490525960922241, 0.42923495173454285, 0.012278549373149872, 2.755469560623169, 0.724711537361145, 0.09393716603517532, 0.22731223702430725, 0.0046094609424471855, 0.0, 0.5106967091560364, 1.0671025514602661, 0.0, 1.6879123449325562, 0.12753386795520782, 0.0, 0.36490997672080994, 0.09175082296133041, 0.6025888919830322, 0.0, 0.0, 0.0, 0.0, 0.0, 0.010519873350858688, 0.1406838297843933, 0.0, 6.113840579986572, 0.0, 0.7863447070121765, 0.18949420750141144, 0.9510606527328491, 0.06375240534543991, 0.8407841920852661, 0.5671737790107727, 0.0, 0.09372960031032562, 1.0976823568344116, 0.7804484963417053, 0.009459400549530983, 0.23147547245025635, 0.001183806685730815, 0.0, 0.4434080421924591, 0.23229999840259552, 0.4710965156555176, 0.011100049130618572, 0.1403244435787201, 0.158669114112854, 0.36649441719055176, 0.0, 0.0, 0.0, 0.2639606297016144, 0.0028543167281895876, 0.049750037491321564, 0.2827804386615753, 0.0, 0.03526446223258972, 1.5498075485229492, 0.014696513302624226, 0.010497132316231728, 0.037906792014837265, 0.02403499186038971, 0.2934550940990448, 0.036138854920864105, 0.0, 0.12160871177911758, 0.5479443073272705, 0.21606604754924774, 0.08072038739919662, 0.0319613441824913, 2.6036410331726074, 0.0, 0.009317060001194477, 0.0, 0.015166993252933025, 0.0, 0.17559322714805603, 0.02940165251493454, 0.02625397779047489, 0.2630665898323059, 0.03236893191933632, 0.07586300373077393, 0.0, 0.0, 0.15326371788978577, 0.0, 0.0, 0.0, 0.7900667190551758, 0.0, 0.007847328670322895, 0.06354106217622757, 2.702092170715332, 2.3608367443084717, 0.022425677627325058, 0.5976964831352234, 0.3957018256187439, 0.0, 0.24310855567455292, 0.9183428287506104, 1.0035772323608398, 0.018088072538375854, 1.3865983486175537, 0.009439011104404926, 1.4912534952163696, 0.013247616589069366, 2.1716532707214355, 0.3947262763977051, 0.17355455458164215, 0.3926028311252594, 0.0019053975120186806, 0.006616582628339529, 0.13743965327739716, 0.043658189475536346, 0.011677945964038372, 0.11192158609628677, 0.10177584737539291, 0.018952179700136185, 0.0, 4.148941993713379, 0.0006373901851475239, 0.13995982706546783, 0.13156844675540924, 0.009800424799323082, 0.3555295765399933, 0.18898749351501465, 0.0, 2.2056710720062256, 0.39252379536628723, 0.7121068835258484, 0.08890035003423691, 1.8523234128952026, 0.9682660102844238, 0.26882404088974, 0.17118307948112488, 0.0, 0.6325135231018066, 0.0512145571410656, 0.006484888028353453, 1.0184895992279053, 0.15669459104537964, 0.586493194103241, 0.03726991266012192, 0.028223251923918724, 0.04480380564928055, 0.0, 0.01540291029959917, 0.0, 0.0, 0.05761297047138214, 0.01705051399767399, 1.3306331634521484, 0.01920601725578308, 0.023706091567873955, 0.08384894579648972, 0.0, 0.07349703460931778, 1.7113250494003296, 0.1577485203742981, 0.0, 0.0, 0.2843257486820221, 0.0, 0.010502289980649948, 0.1148780882358551, 0.06852679699659348, 0.03512860834598541, 0.09607468545436859, 0.09699101001024246, 0.06660445034503937, 0.0, 0.2133842408657074, 0.7252464890480042, 0.006569105666130781, 0.03869172930717468, 0.27288883924484253, 0.4001968502998352, 0.07463021576404572, 1.3112503290176392, 0.020030710846185684, 0.4323621988296509, 0.09270469844341278, 0.15195491909980774, 0.700372040271759, 0.17145149409770966, 2.526163101196289, 0.0867939218878746, 0.30768153071403503, 0.4098396599292755, 0.059437964111566544, 0.1465597152709961, 0.17467601597309113, 0.09305845946073532, 0.3538426458835602, 0.0, 0.2003272920846939, 0.0021957936696708202, 0.06652621179819107, 0.1064227968454361, 0.009979430586099625, 0.974241316318512, 1.701851725578308, 0.04366554692387581, 0.43253031373023987, 0.09763678908348083, 0.3451699912548065, 1.2131946086883545, 0.0, 0.0633554682135582, 0.0, 0.9306254982948303, 0.015660475939512253, 0.039264846593141556, 0.34113752841949463, 0.18007782101631165, 0.03193090856075287, 0.28740471601486206, 0.009850244037806988, 0.0, 0.0, 0.0, 0.1897108256816864, 0.6445837616920471, 0.45919668674468994, 0.35151344537734985, 0.0, 1.529310703277588, 0.0, 0.7016609907150269, 0.730084240436554, 0.0, 0.7995221018791199, 0.0, 0.0, 0.21838851273059845, 0.13862445950508118, 0.05583947151899338, 1.1084972620010376, 0.0, 0.21631887555122375, 0.24574516713619232, 0.03002026677131653, 0.03514841943979263, 0.23482564091682434, 0.11571092158555984, 0.004133458249270916, 0.16245220601558685, 0.3149911165237427, 0.0, 0.015942122787237167, 0.3697506785392761, 0.6891550421714783, 0.39677491784095764, 2.019772529602051, 1.6215993165969849, 1.9614675045013428, 0.0, 0.010209978558123112, 0.0, 1.504330039024353, 0.0, 0.0, 0.021134784445166588, 0.6757230162620544, 0.10349233448505402, 0.2750278413295746, 0.0030099956784397364, 0.2719825506210327, 1.5376821756362915, 0.3254860043525696, 0.7533942461013794, 0.053568169474601746, 0.10338949412107468, 0.28370681405067444, 0.0, 0.0, 0.6726222038269043, 0.12923845648765564, 0.0, 0.5460278391838074, 2.109992265701294, 0.005348084028810263, 0.026292404159903526, 0.0, 0.023648971691727638, 0.0, 0.0028474233113229275, 0.16524937748908997, 0.017528129741549492, 0.4049484133720398, 0.02251756750047207, 0.0, 0.0, 0.6659644246101379, 0.8591815233230591, 0.0042114113457500935, 0.02204374223947525, 0.09424720704555511, 0.0, 0.04793373495340347, 0.013627791777253151, 0.03914014250040054, 0.0, 0.28492897748947144, 0.24280910193920135, 0.26729077100753784, 0.2205573469400406, 0.0, 0.0, 0.06347176432609558, 0.1272139698266983, 0.4263019561767578, 0.0, 1.5757426023483276, 0.03404153510928154, 0.0030712473671883345, 0.6652501225471497, 0.0, 0.333233118057251, 0.02922324277460575, 0.0, 0.0, 0.0042587760835886, 0.0, 0.11218588799238205, 0.09083128720521927, 0.269450843334198, 0.0, 0.014442678540945053, 0.032486170530319214, 1.4030486345291138, 0.47162020206451416, 0.0, 1.1373534202575684, 0.3646228313446045, 0.2274038940668106, 0.0, 0.02924690768122673, 0.04269671440124512, 0.06691344082355499, 0.0, 0.006689655594527721, 0.03142518177628517, 0.08760185539722443, 1.3233892917633057, 0.06579112261533737, 0.0, 0.0, 1.0189002752304077, 0.00686952518299222, 1.7121129035949707, 0.2495175004005432, 0.07164928317070007, 0.005983201786875725, 0.06122366338968277, 0.31751951575279236, 2.830251932144165, 0.0, 2.1009232997894287, 0.009644187055528164, 3.4398393630981445, 0.09342086315155029, 0.6625203490257263, 1.9366729259490967, 0.0, 0.7266173958778381, 1.7355427742004395, 3.191047430038452, 0.0, 0.0, 0.0, 1.1627570390701294, 0.0, 0.13793040812015533, 0.8750960826873779, 0.5041933059692383, 0.22200654447078705, 0.11476283520460129, 0.3551764488220215, 0.015825724229216576, 0.0, 0.005016149487346411, 0.7194020748138428, 0.5561332106590271, 0.19008305668830872, 1.820759654045105, 0.0, 0.11774228513240814, 0.005370736122131348, 0.3485367000102997, 0.1317574381828308, 0.14539961516857147, 0.5344838500022888, 0.26749077439308167, 1.287268042564392, 1.363120436668396, 0.03882095217704773, 0.636195719242096, 0.0, 0.0, 0.0, 0.0850026085972786, 0.0, 0.0, 0.29319339990615845, 0.6786371469497681, 0.15019045770168304, 0.0843861997127533, 0.0, 0.0, 0.0, 1.4178558588027954, 0.12771517038345337, 0.016166700050234795, 0.0, 0.015337523072957993, 0.24229095876216888, 0.08402452617883682, 0.026133934035897255, 0.3192279040813446, 0.7674649953842163, 0.0, 0.0, 0.4240104854106903, 0.0, 0.11426817625761032, 0.0, 0.012457079254090786, 2.5526974201202393, 0.1383388340473175, 0.027432845905423164, 0.009124645963311195, 0.0, 0.3671303689479828, 0.18355584144592285, 0.0, 0.0, 0.18829117715358734, 0.12692685425281525, 0.08401626348495483, 0.04003769904375076, 0.3554176092147827, 0.461070716381073, 0.4951959252357483, 0.010290296748280525, 0.015331022441387177, 0.8416867852210999, 0.032044392079114914, 0.090184286236763, 0.22727201879024506, 6.252199649810791, 0.08475341647863388, 0.0, 0.9030042290687561, 0.1830369234085083, 0.013875012286007404, 0.02222338505089283, 1.0457109212875366, 0.0, 0.865220308303833, 0.0, 0.8290174007415771, 0.06314492970705032, 0.033917345106601715, 0.2950535714626312, 0.4519669711589813, 0.39871838688850403, 0.10907970368862152, 0.0, 0.011590670794248581, 0.43959131836891174, 0.01805313304066658, 0.0, 0.0, 0.0008923982968553901, 0.0023646987974643707, 0.17120347917079926, 0.0, 0.012632034718990326, 0.020123841241002083, 0.014296868816018105, 0.0, 0.05800417438149452, 0.22367313504219055, 1.340084195137024, 0.03091978095471859, 0.009854000061750412, 0.05132339522242546, 0.0, 1.0804136991500854, 0.0065566664561629295, 0.3452291786670685, 1.819300889968872, 0.11714162677526474, 1.0376173257827759, 0.74634850025177, 0.5224952101707458, 0.09756667166948318, 0.0, 0.03272540867328644, 1.386879563331604, 0.0, 2.0012173652648926, 0.07026688754558563, 0.0, 0.0, 0.37190479040145874, 0.7265374064445496, 0.0, 0.3907186985015869, 0.1157449334859848, 0.7699516415596008, 1.7159637212753296, 0.1350538730621338, 0.0, 0.0019968091510236263, 0.0, 0.3170998990535736, 0.0, 0.3770066797733307, 3.0168240070343018, 0.1535976529121399, 0.5545804500579834, 0.1494196206331253, 3.410304069519043, 0.42365968227386475, 0.08761052042245865, 0.1479366570711136, 0.026369936764240265, 0.0, 0.07209307700395584, 0.19839070737361908, 0.0, 0.002850821940228343, 0.12875939905643463, 0.018994690850377083, 0.035637952387332916, 0.0, 0.16904403269290924, 0.0, 0.07695399224758148, 0.3618285059928894, 0.43706727027893066, 0.060852739959955215, 1.9268406629562378, 0.3914926052093506, 0.1117342859506607, 0.4227437674999237, 0.0, 0.0, 0.0030014929361641407, 0.0, 0.09219904243946075, 0.2753433287143707, 0.8217877745628357, 1.8476790189743042, 0.029274366796016693, 0.045378513634204865, 1.1124706268310547, 0.26771289110183716, 0.07884907722473145, 0.0, 0.0, 0.07060293108224869, 0.9706606864929199, 0.02078542858362198, 1.0317413806915283, 0.0, 0.049563217908144, 0.25285604596138, 0.1022161915898323, 0.08838752657175064, 2.527222156524658, 0.16769486665725708, 1.229055643081665, 0.011991111561655998, 0.018212435767054558, 0.0, 0.797429621219635, 0.0, 0.046789661049842834, 0.0, 0.05646321177482605, 0.02154417335987091, 0.6898165345191956, 0.9629948735237122, 0.021278006955981255, 0.39981117844581604, 0.0, 0.07872161269187927, 0.019337980076670647, 0.10968402773141861, 0.0880516991019249, 0.03375327214598656, 0.6975496411323547, 0.2518722116947174, 0.0030394524801522493, 0.0, 0.10501784086227417, 0.41122856736183167, 1.1879258155822754, 0.03394265100359917, 0.02151971124112606, 0.6155962347984314, 0.04502861946821213, 0.0, 0.7576958537101746, 0.02915995381772518, 0.011558450758457184, 0.0269426591694355, 0.1141505241394043, 0.5201405882835388, 0.3621305227279663, 2.2404422760009766, 0.05380912870168686, 0.26022958755493164, 0.7439695000648499, 0.052694499492645264, 0.005341729149222374, 0.2270728200674057, 0.22294126451015472, 0.0, 0.0, 0.0, 0.2260964810848236, 0.6346908807754517, 2.7055904865264893, 0.19736739993095398, 1.764560580253601, 0.1562790423631668, 1.2155781984329224, 0.0, 4.770802021026611, 0.05229119211435318, 4.108638763427734, 0.018571950495243073, 0.045709338039159775, 0.14864356815814972, 0.16876544058322906, 2.2489736080169678, 0.3309932351112366, 0.03394660726189613, 0.41108500957489014, 0.11581709235906601, 0.012524974532425404, 0.047943875193595886, 0.14492791891098022, 0.9560818076133728, 0.1894821971654892, 0.0, 0.0, 0.03205207735300064, 0.0, 0.029883692041039467, 0.01711622066795826, 0.43945568799972534, 0.0, 0.017720071598887444, 0.040253784507513046, 0.48079901933670044, 0.07799797505140305, 1.0516413450241089, 0.0, 0.20234815776348114, 0.0, 0.16014161705970764, 0.0, 0.0, 0.06677432358264923, 0.06833618879318237, 0.3688538670539856, 0.4387475252151489, 0.0, 0.0, 2.8642914295196533, 0.7891584038734436]",Testing/glioma_tumor/image(39).jpg
"[0.6697211861610413, 0.09760928899049759, 0.0038738250732421875, 0.42761266231536865, 0.8835980296134949, 0.003307503182440996, 5.777379035949707, 0.004419648088514805, 0.03238702565431595, 0.015643125399947166, 0.07133271545171738, 0.03941184654831886, 0.10125993192195892, 1.8260142803192139, 0.3792576789855957, 0.0, 0.02412804216146469, 0.6601725220680237, 0.1988288015127182, 0.11224528402090073, 0.46686914563179016, 1.3770077228546143, 0.02759396843612194, 0.0, 0.5185590982437134, 0.14938734471797943, 1.5850350856781006, 0.4246385395526886, 0.05967186763882637, 0.32246384024620056, 0.25556501746177673, 0.5252288579940796, 0.10849158465862274, 0.577948272228241, 1.9067845344543457, 1.535773754119873, 0.09800087660551071, 0.0849819928407669, 0.45459631085395813, 0.10571733117103577, 2.339888572692871, 0.9580398797988892, 0.0, 0.40067726373672485, 0.16578075289726257, 0.0, 0.14124633371829987, 0.0, 0.0, 0.5419021248817444, 0.29598212242126465, 0.27394944429397583, 0.7120124697685242, 0.6413160562515259, 2.149104595184326, 2.004777193069458, 1.053452730178833, 0.058925073593854904, 0.4567977488040924, 0.07486733794212341, 0.49268287420272827, 0.8045119643211365, 1.2091482877731323, 1.6659611463546753, 0.14330218732357025, 0.152054101228714, 1.3205256462097168, 0.09890486299991608, 0.4641658365726471, 0.0997190997004509, 0.0937420129776001, 0.21889062225818634, 0.1519775390625, 1.8094956874847412, 0.2277909517288208, 0.28737157583236694, 1.4869415760040283, 0.23472122848033905, 0.0, 0.4642045199871063, 0.0, 0.1277303397655487, 0.7002220749855042, 0.8248467445373535, 2.8290600776672363, 0.07057411968708038, 4.278432846069336, 0.19322648644447327, 0.13659889996051788, 0.17314082384109497, 4.623689651489258, 1.0289411544799805, 0.2977728843688965, 0.5176898837089539, 0.49684587121009827, 0.2406139224767685, 0.08693491667509079, 0.17794698476791382, 0.22466038167476654, 0.5926730632781982, 1.137568712234497, 0.31379398703575134, 0.3804672658443451, 0.09923985600471497, 0.12239549309015274, 0.4370032846927643, 0.9423595070838928, 1.820326805114746, 0.11001481860876083, 0.6435735821723938, 0.7052496075630188, 0.030335085466504097, 0.7773221135139465, 0.033630527555942535, 0.16851024329662323, 0.09687325358390808, 0.041983507573604584, 0.2615056335926056, 0.33125633001327515, 0.532814621925354, 0.3157617151737213, 0.0338716022670269, 0.06395572423934937, 0.23347128927707672, 0.9255678057670593, 0.8976044654846191, 0.31572264432907104, 0.09949303418397903, 2.603050470352173, 0.0, 0.0, 0.9889813661575317, 0.16996610164642334, 0.0, 0.4457188844680786, 0.29831641912460327, 0.049935754388570786, 0.2530937194824219, 0.6582923531532288, 0.14528541266918182, 0.17849548161029816, 0.2819674611091614, 0.0, 0.18048177659511566, 0.0, 0.4365071654319763, 0.06345979869365692, 0.6982712745666504, 0.22535273432731628, 0.16446425020694733, 0.4361770451068878, 0.5194849967956543, 0.20313434302806854, 0.11121881008148193, 0.4974418580532074, 0.4523749053478241, 0.004780535586178303, 0.2162499576807022, 0.9285683035850525, 0.16402992606163025, 0.38898366689682007, 0.8778874278068542, 0.0, 0.025900796055793762, 0.07964284718036652, 0.7523091435432434, 0.7677050232887268, 0.5722192525863647, 0.21464966237545013, 6.2418036460876465, 1.0946248769760132, 0.008443403989076614, 0.014959311112761497, 0.8491525650024414, 0.9171137809753418, 0.08928318321704865, 0.2585744559764862, 1.5053058862686157, 0.14481452107429504, 0.8636894822120667, 0.017187030985951424, 0.10167425870895386, 0.11901310831308365, 0.044944461435079575, 0.6076396107673645, 1.0044928789138794, 0.2959137260913849, 0.19443252682685852, 0.3583720028400421, 0.004118009470403194, 0.040750522166490555, 0.2999454140663147, 0.039558038115501404, 0.1059979796409607, 0.04957747459411621, 0.5174399614334106, 0.06779304891824722, 0.31244224309921265, 0.06638851761817932, 0.0547463558614254, 0.6688106060028076, 0.3367844521999359, 0.7942773699760437, 0.0, 1.0121519565582275, 0.3533739447593689, 0.005908518563956022, 0.046490997076034546, 0.3162057101726532, 0.7581683397293091, 0.74322509765625, 1.3418930768966675, 0.03821200877428055, 0.9196724891662598, 0.20489177107810974, 0.19367237389087677, 0.5081470012664795, 0.1822046935558319, 0.42026808857917786, 0.22185999155044556, 0.1538725048303604, 0.029822176322340965, 1.1889139413833618, 0.21388785541057587, 0.000615874130744487, 1.121932864189148, 0.30640292167663574, 0.5453178882598877, 1.6923823356628418, 0.682486891746521, 1.062955379486084, 2.3277218341827393, 2.203369379043579, 1.5778700113296509, 2.312587261199951, 1.2863750457763672, 0.0, 0.6712201237678528, 0.18247991800308228, 0.20711934566497803, 1.0621298551559448, 0.03546789661049843, 0.6245456337928772, 0.4243525564670563, 0.2879543900489807, 0.2940709888935089, 0.8769826889038086, 1.296852469444275, 0.13826614618301392, 1.6778390407562256, 0.7602770924568176, 0.0027362327091395855, 0.6393736004829407, 0.05656316503882408, 0.5463027358055115, 2.6798837184906006, 0.2956758737564087, 4.571397304534912, 0.008345472626388073, 0.40222930908203125, 0.0, 0.2012324035167694, 0.051495570689439774, 0.16876041889190674, 0.0197736918926239, 0.0, 0.0, 0.026900121942162514, 0.038845181465148926, 0.3499142825603485, 0.13742989301681519, 1.2715177536010742, 0.681052565574646, 0.06556487828493118, 3.6259212493896484, 0.6373070478439331, 0.5477223992347717, 1.3354239463806152, 0.8602978587150574, 0.06392429023981094, 1.042576789855957, 0.402901828289032, 3.7609009742736816, 0.8327046036720276, 0.19289694726467133, 1.0585906505584717, 0.659362256526947, 0.5693607926368713, 0.011445201002061367, 0.0, 0.27553093433380127, 0.1022752970457077, 0.0, 0.3814796507358551, 0.15024758875370026, 2.4839189052581787, 0.007168362382799387, 0.6757063865661621, 0.8483244180679321, 0.5184080004692078, 0.02209579013288021, 0.24632348120212555, 5.173411846160889, 0.18272630870342255, 1.30975341796875, 0.9375351071357727, 0.05603519827127457, 0.09088310599327087, 0.009231304749846458, 1.2074108123779297, 0.07955092191696167, 0.8549036979675293, 0.4012677073478699, 0.23718106746673584, 0.4222508668899536, 0.09557873755693436, 0.449645459651947, 0.06164674833416939, 0.02756425365805626, 0.43007326126098633, 0.5642474293708801, 0.34894195199012756, 0.14763590693473816, 0.12390124797821045, 0.18873347342014313, 0.17637869715690613, 0.40315261483192444, 0.02301260083913803, 2.9407105445861816, 2.3263156414031982, 0.26865464448928833, 0.0965617448091507, 0.6218439340591431, 0.2937980592250824, 0.06408902257680893, 0.6128022074699402, 3.195134401321411, 0.45355138182640076, 1.092993140220642, 0.31278306245803833, 0.13392889499664307, 0.07878518849611282, 0.0, 0.1334046870470047, 0.0, 0.18939527869224548, 0.02589617855846882, 0.042203113436698914, 0.46793922781944275, 0.11992327868938446, 0.0036397490184754133, 0.6263608932495117, 0.22956350445747375, 0.0, 0.11065603047609329, 0.08525422215461731, 0.7539066672325134, 0.11633189022541046, 0.7021846175193787, 1.5225998163223267, 0.09027598798274994, 0.4736860692501068, 3.303414821624756, 0.18802763521671295, 0.15772603452205658, 0.357103556394577, 0.15256571769714355, 0.04321333393454552, 1.4613717794418335, 3.1780717372894287, 0.2641841471195221, 0.6882339715957642, 1.2530300617218018, 1.5752233266830444, 0.37254831194877625, 0.14863912761211395, 1.3440343141555786, 0.9136987924575806, 0.021939348429441452, 0.3796441853046417, 0.876489520072937, 0.004553966224193573, 0.055767372250556946, 0.27818018198013306, 0.470620334148407, 0.6436688899993896, 0.7199162244796753, 0.07725051045417786, 0.10252949595451355, 0.48519444465637207, 0.04776497930288315, 0.21999399363994598, 0.24943538010120392, 0.07724177837371826, 0.6104843020439148, 3.258962631225586, 0.20536905527114868, 2.1656417846679688, 0.09481461346149445, 0.46042752265930176, 0.8798200488090515, 0.0, 0.16800016164779663, 0.5317542552947998, 0.0, 2.6565616130828857, 0.06744580715894699, 0.2199687510728836, 1.8112874031066895, 1.4300628900527954, 0.0073051550425589085, 0.17149996757507324, 0.3936154842376709, 0.17156270146369934, 0.058114685118198395, 2.232837677001953, 0.0, 0.08407306671142578, 0.0, 0.18975047767162323, 0.234262153506279, 0.8634709715843201, 0.016104381531476974, 1.4230901002883911, 0.0, 0.2561548054218292, 0.37551307678222656, 0.6947060227394104, 0.3963620662689209, 1.2256100177764893, 0.562159538269043, 0.010398655198514462, 1.6541675329208374, 0.5212787985801697, 0.47494950890541077, 0.5608402490615845, 0.0, 1.7673503160476685, 0.45352810621261597, 0.3979637026786804, 0.17343758046627045, 0.07059621810913086, 0.19050824642181396, 0.7002084851264954, 0.8166285157203674, 0.19641520082950592, 0.19857706129550934, 1.0334303379058838, 0.38774189352989197, 2.3268024921417236, 0.39043256640434265, 0.23612646758556366, 0.24425247311592102, 0.0, 0.2387920618057251, 0.4049311578273773, 0.06782817095518112, 0.745137095451355, 0.44545629620552063, 2.0812320709228516, 0.47232601046562195, 2.065124034881592, 0.9784851670265198, 0.14059774577617645, 0.15083470940589905, 0.3357190489768982, 0.0, 0.30484262108802795, 0.2523065507411957, 0.06642819941043854, 0.2770780324935913, 0.3949563503265381, 1.269927740097046, 0.44485703110694885, 0.2591906785964966, 0.0, 0.2182283252477646, 0.2874738872051239, 0.0, 0.22464275360107422, 0.23698505759239197, 0.3559251129627228, 0.381102591753006, 0.24292722344398499, 0.0, 0.1364627331495285, 0.0, 0.02344859205186367, 0.1743415743112564, 0.45516663789749146, 1.7360472679138184, 1.4492803812026978, 0.10863672941923141, 0.03860684484243393, 0.5305238962173462, 0.07711589336395264, 0.621786892414093, 0.4498937129974365, 1.7948639392852783, 0.5449548363685608, 0.39662981033325195, 0.6320028305053711, 0.07566022127866745, 5.169362545013428, 0.10581907629966736, 0.555088996887207, 0.5685053467750549, 0.0, 0.16324947774410248, 0.02552281878888607, 0.09435895830392838, 0.003583282930776477, 0.2258906066417694, 0.5555816292762756, 1.4731318950653076, 0.6550944447517395, 2.4113426208496094, 0.059599291533231735, 0.15244002640247345, 0.21573778986930847, 0.0, 0.7878993153572083, 0.9164464473724365, 0.7298668026924133, 0.4776293635368347, 0.7300136089324951, 0.012043369002640247, 0.0, 0.5895690321922302, 1.691662073135376, 0.46626684069633484, 0.23896631598472595, 3.300708293914795, 3.2643017768859863, 0.11985588073730469, 0.13364742696285248, 3.481276512145996, 0.057420700788497925, 0.7042645812034607, 0.10974903404712677, 0.06926830112934113, 0.13550913333892822, 0.7146769762039185, 0.3149748742580414, 1.1244220733642578, 1.6935832500457764, 0.04081280156970024, 0.21131737530231476, 0.8229860663414001, 0.0, 0.39590615034103394, 1.0171093940734863, 0.22458870708942413, 0.1363387405872345, 0.386920303106308, 1.9847410917282104, 0.0028066635131835938, 0.0, 0.0368187353014946, 0.1281517744064331, 4.625713348388672, 0.17023096978664398, 0.47238004207611084, 0.08242456614971161, 0.0, 0.4536622166633606, 1.6319518089294434, 0.07037265598773956, 2.175262212753296, 0.43404048681259155, 2.6050429344177246, 0.5252623558044434, 2.5028934478759766, 0.16896648705005646, 0.04549204185605049, 0.7979637980461121, 0.2014043778181076, 0.3469238579273224, 0.6466715931892395, 0.028478551656007767, 4.474217891693115, 0.0, 0.5876293182373047, 0.038418062031269073, 0.042960137128829956, 0.9981951117515564, 0.5454353094100952, 0.004058224614709616, 0.28439822793006897, 0.0, 0.01709497720003128, 0.41452544927597046, 0.8451776504516602, 0.0, 0.8092755079269409, 0.02555248700082302, 0.17090803384780884, 0.052187781780958176, 0.0, 0.42638662457466125, 0.44287973642349243, 0.0, 2.8546969890594482, 1.1571576595306396, 0.0, 0.021604713052511215, 0.1453445702791214, 0.15136520564556122, 0.20333614945411682, 2.421015739440918, 0.020615197718143463, 0.15106673538684845, 0.6613286137580872, 1.3863829374313354, 0.0, 0.0005945064476691186, 0.0, 0.24859397113323212, 0.0, 1.8656342029571533, 0.2994346618652344, 0.07070352882146835, 1.9957716464996338, 0.561933696269989, 0.1614714413881302, 0.12364684045314789, 0.1709814816713333, 0.04900933429598808, 0.0, 0.11186360567808151, 0.19613565504550934, 2.1361706256866455, 0.011872564442455769, 0.023396208882331848, 0.04653940349817276, 0.0, 0.11438480019569397, 0.029499875381588936, 0.5259129405021667, 0.6258116960525513, 0.9371036887168884, 0.1422136276960373, 0.17183947563171387, 0.3813851773738861, 0.021059704944491386, 0.45181795954704285, 2.046854019165039, 0.47175002098083496, 0.5039792060852051, 0.0, 1.1282881498336792, 0.06007644161581993, 0.006573331542313099, 0.0, 2.1448659896850586, 0.059205591678619385, 0.4979371130466461, 0.0348360501229763, 0.3769579231739044, 0.03692486509680748, 0.6140179634094238, 0.16298991441726685, 0.16325253248214722, 0.7428291440010071, 1.478172779083252, 0.008561978116631508, 1.6446058750152588, 0.4118046164512634, 0.0, 2.593423366546631, 0.0, 0.008851654827594757, 0.300652414560318, 0.24071818590164185, 0.03146866708993912, 0.21050721406936646, 0.0, 0.025865549221634865, 0.24011212587356567, 2.504503011703491, 0.38308894634246826, 0.6818795204162598, 0.0, 0.3819524347782135, 3.4550416469573975, 0.4778144657611847, 0.034690987318754196, 0.023311138153076172, 0.1459156572818756, 0.38884463906288147, 0.21281221508979797, 0.0, 0.012608027085661888, 0.06568092107772827, 0.6347386240959167, 0.1664562076330185, 0.36452028155326843, 0.3213489353656769, 0.02500980719923973, 0.031507253646850586, 0.5082943439483643, 0.07999402284622192, 0.17840661108493805, 0.16614466905593872, 0.32124796509742737, 0.0, 1.1632529497146606, 1.5835798978805542, 0.9182853102684021, 0.2397008240222931, 1.9720579385757446, 0.45393791794776917, 0.278304785490036, 0.0, 0.04194566234946251, 0.05409427732229233, 0.37433701753616333, 0.0, 0.0010596197098493576, 0.0, 0.03665750473737717, 1.5447901487350464, 2.843086004257202, 0.10069620609283447, 0.09412657469511032, 3.2957210540771484, 1.4728419780731201, 0.024679359048604965, 0.3873359262943268, 1.7428417205810547, 0.08081156015396118, 0.601036787033081, 0.031337711960077286, 0.6083289980888367, 1.4174121618270874, 0.6433984637260437, 0.5339217782020569, 0.6150041818618774, 0.08504348993301392, 0.21224579215049744, 0.15453438460826874, 0.0, 0.9152133464813232, 1.4526340961456299, 0.11931145936250687, 0.024645492434501648, 0.36296576261520386, 0.0, 0.32461655139923096, 0.098501056432724, 0.24510034918785095, 0.32730382680892944, 0.2025456577539444, 0.0, 1.0369564294815063, 0.3481891453266144, 0.7159500122070312, 0.04716327413916588, 0.0537898875772953, 0.6593528985977173, 0.4783708155155182, 0.4262450039386749, 1.1714177131652832, 1.648937463760376, 0.0, 0.004895803984254599, 0.03201421722769737, 0.208984375, 0.6160169243812561, 0.7487983107566833, 0.11393670737743378, 0.19173477590084076, 0.03384692966938019, 0.5169772505760193, 1.165629506111145, 0.09470492601394653, 0.12651407718658447, 0.0, 0.9905337691307068, 0.24839958548545837, 0.3035726249217987, 2.2652080059051514, 0.5794283151626587, 0.014746223576366901, 1.029232144355774, 0.10825655609369278, 2.600743293762207, 0.0, 0.2548210322856903, 0.07541080564260483, 1.9291752576828003, 0.3792559504508972, 0.11378657072782516, 0.45930215716362, 0.7517772316932678, 2.024928092956543, 0.19783978164196014, 0.0, 0.002200236078351736, 0.20465722680091858, 0.0, 0.10386798530817032, 0.3777872920036316, 0.8677316904067993, 0.41014477610588074, 1.4080324172973633, 3.1751768589019775, 2.04974102973938, 0.21407513320446014, 0.055442843586206436, 0.6702766418457031, 0.054482392966747284, 2.135127067565918, 0.0, 2.6008687019348145, 0.1699143499135971, 3.68023681640625, 1.4631037712097168, 0.0, 0.3381431996822357, 0.0, 0.02600913681089878, 0.6129246354103088, 0.2844281494617462, 0.04046912491321564, 2.6490204334259033, 0.24311517179012299, 0.0, 0.0478895865380764, 1.1693120002746582, 0.38475775718688965, 0.7135244607925415, 0.1655309498310089, 0.6076681017875671, 1.0662281513214111, 1.9797000885009766, 0.04372681304812431, 0.01874285750091076, 0.06018054112792015, 0.45792391896247864, 0.0007554268231615424, 0.02590535208582878, 0.6385642290115356, 2.9714672565460205, 1.2608551979064941, 0.39764174818992615, 0.37124112248420715, 0.464600533246994, 0.28513962030410767, 0.855980396270752, 0.39202284812927246, 0.2862169146537781, 0.6527529358863831, 0.090408556163311, 0.007463566958904266, 0.07411747425794601, 0.06593567132949829, 0.08650890737771988, 0.29158011078834534, 0.7664611339569092, 0.5131052732467651, 0.5175865888595581, 0.3740213215351105, 0.3537534177303314, 1.1048072576522827, 0.609961211681366, 0.47684162855148315, 0.676029622554779, 0.05723448842763901, 4.560664653778076, 0.25050032138824463, 0.22135035693645477, 0.06564470380544662, 0.3257714509963989, 0.06328421086072922, 0.3873158395290375, 0.36889633536338806, 0.3200589716434479, 0.9592704176902771, 0.6709744334220886, 0.37346726655960083, 0.5514554977416992, 0.25565820932388306, 0.010638129897415638, 1.042345643043518, 0.0, 3.8210196495056152, 2.1340830326080322, 0.28876325488090515, 0.0870015025138855, 0.012847664766013622, 0.27952662110328674, 0.13526968657970428, 0.07198797166347504, 0.5593023300170898, 0.008018858730793, 0.5706011056900024, 0.5717493295669556, 0.10756418853998184, 0.5410571694374084, 0.04896518960595131, 0.5343132615089417, 0.1303205043077469, 0.6237313151359558, 4.148160457611084, 0.05648435279726982, 0.07285893708467484, 1.6814591884613037, 0.17282363772392273, 0.5181712508201599, 0.5590152144432068, 1.0680745840072632, 0.1849023848772049, 0.7819722890853882, 0.06070857122540474, 0.6922876834869385, 1.2024388313293457, 0.009130173362791538, 1.0698027610778809, 0.008794045075774193, 0.16080845892429352, 0.2293904721736908, 0.2215583324432373, 0.5025448799133301, 0.8539286255836487, 0.6651777029037476, 1.3802947998046875, 2.0790324211120605, 2.341470718383789, 0.0, 0.5169352293014526, 0.3026559054851532, 1.7589924335479736, 0.0, 0.23081371188163757, 0.4555341303348541, 0.02831871248781681, 0.14020781219005585, 0.04739101231098175, 0.0, 0.5998643636703491, 0.41581547260284424, 0.5185759663581848, 0.24326832592487335, 0.8047561645507812, 0.3333730101585388, 0.018436003476381302, 0.10314680635929108, 0.16961951553821564, 1.1273601055145264, 0.0, 1.542936086654663, 1.2650859355926514, 0.0, 0.11300379037857056, 0.009500023908913136, 0.4628799557685852, 3.096648931503296, 1.4450689554214478, 0.11505204439163208, 0.043423593044281006, 0.0, 0.11509406566619873, 1.6683151721954346, 1.0974620580673218, 1.7742406129837036, 0.40688222646713257, 0.30494287610054016, 0.18616226315498352, 0.0, 0.023856131359934807, 0.2906458377838135, 0.0, 0.109934963285923, 0.25031614303588867, 0.08948857337236404, 0.2280348688364029, 0.12285273522138596, 0.4570261538028717, 0.3189547061920166, 1.5317885875701904, 1.2170000076293945, 0.38191869854927063, 0.026725221425294876, 0.8738830089569092, 0.05944552272558212, 0.24615120887756348, 0.2956099510192871, 0.36237818002700806, 0.22295846045017242, 0.49353519082069397, 0.029570069164037704, 0.12711386382579803, 0.013422464951872826, 0.06009504571557045, 0.15114346146583557, 0.23919269442558289, 0.0641903355717659, 0.030115390196442604, 0.23621928691864014, 0.26463061571121216, 0.18311917781829834, 0.047423142939805984, 0.7557035088539124, 0.7839688658714294, 4.355020523071289, 0.5230453610420227, 1.1200385093688965, 0.9505448341369629, 0.06936515867710114, 0.2914247214794159, 0.16698569059371948, 1.2388311624526978, 2.4834706783294678, 0.22279715538024902, 0.1633053570985794, 0.14472785592079163, 0.29252228140830994, 0.024630887433886528, 0.08358113467693329, 0.4014943838119507, 0.21527181565761566, 0.10127874463796616, 0.7612063884735107, 0.2653554081916809, 0.14980784058570862, 0.0, 0.12128905951976776, 0.022699054330587387, 0.700700581073761, 0.017574232071638107, 0.7289556264877319, 0.16583392024040222, 0.37020736932754517, 0.01645185984671116, 0.5250964164733887, 1.0843381881713867, 0.004004532005637884, 0.024251246824860573, 0.0, 0.018752167001366615, 0.33027178049087524, 0.7278162240982056, 0.01663750782608986, 0.09639983624219894, 0.1192873939871788, 0.05283430591225624, 0.18847110867500305, 0.32313603162765503, 0.29905202984809875, 0.1592082530260086, 0.0, 0.10586117953062057, 0.7269846200942993, 0.3051185607910156, 0.040737926959991455, 0.07064641267061234, 1.6438435316085815, 0.1919752061367035, 0.6329733729362488, 0.4652042090892792, 0.16563554108142853, 0.07215432822704315, 0.0742606520652771, 0.9544842839241028, 0.06262684613466263, 2.265982151031494, 1.3343957662582397, 0.039955805987119675, 0.41478168964385986, 0.4196362793445587, 3.3605449199676514, 0.2603994309902191, 0.15180173516273499, 1.1878477334976196, 0.0, 0.10883145779371262, 0.2641189694404602, 0.21113784611225128, 0.035590771585702896, 1.8164159059524536, 0.734433650970459, 1.4121410846710205, 1.6008843183517456, 0.25009551644325256, 0.5522866249084473, 0.40316709876060486, 0.9122660756111145, 0.6067489385604858, 0.17988288402557373, 0.07258590310811996, 0.0, 0.9546989798545837, 0.18909631669521332, 2.507848024368286, 0.018914690241217613, 0.020126039162278175, 0.001456046593375504, 0.004751779604703188, 0.23163612186908722, 0.1091238334774971, 0.08039720356464386, 0.021525153890252113, 0.33934834599494934, 0.3457057476043701, 0.2855254113674164, 1.3243968486785889, 0.32043156027793884, 0.037369150668382645, 0.55474853515625, 0.4528912901878357, 0.10009702295064926, 0.2958295941352844, 0.04268042370676994, 1.0995556116104126, 0.45304620265960693, 0.0, 0.012805500999093056, 1.0140981674194336, 0.40965232253074646, 0.3499038815498352, 0.568819522857666, 0.0851626768708229, 0.3436356484889984, 0.047516923397779465, 0.13152410089969635, 0.03784692659974098, 0.03705804795026779, 0.23955745995044708, 2.3833210468292236, 0.0, 0.45052430033683777, 0.18741580843925476, 4.034695148468018, 0.03538362681865692, 0.07791104912757874, 0.1421472579240799, 0.0, 0.1096864640712738, 0.24802455306053162, 0.0, 0.6816704273223877, 1.9338456392288208, 0.07785212993621826, 0.568577766418457, 0.0, 0.4199790954589844, 0.0, 0.9377874135971069, 0.1686507761478424, 0.3994188904762268, 0.09657357633113861, 0.04646102711558342, 0.2392067164182663, 1.3012009859085083, 0.2572343647480011, 0.06050438806414604, 0.21942132711410522, 0.0, 0.9416203498840332, 0.0, 0.13252660632133484, 0.10144434124231339, 0.21016094088554382, 0.19421571493148804, 0.1292160153388977, 0.5462654232978821, 0.10782665759325027, 0.00911043118685484, 0.49844345450401306, 0.020594023168087006, 0.10326197743415833, 0.01631820946931839, 0.0, 0.10676968842744827, 0.7736503481864929, 0.028910277411341667, 0.37879928946495056, 0.025137964636087418, 1.8789126873016357, 0.6004170179367065, 0.002702513476833701, 0.6259415745735168, 0.006291676312685013, 0.0005656286375597119, 0.6333540081977844, 0.33661743998527527, 0.09691579639911652, 0.5439460277557373, 0.0, 0.8026845455169678, 0.01878250390291214, 1.0031917095184326, 0.0, 0.2187383621931076, 0.32177290320396423, 1.2971861362457275, 0.3994865417480469, 0.8547614216804504, 0.030534297227859497, 0.6350132822990417, 0.0, 1.4226043224334717, 0.13651350140571594, 0.8799067735671997, 0.06623014807701111, 0.4113191068172455, 1.2712830305099487, 0.5011640191078186, 1.3358101844787598, 1.211655616760254, 0.0, 0.01544234436005354, 2.551234006881714, 0.09151133894920349, 0.1749478131532669, 0.6076579093933105, 0.05827276408672333, 0.08588100224733353, 0.09295403957366943, 0.6913965344429016, 0.4927968382835388, 0.0, 0.6215386986732483, 0.26276856660842896, 0.258144348859787, 0.8182124495506287, 0.2977357804775238, 0.8784874081611633, 0.8081896901130676, 0.15291781723499298, 0.12225800007581711, 0.028483925387263298, 4.0359954833984375, 0.2909435033798218, 0.299001544713974, 0.1484762281179428, 0.01508068572729826, 1.6607335805892944, 0.42177873849868774, 0.5933933854103088, 0.0, 0.9293828010559082, 1.8172529935836792, 2.5108814239501953, 0.6342977285385132, 0.46347883343696594, 0.19279129803180695, 0.13925859332084656, 0.2917232811450958, 0.0626540407538414, 1.6714955568313599, 0.9594389200210571, 0.4465809166431427, 0.18936242163181305, 0.0, 2.4819605350494385, 0.013255839236080647, 0.0, 0.018313828855752945, 0.018942497670650482, 0.45113515853881836, 1.4859670400619507, 1.613228678703308, 0.16516153514385223, 1.6100294589996338, 1.9560017585754395, 0.0, 0.8991147875785828, 0.9847092032432556, 1.6783939599990845, 0.02956986241042614, 0.19680088758468628, 0.1526956707239151, 0.969409704208374, 0.19332994520664215, 1.072231411933899, 0.17947813868522644, 0.42458799481391907, 0.2079804688692093, 0.29069000482559204, 0.36098915338516235, 0.3080887198448181, 0.014619795605540276, 0.43755921721458435, 1.26226806640625, 0.0051724230870604515, 1.3767764568328857, 0.9692986011505127, 1.2602903842926025, 0.13349588215351105, 0.2263546735048294, 0.2878362834453583, 0.3015180230140686, 0.4385838508605957, 0.2027016282081604, 0.15646293759346008, 4.53519868850708, 0.437036395072937, 0.015125656500458717, 1.8001079559326172, 0.14114327728748322, 0.024848785251379013, 1.2297766208648682, 0.28535380959510803, 0.21285535395145416, 0.4497292935848236, 0.0018179246690124273, 0.1816921979188919, 1.9915063381195068, 0.7312746644020081, 0.12963657081127167, 0.5751885771751404, 0.12189098447561264, 0.6812448501586914, 0.8355616331100464, 0.43491193652153015, 0.16539305448532104, 0.05248519405722618, 2.174591064453125, 1.8866246938705444, 0.295528382062912, 0.09917224198579788, 0.008372199721634388, 0.0, 0.04816616326570511, 0.9983987808227539, 0.005920483265072107, 1.5840755701065063, 0.33897319436073303, 0.5505732893943787, 0.49377745389938354, 0.15000486373901367, 0.25534161925315857, 0.07772267609834671, 0.3729363977909088, 0.2719342112541199, 0.30625131726264954, 0.4905831515789032, 1.5155378580093384, 0.21532203257083893, 0.6221674680709839, 0.28058475255966187, 0.02446925640106201, 0.08895444124937057, 0.5057447552680969, 0.03595034033060074, 0.47049495577812195, 0.2675015330314636, 2.060289144515991, 0.7530108094215393, 0.33803969621658325, 0.9906613230705261, 0.37961384654045105, 2.0136213302612305, 0.036719825118780136, 0.0166326891630888, 0.11784784495830536, 0.5842201709747314, 0.6898453235626221, 0.3158138692378998, 0.7103220224380493, 0.0344061553478241, 0.21442991495132446, 0.22694632411003113, 1.2367119789123535, 0.012736126780509949, 0.5188838243484497, 1.5334908962249756, 0.3068088889122009, 0.052399322390556335, 0.17390717566013336, 0.401808500289917, 0.04306275025010109, 4.163516521453857, 1.3535585403442383, 0.9449288249015808, 0.004806379787623882, 0.23166199028491974, 0.04217258840799332, 1.3809895515441895, 1.7150424718856812, 0.4798245429992676, 1.2415379285812378, 1.1754324436187744, 0.2356104701757431, 0.12750394642353058, 0.7699325084686279, 0.19494551420211792, 0.07725101709365845, 0.15791447460651398, 0.0, 0.0011916306102648377, 0.0, 0.0, 0.1749941110610962, 0.015178218483924866, 1.345790982246399, 0.8221327066421509, 0.16286234557628632, 0.23786170780658722, 0.6082341074943542, 0.42586877942085266, 0.4087192118167877, 0.8273025751113892, 0.7760403752326965, 0.09086412191390991, 0.6277343034744263, 0.08961383998394012, 0.0, 0.5612339973449707, 0.5237063765525818, 0.027925683185458183, 0.0915713682770729, 0.15505246818065643, 1.3127777576446533, 0.0, 0.6527607440948486, 0.47117674350738525, 0.360048770904541, 0.16983024775981903, 0.07245196402072906, 0.07738354802131653, 0.755622923374176, 0.03628610819578171, 0.0, 0.39226317405700684, 0.1344027817249298, 1.0955557823181152, 2.0662248134613037, 0.010139409452676773, 0.10305693745613098, 0.04263489693403244, 0.6146912574768066, 0.04963194578886032, 0.03690066188573837, 0.0, 0.008416260592639446, 0.021698927506804466, 1.6123607158660889, 0.7837547063827515, 0.0, 0.5366525650024414, 0.06127879023551941, 0.2258937954902649, 0.2806026339530945, 0.2825913429260254, 0.0, 0.057927511632442474, 0.10697746276855469, 0.452566921710968, 0.36492979526519775, 0.6251951456069946, 0.09279180318117142, 0.0, 0.14531560242176056, 0.061421170830726624, 0.18299706280231476, 0.14263857901096344, 0.1838158816099167, 0.24199284613132477, 0.07708119601011276, 0.16394062340259552, 0.7464011311531067, 2.6043148040771484, 3.7491259574890137, 0.40660345554351807, 1.2292193174362183, 0.7934716939926147, 0.0, 0.5938142538070679, 0.5917734503746033, 2.534933090209961, 0.4194231629371643, 3.64994215965271, 0.0, 0.7905735969543457, 0.7556261420249939, 2.2648608684539795, 0.0587480328977108, 0.3134657144546509, 0.02766292355954647, 0.014080889523029327, 0.8074226975440979, 0.8694025874137878, 0.048497725278139114, 0.019201645627617836, 0.02178184874355793, 0.3058517277240753, 0.06422983109951019, 0.0, 1.184113621711731, 0.0, 0.4059576988220215, 2.59733510017395, 0.0, 0.6548319458961487, 1.3121758699417114, 0.0, 4.364203453063965, 0.5549875497817993, 1.0958881378173828, 0.0018468414200469851, 1.1244795322418213, 2.34251070022583, 0.09368505328893661, 0.0144143495708704, 0.10184749215841293, 0.7979468703269958, 0.059666067361831665, 0.2027686983346939, 2.636401414871216, 0.07132115960121155, 0.9954352378845215, 0.23676808178424835, 0.0, 0.31354743242263794, 0.2213006317615509, 0.12586471438407898, 0.5765510201454163, 0.23977042734622955, 0.0, 0.06009750813245773, 1.33272385597229, 0.35643675923347473, 0.0, 0.4612570106983185, 0.008570785634219646, 0.39054179191589355, 2.448882818222046, 0.48316094279289246, 0.015650667250156403, 0.00905908364802599, 0.3943689167499542, 0.2356398105621338, 0.0, 0.7500572204589844, 0.16379082202911377, 0.37592506408691406, 0.005041083320975304, 0.28704920411109924, 0.0, 0.014325153082609177, 0.3551725149154663, 0.057211071252822876, 0.09147068113088608, 0.2080962359905243, 0.23291930556297302, 0.619384765625, 0.11063583195209503, 1.2891899347305298, 0.16976040601730347, 0.2781987190246582, 0.08961104601621628, 0.540105402469635, 0.5479322671890259, 0.13133025169372559, 3.093376636505127, 0.31113648414611816, 0.10066348314285278, 0.35289692878723145, 0.5101264119148254, 0.6400461792945862, 1.0281556844711304, 0.32609260082244873, 0.1013004407286644, 0.20896016061306, 0.6385823488235474, 1.7884721755981445, 0.13479486107826233, 0.44056832790374756, 0.010167443193495274, 0.038456421345472336, 0.0, 0.5129338502883911, 0.7939631342887878, 0.0, 0.0, 0.22197042405605316, 0.03213784098625183, 0.46802008152008057, 0.011481012217700481, 0.1800510287284851, 0.46408191323280334, 0.07271024584770203, 0.6656637191772461, 0.06886990368366241, 0.5358763337135315, 0.8509941697120667, 1.5287402868270874, 0.014388621784746647, 0.042665500193834305, 0.11441025137901306, 0.1421213150024414, 1.0851024389266968, 1.4309206008911133, 0.7967334389686584, 0.01949150674045086, 5.8615498542785645, 0.2759694457054138, 0.5513831377029419, 1.4452518224716187, 0.020110640674829483, 1.9815082550048828, 0.006918914616107941, 0.3058848977088928, 1.3614000082015991, 0.18536587059497833, 0.8598559498786926, 0.6044867634773254, 0.007948107086122036, 0.5986260175704956, 0.8837890625, 0.2693575322628021, 0.0008434884366579354, 0.03438190743327141, 0.3657798767089844, 0.7022308111190796, 0.05941977724432945, 0.0, 0.11728033423423767, 0.022324703633785248, 0.5436089038848877, 0.22841358184814453, 0.42682114243507385, 1.0979177951812744, 0.02738182246685028, 3.733799934387207, 0.0, 0.0025000108871608973, 0.0, 0.5609821677207947, 0.16016386449337006, 0.3872956335544586, 0.0017602468142285943, 0.6744961142539978, 0.04902411624789238, 0.2911456227302551, 0.1779104769229889, 0.1413508951663971, 0.35020166635513306, 0.16095039248466492, 0.4441758692264557, 0.671577513217926, 0.0, 0.4809334874153137, 0.305390864610672, 0.20939356088638306, 1.891874074935913, 0.531396210193634, 0.0, 0.34956827759742737, 3.14326810836792, 1.7091360092163086, 0.009148840792477131, 0.1266108751296997, 0.020387649536132812, 0.23921361565589905, 0.20617368817329407, 0.07099580019712448, 0.3264477550983429, 0.03605499491095543, 0.32149410247802734, 0.052746567875146866, 2.110069990158081, 0.5707859992980957, 0.22604450583457947, 0.1343463808298111, 0.07746049761772156, 0.31399431824684143, 0.06371068209409714, 0.8485158085823059, 0.20005086064338684, 0.31348130106925964, 0.2171565592288971, 0.2756480574607849, 0.630852222442627, 0.5338183641433716, 0.10626113414764404, 0.03053695522248745, 0.02050771936774254, 0.47799596190452576, 0.6775204539299011, 0.07236223667860031, 0.0, 0.48198843002319336, 0.22867703437805176, 0.2785423696041107, 0.9237729907035828, 0.13020214438438416, 0.3081066310405731, 0.22621458768844604, 0.34764161705970764, 0.0, 0.24312837421894073, 0.0033469030167907476, 0.2954208254814148, 0.0, 0.6947621703147888, 0.005591477733105421, 0.5052100419998169, 0.04875142127275467, 0.2481468915939331, 0.6004630327224731, 0.03575965017080307, 0.4713314473628998, 0.44690632820129395, 0.7731241583824158, 0.05842890217900276, 0.027460047975182533, 0.06737436354160309, 0.48634660243988037, 0.06944084912538528, 0.5466644763946533, 0.1825239360332489, 0.02819572389125824, 0.036891937255859375, 0.5339131951332092, 0.038087185472249985, 0.20483645796775818, 1.9906748533248901, 0.46284982562065125, 0.6693816184997559, 0.12171099334955215, 0.2181728482246399, 0.5663737654685974, 0.16986827552318573, 0.1574310064315796, 0.31370729207992554, 0.12694881856441498, 0.3619343042373657, 0.31467002630233765, 0.39799895882606506, 0.3499394655227661, 0.5810417532920837, 2.5755932331085205, 0.01832975447177887, 1.4182422161102295, 1.8742913007736206, 4.319089889526367, 0.07257012277841568, 0.0, 0.0019469504477456212, 2.6144869327545166, 0.060182422399520874, 0.3767048716545105, 0.3039226830005646, 0.4508382976055145, 0.0, 0.3076799511909485, 0.3216704726219177, 0.04022743180394173, 0.17767271399497986, 1.067466378211975, 0.0042251176200807095, 0.21660643815994263, 0.014369047246873379, 1.2758378982543945, 0.26629218459129333, 0.3930871784687042, 0.15773390233516693, 0.5400804877281189, 0.18799786269664764, 1.045312523841858, 0.4921749532222748, 0.6162693500518799, 0.9741352796554565, 3.4636800289154053, 0.0, 0.22408318519592285, 0.12247803807258606, 0.254178911447525, 0.44175106287002563, 0.02496463432908058, 0.2797824442386627, 0.0, 0.3060844838619232, 0.29536348581314087, 1.0192466974258423, 0.1375708431005478, 0.0, 0.13888520002365112, 0.04695965722203255, 0.37131109833717346, 0.042262136936187744, 0.0775764063000679, 0.0, 0.6300466656684875, 0.5210028886795044, 0.2875078618526459, 1.7267512083053589, 0.5281602740287781, 0.680324137210846, 0.3142535090446472, 0.021090557798743248, 0.031852345913648605, 0.2701263129711151, 0.7285938858985901, 0.0, 0.9460840225219727, 2.3419013023376465, 0.03056279942393303, 0.1381516307592392, 0.0011095076333731413, 0.0, 0.003984928131103516, 1.9573434591293335, 0.037055741995573044, 0.0, 0.14854413270950317, 0.052637334913015366, 1.2341643571853638, 0.029739322140812874, 0.30612099170684814, 1.613294005393982, 0.8466287851333618, 1.638187289237976, 0.40563204884529114, 0.004875226877629757, 0.2963695824146271, 2.052548885345459, 0.08724115043878555, 3.099592924118042, 0.06343679875135422, 0.525295078754425, 0.6147489547729492, 1.4357919692993164, 0.015678904950618744, 0.0, 1.2316094636917114, 0.0, 0.8032078742980957, 0.01702791638672352, 0.8191834092140198, 0.08716131746768951, 0.1479564756155014, 0.24295425415039062, 0.4539998471736908, 0.4723403751850128, 0.023467853665351868, 0.00195718789473176, 0.2540464997291565, 0.130546435713768, 0.24251636862754822, 0.2832106053829193, 0.21829794347286224, 0.15129786729812622, 0.40566137433052063, 0.06771905720233917, 1.2200489044189453, 0.11438750475645065, 0.08093076199293137, 0.03484346345067024, 0.5095260739326477, 1.5214964151382446, 0.5893041491508484, 0.7934274673461914, 0.0, 0.09121707826852798, 0.6758365035057068, 0.019557811319828033, 0.5050207376480103, 0.0, 0.2142915576696396, 1.3400083780288696, 0.06704426556825638, 0.13263873755931854, 0.657616138458252, 0.5325980186462402, 0.007767932955175638, 0.013890675269067287, 0.37998977303504944, 1.405849814414978, 0.0, 0.5656005144119263, 0.3961166441440582, 0.6003661751747131, 0.07412883639335632, 0.3135221600532532, 1.2832295894622803, 0.16550001502037048, 0.43020784854888916, 0.22987373173236847, 2.25081467628479, 1.7703471183776855, 0.057657938450574875, 0.034108880907297134, 0.04573114588856697, 0.025681259110569954, 0.22903648018836975, 0.16744962334632874, 0.029148835688829422, 4.519534111022949, 0.08885052055120468, 0.025379803031682968, 0.016662612557411194, 2.3135793209075928, 0.2662840187549591, 0.6399930715560913, 2.1028549671173096, 0.5613192915916443, 0.1602560430765152, 0.16709886491298676, 0.5154272317886353, 0.16568666696548462, 0.06550852209329605, 0.7790085673332214, 1.0027271509170532, 0.08857160806655884, 0.04411773383617401, 0.17907415330410004, 0.037081848829984665, 0.049105431884527206, 1.0324188470840454, 0.4510788917541504, 0.2793278396129608, 1.5271928310394287, 0.7499875426292419, 0.04985453560948372, 0.04504431411623955, 0.16588428616523743, 0.009784316644072533, 0.01311576645821333, 0.01831909641623497, 0.20810426771640778, 1.8728306293487549, 0.015093998052179813, 3.90376615524292, 0.033268559724092484, 0.0432002991437912, 1.8777730464935303, 0.20049862563610077, 0.05983071029186249, 0.10011627525091171, 0.32313260436058044, 0.10730508714914322, 0.07725522667169571, 0.3966720402240753, 0.5644099116325378, 0.0, 0.46132439374923706, 0.0008572364458814263, 0.5708363652229309, 0.09633363783359528, 4.126327991485596, 1.2604023218154907, 0.8994685411453247, 0.228902667760849, 0.47808837890625, 0.0, 1.0775822401046753, 0.4822505712509155, 0.3877222239971161, 0.025448516011238098, 0.0587400421500206, 0.21287521719932556, 1.2360289096832275, 2.4520275592803955, 0.0012135846773162484, 0.6306783556938171, 0.21064414083957672, 0.07654000073671341, 0.7651519775390625, 0.05928966775536537, 0.08018959313631058, 1.1101404428482056, 0.6455025672912598, 0.08113256096839905, 0.05141599848866463, 0.672507643699646, 0.0, 0.14496321976184845, 1.7187539339065552, 0.10987093299627304, 0.7744811773300171, 1.884912133216858, 0.0, 0.03389344364404678, 1.0215277671813965, 0.046253662556409836, 0.2722819149494171, 0.06834828108549118, 0.17168216407299042, 0.17267055809497833, 0.5584869980812073, 1.2643697261810303, 0.12249564379453659, 0.6525745391845703, 1.274457335472107, 0.7170283794403076, 0.04303496703505516, 0.008167889900505543, 0.09980573505163193, 0.5774480104446411, 0.06282790005207062, 0.04930798336863518, 0.11325588077306747, 0.5196784734725952, 2.5879111289978027, 0.09192240238189697, 3.6917929649353027, 0.24729135632514954, 1.3369094133377075, 0.10602825880050659, 5.128234386444092, 0.26529160141944885, 2.195188283920288, 0.08360788971185684, 0.0809405967593193, 0.2904432415962219, 2.003434419631958, 2.218123197555542, 0.1542147547006607, 0.28033727407455444, 1.3853778839111328, 0.7837122678756714, 0.3800366520881653, 1.8994675874710083, 0.5526753067970276, 0.47693464159965515, 0.09050703793764114, 0.3171052634716034, 0.0, 0.06098759546875954, 0.0, 1.3008718490600586, 0.0865069031715393, 0.6401830911636353, 0.3065524399280548, 0.650547206401825, 0.8453353643417358, 0.2671985328197479, 1.1419357061386108, 0.49511659145355225, 0.0, 0.16489386558532715, 0.08364411443471909, 0.19002120196819305, 0.395007461309433, 0.004329540301114321, 0.20749065279960632, 0.10765472054481506, 0.02880002371966839, 0.865400493144989, 0.03247936815023422, 0.08831392228603363, 6.083034515380859, 1.1274123191833496]",Testing/glioma_tumor/image(80).jpg
"[0.07555970549583435, 0.2056647390127182, 0.0, 0.7189650535583496, 0.8109879493713379, 0.08555470407009125, 3.06135630607605, 0.0, 0.027208592742681503, 0.0, 0.0, 0.028688054531812668, 0.10899234563112259, 2.3000376224517822, 0.0, 0.29759567975997925, 0.0, 0.11847401410341263, 0.35678955912590027, 0.0, 0.768150806427002, 2.7060117721557617, 0.07138809561729431, 0.0005502214189618826, 0.3423101603984833, 0.33756858110427856, 0.3817227780818939, 0.11896611005067825, 0.07735802978277206, 0.003479556180536747, 0.3407104015350342, 0.0373186431825161, 2.009608030319214, 1.4480178356170654, 1.4501628875732422, 0.256625235080719, 0.0, 0.34802737832069397, 0.09092865884304047, 0.05540550500154495, 2.460174560546875, 0.2689078450202942, 0.07341457158327103, 0.08650209754705429, 0.02572818659245968, 0.10878568887710571, 0.0, 0.0, 0.00043017524876631796, 0.9285387992858887, 0.3298305571079254, 1.6625514030456543, 1.6403268575668335, 0.04549157992005348, 1.823954701423645, 4.398723602294922, 0.957868218421936, 0.0528840534389019, 0.5162345170974731, 0.005138379987329245, 0.21368509531021118, 0.06951647251844406, 0.1789238154888153, 0.6737822890281677, 0.0, 0.0, 0.0, 0.05781320482492447, 0.5420946478843689, 0.0, 0.0, 0.009107164107263088, 0.22382469475269318, 5.401609420776367, 1.1806609630584717, 0.13644948601722717, 5.474226474761963, 0.07233013212680817, 0.0, 0.24400664865970612, 0.07342419773340225, 0.10299596935510635, 0.8874797224998474, 0.252254843711853, 0.32677894830703735, 0.019397800788283348, 1.0307323932647705, 0.05715557932853699, 0.0, 0.1027284562587738, 0.9385424852371216, 1.0291210412979126, 0.19103609025478363, 0.020392727106809616, 0.10647036135196686, 0.0, 0.054481714963912964, 0.4747932553291321, 0.3698698580265045, 0.022600533440709114, 0.0, 0.7485299110412598, 0.1734483242034912, 0.15753354132175446, 1.5001918077468872, 0.0834173858165741, 0.8319686651229858, 1.428261637687683, 0.10420834273099899, 0.9351445436477661, 0.0, 0.13603554666042328, 0.6069898009300232, 0.12204594165086746, 0.11084871739149094, 0.0, 0.5658631324768066, 1.4453312158584595, 0.1900305449962616, 0.005665765609592199, 0.0127946138381958, 0.0, 0.0, 0.037154264748096466, 1.801888346672058, 0.024925576522946358, 0.0, 0.11229915916919708, 5.403023719787598, 0.020107993856072426, 0.0, 2.1288814544677734, 0.1243097335100174, 0.20926544070243835, 0.0, 0.18074743449687958, 0.13383682072162628, 0.2635174095630646, 0.023382265120744705, 0.7264834046363831, 0.0, 0.1848820149898529, 0.04219077527523041, 0.0511784702539444, 0.06382602453231812, 0.09219177067279816, 0.0, 5.339839935302734, 0.010646723210811615, 0.02396700531244278, 0.20683950185775757, 0.7831112742424011, 0.20409411191940308, 0.0, 0.44061341881752014, 0.07187502086162567, 0.010526628233492374, 0.0, 0.5931665897369385, 0.23967623710632324, 0.21759578585624695, 3.7685883045196533, 0.0, 0.0, 0.10683443397283554, 0.0024019747506827116, 1.1778568029403687, 0.4416244626045227, 0.04055848345160484, 6.354854583740234, 1.037872314453125, 0.0, 0.3926520049571991, 2.3366518020629883, 2.825993776321411, 0.1503465175628662, 0.0029818962793797255, 0.1603003591299057, 0.945551335811615, 0.35004496574401855, 0.10437333583831787, 0.014001505449414253, 0.07614203542470932, 0.43062692880630493, 0.46289244294166565, 0.2342076599597931, 0.1079399511218071, 0.0, 0.6519141793251038, 0.0, 0.01648121140897274, 0.0, 0.03675707057118416, 0.15039612352848053, 0.0, 1.3329933881759644, 0.21742329001426697, 0.1991899013519287, 0.0885329321026802, 0.11715660989284515, 0.6750099658966064, 0.0026685120537877083, 0.23896291851997375, 0.003829012159258127, 0.10259578377008438, 0.5446822047233582, 0.0, 0.028121966868638992, 0.4250670075416565, 0.618590235710144, 1.0247172117233276, 0.5872753858566284, 0.0, 1.382894515991211, 0.0, 0.09107951819896698, 0.18649055063724518, 0.09926516562700272, 0.18080627918243408, 0.0, 0.24640348553657532, 0.0880395844578743, 1.0559461116790771, 0.014578561298549175, 0.0, 4.717615604400635, 0.20023128390312195, 0.010385099798440933, 3.7193336486816406, 0.6332423686981201, 0.684199869632721, 0.11493612825870514, 0.05844816938042641, 0.8629370927810669, 1.4803482294082642, 0.7350544333457947, 0.00806405395269394, 0.01916966401040554, 0.09789401292800903, 0.0452728271484375, 0.8230363726615906, 0.13197746872901917, 1.1426794528961182, 0.009943343698978424, 0.12624824047088623, 0.0, 0.011467203497886658, 1.1342273950576782, 0.02589181810617447, 0.9206662178039551, 0.49246472120285034, 0.0, 0.8518778681755066, 0.07770144194364548, 0.37466925382614136, 0.8336023688316345, 0.004327034577727318, 0.5621175169944763, 0.0, 0.6531501412391663, 0.0, 0.0, 0.4941446781158447, 0.11126880347728729, 0.0, 0.0, 0.17291423678398132, 0.31653332710266113, 0.0, 0.0, 0.6876848936080933, 0.1358039230108261, 1.139683723449707, 0.08660595864057541, 4.593997478485107, 0.018292682245373726, 0.2640989124774933, 1.6887584924697876, 0.4652293920516968, 0.06175712123513222, 1.644635558128357, 2.0902061462402344, 3.6818554401397705, 0.061878107488155365, 0.18910644948482513, 0.20012672245502472, 1.0598695278167725, 0.0, 0.0, 0.04263335466384888, 0.18974551558494568, 0.0, 0.043900225311517715, 0.001286606420762837, 0.6564947366714478, 3.133218765258789, 0.24155502021312714, 0.17952527105808258, 0.5408397912979126, 0.11726132035255432, 0.19421133399009705, 0.05450862646102905, 3.349855899810791, 0.1749015897512436, 1.0310286283493042, 0.2584214210510254, 0.004246057476848364, 3.220773696899414, 0.04516828432679176, 0.07161843776702881, 0.22030340135097504, 0.6107922196388245, 0.21980805695056915, 0.3826603889465332, 0.15632012486457825, 0.11150944232940674, 0.009191279299557209, 0.0, 0.0, 0.4022780954837799, 0.4323686361312866, 0.04664197564125061, 0.0, 0.0, 0.07666566222906113, 0.0, 1.0318479537963867, 0.0, 1.4686472415924072, 0.2633039355278015, 0.1373392790555954, 0.02653799206018448, 0.06939197331666946, 0.17754393815994263, 0.009134414605796337, 0.14197708666324615, 1.757973551750183, 1.2956691980361938, 3.02364182472229, 0.0, 0.021771080791950226, 0.1389794796705246, 0.2577246129512787, 0.21321412920951843, 0.04734876751899719, 0.0542488694190979, 0.023948796093463898, 0.10484304279088974, 0.09455589205026627, 0.0, 0.0, 0.0005098362453281879, 0.0, 0.014023328199982643, 0.04307389259338379, 0.42050856351852417, 0.15296368300914764, 0.09639033675193787, 0.008608547039330006, 0.11557883024215698, 0.019103750586509705, 0.9475669860839844, 0.047948386520147324, 0.006655289325863123, 0.6750547289848328, 0.1581602543592453, 0.06795085221529007, 0.044100772589445114, 0.49204230308532715, 0.2268618494272232, 0.0, 0.09395520389080048, 2.1523191928863525, 4.820207118988037, 0.11473394930362701, 0.0, 1.2294938564300537, 0.17114125192165375, 0.009941455908119678, 0.0685255154967308, 0.2404581904411316, 0.10688820481300354, 0.0, 0.0, 0.946274995803833, 0.13866017758846283, 0.1889198273420334, 0.0, 0.00464834738522768, 0.20504352450370789, 0.0, 0.33218687772750854, 0.5338779091835022, 0.12536072731018066, 0.4089863896369934, 5.635550498962402, 0.00917560700327158, 1.1239885091781616, 0.02379876747727394, 0.10105374455451965, 0.5898800492286682, 0.0, 0.0002600222360342741, 0.0024807355366647243, 0.055689942091703415, 1.977449893951416, 0.24912123382091522, 0.02143090032041073, 0.0478891059756279, 0.6389501094818115, 0.21335546672344208, 0.11021064966917038, 0.01934749260544777, 0.5408820509910583, 0.05594480410218239, 1.4486253261566162, 0.0, 0.0, 0.9147630929946899, 0.0, 0.12467947602272034, 0.49663683772087097, 0.0, 0.3126484155654907, 0.05093539133667946, 0.0, 0.0, 0.2994633913040161, 0.1787562072277069, 0.0, 0.9252443909645081, 1.2504507303237915, 0.20701581239700317, 0.3678759038448334, 0.0053519862703979015, 0.6414489150047302, 0.0, 6.500524997711182, 0.6729890704154968, 0.08282606303691864, 0.0008578422130085528, 0.03882305324077606, 0.12110105901956558, 0.029709583148360252, 0.0, 0.01764625869691372, 0.0205974280834198, 0.02737140655517578, 0.038408949971199036, 0.39042678475379944, 2.06074857711792, 0.043267108500003815, 0.017588503658771515, 0.0, 0.040690828114748, 0.909543514251709, 0.5349534749984741, 0.12373284250497818, 0.005339155439287424, 2.2360990047454834, 0.03457488864660263, 2.6917498111724854, 1.067501187324524, 0.05702495574951172, 0.0170462466776371, 0.0, 0.1709880381822586, 0.7960719466209412, 0.4687548577785492, 0.06131930276751518, 0.1824909895658493, 0.08265335857868195, 0.4097716212272644, 0.4262966513633728, 0.22000499069690704, 0.17121772468090057, 0.6875365376472473, 0.0, 0.7104172706604004, 0.204787939786911, 0.012960015796124935, 0.035767972469329834, 0.253629595041275, 0.13189947605133057, 0.0, 0.03852253407239914, 0.0, 0.0, 0.34434202313423157, 0.04682755470275879, 0.4704911410808563, 2.3738155364990234, 0.562079668045044, 0.0, 0.15630793571472168, 0.10704126954078674, 0.09330327808856964, 0.10144291073083878, 1.2955042123794556, 0.7615460157394409, 0.005849624052643776, 0.39004766941070557, 0.0872591882944107, 2.8289458751678467, 1.005363941192627, 0.5851826667785645, 0.0, 0.7173395156860352, 0.11752066016197205, 0.05550001189112663, 0.0, 0.027880411595106125, 0.2731996774673462, 0.264938622713089, 0.044220972806215286, 0.013670278713107109, 0.4199472963809967, 0.0, 0.010010461322963238, 0.0, 0.0, 0.0, 0.0, 0.7529169321060181, 0.008461683057248592, 0.18557244539260864, 0.0, 0.0, 0.0, 1.5050323009490967, 0.5561160445213318, 0.8407303094863892, 0.456778347492218, 2.09271502494812, 0.0, 1.3037638664245605, 1.7350091934204102, 0.4581722617149353, 0.042754676192998886, 0.05058130621910095, 0.0, 0.0166157316416502, 0.4441566467285156, 0.45891278982162476, 0.0, 0.47045889496803284, 0.003847569925710559, 0.07931651175022125, 0.1947678178548813, 0.020816277712583542, 0.6956509351730347, 0.2801910936832428, 0.26045218110084534, 0.31175902485847473, 1.6763911247253418, 3.2829134464263916, 0.18057024478912354, 0.023642079904675484, 0.5255899429321289, 0.05881260707974434, 2.4819557666778564, 1.2678147554397583, 0.0, 0.0, 0.00415080925449729, 0.08445196598768234, 0.2988888621330261, 0.0027787028811872005, 0.8401179313659668, 0.2851187288761139, 1.4981337785720825, 0.041090890765190125, 0.565673828125, 0.4383349120616913, 0.006167447194457054, 1.5082167387008667, 0.037491410970687866, 3.1326100826263428, 0.0, 0.0, 0.16962246596813202, 0.0, 0.08751032501459122, 0.2570105493068695, 0.0, 0.05391640588641167, 0.20489870011806488, 0.0, 0.08158329129219055, 0.0, 0.011058354750275612, 0.03120565600693226, 0.28408509492874146, 0.0, 0.11677612364292145, 0.7260845899581909, 0.04274310544133186, 0.0, 0.0, 0.15627945959568024, 0.2773764729499817, 0.0, 1.612019419670105, 0.6737164258956909, 0.050681665539741516, 0.0, 0.18264345824718475, 0.18682274222373962, 0.28671810030937195, 2.110593795776367, 0.38820910453796387, 0.01817896217107773, 1.0036818981170654, 0.8387941718101501, 0.0, 0.0, 0.0, 0.1575888991355896, 0.06206490099430084, 0.37724587321281433, 0.7267698049545288, 0.0164093729108572, 1.7429853677749634, 0.01642395555973053, 0.4894941747188568, 0.2191927582025528, 0.5819486379623413, 0.009635825641453266, 0.018085671588778496, 0.11722986400127411, 0.0037049518432468176, 1.992887258529663, 0.00777893140912056, 0.10471605509519577, 0.0, 0.0, 0.0025477432645857334, 0.0, 0.0012526195496320724, 0.5674014687538147, 1.4011448621749878, 0.0, 0.2808457911014557, 0.0, 0.0, 0.07236946374177933, 1.951811671257019, 0.0, 0.019964801147580147, 0.0, 0.2244432419538498, 0.02015029639005661, 0.321382075548172, 0.0, 3.868091106414795, 0.154592365026474, 0.14531028270721436, 0.06252063810825348, 0.04405786469578743, 0.0, 0.1280645877122879, 0.41026729345321655, 0.03014765866100788, 0.02614019438624382, 1.1121468544006348, 0.023960581049323082, 1.2969869375228882, 0.5908080339431763, 0.014245685189962387, 0.7145118117332458, 0.0, 0.6766571998596191, 0.06904608756303787, 0.14848656952381134, 0.0, 0.10361204296350479, 0.0, 0.0, 0.9436650276184082, 1.9502849578857422, 0.6972839832305908, 1.0755091905593872, 0.0, 0.1413174718618393, 1.3235236406326294, 0.0649820864200592, 0.006668516434729099, 0.11166825890541077, 0.5405763387680054, 0.454086571931839, 0.22885297238826752, 0.0, 0.01607004925608635, 0.0, 0.1673586070537567, 0.0587276816368103, 0.312279611825943, 0.0995917022228241, 0.0031739401165395975, 0.0, 0.04685819521546364, 0.11595482379198074, 0.045899778604507446, 1.4827262163162231, 0.0, 0.21214306354522705, 2.6098384857177734, 1.486875295639038, 1.1946628093719482, 0.0, 2.302804708480835, 0.0, 0.09569554775953293, 0.009182261303067207, 0.6273105144500732, 0.0, 0.009645854122936726, 0.03913692384958267, 0.0, 0.0, 0.07576621323823929, 1.7795846462249756, 0.1533776819705963, 0.3161291778087616, 0.0, 4.953902244567871, 0.44535088539123535, 0.0, 0.0, 0.216218963265419, 0.0, 0.734686553478241, 0.13142730295658112, 0.8088445067405701, 2.3255245685577393, 0.10367685556411743, 0.1774887591600418, 0.45900431275367737, 0.17129607498645782, 0.00907241553068161, 0.13935820758342743, 0.02032192051410675, 2.7248523235321045, 0.06616903841495514, 0.0, 0.03991754353046417, 0.1853036731481552, 0.0, 0.18898765742778778, 0.5464323163032532, 0.6512826681137085, 1.4330754280090332, 0.01976366713643074, 0.0, 0.06346096098423004, 1.0513992309570312, 0.8859553337097168, 0.0, 0.21759279072284698, 0.05999097228050232, 0.4443080723285675, 0.2399459034204483, 0.4648088812828064, 1.439556360244751, 0.0, 0.003543333150446415, 0.020408334210515022, 0.7415125370025635, 0.6852409243583679, 0.7167739868164062, 0.05258696898818016, 0.1844259351491928, 0.016571618616580963, 0.3810715675354004, 0.2173372060060501, 0.007789901457726955, 0.4323497712612152, 0.0, 1.5069690942764282, 0.216476172208786, 0.053891997784376144, 1.2446616888046265, 1.7533509731292725, 0.012395084835588932, 0.0010891666170209646, 0.2723534107208252, 0.6909739375114441, 0.24128861725330353, 0.04313946142792702, 0.006189519073814154, 1.0079345703125, 0.9326786994934082, 0.6542956233024597, 0.05221925303339958, 0.27526000142097473, 0.5053368210792542, 0.19355809688568115, 0.0, 0.07992082089185715, 0.0, 0.0, 0.1802946925163269, 0.006983810570091009, 0.06652023643255234, 0.0, 1.6820118427276611, 1.1421074867248535, 1.0908955335617065, 0.48564937710762024, 0.16048499941825867, 0.0262466911226511, 0.019042661413550377, 1.0193451642990112, 0.0, 1.1635615825653076, 0.023056162521243095, 2.825432538986206, 0.5466603636741638, 0.1520611047744751, 0.02048221416771412, 0.014684852212667465, 0.26231449842453003, 1.3472285270690918, 0.0, 0.07068869471549988, 0.18630331754684448, 0.0, 0.05695153400301933, 0.1296115666627884, 1.2803261280059814, 0.19433358311653137, 0.1426704376935959, 0.2241652011871338, 1.9106374979019165, 0.9349784851074219, 0.45230698585510254, 0.0, 0.36055445671081543, 0.0008525799494236708, 0.24092459678649902, 0.02632017992436886, 0.0, 1.7061418294906616, 3.411193609237671, 1.5151264667510986, 0.0315718837082386, 0.10808493196964264, 0.0, 1.8710576295852661, 0.10028695315122604, 0.0, 0.22852230072021484, 0.13311780989170074, 0.03686537593603134, 0.24148644506931305, 0.03670397400856018, 0.05381663888692856, 0.0, 0.4313948452472687, 0.6648384928703308, 0.03281421214342117, 0.3540892004966736, 0.0, 0.0, 0.6274890303611755, 0.32265153527259827, 0.26917487382888794, 0.7240808606147766, 0.37763524055480957, 2.7529988288879395, 0.45327165722846985, 0.20721395313739777, 0.046230413019657135, 0.23153306543827057, 0.02280713990330696, 0.045819271355867386, 0.1287434697151184, 0.49971428513526917, 2.4770567417144775, 0.7378525733947754, 0.0, 0.09298957139253616, 0.19058215618133545, 0.0, 1.0987122058868408, 0.03538329526782036, 0.0, 0.9040379524230957, 0.1083720251917839, 0.25026386976242065, 0.0, 0.23988178372383118, 0.021428314968943596, 0.0, 0.11166741698980331, 0.020009389147162437, 0.027166852727532387, 0.1852315068244934, 0.08677120506763458, 2.1748645305633545, 0.0, 0.8188956379890442, 0.04891620948910713, 0.12739785015583038, 5.121546745300293, 0.014999190345406532, 0.0, 1.6348222494125366, 0.6950984597206116, 0.009641909971833229, 1.5793613195419312, 0.26993972063064575, 0.26700079441070557, 0.8358166813850403, 0.0, 0.23792122304439545, 0.0, 0.07724513113498688, 0.2433369904756546, 0.06486395001411438, 0.0917545035481453, 0.0, 0.0239215437322855, 0.11493445187807083, 0.0, 0.0, 1.581486701965332, 0.10587839037179947, 1.354488492012024, 0.0, 0.14402763545513153, 0.25095224380493164, 2.2247796058654785, 0.0, 0.019796451553702354, 2.600965976715088, 0.47338831424713135, 0.06495106220245361, 0.0, 0.07844628393650055, 0.18793931603431702, 0.1020294725894928, 0.1006268858909607, 0.005532288923859596, 0.03436630591750145, 0.00791836716234684, 0.01926152966916561, 0.899318277835846, 0.23169541358947754, 1.2262955904006958, 0.0060553112998604774, 1.9373438358306885, 0.06326383352279663, 0.027609609067440033, 0.15152963995933533, 0.004828170873224735, 0.30593276023864746, 0.4492484927177429, 1.1641052961349487, 0.16115142405033112, 0.0, 0.0, 0.6395578384399414, 1.454817295074463, 0.015690090134739876, 0.8449981212615967, 0.06902159750461578, 0.0, 0.33305710554122925, 0.0, 0.0, 0.6801404356956482, 0.0, 0.4752500057220459, 0.00883273221552372, 0.10217338055372238, 0.0, 0.008267827332019806, 0.6850278973579407, 0.4134981334209442, 0.31618791818618774, 2.294889450073242, 0.47286683320999146, 0.06139860674738884, 2.5707032680511475, 0.0, 0.0945664644241333, 0.0, 0.08014623820781708, 0.0, 0.0, 0.10722675174474716, 0.03352520987391472, 0.1849227249622345, 0.016716426238417625, 0.0, 0.02691110596060753, 0.0, 0.035432565957307816, 0.00829161424189806, 0.6702380776405334, 0.004409172106534243, 0.0, 0.01956268772482872, 1.2069047689437866, 0.48584669828414917, 0.13801422715187073, 0.3721853494644165, 0.1878366619348526, 0.0, 0.5463461875915527, 0.0, 0.05843093618750572, 0.8444353342056274, 0.39958012104034424, 0.01319104339927435, 0.0700584352016449, 0.059915006160736084, 0.03189018368721008, 1.1496481895446777, 0.3828480839729309, 1.6467646360397339, 0.025580408051609993, 0.001097216852940619, 0.3535322844982147, 0.9241210222244263, 0.0, 0.18737614154815674, 0.018174560740590096, 0.08695071935653687, 0.005555259995162487, 0.42412716150283813, 0.18213029205799103, 1.1438478231430054, 0.04325781390070915, 0.7646777629852295, 0.037184398621320724, 0.0, 0.08264630287885666, 0.025575516745448112, 0.08269812911748886, 0.0, 1.0369462966918945, 0.01076700259000063, 0.2784363031387329, 0.5355936884880066, 0.0, 0.208200603723526, 0.4471381902694702, 0.14980120956897736, 0.041125960648059845, 0.0, 0.0, 0.37468525767326355, 0.0944601371884346, 0.10617681592702866, 0.11541140079498291, 2.329848051071167, 0.002160921460017562, 1.0695656538009644, 0.0, 0.05045508220791817, 0.3795585632324219, 0.3225012421607971, 0.272552490234375, 0.0, 0.5702096223831177, 1.0234806537628174, 0.013577139936387539, 0.21154816448688507, 0.05155777558684349, 3.1959421634674072, 0.29657918214797974, 0.013255119323730469, 0.886523962020874, 0.939485490322113, 0.0, 0.05409105867147446, 0.10651104152202606, 0.4426209628582001, 1.0373421907424927, 0.032356515526771545, 0.04969833418726921, 2.2575278282165527, 0.0, 0.29301029443740845, 0.04136897996068001, 1.1926006078720093, 0.77387535572052, 1.370285987854004, 0.0, 0.0010949737625196576, 0.6881995797157288, 0.004151728469878435, 1.6955394744873047, 0.0, 0.0, 0.30149704217910767, 0.0, 0.2284795641899109, 0.0, 0.05481324344873428, 0.0, 0.35009095072746277, 0.04810953140258789, 0.09006992727518082, 0.6308523416519165, 0.28569644689559937, 0.3946143090724945, 0.031041136011481285, 0.45648372173309326, 0.3932589292526245, 0.10277523100376129, 0.020907733589410782, 0.20708321034908295, 0.04065883904695511, 0.10788123309612274, 0.0, 0.05800760164856911, 0.0, 0.6390390396118164, 0.27475282549858093, 0.15526123344898224, 0.35287967324256897, 0.0, 0.0, 0.1578567773103714, 0.029487712308764458, 0.08541470766067505, 0.23704420030117035, 0.0, 0.0023237832356244326, 0.0, 1.8860104084014893, 0.030456259846687317, 0.0, 0.055818669497966766, 0.0, 0.10388839244842529, 0.010079072788357735, 0.0, 0.233597993850708, 2.3053383827209473, 0.0, 0.2304002046585083, 0.0, 0.009375937283039093, 0.036419279873371124, 0.5304116010665894, 0.047046203166246414, 0.0900663360953331, 0.2659881114959717, 0.0, 0.6490720510482788, 1.5175191164016724, 0.1961449533700943, 0.016019146889448166, 0.19865602254867554, 0.0739569440484047, 0.509548008441925, 0.0, 0.14083319902420044, 0.0, 0.12060526758432388, 0.05176221951842308, 0.03274311497807503, 0.8032435774803162, 0.6007289290428162, 0.0, 0.05066265910863876, 0.0, 0.051214076578617096, 0.0, 0.05685216188430786, 0.0, 0.0555625781416893, 0.0, 0.02349131368100643, 0.0, 2.003366470336914, 0.010007381439208984, 0.18383873999118805, 0.0, 0.0, 0.005361401475965977, 0.098470538854599, 0.16638226807117462, 0.05969103053212166, 0.7746332287788391, 0.8952446579933167, 2.1130735874176025, 0.0, 0.19236887991428375, 0.029823770746588707, 0.0, 0.7206215262413025, 0.2623400092124939, 0.5374481678009033, 0.026824552565813065, 0.2594003677368164, 1.1160829067230225, 0.03257768228650093, 0.2598675489425659, 0.07766708731651306, 0.22167734801769257, 0.01437128335237503, 0.22299392521381378, 0.19319970905780792, 0.0798303633928299, 1.4817829132080078, 2.3112213611602783, 0.0, 0.0, 0.692284882068634, 0.0, 0.0, 0.0, 0.0, 0.0, 0.23333483934402466, 0.30893659591674805, 0.004390205722302198, 0.12648889422416687, 0.7195783853530884, 0.12804722785949707, 1.438493013381958, 0.3007117211818695, 0.18387450277805328, 0.2536877691745758, 0.03823111206293106, 0.0, 0.0, 0.025353990495204926, 3.8584816455841064, 0.006606238428503275, 0.0, 0.0, 0.017288409173488617, 0.4181704521179199, 0.09856697916984558, 0.0, 0.0, 0.04808562994003296, 0.33710813522338867, 1.4145177602767944, 0.0628649964928627, 0.04999177157878876, 0.10680379718542099, 0.013293949887156487, 0.006578345783054829, 0.03684317320585251, 0.9933355450630188, 0.7369180917739868, 0.025903161615133286, 0.007260422222316265, 0.0, 1.539050817489624, 0.0, 0.0609050951898098, 0.0283354464918375, 0.0, 0.21787108480930328, 0.1283467411994934, 2.0233492851257324, 1.180018663406372, 0.32210099697113037, 0.9197085499763489, 0.0, 0.22095973789691925, 0.040531691163778305, 0.21519897878170013, 0.0, 6.247053534025326e-05, 0.039060078561306, 0.019818885251879692, 0.023451296612620354, 0.15769493579864502, 0.002524911193177104, 0.2846289277076721, 0.8724074363708496, 0.16357210278511047, 0.07812334597110748, 0.058687400072813034, 0.003584652440622449, 0.1330331265926361, 0.3061424493789673, 0.11437766253948212, 0.5786603689193726, 0.597196102142334, 1.1311798095703125, 0.12128174304962158, 0.3108256459236145, 0.010398837737739086, 0.0, 0.0, 0.0, 0.16822056472301483, 1.7188853025436401, 0.0, 0.0, 2.6306424140930176, 0.028863701969385147, 0.49826115369796753, 0.6404889225959778, 0.03942178189754486, 0.0, 0.11281128227710724, 0.06731676310300827, 0.8833656907081604, 4.471336364746094, 0.1767805516719818, 0.019521430134773254, 0.19106589257717133, 0.04096578434109688, 0.10583171248435974, 0.7234265208244324, 0.08250195533037186, 0.12570850551128387, 0.18150030076503754, 1.2905737161636353, 2.6953630447387695, 0.02591809630393982, 0.16077563166618347, 0.0, 0.07581750303506851, 0.0, 0.1164592057466507, 0.007514301687479019, 1.4552656412124634, 0.02119165100157261, 0.06931425631046295, 0.002932086354121566, 0.4061807096004486, 0.19544702768325806, 0.4382919669151306, 0.035439930856227875, 0.211471289396286, 0.0, 0.4891127049922943, 3.5480175018310547, 0.0, 0.20624013245105743, 0.14838846027851105, 0.0, 0.0, 3.2778117656707764, 0.0, 0.028360897675156593, 0.00984223559498787, 0.507847249507904, 0.11420892179012299, 0.01211242750287056, 1.4780268669128418, 0.4739857614040375, 0.6595717668533325, 0.04143456369638443, 0.0, 0.6400948762893677, 0.13574905693531036, 0.006232733838260174, 0.6584221720695496, 0.18257346749305725, 0.0, 0.08729412406682968, 0.0, 4.709530353546143, 0.22972005605697632, 0.46525838971138, 0.1355135589838028, 0.05328802019357681, 0.03966733068227768, 0.38599714636802673, 0.3227846920490265, 0.0, 4.005279541015625, 1.312281847000122, 0.04150060564279556, 0.5734180212020874, 0.0, 0.0, 2.9235222339630127, 1.0528860092163086, 0.060071107000112534, 0.7654073238372803, 0.5120991468429565, 0.014718481339514256, 0.30852264165878296, 0.16114714741706848, 0.8384989500045776, 0.015516893938183784, 0.0, 0.010467437095940113, 0.0702744573354721, 0.0, 0.019535183906555176, 0.47536277770996094, 0.0, 2.1967275142669678, 0.19578222930431366, 0.11820521950721741, 0.0803450271487236, 3.7563862800598145, 0.06961767375469208, 2.1539971828460693, 0.8179501891136169, 0.0, 0.8638445734977722, 0.7542975544929504, 0.7691718339920044, 0.07268635928630829, 0.883838415145874, 0.34582415223121643, 0.0, 0.2824479043483734, 0.22734688222408295, 0.18989717960357666, 0.7724167108535767, 0.0, 0.0, 0.032715991139411926, 0.0, 0.0, 0.0, 0.1938331574201584, 0.056612465530633926, 0.0, 0.04745187982916832, 0.0, 0.39840167760849, 1.7655363082885742, 0.0, 0.04002345725893974, 0.010631120763719082, 0.011688074097037315, 0.0, 0.010909629985690117, 0.005015478003770113, 0.0, 0.37806421518325806, 0.04228680580854416, 0.05693000555038452, 0.1372520476579666, 0.9353231191635132, 0.0, 0.08782991766929626, 0.036153193563222885, 0.01676143892109394, 0.009590494446456432, 0.000405170489102602, 0.10397650301456451, 0.4941519796848297, 9.327518637292087e-05, 0.015783041715621948, 0.14276160299777985, 0.0, 0.03509916737675667, 0.43264538049697876, 0.0, 0.0, 0.015411191619932652, 1.632338523864746, 0.022477593272924423, 0.03335723280906677, 0.20475824177265167, 1.0958657264709473, 5.911555290222168, 0.0, 0.46679559350013733, 1.443535327911377, 0.0, 0.2160188853740692, 1.1920175552368164, 3.94901442527771, 0.16571325063705444, 4.475643157958984, 0.3004183769226074, 0.6301170587539673, 0.4757949709892273, 3.4608583450317383, 0.5840293169021606, 0.00734254764392972, 0.0987127423286438, 0.0, 0.25514835119247437, 0.043383266776800156, 0.0, 0.0, 0.846839964389801, 0.0, 0.005236333701759577, 0.0016162346582859755, 3.5032663345336914, 0.0, 0.9338005185127258, 0.29990291595458984, 0.21702039241790771, 2.725616693496704, 0.4471164345741272, 0.0, 2.112767457962036, 0.5866209268569946, 0.7551745772361755, 0.06604216247797012, 1.6150457859039307, 0.5137830376625061, 0.1305694729089737, 0.15911588072776794, 1.1208688020706177, 0.4528891146183014, 0.287870317697525, 0.0, 1.1526215076446533, 0.0904795378446579, 0.48848867416381836, 0.9480460286140442, 0.0, 0.17623555660247803, 0.04555955156683922, 0.5878128409385681, 0.008351605385541916, 0.18438851833343506, 0.513392984867096, 0.04768430069088936, 3.1854958534240723, 0.0, 0.0, 0.0016955186147242785, 0.02571471408009529, 0.24408067762851715, 2.4074456691741943, 0.1916649490594864, 0.0, 0.04738909751176834, 0.01205504685640335, 0.0, 0.0023995223455131054, 0.16454897820949554, 0.01956159807741642, 0.0, 0.3573451042175293, 0.5233747363090515, 0.09977483749389648, 0.0, 0.475862979888916, 0.02834305912256241, 0.0, 0.015745455399155617, 0.1316775232553482, 0.8336654901504517, 0.1110541895031929, 1.4884222745895386, 0.324739545583725, 0.4624740779399872, 0.02859109453856945, 1.0724979639053345, 0.017901111394166946, 0.06977615505456924, 3.324808120727539, 0.19549867510795593, 0.401007741689682, 0.044191617518663406, 0.02768096886575222, 0.36071425676345825, 0.47022026777267456, 0.1190948486328125, 0.2977168560028076, 0.0, 0.03619028627872467, 0.03457469493150711, 0.15926849842071533, 0.027428898960351944, 0.18127359449863434, 0.9021003842353821, 0.5229612588882446, 0.03619794547557831, 0.12802229821681976, 0.08025462925434113, 0.0, 0.12122217565774918, 0.0, 0.1597575694322586, 0.0, 0.9539280533790588, 0.10763699561357498, 0.0, 0.048497121781110764, 0.5520443916320801, 1.0291486978530884, 1.0069551467895508, 0.0, 0.03335258737206459, 0.0, 0.0, 0.07730214297771454, 1.3468204736709595, 0.060738399624824524, 0.17501558363437653, 0.0, 1.1744951009750366, 0.09788259863853455, 0.18359915912151337, 0.499860554933548, 0.0, 0.6969912052154541, 0.0019873380661010742, 0.08440125733613968, 0.2715654671192169, 0.2462671995162964, 0.04015490040183067, 0.5288985967636108, 0.3183857798576355, 0.4799841344356537, 0.6871430277824402, 0.0, 0.0, 0.0, 0.2525581419467926, 0.033689264208078384, 0.1096106618642807, 0.0, 0.010489643551409245, 0.012813548557460308, 0.12194506824016571, 0.27396121621131897, 0.1456393599510193, 0.13351492583751678, 1.0257322788238525, 3.2000627517700195, 0.008603337220847607, 0.08591480553150177, 0.010269729420542717, 0.639305055141449, 0.0, 0.10848134756088257, 0.0, 2.2012460231781006, 0.06241011247038841, 0.16168853640556335, 0.0, 1.2224763631820679, 0.2588467001914978, 1.3075308799743652, 0.8889431953430176, 0.8203043341636658, 0.0, 0.22715693712234497, 0.0, 0.007117096334695816, 0.9603413343429565, 0.6913423538208008, 0.0, 1.681994080543518, 1.9308475255966187, 0.0, 0.050066474825143814, 0.0, 0.0, 0.0, 0.04758467152714729, 0.5214712023735046, 0.5023277997970581, 0.0, 0.09919693320989609, 0.05359260365366936, 0.2360437959432602, 0.5444435477256775, 0.9887046813964844, 0.15279936790466309, 0.015621647238731384, 0.007802335545420647, 0.0, 0.33709922432899475, 0.34640783071517944, 0.0035705664195120335, 0.3187360465526581, 0.0, 0.9641133546829224, 0.28258585929870605, 0.07538694143295288, 0.0, 0.0019377372227609158, 0.0, 0.019660761579871178, 0.177850142121315, 0.019008805975317955, 0.2939958870410919, 0.08115079253911972, 0.14778637886047363, 0.7839698195457458, 0.001950395293533802, 0.29546403884887695, 0.02843213640153408, 0.22783799469470978, 0.0245343130081892, 0.0, 0.49501410126686096, 0.39410728216171265, 0.0, 0.21039079129695892, 0.0, 0.006662446539849043, 0.02987809106707573, 0.2568933069705963, 0.0, 0.05271533876657486, 0.04503467306494713, 0.6229596734046936, 0.6232407093048096, 0.0013686905149370432, 0.0, 0.17738933861255646, 0.34508708119392395, 0.0, 0.0, 0.0, 0.0012361614499241114, 0.5469335317611694, 0.05647493898868561, 0.02281193435192108, 0.010481627658009529, 0.8831804990768433, 0.006051764357835054, 2.6467745304107666, 0.15645962953567505, 0.014630631543695927, 0.0, 0.03830955922603607, 0.022246161475777626, 0.06641805171966553, 0.0, 1.783927083015442, 0.0216940026730299, 0.8274642825126648, 0.00474188756197691, 1.2271528244018555, 0.24470621347427368, 0.0, 0.6480441093444824, 2.4387600421905518, 2.689697265625, 0.023983612656593323, 0.0, 0.0, 0.4219284951686859, 0.0, 0.0, 0.7730603814125061, 0.0008292027632705867, 0.04400024935603142, 0.0, 0.6731600165367126, 0.015650462359189987, 0.0, 0.2716681957244873, 1.2270588874816895, 0.7638499736785889, 0.0, 1.3353652954101562, 0.0, 0.7779164910316467, 0.010443183593451977, 0.9424006938934326, 0.0, 0.5047916769981384, 0.2826766073703766, 0.3387312591075897, 1.7472164630889893, 1.6525412797927856, 0.0, 1.3301936388015747, 0.26885855197906494, 0.032294195145368576, 0.006367700640112162, 0.24361824989318848, 0.17685815691947937, 0.0, 0.27987775206565857, 1.5550395250320435, 0.9073246717453003, 0.0, 0.0, 0.0, 0.011218469589948654, 1.6964472532272339, 0.06203083693981171, 0.0, 0.0, 0.17108571529388428, 0.17970244586467743, 0.13320057094097137, 0.6234579086303711, 0.4289257228374481, 0.11090942472219467, 0.3771459758281708, 0.0, 0.45635342597961426, 0.03042609989643097, 0.0, 0.014661302790045738, 0.0, 3.539609432220459, 0.0, 0.001503759529441595, 0.0952659547328949, 0.006574470084160566, 0.17395953834056854, 0.3592209815979004, 0.14942079782485962, 0.0, 0.06347916275262833, 0.8012159466743469, 0.44945791363716125, 0.03676176071166992, 0.002933399984613061, 0.23512844741344452, 0.5544492602348328, 1.2782961130142212, 0.08187142014503479, 0.7470468878746033, 0.8288588523864746, 1.929517149925232, 0.0, 7.52040958404541, 0.12052638828754425, 0.04681744799017906, 0.8323224186897278, 0.8147691488265991, 0.0, 0.11289450526237488, 0.05372835695743561, 0.0, 0.06897234171628952, 0.02824324183166027, 0.48771753907203674, 0.002277795225381851, 0.009995645843446255, 0.01605362817645073, 0.2281333953142166, 0.08835864812135696, 0.22986948490142822, 0.0007383896154351532, 0.0, 0.12565399706363678, 0.024052269756793976, 0.002592344768345356, 0.11086498945951462, 0.0, 0.07263500988483429, 0.0, 0.20503973960876465, 0.08669205009937286, 0.0, 0.0, 0.42754846811294556, 0.03718574345111847, 0.6146280169487, 0.20406633615493774, 0.007352254819124937, 0.05464617908000946, 0.6416872143745422, 0.0, 0.0598011277616024, 0.0, 0.5339927077293396, 0.8446601033210754, 0.6698407530784607, 0.25381988286972046, 0.38019904494285583, 0.4604695439338684, 0.0, 0.1438712328672409, 0.7260525822639465, 0.68063884973526, 0.08187021315097809, 0.0, 0.20174022018909454, 0.06908166408538818, 0.23256981372833252, 0.022039517760276794, 1.6061354875564575, 0.0, 0.5536702871322632, 0.016741745173931122, 0.9295311570167542, 1.8223170042037964, 0.11296219378709793, 0.0, 0.0, 0.20472852885723114, 0.0717431977391243, 0.0, 0.09574563801288605, 4.929313659667969, 0.5240495204925537, 0.8012397885322571, 0.07170121371746063, 3.583138942718506, 0.3345864713191986, 0.1780354082584381, 0.4480368196964264, 0.08372262865304947, 0.0, 0.19034962356090546, 1.1902296543121338, 0.0, 0.0356416329741478, 0.0334814190864563, 0.0582694374024868, 0.0, 0.05813320353627205, 0.5819692611694336, 0.0, 0.01305695902556181, 0.2978445291519165, 0.051816150546073914, 0.026093926280736923, 0.48290520906448364, 0.046451713889837265, 0.005452151410281658, 0.10742829740047455, 0.07975378632545471, 0.019484613090753555, 0.0, 0.0, 0.15007558465003967, 0.8292080760002136, 0.01063485536724329, 4.033020496368408, 0.006372884847223759, 0.4884205162525177, 1.0676213502883911, 0.0017210548976436257, 0.02169339545071125, 0.043198272585868835, 0.0822981595993042, 0.0, 1.3081531524658203, 0.13656659424304962, 0.4114425480365753, 0.0, 0.7162907719612122, 0.010746613144874573, 0.0, 0.0, 5.7855634689331055, 0.2407158613204956, 2.064746141433716, 0.08946610242128372, 0.005526333581656218, 0.0, 0.5685404539108276, 0.19127120077610016, 0.051566630601882935, 0.03278524428606033, 0.030898211523890495, 0.41012105345726013, 0.10023167729377747, 1.7163283824920654, 0.0, 0.6307070851325989, 0.012029356323182583, 0.038361456245183945, 0.027151690796017647, 0.0330410972237587, 0.0, 0.1747855544090271, 0.7270922064781189, 0.045213114470243454, 0.17322304844856262, 0.04658263921737671, 0.277344673871994, 0.13244999945163727, 1.198778510093689, 0.002329738810658455, 0.01190582849085331, 1.632023811340332, 0.0, 0.04675455391407013, 0.47773516178131104, 0.018433721736073494, 0.043799564242362976, 0.0, 0.33517059683799744, 0.06808989495038986, 0.010358876548707485, 0.511207103729248, 0.03953278437256813, 1.2081079483032227, 1.0045393705368042, 0.12661443650722504, 0.0, 0.018416468054056168, 0.004891687538474798, 0.030480755493044853, 0.0, 0.032023727893829346, 0.9993734359741211, 0.1546953171491623, 0.5346569418907166, 0.2929728031158447, 3.4218568801879883, 0.03380557894706726, 2.402884006500244, 0.041940946131944656, 4.957730293273926, 0.9399624466896057, 3.8026111125946045, 0.06671765446662903, 0.12514415383338928, 0.6622499823570251, 0.22107112407684326, 1.7931926250457764, 1.4232573509216309, 0.3841214179992676, 0.5622761845588684, 0.01620720885694027, 0.029050905257463455, 0.41465476155281067, 0.05071794614195824, 0.12513987720012665, 0.0, 0.30998340249061584, 0.0, 0.0119981300085783, 0.0, 0.16770440340042114, 0.5451686382293701, 1.5083576440811157, 0.017037495970726013, 0.0, 0.021272404119372368, 0.2645823359489441, 0.025438128039240837, 1.6242797374725342, 0.0, 0.5364372730255127, 0.0, 0.1599300652742386, 0.0, 0.007906273938715458, 0.022931085899472237, 0.17100189626216888, 0.18976648151874542, 0.0003100560570601374, 0.1311105489730835, 0.0, 4.411907196044922, 1.2998034954071045]",Testing/glioma_tumor/image(34).jpg
"[0.42107731103897095, 0.5693529844284058, 0.1478203535079956, 0.2594643235206604, 0.0, 0.28025007247924805, 5.524488925933838, 0.08951988816261292, 0.03513528034090996, 0.0, 0.0, 0.1590975522994995, 0.23112307488918304, 0.3054424524307251, 0.42121875286102295, 0.08428655564785004, 0.010333751328289509, 2.9933290481567383, 0.7558245062828064, 0.00916348211467266, 0.23771890997886658, 0.739545464515686, 0.0, 0.0437488928437233, 0.2654862403869629, 0.45681047439575195, 1.2971861362457275, 0.4709775745868683, 0.057136714458465576, 0.10675178468227386, 0.12322540581226349, 0.18513812124729156, 0.006654500961303711, 1.2114357948303223, 2.7271647453308105, 0.12285655736923218, 0.015016584657132626, 0.019917113706469536, 0.2511861324310303, 0.056518081575632095, 0.23321552574634552, 0.02684747241437435, 0.18260891735553741, 0.060940977185964584, 0.13791590929031372, 0.37083789706230164, 0.29509904980659485, 0.0, 0.06478472799062729, 2.22550630569458, 0.7985677719116211, 0.16060224175453186, 1.1166207790374756, 0.33124908804893494, 2.3991596698760986, 2.3852174282073975, 0.2501794397830963, 0.20824234187602997, 0.6130172610282898, 0.01243291050195694, 0.07420336455106735, 1.829397201538086, 0.2923291325569153, 1.7035236358642578, 0.02232915349304676, 0.1455925703048706, 0.20830313861370087, 0.37546834349632263, 0.1709630936384201, 0.0662151426076889, 0.5064026117324829, 0.12546168267726898, 0.43301165103912354, 4.611326694488525, 0.5999711155891418, 0.023260807618498802, 3.5950896739959717, 2.0950615406036377, 0.0, 0.6021723747253418, 0.0, 0.3117104768753052, 0.20628492534160614, 0.1375771015882492, 2.0739824771881104, 0.27862977981567383, 2.955878973007202, 0.00806223601102829, 0.04880671575665474, 0.20828686654567719, 2.846829414367676, 0.30031412839889526, 0.15862934291362762, 0.1211610734462738, 0.05006996542215347, 0.01886732317507267, 0.23138371109962463, 0.1251687854528427, 0.20506489276885986, 0.268754780292511, 0.7926754951477051, 0.2941237986087799, 0.0, 0.005461794789880514, 0.9107004404067993, 0.4930027425289154, 0.8778204917907715, 1.4022459983825684, 0.1317863017320633, 1.042502760887146, 0.029392970725893974, 0.4948279857635498, 0.23758366703987122, 0.3625292181968689, 0.07079359143972397, 0.0, 0.02019100822508335, 0.08035995811223984, 0.21169361472129822, 0.12335964292287827, 0.024601571261882782, 0.7035978436470032, 0.0, 1.1975282430648804, 0.5905962586402893, 0.9775545001029968, 0.44564658403396606, 3.1319990158081055, 2.687324285507202, 0.2878935635089874, 0.06043066456913948, 3.157590866088867, 0.016641484573483467, 0.0007036169990897179, 0.0, 0.0, 0.20670616626739502, 0.0, 0.3155912458896637, 0.24779187142848969, 0.05367114767432213, 0.7583068609237671, 0.04927697032690048, 0.4026375114917755, 1.3704971075057983, 0.1897808164358139, 0.9154543280601501, 2.6051573753356934, 0.20922929048538208, 0.09024854749441147, 1.8569402694702148, 0.8272214531898499, 0.08268644660711288, 0.009277275763452053, 1.5867583751678467, 0.614264726638794, 0.051656246185302734, 0.0, 0.43623533844947815, 0.004639375023543835, 0.8279154300689697, 1.3792871236801147, 0.02298251911997795, 0.06480468809604645, 0.020466269925236702, 0.0707741305232048, 0.018335819244384766, 0.017146792262792587, 0.20488274097442627, 6.0933332443237305, 2.5859265327453613, 0.022862516343593597, 0.0, 0.3434145450592041, 1.4048689603805542, 1.954880952835083, 0.006289457902312279, 0.44163796305656433, 0.0, 2.005709171295166, 0.0, 0.06963000446557999, 0.036524802446365356, 0.1305817812681198, 0.1683397889137268, 0.05061701312661171, 0.007631019689142704, 0.5882903337478638, 0.052674293518066406, 0.0, 0.273689866065979, 0.07965603470802307, 0.15388868749141693, 0.41040724515914917, 0.023824121803045273, 0.12068751454353333, 0.0, 1.6316062211990356, 0.26129090785980225, 0.07575296610593796, 0.23652076721191406, 0.13001792132854462, 0.606468677520752, 0.4250231087207794, 1.0071337223052979, 0.17647159099578857, 0.2033979594707489, 0.0, 0.004366105888038874, 0.053888317197561264, 0.09394938498735428, 0.5742813944816589, 0.0, 0.20247840881347656, 0.17992183566093445, 0.4495756924152374, 0.09307845681905746, 0.00468452600762248, 0.041343484073877335, 0.043096523731946945, 0.9828888177871704, 0.30214813351631165, 1.3510081768035889, 0.285574346780777, 0.02672344632446766, 1.2507697343826294, 0.10391482710838318, 0.132444366812706, 4.89886999130249, 0.448752760887146, 1.3384947776794434, 0.3675899803638458, 0.5427995920181274, 0.5341097712516785, 0.7227609753608704, 0.5837494730949402, 0.0, 0.7523841261863708, 0.27778932452201843, 0.13577163219451904, 0.560965895652771, 0.9638641476631165, 0.17432278394699097, 0.03620889037847519, 0.0, 0.008172395639121532, 0.6671147346496582, 1.0041067600250244, 0.5613638162612915, 1.1454962491989136, 1.0396291017532349, 0.0, 0.9575241804122925, 0.3695097267627716, 0.5684026479721069, 1.3737797737121582, 0.5831015706062317, 1.1251310110092163, 0.7574842572212219, 0.3828551769256592, 0.0, 0.0, 0.6414842009544373, 0.16278694570064545, 0.0, 0.0631244108080864, 0.5892159342765808, 0.0682334303855896, 0.07035545259714127, 0.005865250248461962, 0.2998223900794983, 0.04552074894309044, 0.761791467666626, 0.0466000996530056, 1.9527359008789062, 0.27977877855300903, 0.015223352238535881, 0.38689571619033813, 1.649532437324524, 0.004692841321229935, 1.4795348644256592, 1.3411571979522705, 1.7581218481063843, 0.06317629665136337, 0.5704009532928467, 0.12269117683172226, 0.6576196551322937, 0.003559976117685437, 0.015760986134409904, 0.04814424738287926, 0.5881276726722717, 0.8977326154708862, 0.0, 1.0635743141174316, 0.2912513315677643, 1.2337578535079956, 0.8099383115768433, 0.024509070441126823, 0.5271626114845276, 0.1881086826324463, 0.008646403439342976, 0.004023989662528038, 3.1641998291015625, 0.10486670583486557, 1.1960582733154297, 0.07442299276590347, 0.09345784783363342, 0.5445787310600281, 0.9460724592208862, 0.054255880415439606, 1.4644358158111572, 0.6620882153511047, 0.16979891061782837, 0.07547982037067413, 0.0907236710190773, 0.04325617477297783, 0.23981718719005585, 0.02805832214653492, 0.0, 0.20203325152397156, 0.08438659459352493, 0.04894755780696869, 0.15076394379138947, 0.1944771409034729, 0.3040277659893036, 0.22418716549873352, 1.4379786252975464, 0.2198822796344757, 5.229555130004883, 3.1359424591064453, 0.06319187581539154, 0.02012072503566742, 2.1885271072387695, 0.10084991157054901, 0.0, 0.12214580923318863, 1.5661534070968628, 0.7241014838218689, 3.5108249187469482, 0.21451276540756226, 0.5800639390945435, 0.01651133969426155, 0.0, 0.0547788180410862, 0.0, 0.1286892145872116, 0.18775111436843872, 0.2855115234851837, 0.08649691939353943, 0.3404260277748108, 0.0986347496509552, 0.45284712314605713, 0.6225168704986572, 0.10616394877433777, 0.0, 0.24257534742355347, 0.0, 0.2940087914466858, 0.16995328664779663, 0.13087989389896393, 0.427895188331604, 0.76910400390625, 1.6364105939865112, 0.044938117265701294, 2.2356648445129395, 0.43382298946380615, 0.17626646161079407, 0.0, 0.871583878993988, 1.6556079387664795, 0.30128639936447144, 0.023171324282884598, 2.750309467315674, 1.38720703125, 0.17659951746463776, 0.33308878540992737, 0.037780795246362686, 0.09480378031730652, 0.010152379050850868, 0.0, 0.0020880382508039474, 0.014822193421423435, 0.0, 0.038785628974437714, 0.26960062980651855, 0.559892475605011, 0.8597118854522705, 0.0, 0.0, 0.22241565585136414, 0.0, 0.0, 1.0558005571365356, 0.3977242708206177, 0.9329738020896912, 4.12198543548584, 0.010475143790245056, 1.3759369850158691, 0.0, 0.6946046948432922, 1.5111536979675293, 0.0, 0.12891843914985657, 0.019500652328133583, 0.003904123790562153, 3.0155575275421143, 0.011110028252005577, 0.5622750520706177, 0.27335163950920105, 0.26150134205818176, 1.0391346216201782, 0.12671685218811035, 0.03756103664636612, 0.035380955785512924, 0.020828578621149063, 0.9025359153747559, 0.37462055683135986, 0.10141007602214813, 1.1716727018356323, 1.5091958045959473, 0.2585957646369934, 0.3073948919773102, 0.18269093334674835, 0.6936691999435425, 0.26978760957717896, 0.006438267417252064, 0.21832400560379028, 0.04513313248753548, 0.10858555883169174, 0.029203511774539948, 0.061296481639146805, 0.08802906423807144, 1.597436547279358, 0.23251989483833313, 2.731419563293457, 0.5232555866241455, 0.29877200722694397, 3.9473319053649902, 1.5394835472106934, 0.060552533715963364, 0.0, 0.1563093066215515, 0.6586787104606628, 0.12885405123233795, 0.1858970820903778, 0.7400935292243958, 0.028336569666862488, 0.7806334495544434, 0.03301118686795235, 0.1869913935661316, 2.0110645294189453, 0.07547766715288162, 0.14338505268096924, 0.14785543084144592, 0.022540174424648285, 0.24739575386047363, 0.05581183359026909, 0.1791055053472519, 0.10287163406610489, 0.8868087530136108, 0.4885021150112152, 0.3857526481151581, 0.23474940657615662, 0.06862713396549225, 0.19278979301452637, 0.07799229025840759, 0.0, 1.6739267110824585, 0.4113449454307556, 0.011314773932099342, 0.16119302809238434, 0.01587783358991146, 0.2613176703453064, 0.01771780475974083, 0.39396488666534424, 0.23496079444885254, 0.11979541182518005, 0.055236008018255234, 0.00879630260169506, 1.323020100593567, 0.6234453320503235, 0.2313004732131958, 0.1965780258178711, 0.3362073600292206, 0.19931629300117493, 0.22243565320968628, 0.25323814153671265, 0.005472187884151936, 0.47209495306015015, 0.0, 0.5991552472114563, 2.1562399864196777, 0.9479570984840393, 0.0, 0.3765847682952881, 0.0, 0.09304316341876984, 0.2225627899169922, 0.009579317644238472, 0.55833899974823, 0.5467687845230103, 0.0, 1.060707926750183, 3.803870916366577, 0.2891601324081421, 0.27310308814048767, 0.10728517174720764, 0.0, 0.0031510519329458475, 0.8561103940010071, 0.040406059473752975, 0.14857101440429688, 0.19782587885856628, 0.35269618034362793, 0.8447647094726562, 0.8336995840072632, 0.2240908145904541, 0.7687938213348389, 0.7396965622901917, 0.025497008115053177, 0.0, 0.5191223621368408, 0.4807546138763428, 0.0, 0.38495028018951416, 1.0174765586853027, 0.03698578104376793, 0.05316710099577904, 0.6330528855323792, 0.24805457890033722, 0.3263353705406189, 3.1398069858551025, 0.8085725903511047, 3.8529253005981445, 0.21968141198158264, 0.5593994855880737, 4.538393020629883, 0.23467978835105896, 0.253161758184433, 0.02340087667107582, 0.0, 0.5263028144836426, 0.0984785407781601, 0.05078739672899246, 2.8413522243499756, 0.10852693021297455, 0.18678727746009827, 0.015734439715743065, 0.379605233669281, 0.0, 0.2800182104110718, 0.006886766757816076, 0.08262615650892258, 0.018024742603302002, 1.144758939743042, 0.9588027000427246, 0.21320633590221405, 0.18558236956596375, 0.07912101596593857, 0.02832040749490261, 3.175907611846924, 1.782956600189209, 2.195446252822876, 0.0, 0.3816477060317993, 0.329895555973053, 0.9852758049964905, 0.4242452085018158, 1.4249342679977417, 0.021359361708164215, 0.4601221978664398, 0.0, 2.1698248386383057, 0.008539263159036636, 0.0, 0.439434677362442, 0.09462718665599823, 0.2012811005115509, 0.17790356278419495, 0.1702052652835846, 0.6532373428344727, 0.0, 0.15396320819854736, 0.024236246943473816, 0.0, 0.22919005155563354, 0.09766235202550888, 0.0, 0.04107833281159401, 0.15296584367752075, 0.030399901792407036, 0.42091891169548035, 0.566959798336029, 0.01223291177302599, 0.2950115203857422, 0.00290223048068583, 0.6103933453559875, 0.0, 0.18786774575710297, 0.5958222150802612, 0.13529445230960846, 0.38325780630111694, 3.202676773071289, 1.6719666719436646, 0.11423344165086746, 0.0, 0.15378022193908691, 0.21944260597229004, 0.27015021443367004, 2.1167426109313965, 0.17607557773590088, 0.006595903541892767, 0.6691914796829224, 0.6738337278366089, 0.3429051339626312, 0.5110598802566528, 0.004126782529056072, 0.0, 0.03835223242640495, 3.3492603302001953, 0.22150839865207672, 0.2446439266204834, 0.9590506553649902, 0.17632097005844116, 0.7338213324546814, 0.0, 0.011864238418638706, 0.29174333810806274, 0.03040565922856331, 0.9062232375144958, 0.017403962090611458, 0.24045659601688385, 0.004789615049958229, 0.17340989410877228, 0.052166350185871124, 0.0, 0.11908704042434692, 0.0, 0.12213194370269775, 0.857082188129425, 1.1128212213516235, 0.38327357172966003, 0.16531430184841156, 0.013737328350543976, 0.0, 0.8131785988807678, 3.271493911743164, 0.1501511037349701, 0.16926707327365875, 0.0, 1.164306879043579, 0.19311021268367767, 0.20037460327148438, 0.0822092741727829, 0.29304495453834534, 0.00543208746239543, 0.16702936589717865, 0.5651271343231201, 0.18835854530334473, 0.0026122890412807465, 0.4883020222187042, 0.9446660876274109, 0.6190130710601807, 0.32627809047698975, 0.8185018301010132, 0.09713515639305115, 2.3359458446502686, 1.4905731678009033, 0.011512688361108303, 0.4544954001903534, 0.011072845198214054, 0.704008162021637, 0.030084429308772087, 0.16155855357646942, 0.03907421603798866, 1.9553247690200806, 0.08288907259702682, 0.3180297017097473, 0.16818396747112274, 1.5677156448364258, 2.8648760318756104, 0.3676067292690277, 0.004708270542323589, 0.04418658837676048, 1.8172624111175537, 1.0474095344543457, 0.007291166111826897, 0.03421469032764435, 1.2707628011703491, 0.3317164182662964, 0.2263953536748886, 0.1398523449897766, 0.00824330747127533, 0.0309488195925951, 0.08702075481414795, 0.054543521255254745, 0.7169976234436035, 0.4731041193008423, 0.49282097816467285, 0.0026205801405012608, 0.32004252076148987, 0.023644015192985535, 0.8863283395767212, 0.07254620641469955, 0.09418217092752457, 0.0014787109103053808, 0.7919449806213379, 1.1912798881530762, 0.3132702112197876, 0.014901496469974518, 1.5313405990600586, 0.3810745179653168, 0.14730584621429443, 0.21514423191547394, 0.004252777900546789, 0.49262508749961853, 0.1616957187652588, 0.018779534846544266, 0.02783251740038395, 0.0, 0.2918579578399658, 1.581150770187378, 0.14164844155311584, 0.05715493857860565, 0.0019262518035247922, 2.6472878456115723, 0.04281625151634216, 0.007548672612756491, 0.36458560824394226, 1.30356764793396, 0.3206401467323303, 0.20939604938030243, 0.256941556930542, 0.7231928110122681, 0.12966695427894592, 0.0, 0.662873387336731, 0.49657467007637024, 0.8406785726547241, 0.0, 0.07279364764690399, 0.6855170726776123, 0.7982761859893799, 0.0645734891295433, 0.0001036439643939957, 0.06717265397310257, 0.2994822561740875, 0.002297583967447281, 0.0, 0.06023474037647247, 0.2965277135372162, 0.37648454308509827, 0.26185736060142517, 0.06859362125396729, 0.09766487032175064, 0.9985452890396118, 1.2065595388412476, 0.3979848623275757, 0.5437093377113342, 0.28686216473579407, 0.2817058861255646, 1.0269414186477661, 0.2742254137992859, 2.8145484924316406, 0.0, 0.019830094650387764, 0.6936039924621582, 0.06031252443790436, 0.6697179079055786, 0.6668864488601685, 0.17696300148963928, 0.0, 0.37817883491516113, 0.0002873576304409653, 1.7528222799301147, 0.011470341123640537, 0.02674238011240959, 0.039593350142240524, 0.8509969115257263, 0.1343870759010315, 1.440748929977417, 0.31018298864364624, 1.091235876083374, 0.0, 1.2060567140579224, 0.5155731439590454, 3.1368818283081055, 0.9507009387016296, 0.017596688121557236, 0.038381967693567276, 1.2048320770263672, 0.3523792326450348, 0.11108916252851486, 0.05993374437093735, 2.136219024658203, 0.3295343816280365, 0.04428771138191223, 0.006100450176745653, 0.9341444969177246, 0.0, 0.0, 0.0, 0.7776081562042236, 0.214181050658226, 0.019536470994353294, 0.08461358398199081, 0.2906402349472046, 1.2705556154251099, 0.5132039785385132, 0.16389332711696625, 0.05986568331718445, 0.2082006335258484, 1.7581501007080078, 0.0, 0.23623692989349365, 0.189785897731781, 2.1726763248443604, 0.8304873704910278, 0.0, 0.2558773458003998, 0.0, 0.5157805681228638, 1.783180832862854, 0.11266918480396271, 0.13125920295715332, 1.0699533224105835, 0.004741571377962828, 0.0, 0.6008837223052979, 1.316847801208496, 0.07743395864963531, 0.944646954536438, 1.0193551778793335, 0.5069220066070557, 0.8980648517608643, 1.9369909763336182, 0.0, 0.0, 0.01525829266756773, 0.001721494016237557, 0.0, 0.0006244718097150326, 0.07688301056623459, 1.8234162330627441, 0.9150946736335754, 0.46233442425727844, 0.4348541498184204, 0.383955717086792, 0.15680889785289764, 1.0826754570007324, 0.07619950920343399, 0.0876842513680458, 1.7041428089141846, 0.0626562237739563, 0.11489315330982208, 0.09470420330762863, 0.3342721164226532, 0.0, 0.34777402877807617, 1.8076735734939575, 0.15150319039821625, 0.16904613375663757, 0.43026646971702576, 0.23667240142822266, 0.6042096018791199, 0.29992005228996277, 0.7748621702194214, 0.286014586687088, 0.08240822702646255, 5.313555717468262, 0.23444873094558716, 0.023178281262516975, 0.14939315617084503, 0.15857023000717163, 0.0007524514803662896, 1.2568696737289429, 0.23056182265281677, 0.379058301448822, 0.7051571607589722, 0.4491189420223236, 0.2635118067264557, 1.2010523080825806, 0.07774262875318527, 0.0, 0.5005964040756226, 0.2419244796037674, 1.261988878250122, 1.4180774688720703, 0.4427291750907898, 0.1009095087647438, 0.07630588859319687, 0.2831701934337616, 0.48384374380111694, 0.012505769729614258, 0.20986437797546387, 0.010870310477912426, 0.15541231632232666, 0.04652198404073715, 0.4968487620353699, 0.47764697670936584, 0.0, 0.27757886052131653, 0.0, 0.07525315880775452, 5.888368129730225, 0.013222519308328629, 0.1677079051733017, 1.3749817609786987, 0.49326130747795105, 0.06368885934352875, 1.6112191677093506, 0.011744396761059761, 0.043455202132463455, 0.009812177158892155, 0.16761919856071472, 0.4099157154560089, 0.0, 0.007149479817599058, 0.0014691960532218218, 0.030588675290346146, 0.0, 0.06359433382749557, 0.11335407197475433, 0.0670677199959755, 0.4220486581325531, 0.04639523848891258, 0.405768483877182, 0.31978100538253784, 4.930446624755859, 0.004562229383736849, 0.0, 0.4173774719238281, 0.5887919068336487, 0.0, 1.6506948471069336, 0.8012442588806152, 0.0, 0.5906761288642883, 0.1134662851691246, 0.3386305272579193, 0.5263299942016602, 0.0, 0.5183631777763367, 0.0, 0.49845433235168457, 0.14530976116657257, 0.0, 0.35483217239379883, 0.018514256924390793, 0.7800931334495544, 0.015636494383215904, 0.04971464350819588, 0.022193001583218575, 0.010209270752966404, 0.6113824844360352, 0.0, 0.0057438635267317295, 3.488440752029419, 0.0373804047703743, 0.2322811633348465, 0.07581239938735962, 0.0, 0.0, 0.05218266323208809, 0.7563478946685791, 0.8670424818992615, 0.06395885348320007, 1.272262454032898, 0.1418813019990921, 0.3079266846179962, 0.0029342733323574066, 0.49840202927589417, 1.720463514328003, 0.17586684226989746, 0.0, 0.03945311903953552, 0.04716595262289047, 0.040426790714263916, 0.0, 0.06899270415306091, 0.7004947066307068, 1.277646780014038, 1.1279845237731934, 1.1388992071151733, 2.7618794441223145, 0.027980731800198555, 0.00832117348909378, 0.10295052081346512, 0.02746996097266674, 0.12599420547485352, 0.42652082443237305, 0.0, 0.023996511474251747, 0.009925632737576962, 0.0031010278034955263, 0.0, 0.09288803488016129, 0.04133310914039612, 0.23703162372112274, 0.005346429534256458, 1.827312707901001, 0.11663597822189331, 0.9346844553947449, 0.3534843325614929, 1.0105724334716797, 4.218773365020752, 0.05649152025580406, 0.40659594535827637, 0.5519614815711975, 0.0, 0.1723019778728485, 0.0010454703588038683, 0.9736963510513306, 2.9103901386260986, 0.13910768926143646, 0.8539860248565674, 0.10316938161849976, 0.0, 0.02538367733359337, 0.41931334137916565, 0.0, 0.47302067279815674, 0.0, 0.46599507331848145, 0.09028083086013794, 1.1184719800949097, 0.19896697998046875, 0.16027118265628815, 0.0024282250087708235, 0.13502469658851624, 0.1051306501030922, 0.01323072798550129, 0.03489125892519951, 0.5880661606788635, 0.14818033576011658, 1.7506420612335205, 0.09780483692884445, 0.005887386854737997, 0.015443655662238598, 0.2960827648639679, 0.13814479112625122, 0.029398038983345032, 0.28805074095726013, 0.08597514033317566, 0.06550587713718414, 0.3061950206756592, 0.0, 0.2278822809457779, 0.14291085302829742, 0.18766887485980988, 0.15858885645866394, 0.15407511591911316, 0.0, 0.5605350136756897, 0.1532631516456604, 0.0, 0.2263426035642624, 1.5152764320373535, 2.2601327896118164, 0.3156708776950836, 0.08474322408437729, 0.15037597715854645, 0.5160664916038513, 0.2978907525539398, 0.3871729075908661, 0.001062071998603642, 0.15980379283428192, 0.3592223823070526, 0.007345155812799931, 0.5045357346534729, 1.5121873617172241, 4.0125579833984375, 0.25012049078941345, 0.7162312865257263, 1.5653018951416016, 0.46360769867897034, 0.0, 0.0, 0.0, 0.011292039416730404, 0.8053427934646606, 0.0187982190400362, 0.2763984203338623, 0.5265705585479736, 0.04809907078742981, 0.9491696357727051, 0.40147605538368225, 1.262894630432129, 3.954591751098633, 0.2024776041507721, 0.10733922570943832, 0.18116697669029236, 0.31952986121177673, 0.008041060529649258, 1.5960520505905151, 0.07949939370155334, 0.0, 0.05836081877350807, 0.0, 0.30326563119888306, 0.030352210626006126, 0.0191859882324934, 0.45588865876197815, 0.24722614884376526, 0.08337274193763733, 0.29095011949539185, 0.1206137016415596, 0.07066508382558823, 0.37545037269592285, 0.06779897212982178, 0.253902405500412, 0.04224612936377525, 0.06850112229585648, 0.018347788602113724, 0.19496560096740723, 0.10085292905569077, 0.0, 0.14447543025016785, 2.7611196041107178, 0.12752418220043182, 0.06336914747953415, 0.4746662974357605, 0.3451306223869324, 0.109278604388237, 0.1349119246006012, 0.026379460468888283, 0.4018150568008423, 0.28600022196769714, 0.4047214090824127, 0.3356635570526123, 0.0, 2.1382713317871094, 0.14578749239444733, 2.524101734161377, 0.02131529152393341, 0.029135292395949364, 1.2495858669281006, 0.05305066704750061, 0.1731743961572647, 0.1786462664604187, 0.05987510830163956, 0.3507920801639557, 0.8621634840965271, 0.08686982095241547, 0.05892759561538696, 0.021465018391609192, 0.0, 0.0, 0.3184853494167328, 0.014545105397701263, 0.026686694473028183, 0.0, 0.14252306520938873, 0.10539232194423676, 2.5913262367248535, 1.2386358976364136, 0.71197110414505, 0.04647500813007355, 0.05140514671802521, 2.116558790206909, 0.0, 0.13745081424713135, 0.16851232945919037, 0.2062428742647171, 0.821444034576416, 0.03492705151438713, 0.3627367913722992, 0.022653117775917053, 0.0, 0.0, 1.078541874885559, 0.3037734627723694, 0.015726052224636078, 0.08130393922328949, 0.05485782027244568, 0.12531477212905884, 0.0, 0.28959348797798157, 0.2160264104604721, 1.4066095352172852, 0.21666565537452698, 0.0, 0.0018869225168600678, 0.0, 0.0, 0.0, 0.18452416360378265, 0.5707299709320068, 0.6665005683898926, 0.2567698359489441, 0.492123544216156, 0.15692751109600067, 0.20546799898147583, 0.13576839864253998, 0.07737105339765549, 0.536023736000061, 0.6685415506362915, 1.5544536113739014, 0.30093494057655334, 0.038085125386714935, 0.03709341585636139, 0.0, 0.23602500557899475, 1.76601243019104, 1.2848851680755615, 0.061437707394361496, 0.28550946712493896, 1.4047349691390991, 0.613074541091919, 0.6294688582420349, 0.25240764021873474, 0.0, 0.30619773268699646, 2.040743827819824, 0.019416004419326782, 0.06627742946147919, 0.8610729575157166, 0.0, 0.0, 0.49086815118789673, 0.6244623064994812, 0.00672102440148592, 0.14225457608699799, 1.3005696535110474, 0.47182977199554443, 0.0025030714459717274, 0.0, 2.69407320022583, 0.502103328704834, 0.10350392758846283, 0.15896090865135193, 0.0, 0.09543319791555405, 1.8170567750930786, 0.30287137627601624, 0.28066766262054443, 0.06970472633838654, 0.18309015035629272, 0.8768666982650757, 0.3630967438220978, 0.8633292317390442, 0.34326544404029846, 3.791659355163574, 1.6988403797149658, 0.05377211049199104, 0.06607941538095474, 0.6621269583702087, 0.0, 0.06725949794054031, 0.13470546901226044, 0.2925083339214325, 1.5251456499099731, 1.5103529691696167, 0.00650067487731576, 0.1357918232679367, 0.031705424189567566, 0.5235657691955566, 0.0209715124219656, 0.0, 0.026806579902768135, 0.4419478476047516, 0.21044474840164185, 0.060648828744888306, 0.4927172064781189, 0.37945857644081116, 0.7205641865730286, 1.2043601274490356, 1.4530075788497925, 0.004046422895044088, 0.4708090126514435, 0.03857651352882385, 0.3987520933151245, 0.8200682997703552, 0.20773541927337646, 0.12493954598903656, 0.08110767602920532, 0.9094967246055603, 1.2186588048934937, 0.026425110176205635, 0.03642421215772629, 0.7436937093734741, 2.3168957233428955, 1.2861815690994263, 0.43568992614746094, 0.01848473772406578, 1.2321949005126953, 0.0, 0.11584946513175964, 0.09750568866729736, 1.2456843852996826, 0.239264115691185, 0.06717827916145325, 1.387883186340332, 0.05634092167019844, 0.35138121247291565, 0.0, 0.45770183205604553, 1.3140196800231934, 0.213838130235672, 0.06835818290710449, 0.7383687496185303, 0.05302988737821579, 0.04307626187801361, 3.140798807144165, 0.0, 0.17079678177833557, 0.5188844203948975, 0.0, 0.2758556008338928, 2.235623598098755, 0.7563354969024658, 0.03562290221452713, 0.01004599779844284, 0.026685846969485283, 0.5067949891090393, 0.22424252331256866, 0.529670774936676, 0.15045741200447083, 0.027484172955155373, 0.09016503393650055, 1.4015547037124634, 1.7255949974060059, 0.007361990865319967, 0.0, 0.391836017370224, 0.019134415313601494, 0.2020997852087021, 0.0, 1.123195767402649, 0.7150149941444397, 0.10460986196994781, 0.36953380703926086, 0.48977306485176086, 0.1771169751882553, 0.0, 0.07038121670484543, 1.0619301795959473, 0.14201626181602478, 0.6787922978401184, 0.09705714881420135, 0.7383857369422913, 0.04135654494166374, 0.055773478001356125, 0.0703033059835434, 0.008293013088405132, 1.8684818744659424, 0.0, 0.07316309213638306, 0.1734098494052887, 0.686134934425354, 0.015016643330454826, 0.24362030625343323, 1.8582876920700073, 0.002619320061057806, 0.8701878786087036, 0.4436381161212921, 0.1827169507741928, 0.35795092582702637, 0.030662626028060913, 0.3415999114513397, 0.34896624088287354, 0.45182347297668457, 0.0, 0.5616422295570374, 0.0, 1.033976674079895, 0.02720346301794052, 0.5653890371322632, 0.15037551522254944, 0.08131879568099976, 0.07662991434335709, 0.02742307260632515, 0.2127094715833664, 0.0, 4.790820598602295, 1.4138137102127075, 0.45832332968711853, 0.1198137179017067, 0.05351126939058304, 0.017652472481131554, 2.025968074798584, 0.13201287388801575, 0.012519127689301968, 1.7217092514038086, 0.061698172241449356, 0.08540863543748856, 0.014573343098163605, 0.1342090219259262, 0.0, 0.015521879307925701, 0.31811073422431946, 0.0, 0.11422161012887955, 0.0, 0.01011602208018303, 0.0, 0.0, 1.822761058807373, 0.025193676352500916, 0.8936065435409546, 0.3878878355026245, 0.46987292170524597, 0.3869190216064453, 0.971394419670105, 0.11217965930700302, 0.013695848174393177, 0.0, 1.8211573362350464, 1.1538792848587036, 0.1825304627418518, 0.2577320337295532, 0.631477415561676, 0.0, 0.3413896858692169, 0.03521903231739998, 1.826362133026123, 0.03804624453186989, 1.345583438873291, 0.029094506055116653, 0.42518678307533264, 1.4289805889129639, 0.0, 0.06678731739521027, 0.8279975652694702, 0.17866866290569305, 0.011180245317518711, 0.323285847902298, 0.06325194984674454, 0.3909408152103424, 2.8620495796203613, 0.12940853834152222, 0.08802543580532074, 0.031083686277270317, 0.07397058606147766, 0.00489661144092679, 0.04136805608868599, 0.0, 0.016922347247600555, 1.6159114837646484, 0.692589282989502, 0.33327600359916687, 0.026255836710333824, 2.6134846210479736, 0.0, 0.11080779135227203, 0.13287368416786194, 0.18230529129505157, 0.0, 0.26066067814826965, 0.0, 0.008008796721696854, 0.0, 0.18071284890174866, 0.5161151885986328, 0.025099588558077812, 0.009916383773088455, 0.8335181474685669, 0.03252015262842178, 0.1097644716501236, 0.08365382999181747, 1.5110199451446533, 0.1032245010137558, 0.08875680714845657, 1.027378797531128, 1.8846391439437866, 3.5599191188812256, 0.1943635195493698, 0.9496345520019531, 0.08285579085350037, 0.0, 0.21552810072898865, 0.1296708881855011, 0.6971268057823181, 0.21476709842681885, 1.0859407186508179, 0.025183338671922684, 1.6913223266601562, 0.14017289876937866, 0.44820332527160645, 0.20173732936382294, 0.0, 0.0, 0.0, 0.10330460965633392, 0.578762412071228, 0.2867140471935272, 0.024404730647802353, 0.32217907905578613, 0.0, 0.09411637485027313, 0.08019126206636429, 0.679038941860199, 0.23172056674957275, 0.19535893201828003, 0.785273015499115, 0.01818913407623768, 2.8997819423675537, 0.4119127094745636, 0.0, 3.0228943824768066, 0.3204655051231384, 1.0709984302520752, 0.2000078707933426, 1.236212134361267, 2.742236375808716, 0.07746923714876175, 0.051878850907087326, 0.3559631109237671, 1.7030853033065796, 0.11996889859437943, 0.08875472843647003, 2.616257905960083, 0.21109096705913544, 1.3032804727554321, 0.23132073879241943, 0.07165728509426117, 0.3101498782634735, 1.0188426971435547, 0.060118962079286575, 0.0666237398982048, 0.037446748465299606, 0.2240462452173233, 0.03652534633874893, 3.295555353164673, 0.8035557270050049, 0.12244898825883865, 0.11157068610191345, 0.22418895363807678, 0.2878727316856384, 2.8257384300231934, 0.7076597213745117, 0.0, 0.03132707625627518, 0.0028177888598293066, 0.018249647691845894, 0.0, 0.31649282574653625, 0.5025251507759094, 0.13242296874523163, 0.0, 0.11462473124265671, 0.0, 0.0, 0.6306259632110596, 0.04111485555768013, 0.0, 0.0122681250795722, 0.012101472355425358, 0.3215552568435669, 0.07107311487197876, 1.7951409816741943, 0.10099820047616959, 2.6007378101348877, 0.07703535258769989, 0.6360138654708862, 1.6269108057022095, 0.12362072616815567, 2.4522206783294678, 0.000474272936116904, 0.014472158625721931, 0.8116559386253357, 0.0, 0.0, 0.18666698038578033, 0.47709301114082336, 0.24612119793891907, 0.016968952491879463, 1.0180221796035767, 0.07087941467761993, 0.1335226148366928, 0.15184462070465088, 0.05039291828870773, 2.5172441005706787, 0.4704012870788574, 0.15715563297271729, 0.3794613182544708, 0.7400192618370056, 0.7468928098678589, 0.21239183843135834, 0.11089087277650833, 0.44999241828918457, 0.3636678159236908, 0.5021722912788391, 0.02593258023262024, 0.015213903039693832, 0.2141905277967453, 0.14788496494293213, 0.0042977528646588326, 0.8097048401832581, 2.0891666412353516, 0.09491544961929321, 0.0, 0.08093465119600296, 0.47180554270744324, 0.3490818440914154, 0.35841673612594604, 0.5520703196525574, 0.18106035888195038, 0.5323924422264099, 0.0, 0.7117205262184143, 2.7662954330444336, 1.5189502239227295, 1.0697429180145264, 0.0, 0.40166544914245605, 1.3252781629562378, 0.0028836361598223448, 1.5927625894546509, 0.9285056591033936, 0.0, 1.0250011682510376, 1.0764926671981812, 0.008994574658572674, 0.0, 0.4521324634552002, 0.30320820212364197, 0.21087437868118286, 0.41940808296203613, 0.0, 0.01179744303226471, 0.13715122640132904, 1.5173029899597168, 3.123518705368042, 2.201651096343994, 0.4224165678024292, 0.6303383111953735, 4.916807174682617, 0.0, 0.008943423628807068, 0.09852787852287292, 2.3240222930908203, 0.3374897837638855, 0.17109660804271698, 0.0, 2.060190200805664, 0.8202202320098877, 0.20100079476833344, 0.8965377807617188, 0.23220272362232208, 0.3508208096027374, 2.505692481994629, 0.7446957230567932, 0.17348577082157135, 0.006423271261155605, 0.3932059407234192, 0.0, 0.09300116449594498, 1.8255308866500854, 0.08552027493715286, 0.3390333354473114, 0.24625219404697418, 1.8198696374893188, 6.374785900115967, 0.8606959581375122, 0.0, 0.0, 0.0921320840716362, 0.0, 0.27695485949516296, 0.0004900621133856475, 0.015234081074595451, 0.25519105792045593, 0.04489045590162277, 0.42624372243881226, 0.23276826739311218, 1.0448428392410278, 0.056848857551813126, 0.0, 0.03700936213135719, 0.246967613697052, 0.4605088531970978, 0.09626439958810806, 0.06837839633226395, 0.018818911164999008, 0.9966857433319092, 0.8400254249572754, 0.12048358470201492, 0.5283318758010864, 0.009029746055603027, 0.0, 0.10663183033466339, 0.011840535327792168, 0.02590099908411503, 0.0, 0.6488014459609985, 0.05217035114765167, 1.7346277236938477, 1.006901741027832, 0.0, 0.3768262267112732, 0.45215877890586853, 0.03307223692536354, 0.0017090232577174902, 1.1054246425628662, 0.39719125628471375, 0.03473525494337082, 0.0, 2.029608964920044, 0.0, 0.009623661637306213, 0.4719693064689636, 0.29104453325271606, 0.5020242929458618, 0.1491229236125946, 0.5657089948654175, 0.015512512996792793, 0.11085981130599976, 0.043175194412469864, 0.11471148580312729, 0.0, 0.8578218221664429, 0.018881402909755707, 0.30768245458602905, 0.07940150052309036, 0.14294031262397766, 0.0451224185526371, 0.06403190642595291, 0.049199193716049194, 0.02431994490325451, 0.9490423202514648, 0.25086843967437744, 0.6274551153182983, 0.0, 1.234055757522583, 0.19724628329277039, 0.0, 0.1028340682387352, 0.307218462228775, 0.22992737591266632, 1.0224305391311646, 0.019306180998682976, 4.303785800933838, 0.6680740118026733, 0.07141218334436417, 0.31845515966415405, 0.0, 1.3976969718933105, 3.339691162109375, 2.1761679649353027, 0.037953753024339676, 0.11404987424612045, 0.0, 0.6556521058082581, 0.0533074215054512, 0.0871090292930603, 0.026174206286668777, 1.1073704957962036, 0.0, 1.1366267204284668, 2.337207078933716, 0.18999454379081726, 0.0760064646601677, 0.19861899316310883, 1.4777555465698242, 0.0032972998451441526, 0.18362033367156982, 0.7043423652648926, 0.10760918259620667, 0.19049325585365295, 0.05841725319623947, 0.0, 0.006550039630383253, 0.853232741355896, 0.509030818939209, 0.0975351557135582, 0.30277013778686523, 0.44369634985923767, 0.09488125145435333, 0.8208875060081482, 0.08952537178993225, 0.303560733795166, 0.0, 0.09662242978811264, 0.024560997262597084, 0.0, 3.8329455852508545, 2.051265239715576, 0.4880771338939667, 0.06776541471481323, 0.014244543388485909, 0.13352766633033752, 0.02586706355214119, 1.1318576335906982, 0.2690894901752472, 0.39905357360839844, 0.0, 0.4117948114871979, 1.4604119062423706, 0.0, 0.23790131509304047, 0.012228523381054401, 1.5915207862854004, 0.034627944231033325, 0.0035822319332510233, 0.015056706964969635, 0.1872754842042923, 0.029790792614221573, 0.02791680581867695, 0.7032277584075928, 2.5218629837036133, 0.358346164226532, 0.10967616736888885, 0.17114844918251038, 0.12364953756332397, 0.13244201242923737, 4.226476192474365, 0.6233938336372375, 0.0, 0.03433162346482277, 0.45272326469421387, 2.2272534370422363, 0.3351404666900635, 0.0, 1.0937062501907349, 1.9168879985809326, 0.7464180588722229, 0.22403642535209656, 0.4941904842853546, 0.07972662895917892, 1.4504724740982056, 0.31694039702415466, 7.000953674316406, 0.004002469126135111, 0.19006775319576263, 0.48514798283576965, 0.7483644485473633, 0.0, 0.12395718693733215, 1.3783273696899414, 0.0, 0.4672359526157379, 0.0, 1.3093277215957642, 0.10690834373235703, 0.0, 0.040323030203580856, 0.03305777907371521, 0.41124626994132996, 0.7073346972465515, 0.0, 0.09549582004547119, 0.45317894220352173, 0.04493625834584236, 0.50789874792099, 0.11832717806100845, 0.0, 0.027910877019166946, 0.02622854709625244, 0.7819344401359558, 0.0, 0.05082957074046135, 0.09070465713739395, 0.5340583324432373, 0.4635123908519745, 0.0013148979051038623, 1.107430100440979, 0.41395312547683716, 0.14726746082305908, 0.48765867948532104, 0.0, 0.12429244071245193, 0.0, 2.0848381519317627, 0.08576148003339767, 0.37768298387527466, 0.6707299947738647, 0.5773135423660278, 0.11408977210521698, 0.0, 0.06035519763827324, 0.624941349029541, 3.3697521686553955, 0.11252311617136002, 2.4276890754699707, 1.0922831296920776, 0.5399395823478699, 0.056613367050886154, 0.3922768533229828, 0.5506897568702698, 0.0, 0.13400550186634064, 0.014648695476353168, 1.0748056173324585, 1.371962308883667, 0.33123233914375305, 0.0, 0.0, 0.18711316585540771, 0.055470049381256104, 0.0925486832857132, 0.01300402544438839, 1.6471861600875854, 0.008619960397481918, 0.288268506526947, 0.36928439140319824, 1.1911290884017944, 0.8543960452079773, 0.15127861499786377, 0.16903316974639893, 0.048038631677627563, 0.001859832787886262, 0.07430677115917206, 1.0298579931259155, 0.08511410653591156, 0.5245187878608704, 1.5431339740753174, 1.0497095584869385, 0.0, 0.0476328544318676, 0.0, 0.013057188130915165, 0.0, 0.7324691414833069, 0.4277177155017853, 0.18105648458003998, 0.9380276799201965, 0.5188723802566528, 0.05623111128807068, 0.04207826033234596, 0.0, 0.05951486900448799, 0.4940640330314636, 0.17010201513767242, 0.20792338252067566, 1.1353390216827393, 2.1851754188537598, 0.5133140683174133, 0.26830190420150757, 0.017589855939149857, 0.076469786465168, 0.3383248448371887, 0.059370897710323334, 0.30005526542663574, 0.7344105839729309, 0.6528754830360413, 0.051331568509340286, 0.12437519431114197, 2.647265911102295, 0.008547773584723473, 1.0894925594329834, 0.010789681226015091, 0.055034998804330826, 0.010906554758548737, 0.6611968874931335, 2.334848165512085, 0.39894893765449524, 0.03802825137972832, 0.8211387991905212, 0.22328190505504608, 0.380266398191452, 0.0354217104613781, 1.005832552909851, 0.005107344593852758, 0.0, 1.6036860942840576, 0.273531436920166, 3.4308900833129883, 0.0419221930205822, 0.0, 0.0, 0.021376488730311394, 0.4729577302932739, 0.4794003367424011, 0.7966656684875488, 0.5441625118255615, 0.2865895926952362, 0.6950218081474304, 2.065904378890991, 0.24526791274547577, 0.014560557901859283, 0.2250089794397354, 1.048388123512268, 0.22449621558189392, 0.022220809012651443, 0.706490159034729, 0.007787555921822786, 0.004937494173645973, 1.1049177646636963, 0.14249923825263977, 0.0, 0.021511048078536987, 0.1836351603269577, 0.1408117562532425, 0.05355852469801903, 0.09920765459537506, 0.06934081763029099, 0.3415667414665222, 0.012434672564268112, 0.11093731224536896, 0.1497388333082199, 0.0, 0.2710432708263397, 0.7330001592636108, 0.043690793216228485, 0.02981967106461525, 0.31866127252578735, 0.7323383688926697, 0.8974091410636902, 0.8899295330047607, 0.7088408470153809, 0.012747978791594505, 0.3466576039791107, 0.021115833893418312, 3.8728384971618652, 0.10640383511781693, 3.3665671348571777, 0.020343400537967682, 1.0756773948669434, 0.11480128020048141, 0.9118640422821045, 2.224970817565918, 0.9935734272003174, 0.10206330567598343, 0.1159752905368805, 0.07347391545772552, 0.0504988357424736, 1.4259568452835083, 0.28013989329338074, 1.8665622472763062, 0.14631028473377228, 0.0, 0.11555786430835724, 0.28710997104644775, 0.02810307964682579, 1.5251743793487549, 0.718517541885376, 1.6653473377227783, 0.023103343322873116, 0.655531644821167, 0.11328325420618057, 0.4021311104297638, 0.9434295892715454, 0.07974494248628616, 0.19617609679698944, 1.8302687406539917, 0.08108807355165482, 0.1472124457359314, 0.004084171261638403, 0.1356954127550125, 0.0, 0.02965375781059265, 0.005493103060871363, 0.27477484941482544, 0.04334187135100365, 0.06882043927907944, 1.4956183433532715, 0.36053362488746643]",Testing/glioma_tumor/image(51).jpg
"[0.31135323643684387, 0.5679713487625122, 0.0, 0.13989277184009552, 1.6203882694244385, 0.5034875869750977, 1.4174667596817017, 0.1487528532743454, 0.0, 0.0, 0.00804093386977911, 0.027719181030988693, 0.10877607017755508, 0.16754409670829773, 0.007775807753205299, 0.0, 0.0, 0.3569660484790802, 0.12177222222089767, 0.0, 0.12538468837738037, 2.8202786445617676, 0.2737838625907898, 0.0701439380645752, 1.2284921407699585, 0.1807173490524292, 2.4962446689605713, 0.028281068429350853, 0.01248125359416008, 0.08396370708942413, 0.2131129652261734, 0.09163904190063477, 1.8147292137145996, 0.06280545145273209, 0.17794914543628693, 0.5354156494140625, 0.026927655562758446, 0.366107702255249, 0.08832190185785294, 0.7554849982261658, 1.2344205379486084, 1.5556408166885376, 0.17549128830432892, 0.00964213628321886, 0.0, 0.0, 0.07407177239656448, 0.0, 0.000797626911662519, 0.004749863874167204, 1.4537811279296875, 1.1789941787719727, 0.9159523248672485, 0.04076327010989189, 2.635641098022461, 0.5942501425743103, 1.6119805574417114, 0.043348729610443115, 0.10895156115293503, 0.0, 0.8300341963768005, 0.87692791223526, 0.31608304381370544, 0.30966001749038696, 0.03895419463515282, 0.0, 0.27205610275268555, 0.010783029720187187, 0.8841816782951355, 0.0002442671393509954, 0.3914048969745636, 0.06224513426423073, 0.7994754314422607, 1.5025092363357544, 0.374811589717865, 0.321343332529068, 1.1519384384155273, 0.019089465960860252, 0.0, 0.20178546011447906, 0.0, 0.0, 0.6916684508323669, 0.0, 0.15092891454696655, 0.17884553968906403, 0.6282071471214294, 0.31028008460998535, 0.1466430127620697, 0.08407939225435257, 0.4895772337913513, 0.9412720203399658, 0.0, 2.1198978424072266, 0.13609547913074493, 0.0, 0.42747989296913147, 0.10773549973964691, 0.31599196791648865, 0.5694831013679504, 0.14627118408679962, 0.9456992745399475, 0.6655061841011047, 0.0, 0.21760419011116028, 1.3494694232940674, 1.0648001432418823, 1.1087126731872559, 0.29358914494514465, 0.05114313215017319, 0.10479767620563507, 0.14116699993610382, 0.11219890415668488, 0.3038424849510193, 1.106588363647461, 0.29425084590911865, 0.08043988049030304, 0.8821246027946472, 0.020521365106105804, 0.00032425657263956964, 0.11589351296424866, 0.0, 0.0, 0.14217646420001984, 1.7473020553588867, 0.7868393659591675, 0.0, 0.698443591594696, 1.5344371795654297, 0.0, 0.0018875380046665668, 3.489211320877075, 0.22936098277568817, 0.007190831005573273, 0.023716216906905174, 0.22109854221343994, 0.5931092500686646, 0.03495952859520912, 0.036836057901382446, 0.0, 0.5107982158660889, 0.3170892298221588, 0.0, 0.1824655383825302, 0.6746023297309875, 0.0, 0.0, 1.111367106437683, 0.1999543458223343, 0.0, 2.5313377380371094, 0.4559217095375061, 0.24826093018054962, 0.0, 0.12360953539609909, 0.8388470411300659, 0.0, 0.3036472201347351, 2.924243211746216, 0.09191415458917618, 0.17112287878990173, 0.4245455861091614, 0.11357521265745163, 0.14658407866954803, 0.0, 0.025273727253079414, 0.6660470962524414, 0.00018524150073062629, 0.0710286945104599, 8.764335632324219, 0.4162117838859558, 0.008359753526747227, 0.031986407935619354, 0.5507997274398804, 0.6819999814033508, 0.25498414039611816, 0.14012247323989868, 0.055921174585819244, 0.2585228979587555, 0.6617591977119446, 0.4543323218822479, 0.0, 0.26741525530815125, 0.0, 0.9519665837287903, 0.3215063512325287, 0.17969627678394318, 1.106440544128418, 0.22578641772270203, 0.013563880696892738, 0.0, 0.1272335648536682, 0.016204962506890297, 0.0011159545974805951, 0.009389585815370083, 0.920495331287384, 0.09971443563699722, 0.33143606781959534, 0.0, 0.0014364281669259071, 1.0229690074920654, 0.0, 0.027535177767276764, 0.5019272565841675, 0.6320075988769531, 0.31229734420776367, 0.10442889481782913, 0.02527766302227974, 0.29820775985717773, 0.040894996374845505, 0.4108278751373291, 1.3944441080093384, 0.0, 0.41215837001800537, 0.06737225502729416, 0.5221781730651855, 0.0, 0.19197292625904083, 0.7957362532615662, 0.0, 0.2718823552131653, 0.12589560449123383, 0.8955355286598206, 0.20102456212043762, 0.09575758129358292, 1.674343228340149, 0.6571962237358093, 0.09688080847263336, 0.45153117179870605, 0.2500947415828705, 0.21334834396839142, 0.21781033277511597, 0.268341988325119, 1.5648157596588135, 0.5461587905883789, 0.0004820628964807838, 0.000829674769192934, 0.14549808204174042, 0.1367742270231247, 0.4945642948150635, 0.0, 1.848270297050476, 1.6188709735870361, 0.07147615402936935, 0.13629871606826782, 0.021518293768167496, 0.005455878097563982, 0.5594428181648254, 0.07092892378568649, 0.8288712501525879, 0.7408205270767212, 0.05243837460875511, 1.0493444204330444, 0.08492539823055267, 0.09413738548755646, 0.18302001059055328, 0.043669190257787704, 2.021904706954956, 0.0, 0.8567057251930237, 0.0, 0.04006463289260864, 0.31638821959495544, 0.0, 0.00274913408793509, 0.045485302805900574, 0.2787914574146271, 0.07777009904384613, 0.0, 0.0, 0.27107885479927063, 0.008609214797616005, 0.8364841938018799, 0.0, 1.541730284690857, 0.4438270926475525, 0.1527869701385498, 0.14389677345752716, 0.45355820655822754, 0.0, 2.5892133712768555, 0.9605514407157898, 2.2295737266540527, 0.19690610468387604, 0.022105799987912178, 0.03234207257628441, 0.7439982891082764, 0.1280348002910614, 0.07170949876308441, 0.02529934048652649, 0.02685190550982952, 0.0, 0.002589181996881962, 0.06509216874837875, 0.9639355540275574, 0.6756146550178528, 0.07704595476388931, 0.08667691051959991, 0.46553000807762146, 0.0, 0.9627205729484558, 0.016981665045022964, 5.039316654205322, 0.4348519742488861, 0.5813759565353394, 0.7862339615821838, 0.0, 0.07401813566684723, 0.09968504309654236, 0.8000184893608093, 0.3344155251979828, 1.4720509052276611, 0.25904157757759094, 0.1189737319946289, 0.18948982656002045, 0.9671516418457031, 0.3874087929725647, 0.0, 0.0, 0.07646595686674118, 0.3374674320220947, 0.21073158085346222, 0.022180723026394844, 0.012753753922879696, 0.0, 0.0, 0.10588479787111282, 0.0, 2.199327230453491, 1.0197526216506958, 0.7367667555809021, 0.0, 0.17530784010887146, 0.33439093828201294, 0.0, 0.0, 1.537136197090149, 0.23823511600494385, 1.5274463891983032, 0.01612783782184124, 0.4408056437969208, 0.20213179290294647, 1.2180677652359009, 0.02603498101234436, 0.0, 0.03290211036801338, 0.06156838685274124, 0.0, 0.09879696369171143, 1.2260304689407349, 0.021690811961889267, 0.0, 0.4523564279079437, 0.6114985346794128, 1.0345242023468018, 0.19337595999240875, 0.08379159867763519, 0.0026937893126159906, 0.6382957100868225, 1.0172185897827148, 0.04187580943107605, 1.2319097518920898, 0.005110385362058878, 0.052324820309877396, 0.48007872700691223, 0.2922661602497101, 0.4344842731952667, 0.0, 2.0103557109832764, 0.5880630016326904, 0.0706138089299202, 0.014123279601335526, 0.7132522463798523, 4.215244770050049, 0.0013058185577392578, 0.022948140278458595, 1.5832173824310303, 0.3380695581436157, 0.0, 0.01952938921749592, 0.48327115178108215, 0.20813222229480743, 0.006899998988956213, 0.0, 0.028589358553290367, 0.16242332756519318, 1.1748849153518677, 0.21872779726982117, 0.0, 0.031458139419555664, 0.0, 0.10505327582359314, 0.4309121072292328, 0.16659149527549744, 0.0, 1.0279632806777954, 0.0318775437772274, 0.23741714656352997, 0.0, 0.1594509780406952, 0.15860135853290558, 0.0, 0.03063669428229332, 0.5183937549591064, 0.0458950512111187, 4.7787861824035645, 0.17697882652282715, 0.0, 0.08642753958702087, 1.1825724840164185, 0.0017548920586705208, 0.19285547733306885, 0.07638895511627197, 0.0, 0.013401639647781849, 2.7370166778564453, 0.0, 0.33547425270080566, 0.0, 0.12237516790628433, 0.9473483562469482, 0.09696950018405914, 0.02526075951755047, 0.08100546896457672, 0.0, 0.0, 0.06727951765060425, 0.40852200984954834, 0.42825621366500854, 0.01192065142095089, 0.5782483220100403, 0.5001541972160339, 0.5999094843864441, 0.34786590933799744, 1.4683359861373901, 1.764049768447876, 0.0028257491067051888, 0.7217162847518921, 0.39663147926330566, 0.006380200386047363, 0.03459445387125015, 0.0, 1.3457353115081787, 1.0106478929519653, 0.06988748162984848, 0.04753981903195381, 0.0, 0.5162267088890076, 0.0, 0.04973619431257248, 0.047810040414333344, 0.014741683378815651, 0.07298079133033752, 0.05672980472445488, 0.0, 1.1456944942474365, 1.2709873914718628, 0.7321574687957764, 0.03939247131347656, 1.8659870624542236, 0.11564543098211288, 1.1509441137313843, 0.9115171432495117, 0.34556642174720764, 0.009985581040382385, 0.0, 0.19451312720775604, 0.2777055501937866, 0.25890588760375977, 0.5474853515625, 0.22359992563724518, 0.04290289804339409, 0.32020479440689087, 0.22502271831035614, 0.04144389182329178, 0.1215227022767067, 0.003836641553789377, 0.004745303187519312, 0.19406476616859436, 0.25065040588378906, 1.1911818981170654, 0.1912558674812317, 0.3687349557876587, 0.5923032760620117, 0.0024497532285749912, 0.0009449112112633884, 0.0, 0.0, 0.17904607951641083, 0.12452452629804611, 0.06787383556365967, 0.8340650796890259, 0.1681864857673645, 0.0, 0.41545653343200684, 0.05353899300098419, 0.06684863567352295, 0.08376538008451462, 1.0150309801101685, 0.3435717225074768, 0.32108569145202637, 0.022153275087475777, 0.07531362771987915, 4.28560733795166, 0.3153213858604431, 0.2009827345609665, 0.0, 0.26998400688171387, 0.03783034905791283, 0.972626268863678, 0.0, 0.11409353464841843, 0.0, 0.22304312884807587, 0.08874543756246567, 0.22139985859394073, 0.285404235124588, 0.03757789358496666, 0.036022793501615524, 0.02972107008099556, 0.012840568087995052, 0.14222115278244019, 0.13193964958190918, 0.013695389963686466, 0.030556408688426018, 0.02734372578561306, 0.0, 0.0, 0.11797424405813217, 1.1588205099105835, 0.01863832399249077, 0.7012132406234741, 0.7539162635803223, 4.091324806213379, 0.10385351628065109, 1.3766058683395386, 3.265458345413208, 0.007051861844956875, 0.06610742211341858, 0.7021280527114868, 0.06702975183725357, 0.2868015468120575, 0.4515509307384491, 0.44939562678337097, 0.44138264656066895, 0.2661915719509125, 0.007282726466655731, 0.17590858042240143, 0.0008444639970548451, 0.0699101984500885, 0.032982174307107925, 0.0, 0.20903733372688293, 0.013260134495794773, 0.9412422776222229, 3.2709617614746094, 0.5748722553253174, 0.0, 0.16096414625644684, 0.09385277330875397, 1.9470361471176147, 1.8877043724060059, 0.7124735713005066, 0.0474780835211277, 0.08435748517513275, 0.0, 0.5550679564476013, 0.000885968329384923, 1.4115879535675049, 0.02819085121154785, 0.6444626450538635, 0.08998308330774307, 0.0011044861748814583, 0.04214778542518616, 0.09255433827638626, 0.8640380501747131, 0.0, 3.60164475440979, 0.0, 0.13930606842041016, 1.0884575843811035, 0.0010272166691720486, 0.016019590198993683, 0.20569629967212677, 0.0, 0.1466405689716339, 0.2922884225845337, 0.0, 0.07060054689645767, 0.0, 0.0, 0.0604584664106369, 0.23303000628948212, 0.0, 0.07790437340736389, 0.10157479345798492, 0.05475298687815666, 0.07191860675811768, 0.004825132433325052, 0.054619401693344116, 0.2744181752204895, 0.0010129237780347466, 6.539091110229492, 0.6106856465339661, 0.02790217101573944, 0.2915109395980835, 0.30731457471847534, 0.14913184940814972, 0.20254796743392944, 0.28926172852516174, 0.06163305789232254, 0.600874125957489, 0.1362682282924652, 0.1769818663597107, 0.0, 0.0, 0.0, 0.025872955098748207, 0.0, 0.0, 0.5953165888786316, 0.06446225196123123, 3.3397042751312256, 0.6029775738716125, 2.6432340145111084, 0.3632040321826935, 0.10938945412635803, 0.0, 0.0, 0.15633243322372437, 0.20503191649913788, 0.049211371690034866, 0.1037762239575386, 0.4765024483203888, 0.1196584478020668, 0.0, 0.06645476818084717, 0.0, 0.36452654004096985, 0.9949252009391785, 1.7171142101287842, 0.03947686776518822, 0.6529531478881836, 0.1476394087076187, 0.0, 0.0861390084028244, 3.6548237800598145, 0.06795953214168549, 0.04689068719744682, 0.0, 1.5129979848861694, 0.08149783313274384, 0.5057764053344727, 0.03809906914830208, 2.3866872787475586, 0.016251400113105774, 0.09653101116418839, 0.2053835093975067, 0.5416325330734253, 0.0, 0.43155840039253235, 0.1859510838985443, 0.5729043483734131, 0.1273912638425827, 4.164712905883789, 0.012939207255840302, 3.728564500808716, 0.18396179378032684, 0.18993598222732544, 0.43498480319976807, 0.0, 0.055997226387262344, 0.12615124881267548, 0.20993652939796448, 0.02543780207633972, 0.2359524518251419, 0.0, 0.0068870955146849155, 0.48729437589645386, 0.40368300676345825, 1.5372580289840698, 0.0868876725435257, 0.009184355847537518, 0.14199967682361603, 1.0732051134109497, 0.3496907353401184, 0.09301430732011795, 0.0, 1.6147490739822388, 0.4342506527900696, 0.0, 0.07094651460647583, 0.6359920501708984, 0.013652332127094269, 0.22529679536819458, 0.8274927139282227, 0.3738214075565338, 0.5766935348510742, 0.0, 0.0, 0.11628128588199615, 0.1851264238357544, 0.4776686131954193, 0.34886983036994934, 0.015305686742067337, 0.007925208657979965, 3.396265983581543, 0.8487574458122253, 1.3839024305343628, 0.0, 1.4013051986694336, 0.15076886117458344, 0.018228329718112946, 0.012483528815209866, 0.1784271001815796, 0.03342278301715851, 0.027465611696243286, 0.007720472756773233, 0.0, 0.007747985888272524, 0.129562109708786, 5.200081825256348, 0.023484081029891968, 0.09697606414556503, 0.22356480360031128, 3.733337163925171, 1.2935734987258911, 0.58333820104599, 0.2793366611003876, 0.7285308837890625, 0.0, 0.37286123633384705, 0.040359437465667725, 0.13820640742778778, 2.519453287124634, 0.30414336919784546, 0.4999055564403534, 0.2567009925842285, 0.6845329403877258, 0.03368118777871132, 0.0, 0.046544112265110016, 4.410849571228027, 0.009029721841216087, 0.052973028272390366, 0.3679814338684082, 0.0345175564289093, 0.0, 0.09709654003381729, 0.24647730588912964, 0.3273470103740692, 1.200840950012207, 0.20997755229473114, 0.010853465646505356, 0.5726528763771057, 0.12670713663101196, 1.4189512729644775, 0.2508297264575958, 0.15246780216693878, 0.22946517169475555, 2.441237688064575, 0.026722688227891922, 3.135690450668335, 2.2613563537597656, 0.00929407961666584, 0.05719328299164772, 0.0, 0.0, 0.10089371353387833, 0.4792442321777344, 0.0013169950107112527, 0.0, 0.6746254563331604, 0.002887224778532982, 0.15804016590118408, 0.0, 0.49521946907043457, 0.011266406625509262, 3.3696577548980713, 0.017737427726387978, 0.37050777673721313, 0.5267618894577026, 0.10556191205978394, 0.07474851608276367, 0.0572214238345623, 0.0, 2.188354015350342, 0.21186496317386627, 0.360433965921402, 0.0064339591190218925, 0.7507762312889099, 0.5886538028717041, 0.1776999682188034, 0.035423580557107925, 0.2628387212753296, 0.3747501075267792, 0.013814687728881836, 0.0, 0.7644763588905334, 0.19980482757091522, 0.0, 0.33617720007896423, 0.04734561964869499, 0.11428731679916382, 0.0, 0.2523938715457916, 0.5770012140274048, 0.38156208395957947, 1.9752111434936523, 0.058244820684194565, 0.012628798373043537, 0.1649906039237976, 3.7279813289642334, 0.006855570711195469, 4.137818813323975, 0.1622159481048584, 1.5564372539520264, 0.817112922668457, 0.0, 0.0, 0.0, 0.5668574571609497, 0.06498801708221436, 0.010513998568058014, 0.14764907956123352, 0.7578503489494324, 0.1450069397687912, 0.0, 1.1734223365783691, 3.4607748985290527, 0.3171418607234955, 0.28957584500312805, 0.7099120616912842, 1.195428490638733, 0.04172354191541672, 2.548780679702759, 0.0, 0.0, 0.04911421611905098, 0.11269757896661758, 0.009806124493479729, 0.0, 1.7504291534423828, 6.248629093170166, 0.07029744982719421, 0.33080559968948364, 0.2445233017206192, 0.009518058970570564, 1.175338625907898, 0.6045467853546143, 0.0, 0.5076412558555603, 0.6287684440612793, 0.03475498780608177, 0.08265958726406097, 0.3668421506881714, 0.21452094614505768, 0.0, 0.16592904925346375, 1.975710391998291, 0.3626810312271118, 0.23089241981506348, 0.08759712427854538, 0.0, 0.14568854868412018, 0.3088246285915375, 0.04088351130485535, 0.11687466502189636, 0.8129203915596008, 1.512856364250183, 0.0, 0.08376956731081009, 0.0, 0.25181829929351807, 0.12707045674324036, 0.6245636343955994, 0.011213845573365688, 0.0285966657102108, 4.49191427230835, 0.9043465256690979, 0.07731473445892334, 0.20109622180461884, 0.12705416977405548, 0.0, 1.7977497577667236, 0.004420674405992031, 2.1472601890563965, 1.20125150680542, 0.567710280418396, 0.2378135621547699, 0.0, 0.42884761095046997, 0.029256615787744522, 0.0, 0.09992249310016632, 0.020863382145762444, 0.20259588956832886, 0.013935612514615059, 0.9866394996643066, 2.499227523803711, 0.014696470461785793, 0.9734139442443848, 0.4638925790786743, 0.0031009328085929155, 6.314121723175049, 0.0, 0.05013548582792282, 2.4619271755218506, 0.028926342725753784, 0.0, 0.07648011296987534, 0.018041547387838364, 0.2387704849243164, 0.08727961778640747, 0.0, 0.2543184459209442, 0.0016330407233908772, 0.0, 0.8217148780822754, 0.0, 0.04635332152247429, 0.23932114243507385, 0.5635179281234741, 0.5276563763618469, 0.2882644832134247, 0.06446345895528793, 0.695478618144989, 0.8911706805229187, 1.3568223714828491, 0.02443193644285202, 0.0, 0.5957217812538147, 0.5603795051574707, 0.0, 0.8065997362136841, 0.3104296624660492, 0.044554345309734344, 0.7727845907211304, 0.0, 0.21264605224132538, 0.21848055720329285, 0.652859628200531, 0.0, 0.09731785207986832, 0.03283902257680893, 0.21007272601127625, 0.16400301456451416, 0.16106832027435303, 0.05433584749698639, 0.238520547747612, 0.0, 0.6285011172294617, 0.282299280166626, 0.02770383097231388, 0.15308964252471924, 0.03949020057916641, 0.012323379516601562, 0.08119558542966843, 0.6744115948677063, 0.35224902629852295, 0.0, 0.0, 0.0, 0.43113046884536743, 0.5611551403999329, 1.2141467332839966, 0.8604121208190918, 0.8089276552200317, 0.26685625314712524, 0.16319921612739563, 0.0, 0.5232626795768738, 0.0, 1.0088450908660889, 0.0, 0.06094670668244362, 0.18443909287452698, 0.021012865006923676, 0.5829949378967285, 0.6116765737533569, 3.2019052505493164, 1.816601037979126, 0.0, 0.0, 1.2417677640914917, 0.027650849893689156, 0.10661214590072632, 0.008088460192084312, 0.05378066375851631, 0.04590417817234993, 0.05863131955265999, 0.0, 0.694770872592926, 0.03096098266541958, 0.3715132176876068, 0.11245686560869217, 0.0, 0.008080966770648956, 0.24239414930343628, 0.0, 2.2569942474365234, 0.025846851989626884, 0.0, 0.5083444714546204, 1.1266604661941528, 0.053283341228961945, 0.0, 0.15377886593341827, 2.865246534347534, 0.0, 0.46127063035964966, 0.0, 0.0, 3.6936287879943848, 0.01236164290457964, 0.33170539140701294, 0.20960001647472382, 0.32626041769981384, 0.010119039565324783, 1.4426871538162231, 0.5880674123764038, 0.5911248922348022, 0.01312199141830206, 0.3658832609653473, 0.5648778080940247, 0.010855451226234436, 0.16697463393211365, 0.04779694974422455, 0.1907966136932373, 0.09945666790008545, 0.24057789146900177, 0.07718788832426071, 0.23024071753025055, 0.308383584022522, 0.02824857272207737, 0.8029036521911621, 0.0, 0.021766453981399536, 0.0, 0.08030238747596741, 0.0, 0.0, 0.7020721435546875, 0.11631684750318527, 0.048649273812770844, 0.2658839821815491, 0.04433184862136841, 0.0185905322432518, 0.019362686201930046, 0.004512441344559193, 0.06189734488725662, 0.1676376760005951, 0.014900794252753258, 0.05680614709854126, 0.15032662451267242, 0.034696418792009354, 0.40644189715385437, 2.3454973697662354, 0.0, 0.5399319529533386, 0.016432182863354683, 0.02534838579595089, 0.8146646618843079, 0.044288553297519684, 0.07063163071870804, 0.02261314168572426, 0.2675732970237732, 0.08727048337459564, 0.31377118825912476, 0.24212384223937988, 0.4010661244392395, 3.934839963912964, 0.9722068905830383, 0.35172510147094727, 0.17728479206562042, 0.1220371201634407, 0.20405039191246033, 0.03752739727497101, 0.0846439078450203, 0.049234576523303986, 1.1857434511184692, 0.11544257402420044, 1.1104642152786255, 5.864120006561279, 0.046632833778858185, 0.4805792272090912, 0.12729495763778687, 1.478232741355896, 0.7210803627967834, 0.33319583535194397, 0.0, 0.3912152349948883, 0.024258900433778763, 0.0, 5.719122409820557, 0.0, 0.1689755618572235, 0.2910795211791992, 0.05461389198899269, 0.24527989327907562, 0.060893673449754715, 0.23048430681228638, 0.1608038991689682, 0.01101022120565176, 0.06493152678012848, 0.0, 1.065340280532837, 0.28287234902381897, 0.0, 0.4853303134441376, 0.03387722745537758, 0.2529897093772888, 0.32018399238586426, 0.0, 0.21161219477653503, 0.08914312720298767, 0.07398197799921036, 0.13256214559078217, 0.333034485578537, 0.09577150642871857, 0.20330744981765747, 0.05132123455405235, 0.0, 0.5041850209236145, 0.0, 0.074080690741539, 0.37408575415611267, 0.39667201042175293, 0.26078149676322937, 0.9009675979614258, 0.010405211709439754, 0.10243762284517288, 0.0606105774641037, 1.3913987874984741, 0.01004176214337349, 0.43317553400993347, 0.4129733741283417, 0.017160186544060707, 0.0, 0.0, 0.02437094785273075, 0.018110182136297226, 2.0756726264953613, 0.010033471509814262, 0.42101940512657166, 0.0, 0.0, 0.0, 0.0, 0.0, 0.005011427216231823, 0.410096138715744, 0.0053397780284285545, 0.053898751735687256, 1.1487292051315308, 0.0, 0.014472869224846363, 1.1232842206954956, 0.008561071008443832, 0.00912362989038229, 0.03747795894742012, 0.0, 0.33084890246391296, 0.5841074585914612, 0.6189104318618774, 0.03437260910868645, 0.05400016903877258, 0.05932987853884697, 0.0, 0.0, 0.16601426899433136, 0.0, 0.0029947052244096994, 0.0, 0.020655788481235504, 1.0255420207977295, 0.13557970523834229, 0.04071330279111862, 0.0, 4.509967803955078, 0.0, 0.17768171429634094, 0.3017623722553253, 0.7752448320388794, 0.0023335509467869997, 0.05136794596910477, 0.029605211690068245, 1.032791018486023, 0.3572615087032318, 0.766839325428009, 1.5408236980438232, 0.0, 0.07222651690244675, 0.30876970291137695, 0.03392227739095688, 2.0478811264038086, 0.9893280267715454, 0.274433970451355, 0.0, 0.2597411274909973, 0.07102811336517334, 0.17190197110176086, 0.36729633808135986, 0.031329039484262466, 0.17454050481319427, 0.006749625317752361, 0.03859752416610718, 0.021443327888846397, 0.30929675698280334, 0.5988316535949707, 0.4746605157852173, 0.0, 0.15265266597270966, 0.37424659729003906, 0.029686318710446358, 0.0, 0.0, 0.2290627807378769, 0.3349561393260956, 0.3639627993106842, 0.8847724795341492, 0.0, 0.0322769358754158, 2.2639341354370117, 0.03061654418706894, 0.3659944236278534, 0.04712991788983345, 0.01693686656653881, 0.09935290366411209, 0.047044072300195694, 0.0, 0.0, 0.0, 7.249820709228516, 0.10530996322631836, 0.11219047755002975, 0.21786253154277802, 0.04871783405542374, 1.0033386945724487, 0.13757342100143433, 0.1489250808954239, 0.17078590393066406, 0.2597907483577728, 1.2351922988891602, 0.03124682605266571, 0.43432384729385376, 0.09603291749954224, 0.0, 0.43967655301094055, 0.014568883925676346, 0.018088825047016144, 1.803205966949463, 0.688610315322876, 0.07175204902887344, 0.0539361909031868, 0.0, 1.0043079853057861, 0.0, 0.0, 0.043923214077949524, 0.017217840999364853, 0.055337924510240555, 0.3574660122394562, 0.9936695694923401, 1.495748519897461, 0.12270250171422958, 0.8403412103652954, 2.7522132396698, 0.4687010645866394, 0.30869823694229126, 0.005114168394356966, 0.03323635458946228, 0.21606053411960602, 0.0, 0.05537452548742294, 0.02875625342130661, 0.615039050579071, 0.6748624444007874, 0.26078614592552185, 0.39426514506340027, 0.0, 0.19820021092891693, 0.4830862879753113, 0.0, 0.09401220083236694, 0.10050399601459503, 0.0, 0.3996710181236267, 0.8473849892616272, 1.7465872764587402, 0.10875269770622253, 0.01062875147908926, 0.1587291955947876, 0.0, 0.06198549643158913, 0.0, 0.42073237895965576, 0.5080515742301941, 0.019446855410933495, 0.0010444996878504753, 0.3557535409927368, 0.018635623157024384, 0.4040753245353699, 0.04940660670399666, 0.09327488392591476, 0.0, 0.6348035931587219, 0.5704365968704224, 0.5068522691726685, 2.834541082382202, 0.21957606077194214, 0.22752302885055542, 0.03654303774237633, 0.11015797406435013, 0.3211236000061035, 0.6441519856452942, 0.12841495871543884, 0.15506599843502045, 0.08724426478147507, 0.9258525371551514, 1.5973349809646606, 0.36408019065856934, 0.0, 0.03201790899038315, 0.0, 0.0, 0.22701261937618256, 0.0, 0.44791918992996216, 0.0, 0.10427693277597427, 0.08197081834077835, 0.013756859116256237, 0.0, 0.0, 0.6972211003303528, 0.3533753454685211, 0.06194954365491867, 0.4301939308643341, 1.7682489156723022, 0.06974110007286072, 0.25710445642471313, 0.0, 0.0, 0.0, 1.5691324472427368, 0.12079863995313644, 0.06410286575555801, 0.0, 0.590049684047699, 0.549358069896698, 0.07714974880218506, 0.5178558826446533, 0.22359471023082733, 4.312222957611084, 0.02827117219567299, 0.16469433903694153, 0.0, 0.07047390192747116, 0.03856098651885986, 0.14936532080173492, 0.23738573491573334, 0.10049010068178177, 0.2801763117313385, 0.0, 2.100353240966797, 0.08340367674827576, 0.4371846914291382, 0.33281201124191284, 0.06696577370166779, 0.8687658309936523, 1.163764476776123, 0.4885867238044739, 0.0, 2.679567337036133, 0.8006972670555115, 0.15527328848838806, 0.09867092967033386, 0.14750641584396362, 0.0987539291381836, 0.09732791036367416, 1.4716378450393677, 0.03540950268507004, 0.7877357006072998, 0.32801708579063416, 0.0, 0.76241534948349, 0.30711686611175537, 0.9137148261070251, 0.013597417622804642, 0.0, 0.0, 0.0, 0.007357376161962748, 0.06779302656650543, 0.03172917664051056, 0.0, 4.557753562927246, 0.0, 0.06807368993759155, 0.18011754751205444, 0.15073144435882568, 0.0, 0.3503776788711548, 0.4303809702396393, 0.0, 0.08920155465602875, 0.38209596276283264, 1.2779169082641602, 0.0007420145557262003, 0.3010040521621704, 0.001211594557389617, 5.790165573671402e-07, 0.7192456126213074, 0.5961622595787048, 0.4085399806499481, 0.0, 0.4705526828765869, 0.007116972003132105, 0.6031908392906189, 0.1667681783437729, 0.002232094295322895, 0.0, 0.2780480682849884, 0.1066444143652916, 0.16286036372184753, 0.005825626663863659, 0.0, 0.01094661932438612, 2.433959722518921, 0.1323411762714386, 0.010271363891661167, 0.0040989043191075325, 0.17532597482204437, 0.18585874140262604, 0.0, 0.0, 0.25684797763824463, 0.4054963290691376, 0.6532663702964783, 0.15744630992412567, 0.056594885885715485, 0.6868410110473633, 0.0, 0.0, 0.29974180459976196, 0.0, 0.0984395295381546, 0.5371782779693604, 0.0, 0.10396114736795425, 0.33892083168029785, 0.035097885876894, 0.014553405344486237, 0.0, 0.1586814969778061, 0.0, 0.028146563097834587, 0.008083542808890343, 0.9515658020973206, 0.6129785776138306, 0.10229725390672684, 0.9394097328186035, 0.3928748667240143, 1.9503419399261475, 1.7564983367919922, 0.0, 0.4763839542865753, 0.43872421979904175, 0.004206786397844553, 2.76705002784729, 0.003966950811445713, 2.082855463027954, 0.13684004545211792, 0.6856638193130493, 0.17724967002868652, 0.3165661692619324, 0.5901855230331421, 1.5489981174468994, 0.3888991177082062, 0.8969153761863708, 0.6955983638763428, 0.10148883610963821, 0.28670379519462585, 0.0, 0.008876338601112366, 0.0, 0.023309145122766495, 0.02322741597890854, 0.0, 0.0, 3.828850030899048, 0.0, 0.28517115116119385, 2.486812114715576, 0.0, 0.15422780811786652, 0.25678229331970215, 0.0410243459045887, 3.628523111343384, 0.18424129486083984, 0.43080735206604004, 0.02560364454984665, 0.5607200264930725, 1.087703824043274, 0.4071216881275177, 0.0, 0.0, 0.23248080909252167, 0.0632724016904831, 0.0, 0.9190768003463745, 0.13118240237236023, 1.1946475505828857, 0.4296647012233734, 0.10194753855466843, 0.047310810536146164, 6.857697007944807e-05, 0.053027138113975525, 0.0255136638879776, 0.04746782407164574, 0.21544308960437775, 0.10931061953306198, 0.6501060724258423, 0.11210118234157562, 0.009136898443102837, 0.399968683719635, 0.0011990215862169862, 0.05467839166522026, 2.719529867172241, 0.056363921612501144, 0.06277386844158173, 0.0380437970161438, 0.04486102610826492, 0.0, 0.0, 0.37292391061782837, 0.14867760241031647, 0.0, 0.11499256640672684, 2.0721967220306396, 0.036009132862091064, 0.0, 0.952327311038971, 0.22523634135723114, 0.13476426899433136, 0.0, 0.6447105407714844, 1.1152725219726562, 0.029322916641831398, 1.5013965368270874, 0.6490035057067871, 0.7076452374458313, 0.3155481517314911, 0.10060790926218033, 0.1214047223329544, 0.0037627986166626215, 2.811602830886841, 0.0, 0.06190710514783859, 0.5061870813369751, 0.1579190492630005, 0.3717789649963379, 0.08258473128080368, 0.0, 0.332317590713501, 0.0, 0.033307820558547974, 0.028725141659379005, 0.01554813701659441, 0.10032734274864197, 0.0, 0.04910200461745262, 0.11069399118423462, 0.0, 0.8010085821151733, 0.2425016313791275, 0.043629057705402374, 0.9606190919876099, 0.0, 0.01761232502758503, 0.0, 0.893041729927063, 0.02014286443591118, 0.03906415030360222, 0.34730908274650574, 0.6337961554527283, 0.32113146781921387, 1.2836854457855225, 0.062074802815914154, 0.483158141374588, 0.15729732811450958, 0.0, 0.20791411399841309, 0.4604647755622864, 0.14224565029144287, 0.05266246944665909, 0.005598477087914944, 5.195699691772461, 0.018133999779820442, 0.024227891117334366, 0.05164472386240959, 0.4203154444694519, 1.522592306137085, 0.0, 0.016987783834338188, 1.4912402629852295, 0.358538955450058, 0.0, 2.0985307693481445, 0.0, 0.3834269344806671, 1.0671632289886475, 0.0, 0.0, 0.0725441500544548, 0.09039103239774704, 0.06459006667137146, 0.03643478825688362, 0.09726495295763016, 0.11973205208778381, 0.11996123939752579, 0.4126819670200348, 0.31605127453804016, 0.9760244488716125, 1.5909287929534912, 0.8914318680763245, 1.0841336250305176, 0.0, 0.26442837715148926, 0.0, 0.2083507776260376, 0.09031050652265549, 0.0, 0.0, 1.0121424198150635, 0.035031531006097794, 0.25245219469070435, 0.6907098889350891, 0.44968804717063904, 0.8862022757530212, 0.03732094541192055, 1.5810232162475586, 0.1562383770942688, 0.046303246170282364, 0.9127339720726013, 0.6018522381782532, 0.1729172170162201, 1.5480433702468872, 0.5707504749298096, 0.001686483039520681, 0.27325335144996643, 4.473715782165527, 0.4902409017086029, 0.0, 0.0, 0.0, 0.0, 0.0030227217357605696, 0.0019629269372671843, 0.21203675866127014, 0.0, 0.095481738448143, 0.018177539110183716, 0.2574058175086975, 0.6889020800590515, 2.3487660884857178, 0.15803810954093933, 0.0, 0.09234800189733505, 0.0, 0.09512809664011002, 0.0388777069747448, 0.0, 0.0, 0.2247542142868042, 0.6064355969429016, 0.3492487967014313, 0.005711776670068502, 0.0, 0.0672745481133461, 0.024014832451939583, 0.020858891308307648, 0.21927815675735474, 0.0, 1.0129600763320923, 0.003142193891108036, 0.08308565616607666, 0.920403778553009, 0.0, 0.27706378698349, 0.04697119817137718, 0.28015124797821045, 0.0, 0.0022983793169260025, 0.2542923092842102, 0.17343513667583466, 0.02257637120783329, 2.358350992202759, 0.0, 0.04589105769991875, 0.007194227073341608, 0.6704577207565308, 0.046660903841257095, 0.013559925369918346, 0.39972129464149475, 0.36993634700775146, 0.7233679890632629, 0.009199234656989574, 1.0174089670181274, 0.26740366220474243, 0.0, 0.0, 0.010035558603703976, 0.0, 0.29655465483665466, 3.1314358711242676, 0.0, 0.0, 0.0, 1.6935477256774902, 0.015878263860940933, 1.3558889627456665, 0.03237096965312958, 0.0, 0.77744060754776, 0.05070025473833084, 0.5686528086662292, 1.1937625408172607, 0.37818020582199097, 0.3915601372718811, 0.0861613005399704, 1.4599462747573853, 0.0, 0.6005871891975403, 1.3016012907028198, 0.13519902527332306, 2.3040616512298584, 0.7302711009979248, 4.036211967468262, 0.0, 0.0, 0.07232987135648727, 0.0, 0.0, 0.05961471050977707, 0.2030659168958664, 0.45736461877822876, 0.11417020112276077, 0.08573821187019348, 0.0030070471111685038, 0.043666962534189224, 0.0, 0.0, 0.4027746021747589, 0.41624730825424194, 0.07267274707555771, 2.0390312671661377, 0.0, 0.0, 0.011759555898606777, 0.0, 0.22930119931697845, 2.1397576332092285, 0.048351552337408066, 0.1671028733253479, 1.6525986194610596, 2.0745673179626465, 0.0, 1.838417649269104, 0.10046495497226715, 0.048981111496686935, 0.019510800018906593, 0.0, 0.006854018196463585, 0.011527334339916706, 0.34517088532447815, 0.15341725945472717, 0.28591036796569824, 0.0006240290240384638, 0.0, 0.0, 0.0028245497960597277, 2.4645302295684814, 0.2503877878189087, 0.08662893623113632, 0.0, 0.40550726652145386, 1.7527236938476562, 0.5043966174125671, 0.7628207206726074, 0.0852959007024765, 0.9600220322608948, 0.025865068659186363, 0.015561592765152454, 0.4758981466293335, 0.005782224703580141, 0.0639210045337677, 0.0, 0.008085795678198338, 1.4541645050048828, 0.46964821219444275, 0.09959828853607178, 0.0, 0.02278273180127144, 0.043611250817775726, 0.5476852059364319, 0.005478883162140846, 0.0, 0.030061587691307068, 0.17735238373279572, 1.2584950923919678, 0.0, 0.49054351449012756, 0.3410559296607971, 0.757215678691864, 0.0, 0.0053089880384504795, 1.6611719131469727, 0.6926636695861816, 0.6329688429832458, 0.0, 3.5185818672180176, 0.025634272024035454, 0.0, 0.3280804753303528, 0.42373165488243103, 0.0008115841192193329, 0.003176005557179451, 2.3674614429473877, 0.0, 0.2199447751045227, 0.2936261296272278, 0.38678038120269775, 0.05221330747008324, 0.034097716212272644, 0.09457218647003174, 0.33603349328041077, 0.8851696848869324, 0.0036910749040544033, 0.009108484722673893, 0.0, 0.39530882239341736, 0.3097039759159088, 0.0, 0.2087087780237198, 0.04999783635139465, 0.03049303963780403, 0.3145560920238495, 0.12333887815475464, 0.0, 0.0, 0.011520609259605408, 0.0, 0.0, 0.12060636281967163, 3.8702638149261475, 0.05325377732515335, 0.0, 0.8222059011459351, 0.0, 0.28881508111953735, 0.1365649551153183, 0.2321552187204361, 2.3252835273742676, 0.0, 1.157302737236023, 0.8296063542366028, 0.17558471858501434, 0.0, 0.0, 0.8615267872810364, 1.1221121549606323, 0.0, 0.7485111951828003, 0.04578348249197006, 0.0, 0.013155866414308548, 1.1089855432510376, 0.8378260731697083, 0.06701819598674774, 0.24825704097747803, 0.21237719058990479, 1.863407015800476, 2.030137777328491, 0.05617734417319298, 0.0, 0.0, 0.027814099565148354, 1.0464766025543213, 0.0, 0.36273154616355896, 2.8202574253082275, 0.5334010124206543, 0.363045334815979, 0.22243142127990723, 1.937985897064209, 0.3967135548591614, 0.39168035984039307, 0.0424608513712883, 0.09706949442625046, 0.19105350971221924, 0.34128645062446594, 0.7970727682113647, 0.0, 0.16539797186851501, 0.027732742950320244, 0.0, 0.0, 0.0, 0.00482789846137166, 0.0, 0.06310030072927475, 0.5032250881195068, 0.790183424949646, 0.0, 1.0895990133285522, 0.06534726172685623, 0.10427150130271912, 0.10060583055019379, 0.19805686175823212, 0.005816459655761719, 0.24908147752285004, 0.06616216897964478, 1.1854000091552734, 0.030828675255179405, 1.3105427026748657, 1.618625283241272, 0.0, 0.03811470419168472, 1.0311870574951172, 0.16178061068058014, 0.7984687685966492, 0.0, 0.04941118136048317, 0.26929330825805664, 0.3866139352321625, 0.1733536273241043, 2.684929132461548, 0.0, 0.02255622297525406, 0.04564106836915016, 0.03085537627339363, 0.09013833850622177, 1.9375650882720947, 0.25004276633262634, 1.3395147323608398, 0.19836199283599854, 0.2835794687271118, 0.0, 0.9233912229537964, 0.13821600377559662, 0.1778496950864792, 0.0, 0.0017347749089822173, 0.08804725110530853, 0.821738600730896, 1.0871052742004395, 0.050882428884506226, 0.16283847391605377, 0.0, 0.1312243789434433, 0.0, 0.0, 0.5714889764785767, 0.2399733066558838, 2.14615535736084, 0.5900854468345642, 0.45473581552505493, 0.04627116397023201, 0.1323121190071106, 1.5368454456329346, 0.9539174437522888, 0.3690278232097626, 0.32649633288383484, 0.1884174793958664, 0.034773483872413635, 0.0, 0.3518448770046234, 0.0, 0.9158110618591309, 0.0, 0.39314958453178406, 0.0, 0.05006737262010574, 1.8801003694534302, 0.14959347248077393, 0.2894519567489624, 0.8372335433959961, 0.011611365713179111, 0.0, 0.15358136594295502, 0.05656054988503456, 0.08863957226276398, 0.0, 0.5138616561889648, 0.5955287218093872, 2.1463191509246826, 2.153209686279297, 0.0, 0.8188620805740356, 0.0024248301051557064, 1.5704442262649536, 0.050690047442913055, 2.555208206176758, 0.02619938924908638, 3.2974770069122314, 0.016527395695447922, 0.10897175222635269, 0.43258821964263916, 0.34908565878868103, 2.130767345428467, 0.031427450478076935, 0.15198025107383728, 0.4540848135948181, 0.0, 0.046735938638448715, 0.19004777073860168, 0.1722300797700882, 0.48038607835769653, 0.5851367115974426, 0.06159108504652977, 0.0, 0.039833322167396545, 0.0, 0.1157427579164505, 0.006418573670089245, 0.9896914958953857, 0.0, 0.0, 0.0744771733880043, 0.03899017721414566, 0.02968517877161503, 0.9937285780906677, 0.1380491852760315, 0.4185315668582916, 0.04995252564549446, 0.08484389632940292, 0.0, 0.00728806434199214, 0.2528994679450989, 0.013880116865038872, 0.2743850350379944, 0.07383176684379578, 0.0, 0.3134944438934326, 2.3601977825164795, 0.3001754581928253]",Testing/glioma_tumor/image(55).jpg
"[0.9904879331588745, 0.08352953940629959, 0.0, 2.242017984390259, 0.4219950735569, 0.919395923614502, 0.4108131229877472, 0.0, 0.25217118859291077, 0.01065736636519432, 0.0, 0.0037961930502206087, 0.4130685031414032, 0.004908036440610886, 0.40083664655685425, 0.16303753852844238, 0.5371439456939697, 0.020871765911579132, 0.20745037496089935, 0.05882836878299713, 0.6194033026695251, 0.9079435467720032, 0.3980540335178375, 0.0906628668308258, 0.4199898838996887, 0.7149625420570374, 0.8182966113090515, 0.0, 0.05937304347753525, 0.0, 0.09159422665834427, 0.06254404783248901, 0.5264285206794739, 0.08464396744966507, 0.40656957030296326, 0.4237505793571472, 0.009156699292361736, 0.8052197694778442, 0.0, 0.5329293012619019, 0.5843021869659424, 2.235762596130371, 0.30891185998916626, 0.0, 0.2756927013397217, 0.7659121751785278, 0.0, 0.03986930474638939, 0.0, 0.0, 0.1509319543838501, 0.11848510056734085, 1.9011341333389282, 0.038192588835954666, 0.4829532206058502, 4.584822177886963, 1.9211313724517822, 0.2778306305408478, 0.42346903681755066, 0.052454665303230286, 0.8790705800056458, 0.9733916521072388, 0.06605073064565659, 2.4375905990600586, 0.7000048756599426, 0.1260869950056076, 0.5282438397407532, 0.0, 0.044299788773059845, 0.0, 0.09826765954494476, 0.02683955989778042, 0.0, 0.7914959788322449, 0.0, 0.08532124757766724, 2.5399351119995117, 0.23632775247097015, 0.05347669497132301, 0.0, 0.0, 1.2088570594787598, 0.48796945810317993, 1.0744739770889282, 0.7710630297660828, 0.4020252227783203, 0.3693827688694, 0.11840368062257767, 0.32056865096092224, 0.34572356939315796, 0.18694908916950226, 0.48638206720352173, 1.1933839321136475, 1.3155598640441895, 0.0, 0.04696457087993622, 0.4917464256286621, 0.12099797278642654, 0.6189975738525391, 0.7301468849182129, 1.3936916589736938, 1.2451496124267578, 0.00549623416736722, 0.02060461975634098, 2.6458845138549805, 0.24680772423744202, 0.35265710949897766, 1.4082977771759033, 0.2190856784582138, 0.6297173500061035, 0.09710349142551422, 0.2663186490535736, 0.7901781797409058, 0.20540674030780792, 0.0, 0.25984618067741394, 0.0, 0.04762082174420357, 0.8395494222640991, 0.0014114282093942165, 0.00035238752025179565, 0.07139567285776138, 0.19177132844924927, 0.0, 0.5836145877838135, 1.3398901224136353, 0.0, 1.6969414949417114, 0.3309750556945801, 0.23585262894630432, 0.840582549571991, 1.513008713722229, 0.10931161046028137, 0.07388830929994583, 0.1935630887746811, 0.0, 0.38415029644966125, 0.36579397320747375, 0.5211088061332703, 0.26436281204223633, 1.371842384338379, 1.7648656368255615, 0.13684165477752686, 0.028449447825551033, 0.754685640335083, 1.2846686840057373, 0.3211515247821808, 0.13967667520046234, 0.31997424364089966, 0.4026971161365509, 0.860374927520752, 0.15681341290473938, 1.6209441423416138, 0.3740708529949188, 0.006572064012289047, 4.625598430633545, 0.09713392704725266, 0.08772822469472885, 1.8409520387649536, 0.5093750357627869, 0.06158173456788063, 0.07700672745704651, 0.03092501312494278, 0.20410576462745667, 0.12589305639266968, 0.041670527309179306, 0.8369997143745422, 0.013390589505434036, 0.3500511050224304, 7.308218002319336, 0.41202497482299805, 0.7735934853553772, 0.006062721833586693, 0.10069761425256729, 0.7495597004890442, 1.0898449420928955, 0.20597510039806366, 0.0, 0.9342018961906433, 0.09073358029127121, 0.2676027715206146, 0.0584358274936676, 0.031772680580616, 0.13236689567565918, 0.056184787303209305, 0.23991572856903076, 0.05332706496119499, 0.3928149938583374, 0.6023357510566711, 0.37462225556373596, 0.841326117515564, 0.34837058186531067, 1.1072633266448975, 0.0063119810074567795, 0.17571774125099182, 0.6788836121559143, 0.26167792081832886, 0.02369142509996891, 0.11703228205442429, 0.03932071104645729, 0.23022110760211945, 0.23581573367118835, 0.21166107058525085, 0.1805962175130844, 1.0373733043670654, 2.1402695178985596, 1.004881501197815, 0.0, 0.6521725654602051, 0.886954665184021, 0.17318929731845856, 0.7769832015037537, 0.003023074707016349, 2.5009138584136963, 0.0713178887963295, 3.6672651767730713, 1.0844510793685913, 0.255811870098114, 0.24526768922805786, 0.027467504143714905, 1.126922607421875, 0.2620917856693268, 2.6420066356658936, 0.07816264778375626, 0.0, 0.8995118141174316, 0.03206285089254379, 0.24032437801361084, 0.03359945863485336, 0.20812560617923737, 1.3493279218673706, 0.409859836101532, 0.013547615148127079, 0.05445418506860733, 0.49949413537979126, 0.10806483030319214, 0.1617935597896576, 0.19392049312591553, 0.08460520952939987, 0.1650480479001999, 0.6255811452865601, 1.0063484907150269, 1.5604161024093628, 0.013866030611097813, 0.014204677194356918, 1.0562448501586914, 0.19016028940677643, 0.4711029529571533, 0.7762141823768616, 0.7596863508224487, 2.2904837131500244, 0.5226031541824341, 0.003407159587368369, 0.26790598034858704, 0.04431524872779846, 0.5497490763664246, 0.5138615369796753, 0.8794268369674683, 0.47178205847740173, 0.05696098506450653, 0.14244768023490906, 0.03621770441532135, 0.3190191090106964, 0.0, 0.0, 0.5675254464149475, 0.43591922521591187, 0.0016364126931875944, 0.0, 0.006259677466005087, 0.09477946907281876, 0.2764158546924591, 0.32316699624061584, 0.2479088008403778, 0.6117382049560547, 0.21877121925354004, 1.1691938638687134, 0.5645577311515808, 0.4262828528881073, 0.13812421262264252, 1.1645549535751343, 1.5339436531066895, 0.7530316710472107, 0.27472856640815735, 0.529987096786499, 2.2934679985046387, 0.1253037005662918, 0.037057697772979736, 0.3537975251674652, 0.21255895495414734, 0.0191081203520298, 0.2040775716304779, 0.17487600445747375, 0.6197187304496765, 0.24667401611804962, 0.34358930587768555, 0.6709333062171936, 0.2443293333053589, 0.12560440599918365, 0.0, 0.5856195688247681, 0.05751262977719307, 2.5206234455108643, 0.029744012281298637, 2.5091264247894287, 1.0847688913345337, 0.0788055956363678, 6.0353959270287305e-05, 0.42875000834465027, 0.3394547402858734, 1.225733757019043, 1.8631412982940674, 0.22001712024211884, 0.4531414210796356, 0.2431129664182663, 0.7914412617683411, 1.1920688152313232, 0.037271060049533844, 0.0, 0.24898084998130798, 0.7881004214286804, 1.7264118194580078, 0.243813619017601, 0.577489972114563, 1.3320988416671753, 0.030377523973584175, 0.0, 0.13808797299861908, 0.9210858345031738, 0.25687211751937866, 0.49833032488822937, 0.16176190972328186, 1.9339845180511475, 0.04841780290007591, 0.0, 0.08376991748809814, 0.605523943901062, 0.48203396797180176, 1.5633090734481812, 0.9678415060043335, 0.6702479720115662, 0.4515560567378998, 0.09676190465688705, 0.09489645063877106, 0.0, 0.34153303503990173, 0.1674989014863968, 0.22555051743984222, 0.24832139909267426, 0.6841508746147156, 0.2233244627714157, 0.2566022574901581, 0.3101655840873718, 0.004708480089902878, 0.03295073285698891, 0.3123849630355835, 1.508784532546997, 0.2584174871444702, 0.007883013226091862, 0.1335497349500656, 0.015703044831752777, 0.0, 1.8962290287017822, 0.8720194697380066, 0.42134562134742737, 3.024533748626709, 0.130224347114563, 0.0372898243367672, 4.395493984222412, 0.4816177189350128, 0.3806290030479431, 0.024102777242660522, 1.9151864051818848, 1.2837169170379639, 0.24632154405117035, 0.19659259915351868, 2.2908031940460205, 1.331343173980713, 0.1419370472431183, 0.5622392892837524, 0.04416642338037491, 0.14493852853775024, 0.6949506998062134, 0.0, 0.48957887291908264, 0.1841864436864853, 2.994727611541748, 1.4300379753112793, 0.0, 0.06856334954500198, 0.30628111958503723, 0.27565449476242065, 0.2950104773044586, 0.006030963268131018, 1.1663696765899658, 3.2067079544067383, 0.0, 2.4113948345184326, 2.3528354167938232, 0.26625704765319824, 0.07795996218919754, 0.0, 0.5056162476539612, 0.08651871234178543, 0.07401999831199646, 3.7910797595977783, 0.2444048374891281, 0.28829166293144226, 0.3870548605918884, 0.24035567045211792, 0.1945321261882782, 0.6096062660217285, 0.061217423528432846, 0.31192588806152344, 0.0759238600730896, 1.0717376470565796, 1.1694656610488892, 0.0630321130156517, 0.2360791563987732, 0.012368472293019295, 1.565314769744873, 0.19353601336479187, 0.5036321878433228, 3.593370199203491, 0.8812703490257263, 0.2151842564344406, 0.6140592694282532, 0.0, 0.13056933879852295, 0.14150109887123108, 2.0506627559661865, 0.06573191285133362, 0.09779693931341171, 0.6103019714355469, 1.2143546342849731, 0.004949158523231745, 0.0, 0.24499067664146423, 1.963078498840332, 0.08752930164337158, 0.000689907930791378, 0.0, 1.089725136756897, 0.048210181295871735, 0.26492494344711304, 0.0, 0.2746104300022125, 1.667359471321106, 0.5923121571540833, 0.0, 0.2590324580669403, 0.0407990962266922, 0.2794196605682373, 0.6591383218765259, 0.7244707942008972, 1.1713465452194214, 0.0, 0.314047247171402, 0.05238277092576027, 1.1863763332366943, 1.3399158716201782, 1.0303168296813965, 0.09713910520076752, 1.2815362215042114, 0.184870645403862, 0.3593645393848419, 0.6834591627120972, 0.33418920636177063, 0.4509541690349579, 0.4186611473560333, 0.006002460140734911, 0.12028252333402634, 0.007099735550582409, 2.7503490447998047, 0.05747966468334198, 0.0011877964716404676, 0.1019229143857956, 0.15164673328399658, 0.27930164337158203, 1.1018314361572266, 1.4545091390609741, 1.1810134649276733, 1.7262287139892578, 0.5571717023849487, 0.0891285315155983, 0.6711249947547913, 0.6002466678619385, 0.31540295481681824, 0.4075341820716858, 0.10439964383840561, 1.3882898092269897, 1.1394344568252563, 1.0826358795166016, 0.0, 2.9515390396118164, 0.18465624749660492, 0.0, 0.37537330389022827, 1.4420439004898071, 0.05804919824004173, 0.0009893422247841954, 0.6243035793304443, 0.028548823669552803, 1.8225595951080322, 0.03624150902032852, 0.3530105948448181, 0.38217172026634216, 0.17345423996448517, 1.8118058443069458, 0.5533695816993713, 0.0, 0.1322348713874817, 0.02019156701862812, 0.438717782497406, 0.016841411590576172, 0.07384593039751053, 0.6479762196540833, 0.18887385725975037, 0.20513863861560822, 0.0004723363963421434, 0.04221944510936737, 1.3834761381149292, 0.018474027514457703, 0.06685701012611389, 0.12539103627204895, 0.7512219548225403, 0.1352236270904541, 0.0, 0.5576119422912598, 0.4713161885738373, 0.0, 3.740604877471924, 0.058925777673721313, 0.6271840333938599, 0.042127709835767746, 0.48148423433303833, 1.1639273166656494, 0.2444387525320053, 0.3660700023174286, 0.2643433213233948, 0.7236142158508301, 0.7264184951782227, 0.5471667051315308, 0.2182016372680664, 2.0789976119995117, 1.766116976737976, 0.8857215046882629, 1.6811763048171997, 0.7190287709236145, 0.020300397649407387, 0.991127073764801, 0.10353779047727585, 0.0, 0.17997772991657257, 0.6703853011131287, 1.8767756223678589, 0.8586028814315796, 0.7557708024978638, 2.4805281162261963, 0.11387106031179428, 0.5174632668495178, 0.04292389750480652, 0.8813753128051758, 0.14524570107460022, 0.35173797607421875, 0.0, 5.014254093170166, 0.1554223746061325, 0.3239234983921051, 0.08650888502597809, 0.46639686822891235, 0.014409896917641163, 0.0, 0.8402580618858337, 0.7522392868995667, 0.0, 0.024734195321798325, 0.15325616300106049, 0.13909155130386353, 0.5540670156478882, 0.2209853082895279, 0.008866062387824059, 0.0, 0.056308813393116, 1.123063564300537, 0.0, 0.0, 0.09838414937257767, 0.03986154496669769, 0.047711774706840515, 0.0, 0.12813319265842438, 0.9799692034721375, 0.0, 0.0, 0.0, 1.739776611328125, 0.10002713650465012, 0.010103210806846619, 0.7151656746864319, 0.009118235670030117, 3.603008270263672, 1.5001479387283325, 0.591193675994873, 0.4007241427898407, 0.06534566730260849, 2.7407796382904053, 0.381714791059494, 0.9853495359420776, 2.602536201477051, 0.8542385697364807, 0.03636372834444046, 0.40470463037490845, 0.03319690003991127, 0.6853345036506653, 0.046108487993478775, 0.005395855288952589, 0.5453964471817017, 0.023395435884594917, 0.036568962037563324, 0.7282857298851013, 0.23992352187633514, 0.7350384593009949, 0.18223758041858673, 1.463980793952942, 0.08057955652475357, 0.10891930758953094, 0.3391256034374237, 0.038234349340200424, 0.17273958027362823, 0.3232059180736542, 0.0, 0.4240419864654541, 0.08571819216012955, 0.2086358517408371, 0.13979017734527588, 0.09778235852718353, 0.4106961190700531, 0.09964010864496231, 0.0, 0.8423845767974854, 0.020163152366876602, 1.7316783666610718, 0.24388515949249268, 0.28400203585624695, 1.7985963821411133, 2.0899646282196045, 0.1317257285118103, 0.236226886510849, 0.10001940280199051, 0.2514575719833374, 0.5909428000450134, 0.10281766951084137, 0.0, 5.2250471115112305, 0.25961366295814514, 0.03183656930923462, 4.673709392547607, 0.646989643573761, 0.0603063628077507, 0.9400219321250916, 0.28134864568710327, 0.2522132396697998, 0.16668149828910828, 1.6602392196655273, 1.2578121423721313, 4.331111907958984, 1.0032706260681152, 0.044251009821891785, 0.01660630665719509, 1.192562460899353, 0.1482987105846405, 0.18955747783184052, 0.13461142778396606, 0.23996271193027496, 0.5615507364273071, 0.007483667228370905, 0.0, 0.1578262448310852, 4.5645928382873535, 0.050271086394786835, 1.274393081665039, 0.09670175611972809, 0.21593868732452393, 0.018332526087760925, 0.8237385153770447, 0.18960455060005188, 0.0, 0.3295968472957611, 0.03491608425974846, 0.4864244759082794, 0.06314711272716522, 0.03988739475607872, 0.08779121190309525, 0.042899832129478455, 0.995662271976471, 0.6079473495483398, 0.34863483905792236, 0.0, 0.5752520561218262, 0.17771650850772858, 0.0, 0.7145113348960876, 3.120422601699829, 0.0932367742061615, 0.713475227355957, 0.2898756265640259, 0.1536371260881424, 1.1815952062606812, 0.0, 3.5091896057128906, 0.30090463161468506, 1.76393723487854, 0.0, 0.940675675868988, 1.5212371349334717, 0.5695871114730835, 0.01908615231513977, 0.07086817920207977, 0.0, 0.4930906593799591, 2.4772136211395264, 1.729756236076355, 0.0698595941066742, 1.4191664457321167, 1.0147398710250854, 0.13960856199264526, 0.7497872114181519, 0.41457700729370117, 0.03381234407424927, 3.622946262359619, 0.19121932983398438, 0.42829903960227966, 0.4406781494617462, 0.17635339498519897, 0.13231155276298523, 0.006529136560857296, 0.0, 1.0735957622528076, 0.14118622243404388, 0.0, 1.2110744714736938, 1.698988914489746, 0.5217340588569641, 0.025637831538915634, 0.989841878414154, 0.15474283695220947, 0.24853993952274323, 1.5602229833602905, 0.5106927156448364, 1.366599202156067, 0.17745274305343628, 0.8615689873695374, 0.0, 1.9605016708374023, 0.49778592586517334, 1.7163766622543335, 0.002264947397634387, 0.19476695358753204, 0.008245176635682583, 2.6107797622680664, 0.0, 0.9230055809020996, 0.04400749132037163, 0.061000559478998184, 0.47095099091529846, 0.5340391993522644, 1.5167087316513062, 0.20241546630859375, 2.3886899948120117, 0.8579515814781189, 0.0, 1.056121826171875, 0.4019119143486023, 0.057167671620845795, 0.09055926650762558, 0.021186118945479393, 0.20581309497356415, 2.0948824882507324, 2.3667807579040527, 0.16500529646873474, 0.8112913370132446, 0.0, 0.23354344069957733, 0.0, 0.020386947318911552, 1.8642359972000122, 0.6749333143234253, 0.05762943625450134, 0.16869647800922394, 0.2234143763780594, 0.6093483567237854, 0.5366864800453186, 0.0, 0.59419846534729, 0.9441914558410645, 0.1751837581396103, 0.0030907222535461187, 0.20195654034614563, 0.9646115899085999, 0.0, 0.09313202649354935, 0.08662379533052444, 0.8345321416854858, 0.4803675711154938, 0.0880073830485344, 0.870341420173645, 0.626279354095459, 2.8670365810394287, 1.369410514831543, 0.14343959093093872, 0.21260038018226624, 4.083347797393799, 0.0, 2.8812313079833984, 0.0, 0.5755061507225037, 0.45265376567840576, 0.45729348063468933, 0.10484548658132553, 0.003303133649751544, 0.05737309902906418, 1.307689905166626, 0.40647757053375244, 0.22676347196102142, 0.27621862292289734, 0.5785183310508728, 0.5426176190376282, 0.3398905396461487, 0.6952134966850281, 0.263215035200119, 2.2837073802948, 0.4464627802371979, 0.9468666911125183, 0.37503278255462646, 3.215121269226074, 0.0, 0.06499521434307098, 0.052380990236997604, 0.45850592851638794, 0.37135228514671326, 0.03297853842377663, 0.0, 2.576457977294922, 2.220329999923706, 0.6891740560531616, 1.1044143438339233, 0.24722930788993835, 0.0011343955993652344, 1.3674671649932861, 0.07648643851280212, 0.1970619410276413, 1.1679860353469849, 0.8489634990692139, 0.12522205710411072, 0.01603524759411812, 0.03522491827607155, 0.043917857110500336, 1.1382734775543213, 3.1454389095306396, 3.488593339920044, 0.36410531401634216, 1.086647391319275, 0.14075744152069092, 0.0, 0.6207165718078613, 0.33521488308906555, 0.39024466276168823, 0.02073095738887787, 5.069923400878906, 0.3086177706718445, 0.3308849036693573, 0.004747312981635332, 0.19603659212589264, 2.0408544540405273, 4.60744047164917, 0.0, 0.325680136680603, 1.518946886062622, 0.5271362066268921, 0.1298927664756775, 3.8201708793640137, 1.2693367004394531, 0.0, 0.1514744907617569, 0.38833948969841003, 3.983790159225464, 1.3241947889328003, 0.673281192779541, 0.131734699010849, 1.1271121501922607, 1.13263738155365, 0.011179821565747261, 0.15994566679000854, 0.02340221218764782, 0.017526626586914062, 0.011695708148181438, 0.2634028196334839, 0.39106979966163635, 2.1018521785736084, 1.2689484357833862, 0.8482844829559326, 0.5143541693687439, 0.05755322799086571, 2.035773992538452, 0.06149258092045784, 0.06625716388225555, 3.1710448265075684, 0.20859552919864655, 0.5734553337097168, 0.2443588823080063, 0.0689522847533226, 0.1829577088356018, 0.7648312449455261, 0.0600215382874012, 1.0579047203063965, 2.3443167209625244, 0.3451306223869324, 0.29324355721473694, 0.0, 0.7238638997077942, 0.8982012867927551, 0.3493311405181885, 0.45079952478408813, 0.6717286109924316, 0.09721916913986206, 0.46902987360954285, 1.6390899419784546, 0.6402174830436707, 0.011769859120249748, 1.9029695977224037e-05, 0.1912112534046173, 0.41417187452316284, 0.0, 0.1017143502831459, 1.4200007915496826, 0.653369128704071, 0.4633163511753082, 0.0, 1.4858638048171997, 1.0460643768310547, 1.0595250129699707, 0.2440592348575592, 0.6625099778175354, 0.024162549525499344, 0.20684857666492462, 0.22709566354751587, 0.13641992211341858, 0.23704445362091064, 0.17567233741283417, 0.0, 0.0, 0.2937346398830414, 0.05958195775747299, 0.29446688294410706, 0.2081175297498703, 1.0780582427978516, 0.0, 0.8517853021621704, 0.14338119328022003, 0.05759240686893463, 0.20031939446926117, 0.0071487571112811565, 0.6798691749572754, 0.9785178899765015, 2.5426506996154785, 0.0, 0.6899187564849854, 0.043041981756687164, 0.5006756782531738, 0.09075664728879929, 0.3227158188819885, 0.6415066719055176, 0.703880250453949, 0.0, 0.1637416034936905, 0.21114088594913483, 0.04174638167023659, 2.5620882511138916, 0.0, 3.3464956283569336, 1.3370682001113892, 0.11445827037096024, 0.0, 0.2728424668312073, 0.0, 0.40705299377441406, 0.04995935782790184, 0.15322691202163696, 0.5860013961791992, 0.024549897760152817, 1.3815499544143677, 0.0003514387062750757, 0.03674403950572014, 0.6559683084487915, 0.12631554901599884, 0.0, 0.07773379236459732, 0.9019134044647217, 0.18573768436908722, 0.34423279762268066, 0.46527788043022156, 0.7391582131385803, 0.7451825141906738, 3.086061716079712, 0.45429661870002747, 0.2934992015361786, 0.3531603217124939, 3.1358327865600586, 0.0, 0.14690157771110535, 0.010109195485711098, 1.6389597654342651, 2.2576825618743896, 0.09604381024837494, 0.5343039631843567, 0.747722327709198, 0.3261334300041199, 0.10982275754213333, 0.2123967409133911, 0.25503596663475037, 0.18267741799354553, 0.13488437235355377, 0.09987996518611908, 0.14979630708694458, 0.3219100534915924, 0.8468121290206909, 0.08741696178913116, 0.05228573828935623, 0.2682957947254181, 1.1939393281936646, 0.049483537673950195, 0.09916632622480392, 2.4622418880462646, 0.30119967460632324, 0.035992834717035294, 0.47744011878967285, 0.0, 0.6336748003959656, 0.06938960403203964, 0.00506436824798584, 0.0, 0.539057731628418, 0.0703931376338005, 0.0, 0.0, 0.6196282505989075, 0.004448384512215853, 0.0, 0.026337074115872383, 0.14315637946128845, 0.0, 0.5590908527374268, 1.0625959634780884, 0.004394575022161007, 0.030336156487464905, 0.0, 1.0049808025360107, 0.0, 0.6424632668495178, 0.6098453998565674, 0.13221390545368195, 0.3320920765399933, 0.2074296474456787, 0.0, 0.20749473571777344, 1.1580381393432617, 0.0, 0.0, 0.08286218345165253, 0.7094936966896057, 1.1509757041931152, 0.025279872119426727, 0.6209235787391663, 0.035754114389419556, 0.9657086133956909, 0.4831462800502777, 0.48354488611221313, 0.010588561184704304, 0.20284633338451385, 0.30890896916389465, 0.08150479197502136, 1.023820400238037, 0.10086812824010849, 0.07278309762477875, 0.3433733582496643, 0.3175342381000519, 0.1078956350684166, 3.4274544715881348, 0.10685421526432037, 0.12077894806861877, 0.01760820485651493, 0.2314874231815338, 0.031495351344347, 1.8537858724594116, 0.10387890785932541, 0.1506127119064331, 0.02537078782916069, 0.05952981859445572, 1.1387923955917358, 0.03981783613562584, 0.273637980222702, 1.1463111639022827, 0.0311940535902977, 0.37519896030426025, 1.1973142623901367, 0.34340110421180725, 0.17934519052505493, 0.04069153964519501, 0.9945704936981201, 0.18560409545898438, 0.0, 1.9042985439300537, 0.13952893018722534, 0.2154976725578308, 0.9466051459312439, 0.0, 0.017642630264163017, 0.0, 0.16722188889980316, 0.6085789799690247, 0.09863201528787613, 1.3657628297805786, 0.2084234654903412, 0.02778603322803974, 0.4957805573940277, 0.03178180381655693, 0.20669391751289368, 1.024649977684021, 0.052145399153232574, 0.31478649377822876, 0.08922532200813293, 0.331906259059906, 0.5003839731216431, 0.2572214901447296, 0.17096908390522003, 0.0, 0.06864093244075775, 1.3056395053863525, 0.5661797523498535, 0.2155805081129074, 0.24661940336227417, 4.164974212646484, 0.0, 0.06384482234716415, 0.460705429315567, 0.3134613335132599, 0.01013227365911007, 0.016535378992557526, 0.18833625316619873, 0.7674328684806824, 0.030523167923092842, 0.20863284170627594, 0.002041808096691966, 1.2136664390563965, 0.0, 0.002835156861692667, 1.1235264539718628, 0.10139910131692886, 0.4562664330005646, 0.1357446014881134, 0.45866498351097107, 0.47801661491394043, 1.3982082605361938, 0.0, 0.04327573627233505, 0.07086861878633499, 0.0, 0.7310580015182495, 1.6261625289916992, 1.9119555950164795, 0.1284106969833374, 0.32104405760765076, 0.7931451797485352, 0.0, 0.51593017578125, 0.0016820990713313222, 0.18205145001411438, 0.29912227392196655, 3.5286061763763428, 1.043797492980957, 0.24456892907619476, 0.21029427647590637, 0.06168128550052643, 0.04984819516539574, 0.03995731845498085, 0.4884175956249237, 0.7275266647338867, 0.1969895213842392, 0.02276018261909485, 0.2385660707950592, 0.7319740653038025, 0.015572268515825272, 0.0, 0.4726080298423767, 2.168992757797241, 1.7069289684295654, 0.9123080372810364, 0.0, 0.9690841436386108, 0.11700400710105896, 1.2412563562393188, 0.6590271592140198, 0.2568962275981903, 0.16479356586933136, 0.05506731942296028, 0.11893387138843536, 1.3108165264129639, 1.867153286933899, 0.4866587221622467, 1.283374547958374, 0.0, 0.2220606505870819, 0.3565143644809723, 0.00758261838927865, 0.09950956702232361, 0.0, 0.021751509979367256, 0.14343774318695068, 0.9518117308616638, 0.7839811444282532, 1.899861216545105, 0.09055250883102417, 1.7539998292922974, 0.03059549257159233, 0.9119768738746643, 0.17940875887870789, 0.2244846224784851, 0.6924763321876526, 0.4763173758983612, 0.14366517961025238, 0.3125266134738922, 0.26882103085517883, 1.0854512453079224, 0.08427850902080536, 0.02056814171373844, 0.41409605741500854, 0.0, 0.10559049248695374, 1.298836350440979, 0.032928429543972015, 1.5922820568084717, 0.0032287787180393934, 2.1928160190582275, 0.0033682705834507942, 0.4789608418941498, 0.030208898708224297, 0.0, 0.021331146359443665, 0.7749579548835754, 0.10273099690675735, 0.6493054032325745, 0.0, 0.02401932142674923, 0.13603469729423523, 0.14643892645835876, 0.4082210659980774, 0.1117187887430191, 0.5241132974624634, 0.0, 0.6695366501808167, 0.08921045064926147, 0.1501089185476303, 1.114846110343933, 0.29482775926589966, 2.8957762718200684, 0.7771573662757874, 0.6288032531738281, 0.9948078989982605, 0.10687783360481262, 0.17782992124557495, 0.37898457050323486, 0.32408857345581055, 0.8558342456817627, 0.28189748525619507, 0.0, 0.6938034296035767, 0.0, 0.10013816505670547, 0.26083943247795105, 0.5074838399887085, 0.14073404669761658, 0.040871571749448776, 0.04124122112989426, 0.0, 1.6282379627227783, 9.225339454133064e-05, 1.021549105644226, 0.1949591338634491, 5.013723850250244, 0.8678972125053406, 0.0, 0.038764696568250656, 0.0, 0.0, 0.5034035444259644, 0.0, 0.0013035462470725179, 0.0, 0.10086851567029953, 0.25720396637916565, 0.1900508850812912, 1.2390514612197876, 2.0345144271850586, 0.3377833366394043, 0.0, 0.11184705048799515, 0.25032734870910645, 0.5029799938201904, 1.130041480064392, 0.7726725339889526, 1.12010657787323, 0.11330480128526688, 0.18020278215408325, 0.4707735776901245, 0.7763168811798096, 1.7655651569366455, 0.0, 1.5546036958694458, 1.908522129058838, 0.5745947957038879, 0.10546299070119858, 0.09873966127634048, 0.5420560836791992, 0.0, 0.0, 0.5567102432250977, 0.004226348828524351, 1.6756184101104736, 0.0, 0.84527587890625, 0.053442731499671936, 1.9323207139968872, 1.811529517173767, 0.028294971212744713, 0.13676698505878448, 1.2008297443389893, 0.3177909553050995, 1.0527263879776, 0.14149151742458344, 0.33554068207740784, 1.6513229608535767, 0.0, 0.16864578425884247, 0.018714573234319687, 2.5325441360473633, 0.014360286295413971, 0.027006858959794044, 0.47837138175964355, 0.2836298942565918, 0.6717448234558105, 0.0, 0.20502635836601257, 0.24726268649101257, 4.576845645904541, 0.0, 0.31699010729789734, 0.07345365732908249, 0.24826735258102417, 0.4897978901863098, 2.2087578773498535, 0.0, 0.027852190658450127, 0.19437524676322937, 0.003722001099959016, 0.12970982491970062, 0.18745331466197968, 0.0027130332309752703, 0.16195574402809143, 0.0, 1.419065237045288, 0.7250361442565918, 0.5649029612541199, 0.7053682208061218, 1.083091378211975, 0.37213125824928284, 0.0, 2.009446144104004, 0.6454857587814331, 0.020079053938388824, 1.566960096359253, 1.2157933712005615, 0.000794155232142657, 0.13575434684753418, 0.003575716633349657, 0.07183175534009933, 0.10693534463644028, 0.27122268080711365, 0.09464855492115021, 0.04472785070538521, 0.3431107699871063, 0.0006227152771316469, 0.0, 0.04438376799225807, 0.0, 0.8496999144554138, 0.20704001188278198, 1.6236687898635864, 0.02836674638092518, 1.1173204183578491, 0.19621296226978302, 0.22354990243911743, 0.5453864336013794, 0.8956790566444397, 0.033681806176900864, 0.09493205696344376, 0.5560617446899414, 0.2529803216457367, 0.5951421856880188, 0.16499997675418854, 0.4719746708869934, 0.03445277363061905, 0.04203847050666809, 0.002607773756608367, 0.0645228922367096, 0.9438747763633728, 0.2905394434928894, 4.871856212615967, 1.3185937404632568, 0.9768110513687134, 0.0, 0.3742969036102295, 0.2390388399362564, 0.04928665608167648, 0.3729742765426636, 0.3176729381084442, 0.0, 0.15891055762767792, 0.0, 0.6961425542831421, 1.1156578063964844, 0.19774410128593445, 0.20825843513011932, 0.7802221179008484, 0.0, 0.09120135754346848, 0.1717054396867752, 0.5806546807289124, 1.0338637828826904, 0.21951235830783844, 0.11342793703079224, 0.8839853405952454, 3.6685853004455566, 0.007922245189547539, 0.0828051045536995, 0.26366087794303894, 0.14739970862865448, 0.0, 0.9442636966705322, 0.5960802435874939, 0.7129316329956055, 0.2082744836807251, 0.010129841044545174, 0.4868718683719635, 0.0, 0.004562682006508112, 0.0, 0.0, 0.4618697762489319, 0.39909783005714417, 0.18825611472129822, 0.8546941876411438, 1.4901399612426758, 0.749889075756073, 0.5514616966247559, 0.053537242114543915, 0.5350859761238098, 0.7403737306594849, 0.2769675850868225, 0.16633522510528564, 0.15152385830879211, 0.1506504863500595, 0.7729246020317078, 0.0, 0.0, 0.1674507111310959, 2.322009801864624, 0.7814098000526428, 0.392123281955719, 0.3432430624961853, 0.0034055951982736588, 0.47827544808387756, 0.0, 0.0, 0.08626331388950348, 0.062072500586509705, 0.3477339744567871, 0.09328272938728333, 0.17393621802330017, 0.0, 0.1562388837337494, 0.8761101365089417, 0.05905642732977867, 1.5394660234451294, 3.280379295349121, 0.1813468188047409, 0.007917909882962704, 0.3295157551765442, 0.0, 0.06114298105239868, 0.15841279923915863, 1.330513596534729, 0.3257945775985718, 2.405327558517456, 2.305713176727295, 0.013044488616287708, 0.1427070051431656, 0.13720448315143585, 0.4452190101146698, 0.14263662695884705, 0.17681032419204712, 2.07436203956604, 1.2135424613952637, 0.29494890570640564, 0.08007097989320755, 0.5200225710868835, 0.0, 0.2560220956802368, 0.40527817606925964, 0.24019280076026917, 0.03221551328897476, 0.11164610832929611, 0.09574206918478012, 0.04773828014731407, 3.493705987930298, 0.009577088989317417, 0.20962682366371155, 0.06367570161819458, 0.9399114847183228, 2.6221702098846436, 1.7586801052093506, 0.019464191049337387, 0.013991168700158596, 0.29682451486587524, 0.19784946739673615, 0.00011816803453257307, 0.0, 0.28307414054870605, 0.0, 0.33585870265960693, 2.6955013275146484, 0.2044956386089325, 0.5453519821166992, 1.5276533365249634, 0.26309582591056824, 0.9084337949752808, 0.051424313336610794, 0.040279049426317215, 2.0536253452301025, 0.0, 0.12350857257843018, 0.8061506152153015, 1.9582282304763794, 0.0, 3.3183973755512852e-06, 0.18063782155513763, 0.0, 5.797135829925537, 1.379008412361145, 0.0, 0.8945862054824829, 0.3027961254119873, 0.7570862174034119, 0.2554802894592285, 0.021414177492260933, 0.6822648048400879, 0.0, 0.7502403855323792, 0.0, 2.1784920692443848, 0.0, 0.07906626164913177, 0.05324147641658783, 0.4723106622695923, 0.01190534420311451, 0.06162659451365471, 0.20162656903266907, 1.0397071838378906, 1.4509180784225464, 1.5537867546081543, 0.0, 0.16199183464050293, 1.4677196741104126, 0.5809349417686462, 0.0, 0.1068677008152008, 1.2970632314682007, 0.06163487955927849, 0.9713380932807922, 1.2543572187423706, 1.4828920364379883, 0.1003551110625267, 0.8996974229812622, 0.2294376939535141, 0.016514349728822708, 1.3243730068206787, 0.5207889080047607, 0.6414321064949036, 3.059622049331665, 0.3120500147342682, 0.9484732747077942, 0.33997535705566406, 0.031123779714107513, 3.5608882904052734, 0.31638818979263306, 0.005450151395052671, 3.0791778564453125, 0.0, 0.0, 4.412339687347412, 0.12374372780323029, 1.7341660261154175, 2.165952205657959, 0.14056852459907532, 0.43037906289100647, 0.0679847002029419, 0.0469789020717144, 0.04844306409358978, 1.7600418329238892, 0.0, 0.8265202641487122, 0.0, 0.0032713948749005795, 0.00039952140650711954, 0.12481213361024857, 1.4994319677352905, 0.28958380222320557, 0.15232644975185394, 0.0, 0.09760255366563797, 0.15523084998130798, 0.5067178606987, 0.11973604559898376, 0.5394862294197083, 0.0, 0.28060147166252136, 0.1373118758201599, 0.2810533940792084, 0.1714366227388382, 0.37599486112594604, 0.7907895445823669, 0.5888964533805847, 1.7586482763290405, 0.0, 0.04025871306657791, 0.8317599296569824, 0.38134920597076416, 0.15371206402778625, 1.90593683719635, 0.3645482063293457, 0.22766074538230896, 1.262081265449524, 0.6250979900360107, 0.3650367558002472, 0.00028114658198319376, 0.0, 0.5916761159896851, 0.9937538504600525, 1.1100636720657349, 0.0, 0.0, 0.03264655917882919, 0.23865363001823425, 0.28473952412605286, 1.0838314294815063, 1.044766902923584, 0.4789991080760956, 0.6587930917739868, 0.09544618427753448, 0.06482840329408646, 0.17236195504665375, 1.15217125415802, 0.649702250957489, 0.05285060778260231, 0.025556454434990883, 0.8539288640022278, 1.0234885215759277, 2.4555716514587402, 1.5467782020568848, 0.02738550491631031, 0.1541074514389038, 0.0, 0.08383165299892426, 0.20312714576721191, 0.0, 0.0877220407128334, 0.0013166373828426003, 0.0, 0.6894892454147339, 0.0975804254412651, 0.03743020445108414, 0.0, 1.5281541347503662, 0.6661646366119385, 0.003734158119186759, 0.02738765813410282, 0.26415419578552246, 0.34297001361846924, 1.3414098024368286, 0.1875581592321396, 0.07813571393489838, 0.952332615852356, 0.8811854124069214, 0.1660432368516922, 0.053082797676324844, 3.88102650642395, 0.33549490571022034, 0.26674237847328186, 0.1999337077140808, 0.09542644023895264, 0.5586917400360107, 0.958996593952179, 0.0, 0.0, 1.9973361492156982, 0.11371009051799774, 0.7688270211219788, 2.7198662757873535, 0.3760690987110138, 0.1127377301454544, 1.0916202068328857, 0.32023581862449646, 0.12363177537918091, 0.8764368295669556, 0.011382689699530602, 0.8954747915267944, 0.01933126524090767, 1.1419689655303955, 0.9403116703033447, 0.9505615234375, 0.5151427984237671, 0.3598270118236542, 1.2093077898025513, 0.006640438921749592, 0.1058400422334671, 3.8703114986419678, 0.0, 1.6897557973861694, 0.0, 0.7786865234375, 0.012836403213441372, 0.0, 0.2286631166934967, 0.014884469099342823, 0.11400483548641205, 0.02871820330619812, 0.011004462838172913, 0.5423241257667542, 0.0, 0.02200300432741642, 0.911686897277832, 0.39466196298599243, 0.6837896108627319, 0.05991702526807785, 3.4692728519439697, 0.030277660116553307, 0.5419489741325378, 0.4132186472415924, 0.001646718243137002, 0.5506986975669861, 0.5042622089385986, 0.13554131984710693, 0.21471241116523743, 1.4679131507873535, 0.4974902272224426, 0.4945330023765564, 0.23631598055362701, 2.4903416633605957, 0.12420839071273804, 3.641989231109619, 0.49982887506484985, 0.006604187190532684, 0.08189895004034042, 1.1180174350738525, 0.22305451333522797, 0.18031851947307587, 0.05432960391044617, 0.40849366784095764, 0.2575451731681824, 0.3269760310649872, 0.0, 0.3478512167930603, 0.03948088735342026, 2.517045497894287, 1.132913589477539, 0.7483809590339661, 0.09302737563848495, 0.0805814266204834, 2.6502363681793213, 0.41510701179504395, 0.45892754197120667, 0.32123205065727234, 0.02621343731880188, 0.09775936603546143, 0.34350696206092834, 0.7548151016235352, 0.04255599528551102, 0.07393744587898254, 0.0, 0.12191883474588394, 0.646571934223175, 0.03027920424938202, 0.09493637084960938, 0.06298217177391052, 0.2206382304430008, 0.014800477772951126, 0.1859649121761322, 0.2401026487350464, 0.030160389840602875, 0.22843119502067566, 0.23737265169620514, 0.5781903862953186, 0.18076081573963165, 0.8735211491584778, 0.7549179792404175, 0.38027089834213257, 0.6716684103012085, 0.001611789921298623, 0.15137507021427155, 0.0, 0.23576055467128754, 0.07870680093765259, 8.13967514038086, 0.01190430298447609, 0.002257751068100333, 0.2656700909137726, 0.42938223481178284, 0.020113809034228325, 0.303945392370224, 1.1073709726333618, 0.21272677183151245, 0.22949078679084778, 0.25787174701690674, 0.34600308537483215, 0.27430200576782227, 0.08813916146755219, 0.17295794188976288, 0.2073044329881668, 0.1571279764175415, 0.15100012719631195, 0.0, 0.3719533085823059, 0.4352845549583435, 0.043396297842264175, 0.4104585349559784, 0.05257687345147133, 0.5628543496131897, 0.8269592523574829, 0.07347290962934494, 0.8735786080360413, 0.03228633850812912, 0.014263590797781944, 0.32541781663894653, 0.0013246244052425027, 0.04905535653233528, 0.10118109732866287, 2.3514108657836914, 0.7444682717323303, 0.16200314462184906, 0.38006314635276794, 0.1860334575176239, 0.49359622597694397, 1.1822900772094727, 0.2910822629928589, 0.608427882194519, 0.03087216056883335, 0.12120227515697479, 1.9414317607879639, 0.04041585698723793, 0.23953871428966522, 0.020325874909758568, 0.17651022970676422, 3.183336019515991, 0.1014830619096756, 1.471571683883667, 0.0, 0.0, 0.45764973759651184, 0.3798493444919586, 0.5135170817375183, 0.7047966718673706, 0.04873406141996384, 0.04819658771157265, 0.37121203541755676, 1.1626923084259033, 0.1952771097421646, 0.0, 0.39737561345100403, 0.22465935349464417, 0.5644479990005493, 0.01900525949895382, 0.0, 0.9828356504440308, 0.13349227607250214, 1.644309401512146, 0.5806987881660461, 1.5351052284240723, 0.0036660628393292427, 0.0826050415635109, 0.21696802973747253, 0.9624028205871582, 0.0, 0.06522505730390549, 0.4097544252872467, 0.3418393135070801, 0.007504643406718969, 0.0007647884194739163, 0.030790017917752266, 0.0, 0.06105613708496094, 0.06467374414205551, 0.25171881914138794, 0.0, 0.6738284230232239, 0.036943189799785614, 0.5078760981559753, 2.2390804290771484, 0.9802252054214478, 0.19989751279354095, 0.045654624700546265, 0.6600090265274048, 0.18313337862491608, 0.04818129912018776, 0.6352442502975464, 0.11436866968870163, 0.005047255661338568, 0.32766708731651306, 0.0793253555893898, 0.0, 0.0016944091767072678, 1.4248034954071045, 2.914527654647827, 0.11167796701192856, 0.1001085564494133, 0.15940463542938232, 0.026475034654140472, 0.0, 0.009719006717205048, 0.9130236506462097, 1.3581358194351196, 0.04497222602367401, 0.4302946925163269, 0.6662986874580383, 0.0, 0.35495465993881226, 0.0, 0.2028392255306244, 1.0699278116226196, 0.04740285500884056, 0.9260711073875427, 0.0, 0.05496206134557724, 0.4868801236152649, 0.13625472784042358, 0.02403169311583042, 0.04433634877204895, 0.2824888527393341, 1.2544240951538086, 0.038177739828825, 0.05671197548508644, 0.0, 0.30240851640701294, 0.10810647904872894, 0.39868447184562683, 0.026055505499243736, 0.16928088665008545, 1.4684112071990967, 0.3217749297618866, 4.543870449066162, 0.4924916625022888, 0.014794775284826756, 1.052830696105957, 0.3168661892414093, 0.6554410457611084, 0.364657998085022, 2.660787582397461, 0.45141610503196716, 0.19577927887439728, 0.5440372824668884, 0.7708491086959839, 0.9449796080589294, 0.3370532691478729, 0.4342085123062134, 0.07015988230705261, 0.0, 2.921898126602173, 0.05978773161768913, 2.3208820819854736, 0.5390774607658386, 0.13919617235660553, 0.2597265839576721, 1.5868315696716309, 0.4107110798358917, 0.0015735626220703125, 0.5261595845222473, 0.14323028922080994, 0.0, 2.565355062484741, 0.03116120584309101, 0.008917623199522495, 0.48800864815711975, 0.3837908208370209, 0.47781604528427124, 0.315384179353714, 2.2158496379852295, 0.0, 2.0252442359924316, 0.11667610704898834, 0.1392698436975479, 0.8277359008789062, 0.5670840740203857, 0.0, 0.06870925426483154, 0.004241038113832474, 1.1537407636642456, 0.3448106348514557, 0.3165944814682007, 0.04471002146601677, 0.6141705513000488, 0.5283761024475098, 1.514145851135254, 0.0023018631618469954, 0.05528721585869789, 0.45748472213745117, 0.0, 0.007184028625488281, 0.0, 1.7417672872543335, 0.0, 0.0, 0.5015029311180115, 0.9689422249794006, 0.1071765199303627, 0.7556768655776978, 0.0, 1.3040335178375244, 0.0, 0.0037246139254420996, 0.08756890892982483, 0.05064263567328453, 0.12197501212358475, 0.2905806005001068, 0.0, 3.1022188663482666, 0.0, 0.13171464204788208, 2.391605854034424, 0.5896213054656982]",Testing/glioma_tumor/image(44).jpg
"[0.7603091597557068, 1.5462560653686523, 0.07580427080392838, 1.2372945547103882, 4.992009162902832, 0.16061806678771973, 0.3603862524032593, 0.44657936692237854, 0.7874796390533447, 0.0, 0.0, 0.340149462223053, 0.29914864897727966, 0.8108391165733337, 0.47611477971076965, 0.05138838663697243, 0.7262054085731506, 1.2804824113845825, 0.9116413593292236, 0.16221575438976288, 0.025177303701639175, 0.14973114430904388, 0.9725335836410522, 0.07395530492067337, 0.46414366364479065, 0.12001035362482071, 4.3470778465271, 0.23918868601322174, 0.06426864117383957, 0.0, 0.11712680757045746, 0.18375161290168762, 0.0, 0.4689698815345764, 0.07211322337388992, 1.5409026145935059, 0.14809606969356537, 0.09207426756620407, 0.12858553230762482, 0.33922499418258667, 0.5789735317230225, 1.3962154388427734, 0.5346024632453918, 0.03282834589481354, 0.028468742966651917, 0.0, 0.01735665276646614, 0.00237124296836555, 0.0, 0.8296831250190735, 0.8015127182006836, 1.1888254880905151, 0.7867476940155029, 0.04748417064547539, 0.8827794790267944, 3.9066426753997803, 0.29083552956581116, 1.052495002746582, 1.776399850845337, 0.0, 0.13223783671855927, 1.263131856918335, 0.06241777539253235, 0.3270180821418762, 0.42926114797592163, 0.1452575922012329, 1.5001556873321533, 0.0003905247722286731, 0.03563991189002991, 0.0, 0.18138979375362396, 0.161403089761734, 0.0, 0.4036441743373871, 0.0567503459751606, 0.5162394642829895, 3.8399558067321777, 0.20400962233543396, 0.0, 1.1577351093292236, 0.03642468526959419, 0.032993383705616, 0.8268558979034424, 0.0, 1.4860365390777588, 0.24366842210292816, 1.49643874168396, 0.08238674700260162, 0.06688769906759262, 0.5839784741401672, 2.382441759109497, 0.0, 0.26610299944877625, 1.3908915519714355, 0.4349115788936615, 0.04206688702106476, 0.06523767858743668, 0.34519079327583313, 0.8838329911231995, 0.20529824495315552, 0.0, 0.9361445307731628, 0.8481104373931885, 0.07515741139650345, 1.8638240098953247, 0.17855873703956604, 0.43527743220329285, 1.442414402961731, 0.19708220660686493, 1.1086229085922241, 0.00519155478104949, 1.2234699726104736, 0.4575481116771698, 0.0, 1.984492540359497, 0.12313535064458847, 0.0003268670116085559, 1.4011696577072144, 0.10857722163200378, 0.018132049590349197, 0.018224623054265976, 0.0010521704098209739, 0.0, 0.05340057611465454, 0.6682012677192688, 3.8537940979003906, 0.04608154296875, 0.34058359265327454, 0.7339512705802917, 0.002059411024674773, 0.3361751437187195, 1.352668285369873, 0.6030007004737854, 0.0, 0.4125698506832123, 0.7808499932289124, 0.17186591029167175, 0.14588026702404022, 0.29156413674354553, 0.2727532684803009, 0.0, 0.23684661090373993, 0.0016824493650346994, 0.07314140349626541, 0.5649340748786926, 1.2791614532470703, 3.994596004486084, 0.8750371932983398, 0.3449956178665161, 1.046708106994629, 1.422105073928833, 0.3673253357410431, 0.1685805767774582, 0.0, 0.09128592163324356, 0.7282003164291382, 0.0, 0.4686676859855652, 4.460385799407959, 0.22958552837371826, 0.1816960722208023, 0.6148740649223328, 0.0, 1.280954122543335, 0.0, 0.11738309264183044, 1.9630812406539917, 0.08491970598697662, 0.1525719314813614, 11.321001052856445, 2.2319302558898926, 0.059279683977365494, 0.00987002532929182, 0.5460086464881897, 0.05483074486255646, 1.4784425497055054, 0.4147122800350189, 0.08745374530553818, 0.032046545296907425, 0.42683449387550354, 0.49290263652801514, 0.011286696419119835, 0.13001160323619843, 0.13889962434768677, 0.0, 0.5164135694503784, 0.058672837913036346, 1.764134168624878, 0.4903843402862549, 0.3797173798084259, 0.04850850626826286, 0.01215679757297039, 0.500845193862915, 0.0, 0.18800072371959686, 0.464753121137619, 0.2008109986782074, 0.667326033115387, 0.0, 0.7620956301689148, 1.0360924005508423, 0.009328912943601608, 0.3335666358470917, 0.6683075428009033, 0.8674295544624329, 0.0836181640625, 1.088218092918396, 0.007360414601862431, 0.439998596906662, 3.01554274559021, 1.2940874099731445, 2.4032158851623535, 0.0, 0.8186759948730469, 0.08915746212005615, 2.9377403259277344, 0.06124226376414299, 0.2487391233444214, 0.15502257645130157, 0.0, 0.2554677724838257, 0.05470017343759537, 1.1166150569915771, 0.024200687184929848, 0.06966380774974823, 1.8417797088623047, 1.0107213258743286, 0.09436780214309692, 0.3717471659183502, 0.11878351122140884, 0.0999951884150505, 0.19704850018024445, 1.2816705703735352, 0.6390456557273865, 2.34238862991333, 2.4292426109313965, 0.05052783712744713, 0.2723826467990875, 0.33568310737609863, 0.07453253865242004, 0.22064264118671417, 2.773914337158203, 2.3595380783081055, 0.24823404848575592, 0.2960749566555023, 1.3550169467926025, 0.630157470703125, 2.680598258972168, 0.10950108617544174, 1.38492751121521, 0.06405548006296158, 0.009960656054317951, 0.6445833444595337, 0.19667276740074158, 0.1151098906993866, 0.0031431231182068586, 0.035365693271160126, 0.5092768669128418, 1.2897700071334839, 0.5564807653427124, 0.3939809203147888, 0.0, 0.8717595934867859, 0.07211755961179733, 0.0, 0.03953159973025322, 0.2168712466955185, 0.7286455035209656, 0.0, 0.3790283203125, 0.42646270990371704, 1.706369400024414, 0.05719568207859993, 0.013347435742616653, 3.703822612762451, 0.5109353065490723, 0.6920395493507385, 0.09107480943202972, 0.4185824990272522, 0.7361574172973633, 0.4609531760215759, 0.11785688251256943, 2.3103530406951904, 0.800944983959198, 0.802410900592804, 1.502885341644287, 1.9018868207931519, 0.510060727596283, 0.5515139102935791, 0.0842588022351265, 0.27415481209754944, 0.24157480895519257, 0.0800647959113121, 0.2846123278141022, 0.5140572190284729, 1.9187592267990112, 0.3808794617652893, 0.05621718987822533, 0.0, 0.1915583312511444, 0.1941690295934677, 0.27036356925964355, 5.318446159362793, 0.19040712714195251, 2.2973787784576416, 0.5468624830245972, 0.004582371097058058, 0.641912579536438, 0.7358764410018921, 0.012551283463835716, 2.3398256301879883, 0.2787414789199829, 0.04622524604201317, 0.3110826909542084, 2.219665765762329, 3.786740779876709, 0.546998143196106, 0.017471514642238617, 0.3986508846282959, 0.6892407536506653, 0.01819390058517456, 0.9706570506095886, 0.03579871356487274, 0.43455085158348083, 0.048154208809137344, 0.0, 0.17936475574970245, 0.2843239903450012, 5.812123775482178, 0.36252814531326294, 0.7067354321479797, 0.018628763034939766, 0.6508949995040894, 4.928646087646484, 0.0, 0.026076020672917366, 2.8242604732513428, 0.48952460289001465, 0.1621151715517044, 0.6466018557548523, 2.215054512023926, 0.0529705248773098, 0.1397087574005127, 0.0, 0.0, 0.3507021963596344, 0.0, 0.07553595304489136, 0.15764372050762177, 0.18143393099308014, 0.0, 0.24320343136787415, 0.9187495112419128, 0.0, 0.27048826217651367, 0.06835455447435379, 1.018511414527893, 0.153193861246109, 0.8919191956520081, 1.7850066423416138, 0.0, 4.50331449508667, 0.03807593509554863, 0.07920539379119873, 0.08991304039955139, 0.3090899586677551, 0.07629892975091934, 0.0, 4.748007774353027, 0.23483097553253174, 0.03608701750636101, 0.32084113359451294, 2.838162899017334, 2.3286936283111572, 0.12526936829090118, 0.9644119739532471, 4.46962833404541, 0.9847510457038879, 0.28348463773727417, 0.033002644777297974, 0.07951661199331284, 0.0023028363939374685, 0.3598046600818634, 0.0, 0.03837496414780617, 0.42483505606651306, 2.5116782188415527, 0.35025617480278015, 0.0, 1.9292937517166138, 0.0, 0.186855748295784, 0.46595498919487, 0.5829695463180542, 0.8271509408950806, 2.307934045791626, 0.007263874635100365, 2.3697872161865234, 0.03751196339726448, 0.04259095713496208, 0.04002680629491806, 0.0, 0.14736531674861908, 0.629951000213623, 0.0, 0.499707967042923, 0.32211676239967346, 0.8483344316482544, 0.4173903167247772, 0.5549459457397461, 0.0, 0.025498341768980026, 0.125107079744339, 0.0, 0.10781199485063553, 1.1790772676467896, 0.08244138211011887, 0.9874513745307922, 0.7237945199012756, 0.30219417810440063, 0.6702211499214172, 0.4913051128387451, 0.10876449197530746, 0.14857520163059235, 0.001274756039492786, 0.49297279119491577, 0.0, 0.8962668776512146, 0.10167024284601212, 0.05477843061089516, 1.3359289169311523, 0.0, 0.6189369559288025, 0.31635546684265137, 0.8271425366401672, 0.25082001090049744, 0.0, 1.518499732017517, 1.4414056539535522, 0.0, 0.029717471450567245, 0.020996274426579475, 0.18244825303554535, 0.1988886594772339, 0.4474121332168579, 0.010923332534730434, 0.0, 0.4203822612762451, 0.0, 0.10330609977245331, 1.0082651376724243, 0.36806923151016235, 0.1440429538488388, 0.0, 0.40170007944107056, 0.400094211101532, 0.061134565621614456, 0.13403429090976715, 0.5169609785079956, 4.249466419219971, 0.7144774794578552, 2.8684613704681396, 0.6606234312057495, 0.639239490032196, 0.0069548035971820354, 0.08502119779586792, 0.0, 0.04424319788813591, 0.008302097208797932, 0.012781466357409954, 0.1429496854543686, 0.5152704119682312, 0.18546007573604584, 0.8424615859985352, 0.24734719097614288, 0.019013769924640656, 1.0081077814102173, 0.0, 0.0022488466929644346, 1.255031704902649, 0.8298829793930054, 0.007404731120914221, 0.7606381177902222, 0.40831032395362854, 0.5846168398857117, 0.27060505747795105, 0.017881713807582855, 0.013651745393872261, 2.25339937210083, 0.07952352613210678, 0.7270019054412842, 0.7093828320503235, 0.03638415038585663, 0.19800162315368652, 2.146778106689453, 0.2967091500759125, 0.005245564039796591, 0.04108969494700432, 0.6404350996017456, 0.49493953585624695, 0.0, 0.0053539639338850975, 0.0, 3.0083811283111572, 0.1390708088874817, 0.11192524433135986, 0.1068192571401596, 0.10838082432746887, 0.06700050830841064, 0.27532944083213806, 0.0026834181044250727, 1.4601471424102783, 0.4654485881328583, 0.7034096717834473, 0.3579207956790924, 0.11474598944187164, 2.419077157974243, 0.0, 0.06751102209091187, 0.5314357876777649, 0.014966025948524475, 0.0884677842259407, 0.15472666919231415, 0.02403443492949009, 0.3928317725658417, 0.18368929624557495, 0.3515356481075287, 0.0, 1.1006203889846802, 1.1056967973709106, 0.6776455640792847, 0.49948641657829285, 1.8282948732376099, 2.385690450668335, 0.9787567853927612, 0.6905860304832458, 1.7823450565338135, 0.4517522156238556, 0.9840537309646606, 0.21982134878635406, 0.0034413544926792383, 0.6831158995628357, 0.05073760449886322, 0.059281203895807266, 1.7533416748046875, 0.05277077108621597, 0.1658366471529007, 0.46509861946105957, 0.3992491066455841, 0.022077109664678574, 0.4477306604385376, 0.2650596797466278, 0.0, 0.0015898857964202762, 0.07644404470920563, 2.9298102855682373, 0.026353349909186363, 0.31667330861091614, 0.017558768391609192, 0.04717138782143593, 3.618494987487793, 0.4097362160682678, 0.23718445003032684, 0.1556435078382492, 0.32511675357818604, 0.27502578496932983, 3.7799618244171143, 0.8237485289573669, 3.219768524169922, 1.2501415014266968, 1.1282566785812378, 1.9023629426956177, 0.0, 0.2387857884168625, 0.2202569991350174, 0.07992482930421829, 0.04477329179644585, 0.46294885873794556, 0.0, 0.43434613943099976, 0.7707644701004028, 0.0, 0.0, 0.05819091573357582, 0.0, 0.25167831778526306, 0.10373535752296448, 0.200340136885643, 0.14352178573608398, 0.0, 0.4762464165687561, 0.08558253943920135, 0.07440289855003357, 0.0, 0.27925607562065125, 0.010228755883872509, 0.28364282846450806, 0.13885022699832916, 0.10065699368715286, 0.21743464469909668, 0.5370166301727295, 0.4898768961429596, 3.1049461364746094, 0.14101462066173553, 0.015707196667790413, 0.0, 0.647254228591919, 1.6209193468093872, 1.4766801595687866, 2.206407070159912, 3.042168378829956, 0.010702836327254772, 0.312702476978302, 1.2234958410263062, 0.0, 0.001343846321105957, 0.06772777438163757, 0.055262692272663116, 0.013730224221944809, 0.0556926429271698, 0.09144473820924759, 0.12995338439941406, 0.8850494623184204, 0.0032910085283219814, 0.00254463660530746, 0.13291113078594208, 0.2060288041830063, 0.061050642281770706, 0.2548384666442871, 0.08162909746170044, 0.41109201312065125, 0.005740807857364416, 0.06408948451280594, 0.0, 0.0, 0.02628307417035103, 0.40023791790008545, 0.108035147190094, 0.0929073765873909, 0.0, 0.009863768704235554, 0.21750018000602722, 0.052842654287815094, 0.30690187215805054, 0.0, 1.9693043231964111, 4.572315216064453, 0.02584858238697052, 0.0, 0.0, 0.4379045069217682, 0.3023250997066498, 0.8489753603935242, 0.0, 0.819227397441864, 0.042363155633211136, 1.7855159044265747, 0.24663308262825012, 0.609688401222229, 0.0, 1.3178430795669556, 0.1229921281337738, 0.22099894285202026, 0.503287672996521, 0.49350136518478394, 0.0034686399158090353, 4.068338394165039, 0.6031777262687683, 0.0, 0.12562792003154755, 0.266173779964447, 0.2735253572463989, 0.028800174593925476, 1.5424185991287231, 0.0, 0.0513465590775013, 0.043572552502155304, 1.6782022714614868, 0.0, 1.444166898727417, 0.957268238067627, 0.0, 0.0, 0.1440666913986206, 2.3450589179992676, 0.0498092919588089, 0.11368048936128616, 0.17494232952594757, 0.5997721552848816, 0.0, 0.3235641121864319, 0.0, 0.6872289180755615, 0.04432116076350212, 0.0, 1.2564575672149658, 1.5564448833465576, 0.016970545053482056, 0.273784339427948, 0.1281319409608841, 0.06084378436207771, 0.05611802265048027, 0.005176500417292118, 0.7983604073524475, 0.051363203674554825, 0.23759526014328003, 0.6546635627746582, 0.11162308603525162, 1.1251015663146973, 0.0, 1.5477051734924316, 0.9093424677848816, 0.47380539774894714, 0.0, 0.019675206393003464, 0.36343929171562195, 0.2510724663734436, 0.05019437521696091, 0.009793495759367943, 0.0, 0.8125180006027222, 2.0499372482299805, 2.4654557704925537, 0.27205756306648254, 0.02636064402759075, 1.371743083000183, 0.7727912068367004, 2.0540122985839844, 0.02650703303515911, 0.8958317637443542, 0.3448250889778137, 0.23329699039459229, 0.24267418682575226, 0.24084754288196564, 0.20063921809196472, 0.8892928957939148, 0.06363630294799805, 0.7962392568588257, 0.26557981967926025, 0.009827968664467335, 0.6710657477378845, 0.013041997328400612, 1.702068567276001, 0.0, 0.03063872829079628, 0.5516093373298645, 0.008646675385534763, 0.19987250864505768, 0.03664258122444153, 0.05012737587094307, 0.1933671236038208, 0.812888503074646, 0.5094791054725647, 0.0, 2.342257022857666, 0.0, 0.5928572416305542, 0.2918504476547241, 0.002186672994866967, 0.2398967742919922, 3.1367130279541016, 0.373569130897522, 0.46272698044776917, 1.8875601291656494, 0.0, 0.12895487248897552, 0.17291414737701416, 2.204662322998047, 0.2280108630657196, 2.293152093887329, 0.26432713866233826, 0.022403543815016747, 0.4456877112388611, 0.4946422278881073, 0.08807357400655746, 0.18632814288139343, 0.10914019495248795, 0.6337910890579224, 0.5277175307273865, 1.9465190172195435, 0.07280168682336807, 0.5111112594604492, 0.9826995730400085, 0.07052478194236755, 0.7631182074546814, 0.029606468975543976, 0.9566640257835388, 0.29223570227622986, 0.391205757856369, 0.3048723638057709, 1.0680006742477417, 0.0, 0.9660369157791138, 0.29362672567367554, 0.30170127749443054, 0.35314929485321045, 0.0, 0.07792238146066666, 1.0349317789077759, 1.2415218353271484, 0.7762565612792969, 0.16183221340179443, 0.13281120359897614, 0.22194239497184753, 0.0, 0.48920875787734985, 1.5970854759216309, 3.9478752613067627, 1.2153311967849731, 0.5390883684158325, 0.15360036492347717, 0.22250615060329437, 0.10835210978984833, 0.026067959144711494, 3.211946725845337, 0.0011485498398542404, 2.5549683570861816, 0.47211477160453796, 0.0, 0.14737668633460999, 0.10193520039319992, 0.6423684358596802, 2.024606704711914, 0.005293087102472782, 0.022081555798649788, 0.1435200423002243, 0.5051904320716858, 0.08803396672010422, 1.214749813079834, 2.9500632286071777, 0.491515189409256, 3.6285295486450195, 0.0, 0.8647888898849487, 0.5122930407524109, 2.8269081115722656, 0.08046802878379822, 0.0, 0.0, 0.08096673339605331, 0.0, 0.003250623121857643, 2.760763645172119, 0.13121549785137177, 1.3558108806610107, 0.0, 0.11833306401968002, 0.044996894896030426, 0.24507737159729004, 1.5714014768600464, 0.5037927627563477, 0.2682112157344818, 2.7621612548828125, 0.3919616937637329, 0.0, 1.2694690227508545, 0.4092007577419281, 0.03725181892514229, 0.5512956976890564, 3.106790065765381, 0.8459497690200806, 1.0216567516326904, 0.7985631823539734, 0.00034286294248886406, 0.08637885749340057, 0.6066039204597473, 1.9230401515960693, 0.34339091181755066, 0.07840317487716675, 4.1684160232543945, 0.5814614295959473, 0.040484100580215454, 0.0, 0.20617197453975677, 0.1560560017824173, 3.220141887664795, 0.010783681645989418, 0.05476169288158417, 3.107313394546509, 0.0, 0.07944992184638977, 0.9061686396598816, 0.3211159110069275, 0.0, 2.0579288005828857, 0.7260692119598389, 5.79831600189209, 0.3516540825366974, 0.10912603884935379, 0.022671811282634735, 0.24016226828098297, 0.022508777678012848, 0.38713929057121277, 0.0, 0.0949629545211792, 0.007500938139855862, 0.0, 0.0691622942686081, 0.02475281059741974, 0.3893886208534241, 0.49988266825675964, 0.8444066047668457, 0.022544749081134796, 0.06859800964593887, 2.492847442626953, 0.0, 1.0541831254959106, 2.6916160583496094, 0.8331592082977295, 0.6697590947151184, 0.09165006875991821, 0.5893701910972595, 0.43440714478492737, 1.6127290725708008, 0.03689582273364067, 0.5838801264762878, 3.0571980476379395, 0.1401059329509735, 0.6112314462661743, 0.0, 0.12885801494121552, 0.4412843883037567, 0.10485369712114334, 0.3324507176876068, 2.5796077251434326, 0.09081582725048065, 0.8768808245658875, 3.4643454551696777, 0.2672504484653473, 0.0, 0.19352616369724274, 1.4133250713348389, 0.7148672342300415, 0.00277351844124496, 0.20853875577449799, 2.2972757816314697, 0.0, 0.3168483376502991, 0.12224198132753372, 0.08387047797441483, 0.0, 0.17294159531593323, 0.25520190596580505, 0.14628279209136963, 0.0, 0.0038837073370814323, 0.0, 0.5215051770210266, 0.027814723551273346, 0.378299742937088, 0.0, 0.8804190754890442, 0.08800049126148224, 0.5049944519996643, 0.8373105525970459, 0.004790848586708307, 0.2795170843601227, 0.26839128136634827, 0.16420769691467285, 0.24752336740493774, 0.0, 0.0, 0.03748839348554611, 2.080183506011963, 0.3292306661605835, 2.4486286640167236, 0.0, 0.646351158618927, 0.24759541451931, 0.0, 0.0, 0.9408136606216431, 0.2892690598964691, 0.1892504245042801, 0.09720157831907272, 0.0, 0.23424428701400757, 0.0, 0.1358099728822708, 0.0, 0.7465158700942993, 1.2352101802825928, 0.017470350489020348, 0.0, 1.0843453407287598, 0.008728815242648125, 0.0, 0.08085811138153076, 0.12100299447774887, 0.15752501785755157, 0.003891784232109785, 0.2239450365304947, 0.011782566085457802, 0.2623943090438843, 0.06448037177324295, 0.18457745015621185, 0.05482708290219307, 0.010131553746759892, 0.25735148787498474, 0.32754969596862793, 1.5471994876861572, 0.7682453989982605, 1.1578494310379028, 1.164402723312378, 2.284379720687866, 0.40181469917297363, 0.49148398637771606, 1.3796595335006714, 2.5776987075805664, 0.04143109545111656, 0.33986929059028625, 0.0, 3.068497657775879, 3.1591999530792236, 0.2660931944847107, 0.7297173142433167, 0.3671742379665375, 0.07335886359214783, 0.0, 1.2188166379928589, 0.1247578039765358, 0.004766938742250204, 0.23808282613754272, 0.2996104955673218, 0.0, 0.4773479402065277, 0.17911052703857422, 0.04118901863694191, 0.1556847095489502, 1.167130947113037, 0.30883732438087463, 0.7281008362770081, 0.06670057773590088, 2.3054587841033936, 0.11745935678482056, 0.6077758073806763, 0.24759604036808014, 0.14092595875263214, 0.0469198115170002, 0.11773849278688431, 0.23596298694610596, 0.02210146002471447, 0.32678741216659546, 0.10056957602500916, 0.0, 0.0, 1.5815373659133911, 0.0, 0.13335153460502625, 0.15027432143688202, 0.04472314938902855, 0.011557137593626976, 0.1504598706960678, 0.7197140455245972, 0.04865028336644173, 0.14075909554958344, 0.0578090138733387, 0.7918665409088135, 0.02020403742790222, 0.317142128944397, 0.06519100069999695, 0.05784038081765175, 0.07690232247114182, 0.23054243624210358, 0.18462078273296356, 0.055441174656152725, 0.30480092763900757, 0.0, 0.0, 0.5629299283027649, 0.6822937726974487, 3.770540714263916, 0.015846814960241318, 0.6176334619522095, 1.2173928022384644, 0.6477798819541931, 0.19007320702075958, 0.5986864566802979, 0.0, 0.21968264877796173, 1.7820924520492554, 0.6530041694641113, 0.10814329981803894, 0.2183431088924408, 0.08898413926362991, 0.0981752946972847, 1.736700415611267, 2.2537147998809814, 2.7141482830047607, 0.0, 0.6334004998207092, 0.0, 0.010692178271710873, 0.433056116104126, 3.3684825897216797, 0.0, 0.07369427382946014, 0.0, 0.05075569450855255, 2.236947536468506, 0.3546845316886902, 0.03602410480380058, 0.2591620981693268, 0.12312640994787216, 0.40119364857673645, 0.012960224412381649, 0.11278669536113739, 0.16289496421813965, 0.006476582493633032, 0.0017182485898956656, 0.05100329965353012, 0.008680334314703941, 0.3318006694316864, 0.6297484636306763, 0.42724570631980896, 0.06862331181764603, 0.007258230354636908, 0.09571793675422668, 0.5899209976196289, 0.3651914894580841, 2.412407636642456, 0.40031588077545166, 0.012603506445884705, 0.6034936904907227, 0.13661521673202515, 0.33444032073020935, 0.16316090524196625, 0.03589495271444321, 1.1871854066848755, 0.2660350799560547, 0.025871338322758675, 0.0, 0.016382887959480286, 0.24549998342990875, 0.23449666798114777, 0.8525515198707581, 0.0, 0.346510648727417, 0.0, 0.2746795415878296, 0.05578310787677765, 0.02772783301770687, 0.4192103445529938, 0.0025901065673679113, 0.3628866970539093, 0.01942368410527706, 0.8867592215538025, 0.0, 0.66665118932724, 0.17912577092647552, 0.19675078988075256, 0.09319864958524704, 0.16251666843891144, 0.05610121041536331, 2.586937189102173, 0.0, 0.0815839171409607, 2.345109462738037, 0.0, 0.5440942645072937, 0.0, 0.4892490804195404, 0.4310826361179352, 0.04906494915485382, 0.10813026130199432, 0.3939611613750458, 0.037910811603069305, 0.09686226397752762, 0.10699864476919174, 0.03343778848648071, 0.01789824105799198, 1.343167781829834, 0.2791665196418762, 0.020607778802514076, 0.0, 0.4797240197658539, 0.017613466829061508, 0.23380038142204285, 8.072658238233998e-05, 1.2841943502426147, 1.04280686378479, 0.0, 0.06697286665439606, 0.29147085547447205, 0.0, 0.2335474044084549, 0.48959922790527344, 0.8507003784179688, 0.14343786239624023, 0.06624479591846466, 2.507071018218994, 0.0, 0.2776240408420563, 0.0, 0.04168567806482315, 0.17492136359214783, 0.05160991847515106, 0.47033780813217163, 0.16855564713478088, 0.6993812918663025, 0.8580413460731506, 0.24211089313030243, 0.6588094234466553, 0.23056551814079285, 0.05776175111532211, 0.08505774289369583, 0.08573946356773376, 1.452836036682129, 2.2630679607391357, 0.22184261679649353, 2.225080728530884, 0.10671399533748627, 0.0, 1.2150070667266846, 0.10173922032117844, 0.0, 0.0, 0.0, 1.03596031665802, 0.01941661164164543, 0.45538198947906494, 0.4724341332912445, 0.0, 1.7999913692474365, 2.536360502243042, 0.15778565406799316, 0.0044481512159109116, 0.02756218984723091, 0.46787068247795105, 1.0917439460754395, 0.047142885625362396, 0.22443664073944092, 0.0, 1.459938406944275, 0.09647215902805328, 0.34029972553253174, 0.05141131207346916, 0.0, 0.1964976191520691, 0.5822552442550659, 0.6965599060058594, 0.8909823298454285, 0.04336373507976532, 3.3605613708496094, 1.5973358154296875, 0.27010565996170044, 0.0, 0.010826388373970985, 0.3303479850292206, 0.01229150965809822, 0.18178881704807281, 0.3341897130012512, 0.0, 0.022610105574131012, 0.011282767169177532, 0.0, 0.08777567744255066, 0.06457000970840454, 0.03283046558499336, 0.050063785165548325, 0.28301844000816345, 0.0, 0.7896896004676819, 1.665253758430481, 0.362316757440567, 2.0259337425231934, 0.31741684675216675, 0.37334364652633667, 0.632132887840271, 0.0, 0.04767528921365738, 0.10004520416259766, 0.5194621682167053, 0.7140432000160217, 0.0, 0.04414331167936325, 0.43196120858192444, 0.0, 0.16015423834323883, 0.8628572821617126, 0.014286994934082031, 1.4784069061279297, 0.074869304895401, 0.06075122952461243, 0.0, 0.2445986419916153, 0.0, 0.5092254281044006, 0.8728966116905212, 0.7138379216194153, 0.09967688471078873, 0.020329946652054787, 0.22618067264556885, 0.5209892988204956, 0.0, 0.19109509885311127, 0.47275424003601074, 0.8593521118164062, 0.008433670736849308, 0.0, 0.2496359646320343, 0.12471435219049454, 1.0234296321868896, 1.0825045108795166, 0.04074832424521446, 0.08729957789182663, 0.43013647198677063, 0.03221825137734413, 0.12793992459774017, 2.393364429473877, 0.13779453933238983, 0.00917045958340168, 0.33810386061668396, 0.055635638535022736, 0.38078993558883667, 0.005764090456068516, 2.2641067504882812, 0.0, 0.2356979250907898, 1.958613634109497, 1.2515956163406372, 0.30041950941085815, 0.03443252295255661, 0.5786786079406738, 0.03421219438314438, 0.0, 0.6148854494094849, 0.022924067452549934, 0.6870654225349426, 0.13154034316539764, 1.4315673112869263, 0.22428476810455322, 0.46649369597435, 1.6653112173080444, 0.034762971103191376, 0.36870333552360535, 0.039506301283836365, 1.7029362916946411, 0.22036151587963104, 0.7434382438659668, 0.0, 1.6170251369476318, 0.0, 0.0, 0.0, 2.4158174991607666, 0.0, 0.4230744540691376, 0.010035128332674503, 0.8299616575241089, 3.1350741386413574, 0.7689346075057983, 1.3353215456008911, 0.8040205240249634, 9.67898178100586, 0.009782674722373486, 0.11771871894598007, 0.25108233094215393, 2.3185207843780518, 0.08521769940853119, 0.5337153077125549, 0.2534727454185486, 0.0, 0.0, 0.07458333671092987, 1.860793113708496, 0.056740518659353256, 0.0016692487988620996, 1.242428183555603, 0.020768756046891212, 0.4271164834499359, 0.09163878113031387, 0.041334643959999084, 0.0, 1.8727672100067139, 1.476173996925354, 0.7052890062332153, 0.0026059539522975683, 0.10020224750041962, 0.0, 0.1726626306772232, 0.21741358935832977, 0.0027920834254473448, 1.1723108291625977, 0.3196091651916504, 0.33073556423187256, 0.12506210803985596, 0.311943918466568, 0.10013977438211441, 0.1928698867559433, 0.02337724342942238, 0.014866970479488373, 0.0, 0.0, 0.08843138813972473, 0.0, 0.015459208749234676, 2.158320903778076, 0.0, 2.230886459350586, 0.0, 0.07197371125221252, 0.011731023900210857, 1.533007264137268, 0.4755568504333496, 0.0, 0.002592242555692792, 0.10841115564107895, 0.2233002781867981, 0.0, 0.9955899119377136, 0.04598609730601311, 0.06725496053695679, 0.429934024810791, 0.24826133251190186, 0.249625101685524, 0.220256507396698, 2.8056862354278564, 0.07773584127426147, 0.13540488481521606, 0.034463249146938324, 0.21040408313274384, 0.14558668434619904, 0.14228755235671997, 0.09039736539125443, 0.6680412888526917, 0.49297675490379333, 0.010970154777169228, 1.4036864042282104, 3.2733664512634277, 0.6662351489067078, 0.5373112559318542, 0.186273455619812, 0.7474443912506104, 0.03087705560028553, 0.0, 0.0, 0.049380749464035034, 0.2458307445049286, 1.6980483531951904, 0.0, 0.07604038715362549, 2.3224518299102783, 0.0, 0.10827101767063141, 0.0, 0.01904524676501751, 0.0, 4.029301643371582, 0.0, 1.1709089279174805, 0.3230855464935303, 0.2074502408504486, 0.3525964915752411, 0.0, 0.0, 0.013454281724989414, 0.0, 0.07116462290287018, 0.10056453198194504, 0.053771767765283585, 0.2733953893184662, 2.268120765686035, 0.1305558979511261, 1.7160003185272217, 1.4524461030960083, 0.5058032274246216, 0.3684130609035492, 0.05461040139198303, 0.0, 0.05830134078860283, 0.1175592690706253, 0.28059816360473633, 0.24193409085273743, 1.0528181791305542, 0.06783101707696915, 3.541465997695923, 0.4391445219516754, 2.5359554290771484, 0.11993032693862915, 2.835624933242798, 0.35210713744163513, 0.04066646471619606, 0.20450344681739807, 0.0990782305598259, 0.14653244614601135, 0.014157847501337528, 0.0025710402987897396, 0.16265474259853363, 0.04510510340332985, 0.0, 0.9650770425796509, 0.0, 0.0, 0.2695786952972412, 0.00828635971993208, 1.6275432109832764, 0.9835555553436279, 0.281509667634964, 0.7281705737113953, 0.02306819148361683, 0.9783211350440979, 0.12006184458732605, 1.1004278659820557, 3.209670066833496, 0.0, 1.2440603971481323, 0.0475945770740509, 0.7993336319923401, 0.0, 0.7479873895645142, 7.779300689697266, 0.13772505521774292, 2.629164934158325, 0.17228691279888153, 0.6145133376121521, 0.04153056442737579, 0.4555037319660187, 0.0, 0.03860355168581009, 0.1889858841896057, 0.24236343801021576, 0.06807398051023483, 0.7904345393180847, 2.2766592502593994, 0.14504042267799377, 0.09077109396457672, 0.7953627705574036, 0.06961940228939056, 1.4430850744247437, 0.0, 0.107996866106987, 0.0013431846164166927, 0.770591139793396, 0.0, 0.07549642771482468, 0.2393987625837326, 0.3424533009529114, 0.5553115606307983, 0.0, 3.3538362979888916, 0.0, 0.022000735625624657, 0.0, 0.10210923850536346, 0.2220771759748459, 0.06503742933273315, 0.1619594544172287, 0.2998022437095642, 0.06532732397317886, 1.7234671115875244, 0.027847331017255783, 0.6128758192062378, 0.07806827127933502, 0.035529930144548416, 0.07840032875537872, 0.5399959087371826, 7.583111763000488, 0.0, 0.1992068588733673, 0.37918171286582947, 0.03086845763027668, 1.6220937967300415, 0.21084652841091156, 0.10971581190824509, 0.06056111305952072, 0.004540365654975176, 0.10910231620073318, 0.6246605515480042, 0.34130412340164185, 0.021063044667243958, 0.33465704321861267, 0.414236456155777, 0.41057536005973816, 0.007065588142722845, 0.04389581084251404, 0.0, 0.5176751613616943, 1.3550775051116943, 0.02154339849948883, 0.13672304153442383, 0.0, 0.21291622519493103, 0.20118065178394318, 0.5545472502708435, 0.544471800327301, 0.9723502397537231, 0.0, 0.3649114966392517, 0.01857353001832962, 0.8892305493354797, 0.013883824460208416, 0.19860202074050903, 0.07845764607191086, 0.2186199426651001, 0.950486421585083, 0.8247736692428589, 0.0, 1.9946974515914917, 0.0, 0.07019522041082382, 0.2400270700454712, 0.11175163090229034, 1.822712779045105, 0.0026390529237687588, 0.24010498821735382, 4.304671764373779, 0.013864884153008461, 0.652219831943512, 2.4985392093658447, 0.0, 0.9164798259735107, 1.6406238079071045, 0.057469047605991364, 0.27493229508399963, 0.05646649748086929, 0.3695599436759949, 0.02439119666814804, 1.912488341331482, 0.033966340124607086, 0.3319075107574463, 0.19397178292274475, 0.007292543072253466, 0.19663284718990326, 0.306267112493515, 0.02432985231280327, 0.12216513603925705, 5.015841007232666, 0.06418345868587494, 0.5461539030075073, 0.06955243647098541, 1.200403094291687, 0.3418313264846802, 0.01159751694649458, 0.019519582390785217, 0.8130464553833008, 0.03446129709482193, 0.059676434844732285, 0.06693976372480392, 0.28914326429367065, 0.34058308601379395, 0.6665884256362915, 0.0786876305937767, 0.6019244194030762, 0.02614399790763855, 0.4527095854282379, 1.1240062713623047, 0.032434750348329544, 3.4823219776153564, 1.2164242267608643, 0.13650450110435486, 2.6552774906158447, 3.216118097305298, 0.003527349326759577, 0.37756097316741943, 0.08070140331983566, 0.0463712103664875, 0.08650295436382294, 0.0, 0.0011227130889892578, 0.09112100303173065, 0.15314622223377228, 0.08292904496192932, 0.19269156455993652, 0.10432566702365875, 1.6877521276474, 0.2902061641216278, 0.0, 0.0, 0.10828408598899841, 0.008301650173962116, 0.4601576328277588, 1.0436336994171143, 0.0, 0.14237776398658752, 0.00589239364489913, 0.03723672032356262, 1.6872503757476807, 0.6290604472160339, 0.039759114384651184, 0.07669195532798767, 0.2797956168651581, 0.08676213771104813, 1.5102158784866333, 0.0, 0.1454232782125473, 0.013279258273541927, 0.0, 2.113443374633789, 0.0027691368013620377, 0.0, 0.0, 0.5542712807655334, 0.0, 0.0, 0.5754990577697754, 0.10137593001127243, 0.11895786970853806, 1.261146903038025, 0.0, 0.3192293345928192, 0.6640632748603821, 1.2550262212753296, 0.6968734264373779, 0.19017581641674042, 0.05442848801612854, 0.31956344842910767, 0.20014774799346924, 0.0, 0.0, 0.16770966351032257, 0.0, 0.0, 0.014959904365241528, 0.7960615158081055, 0.0, 0.7323941588401794, 2.2432472705841064, 0.483221173286438, 0.0021451273933053017, 1.6669591665267944, 0.3368541896343231, 0.011366053484380245, 0.0021721539087593555, 0.18459224700927734, 1.436042308807373, 0.033854033797979355, 1.4180827140808105, 0.01750176213681698, 0.10544770956039429, 0.24544137716293335, 0.06854040920734406, 2.8372037410736084, 0.18514087796211243, 0.12126094102859497, 0.8209022879600525, 0.6401939988136292, 1.6526753902435303, 0.6432845592498779, 1.610802173614502, 0.0, 0.0, 0.655030369758606, 3.4658446311950684, 0.0, 0.0, 0.11115369200706482, 0.296783447265625, 0.0, 0.41594260931015015, 0.10773388296365738, 0.04238627851009369, 0.061935681849718094, 0.16443698108196259, 1.066650390625, 0.0, 0.018090613186359406, 2.1227822303771973, 0.0, 0.12182769179344177, 0.0, 0.13494183123111725, 0.04242566227912903, 0.5317355394363403, 0.18330338597297668, 0.0, 0.34379246830940247, 4.065759658813477, 0.0, 0.0677923932671547, 0.09642449021339417, 0.6675807237625122, 0.18363220989704132, 0.2750872075557709, 0.20095941424369812, 0.14190872013568878, 0.42188334465026855, 0.16459667682647705, 0.6644989252090454, 0.14595147967338562, 0.0, 0.13190031051635742, 0.0044700223952531815, 1.7961002588272095, 0.023339781910181046, 0.7879757285118103, 0.03306834399700165, 0.17918287217617035, 0.7571430802345276, 0.14667083323001862, 0.1336812824010849, 0.10598932206630707, 0.4114314615726471, 0.0, 0.028529534116387367, 1.8567012548446655, 0.00603438401594758, 0.0646270364522934, 0.040129076689481735, 0.19319826364517212, 0.07268555462360382, 0.03400992229580879, 0.012202505953609943, 0.5076103806495667, 0.019293760880827904, 0.26724642515182495, 1.9319618940353394, 0.09118807315826416, 0.0, 0.1308695673942566, 0.16242097318172455, 1.977316975593567, 0.017979856580495834, 0.26085251569747925, 0.618596613407135, 0.224019855260849, 0.5845165848731995, 0.3365595042705536, 0.029687799513339996, 0.3500264286994934, 0.10439784079790115, 0.04333435371518135, 4.925762176513672, 0.05490515008568764, 0.06663274019956589, 0.6704177856445312, 1.8502516746520996, 0.06731001287698746, 0.614385187625885, 2.1942639350891113, 0.03962773457169533, 0.4824611246585846, 0.07621896266937256, 0.10986144840717316, 0.3144219219684601, 0.009505919180810452, 0.32121607661247253, 0.33240580558776855, 0.0037875273264944553, 0.0002807305718306452, 0.2059723436832428, 0.5513453483581543, 0.14378906786441803, 0.8245651721954346, 0.0, 0.04571756720542908, 0.12789985537528992, 0.9564516544342041, 0.014992319978773594, 0.852606475353241, 0.07793209701776505, 0.12405518442392349, 0.3289620578289032, 0.19733867049217224, 0.2933608591556549, 0.7675727605819702, 2.8561384677886963, 0.14133095741271973, 1.4420973062515259, 0.21902331709861755, 0.46899959444999695, 0.9213765859603882, 0.0, 0.096275195479393, 1.4314771890640259, 0.3599272668361664, 0.22675970196723938, 0.16521315276622772, 0.30810561776161194, 0.024843670427799225, 0.11581872403621674, 0.5229405164718628, 3.675962209701538, 0.0, 1.9571822881698608, 0.19918346405029297, 0.07565411925315857, 0.0, 0.49026182293891907, 0.5023645162582397, 1.0093845129013062, 0.5223228931427002, 0.37144777178764343, 0.3192915916442871, 1.2701668739318848, 0.10743614286184311, 0.01480444148182869, 0.0867188423871994, 0.04098194092512131, 0.1025378555059433, 0.014497372321784496, 0.15146134793758392, 2.4737188816070557, 0.09381520003080368, 0.010075578466057777, 0.0, 1.783272385597229, 0.11518427729606628, 0.0, 0.5320942401885986, 0.11232408881187439, 0.28666651248931885, 0.010216199792921543, 0.0, 0.020575955510139465, 0.2341454178094864, 0.9885887503623962, 0.6463690996170044, 0.017308663576841354, 0.03276946768164635, 0.03620298579335213, 0.0, 0.08403857797384262, 1.4410268068313599, 0.1319715678691864, 0.022158080711960793, 0.5264127254486084, 1.0334738492965698, 0.12126241624355316, 0.17675986886024475, 0.09001161903142929, 0.0, 0.0, 0.002794007770717144, 0.0, 0.47814828157424927, 0.4776644706726074, 0.7508348226547241, 0.0, 0.011953424662351608, 0.6464768648147583, 0.511202335357666, 0.04922472685575485, 0.17031003534793854, 0.3745071291923523, 0.16614460945129395, 0.0, 0.0, 1.8161249160766602, 0.9503804445266724, 0.015536069869995117, 0.005709397606551647, 0.3972168266773224, 0.06734221428632736, 2.238149881362915, 0.003663367126137018, 0.18752142786979675, 1.7428336143493652, 0.2649237811565399, 0.2117219716310501, 0.17441464960575104, 0.09413807839155197, 0.5107046365737915, 0.0, 0.0, 0.5147843360900879, 0.09693963825702667, 2.624490737915039, 0.0, 0.4642200767993927, 0.019625704735517502, 0.12667712569236755, 0.10344350337982178, 0.14734812080860138, 0.0, 0.5741145014762878, 1.584787368774414, 0.3063693642616272, 0.783729076385498, 0.02194948121905327, 0.0, 0.817695677280426, 0.6261598467826843, 0.09534652531147003, 0.10594754666090012, 0.6151276230812073, 0.10787373781204224, 0.0, 0.9546223282814026, 0.055469539016485214, 0.614088773727417, 0.9397430419921875, 1.8414759635925293, 0.14270295202732086, 0.0014576595276594162, 0.0, 0.0, 0.7861313819885254, 0.9715995192527771, 0.23875059187412262, 0.33933109045028687, 0.5599269270896912, 0.14180757105350494, 0.422873318195343, 0.0, 0.0, 0.0, 0.267083078622818, 0.8081493973731995, 0.5381597280502319, 1.1774778366088867, 0.05049639195203781, 1.1638637781143188, 0.14572587609291077, 0.14434050023555756, 0.0932018831372261, 7.178797721862793, 0.33002081513404846, 0.0, 0.28189539909362793, 0.13998253643512726, 0.8592850565910339, 0.018123852089047432, 0.045450832694768906, 4.373051643371582, 0.22913193702697754, 0.1326906532049179, 0.15962018072605133, 0.40652528405189514, 0.019262105226516724, 2.7622475624084473, 0.5863659381866455, 0.0, 0.0, 0.006916639860719442, 0.0, 0.894599199295044, 2.5186972618103027, 0.2176484912633896, 0.009223747998476028, 0.5209925770759583, 0.5602453947067261, 0.0, 0.059945233166217804, 0.0, 0.17044328153133392, 0.004244271665811539, 0.15269623696804047, 0.16780641674995422, 0.0, 0.0, 0.6985260248184204, 0.004794349428266287, 3.2727150917053223, 0.0, 0.017861103639006615, 0.9769476056098938, 0.1264403760433197]",Testing/glioma_tumor/image(15).jpg
"[0.6118847727775574, 0.7703290581703186, 0.07005047053098679, 0.04838137701153755, 0.13161396980285645, 0.0493222177028656, 6.153996467590332, 0.20183949172496796, 0.08426453173160553, 0.0, 0.01011041272431612, 0.22416050732135773, 0.1740501970052719, 1.277779459953308, 0.0, 0.27348074316978455, 0.0, 0.07894062250852585, 0.26858827471733093, 0.23511871695518494, 0.13045109808444977, 1.2365039587020874, 0.3906804323196411, 0.0, 0.3361242115497589, 1.044243335723877, 1.0970922708511353, 0.14240075647830963, 0.1329827457666397, 0.0, 0.0014880044618621469, 0.20113065838813782, 0.9198094606399536, 0.28566059470176697, 1.100530743598938, 0.12979713082313538, 0.005611582659184933, 0.2662745714187622, 0.0031437971629202366, 0.9500716924667358, 0.515525758266449, 0.9258173108100891, 0.20705394446849823, 0.037306640297174454, 0.0, 0.0031242468394339085, 0.0, 0.0, 0.0, 0.47438302636146545, 0.9577717781066895, 0.2834681570529938, 1.9040557146072388, 0.3520732820034027, 2.2106568813323975, 0.75518399477005, 0.027920396998524666, 0.05360906571149826, 1.951698899269104, 0.0, 0.6377710700035095, 1.0452476739883423, 0.5721155405044556, 0.20501455664634705, 0.24297407269477844, 0.0, 0.8116515874862671, 0.14819425344467163, 0.0, 0.0, 0.9742968678474426, 0.0006145311635918915, 0.34385696053504944, 4.253195285797119, 0.19072431325912476, 0.2065822035074234, 0.438385546207428, 0.2328282743692398, 0.0, 0.3031252920627594, 0.14173178374767303, 0.01741260476410389, 1.638099193572998, 0.1148792952299118, 0.6468772888183594, 0.08598380535840988, 1.300288200378418, 0.22104087471961975, 0.0850549042224884, 0.5202778577804565, 1.4280120134353638, 0.5833498239517212, 0.04311944916844368, 1.9278922080993652, 0.01292670238763094, 0.05660785362124443, 0.21928918361663818, 0.031440138816833496, 0.040674254298210144, 0.05464746430516243, 0.0015725359553471208, 0.3544565439224243, 0.2681463062763214, 0.0, 1.5199463367462158, 0.19494101405143738, 0.5936446189880371, 1.0221680402755737, 0.3397769629955292, 0.5061565637588501, 0.00010336661944165826, 0.09339916706085205, 0.256515234708786, 0.0876372903585434, 0.2443653792142868, 0.03376075625419617, 0.036868587136268616, 0.6594851016998291, 0.32335472106933594, 0.1785631626844406, 0.11079051345586777, 0.1579158753156662, 0.001986759016290307, 0.26568251848220825, 0.6242921948432922, 0.8714082837104797, 0.0, 0.2647992670536041, 4.190882682800293, 0.0, 0.0, 1.9322590827941895, 0.010214357636868954, 0.1271938532590866, 0.0, 0.015483320690691471, 0.31091755628585815, 0.005744929425418377, 0.034324053674936295, 0.11345195025205612, 0.6219906210899353, 0.21424803137779236, 0.16273291409015656, 0.01571386680006981, 0.3517548739910126, 0.13152584433555603, 0.0, 0.1651781052350998, 0.3681179881095886, 0.17292635142803192, 0.8768894672393799, 0.19415733218193054, 0.18841838836669922, 0.03248658776283264, 0.10780040919780731, 0.7021491527557373, 0.0, 0.1540554165840149, 0.1991732269525528, 0.006270792800933123, 1.2843151092529297, 0.3283556401729584, 0.0, 0.2553431987762451, 0.0, 0.03107733093202114, 0.846100389957428, 0.48514431715011597, 0.24890631437301636, 7.100958347320557, 1.177588939666748, 0.0, 0.04577672854065895, 0.38754555583000183, 0.7887158989906311, 0.9019501209259033, 0.0, 0.4240637719631195, 0.05630602315068245, 0.40267235040664673, 0.510505199432373, 0.0, 0.13360223174095154, 0.0005057636299170554, 1.5015208721160889, 0.6913397908210754, 0.24672183394432068, 1.6360818147659302, 0.24568353593349457, 0.0, 0.12298367917537689, 0.8746393918991089, 0.037007708102464676, 0.017112916335463524, 0.050222162157297134, 0.21448203921318054, 0.17936846613883972, 0.8750990033149719, 0.0, 0.25663092732429504, 2.3540046215057373, 0.017830409109592438, 0.16775640845298767, 0.24228033423423767, 0.741735577583313, 0.31382277607917786, 0.0169882383197546, 0.031072448939085007, 1.3801835775375366, 0.13363030552864075, 0.24796593189239502, 2.842611789703369, 0.0, 1.8964214324951172, 0.00915998313575983, 0.5746576189994812, 0.32546523213386536, 0.15985383093357086, 0.15028993785381317, 0.0, 0.404857337474823, 0.0, 1.5560494661331177, 0.47734981775283813, 0.0, 1.657278299331665, 1.647752046585083, 0.12709002196788788, 0.6958969235420227, 0.03863394260406494, 1.6039602756500244, 2.1017520427703857, 0.1441165655851364, 0.6134493947029114, 0.1444808840751648, 0.12075023353099823, 0.0, 0.21540208160877228, 0.08497331291437149, 0.5961263179779053, 0.8599480390548706, 0.5508882403373718, 0.4041423797607422, 0.26076000928878784, 0.032459910959005356, 0.0, 0.09648739546537399, 1.373187780380249, 0.04062627628445625, 1.036434531211853, 1.4447139501571655, 0.006499470677226782, 1.210583209991455, 0.3727428615093231, 0.6985587477684021, 0.8149303793907166, 0.11025049537420273, 1.821903109550476, 0.0628388449549675, 0.3943593204021454, 0.03810121491551399, 0.064693383872509, 1.7193247079849243, 0.558806300163269, 0.012334497645497322, 0.024204041808843613, 0.0, 0.1271211951971054, 0.0, 0.0, 0.8133119940757751, 0.2099727839231491, 0.6631752252578735, 0.010318680666387081, 3.110997200012207, 0.4323234260082245, 0.0, 0.9128260612487793, 0.675670325756073, 0.1158306822180748, 2.0826430320739746, 2.6356382369995117, 2.378633499145508, 0.6652764081954956, 0.1210811659693718, 0.0, 0.9338458180427551, 0.07648444920778275, 0.13310031592845917, 0.013904065825045109, 0.1811121106147766, 0.42461180686950684, 0.0, 0.0, 1.1583201885223389, 7.0158915519714355, 0.38748082518577576, 0.11777657270431519, 1.1246378421783447, 0.34067797660827637, 0.14364592730998993, 0.02014397643506527, 4.737429618835449, 0.723210871219635, 1.7417582273483276, 1.0577772855758667, 0.069426529109478, 0.6324350237846375, 0.07187765836715698, 0.11668802797794342, 0.34004464745521545, 0.9825628399848938, 0.35004231333732605, 0.4137316644191742, 0.10821438580751419, 0.1402919888496399, 1.1901732683181763, 0.18553777039051056, 0.0, 0.2755076289176941, 0.052875131368637085, 0.8032695055007935, 0.0, 0.10870999842882156, 0.10349146276712418, 0.33929774165153503, 0.9753822088241577, 0.0, 5.959488868713379, 0.6619597673416138, 0.22929592430591583, 0.09198688715696335, 0.36025989055633545, 0.2462913691997528, 0.0, 0.02372099459171295, 2.646822929382324, 0.23917634785175323, 0.842798113822937, 0.17510782182216644, 1.5833390951156616, 0.025336986407637596, 0.0, 0.09411454945802689, 0.0, 0.2376282811164856, 1.285325288772583, 0.05359586328268051, 0.06356701254844666, 0.18691596388816833, 0.028404410928487778, 0.4931875765323639, 0.18778936564922333, 0.038408830761909485, 0.24859759211540222, 0.0, 0.015411579050123692, 0.03335292637348175, 0.251827210187912, 0.22233270108699799, 0.020261118188500404, 0.9156851768493652, 0.23860213160514832, 0.11027631908655167, 0.6985082030296326, 1.9289357662200928, 0.11179293692111969, 0.010201704688370228, 1.4531078338623047, 1.4710361957550049, 0.08419157564640045, 0.0, 0.7886497974395752, 3.498948812484741, 0.010154305957257748, 0.31909409165382385, 0.8910791277885437, 0.14896881580352783, 0.0, 0.19618740677833557, 1.2591912746429443, 0.12288137525320053, 0.0, 0.17090319097042084, 0.10744844377040863, 0.25522392988204956, 1.5894895792007446, 0.5463154911994934, 0.0, 0.3241998851299286, 0.018433326855301857, 0.06349179893732071, 1.0455323457717896, 0.2569136321544647, 0.5660079717636108, 2.6469764709472656, 0.10270391404628754, 3.128849506378174, 0.0, 0.3845173716545105, 0.4837509095668793, 0.0, 0.48200762271881104, 0.41035935282707214, 0.0, 3.565242290496826, 0.3924107551574707, 0.0, 0.38963842391967773, 0.332463800907135, 0.14267964661121368, 0.1947527974843979, 0.3851546049118042, 0.07817354053258896, 0.0, 4.7889838218688965, 0.007966634817421436, 0.10005980730056763, 0.029540155082941055, 0.26955392956733704, 0.4389948844909668, 0.09701599180698395, 0.0, 0.552267849445343, 0.5857277512550354, 0.11277218163013458, 0.1636926233768463, 0.10174407064914703, 0.006150197237730026, 0.06815704703330994, 0.5980985164642334, 0.2169070541858673, 1.3687384128570557, 0.029076918959617615, 1.8627244234085083, 1.7312291860580444, 0.005010018590837717, 1.8139252662658691, 0.7450413703918457, 0.11387957632541656, 0.12961840629577637, 0.009652065113186836, 0.4572710394859314, 0.640030026435852, 0.2836683988571167, 0.22521516680717468, 0.0, 0.5870552062988281, 0.12010703980922699, 0.7400529980659485, 0.028841326013207436, 0.07821379601955414, 0.13788294792175293, 0.0, 0.059957075864076614, 0.39793622493743896, 0.15873916447162628, 0.25814053416252136, 0.01693893037736416, 2.6248385906219482, 0.3877633810043335, 0.5896294116973877, 0.32121577858924866, 0.11185688525438309, 0.23595452308654785, 0.15322883427143097, 0.09345463663339615, 0.3822799324989319, 1.714613914489746, 0.12470957636833191, 0.5580646395683289, 0.015418163500726223, 0.10081213712692261, 0.15815964341163635, 0.06850849092006683, 0.26987096667289734, 0.14601166546344757, 0.0, 0.00022519608319271356, 1.1767109632492065, 0.5956001877784729, 0.7423303723335266, 0.123143270611763, 0.24623972177505493, 0.11779474467039108, 0.6100154519081116, 0.0, 0.0010648698080331087, 0.23241321742534637, 0.3558351993560791, 0.08508501201868057, 0.7579399943351746, 0.17149657011032104, 0.0021260830108076334, 1.8510850667953491, 0.06736329197883606, 0.04184834659099579, 0.35082051157951355, 0.7773441672325134, 0.022702587768435478, 0.427264541387558, 0.08551087975502014, 0.7573457956314087, 5.020848751068115, 0.011244158260524273, 0.22764058411121368, 0.0641634613275528, 0.0, 0.0, 0.22513584792613983, 0.016962900757789612, 0.15123601257801056, 0.14007912576198578, 0.4648747444152832, 0.4485444128513336, 0.11662405729293823, 0.25726279616355896, 0.029602056369185448, 0.2235088348388672, 0.04403084143996239, 0.026371560990810394, 1.7887526750564575, 0.09387374669313431, 0.09200349450111389, 0.0, 0.3324248790740967, 0.0, 0.0, 0.6973538398742676, 1.6815515756607056, 0.05342772603034973, 1.9354294538497925, 1.8366445302963257, 3.4923834800720215, 0.181309774518013, 1.0197747945785522, 4.193613052368164, 0.2816327214241028, 0.1703113615512848, 0.4104599356651306, 0.0016375829000025988, 0.8089573383331299, 0.22038404643535614, 0.5930120944976807, 1.6852452754974365, 0.6539716124534607, 0.1597951501607895, 0.4419242739677429, 1.2958459854125977, 0.03724367916584015, 0.01716836541891098, 0.05403311550617218, 0.3241920471191406, 0.007559632882475853, 0.16533687710762024, 1.980154037475586, 0.17990338802337646, 0.0, 0.7070491313934326, 0.46330541372299194, 0.918855607509613, 0.910529613494873, 0.669893205165863, 0.0, 0.0011222654720768332, 0.18346193432807922, 0.5915822982788086, 0.3536190986633301, 1.4984652996063232, 0.18225128948688507, 0.24057288467884064, 0.15623879432678223, 1.0505338907241821, 0.051738496869802475, 0.06918038427829742, 1.3406312465667725, 0.0, 0.9996194839477539, 0.00526165496557951, 0.12283588945865631, 2.2721359729766846, 0.14078892767429352, 0.5255811810493469, 0.18623808026313782, 0.0, 0.3049200475215912, 0.032315466552972794, 0.011038011871278286, 0.0, 0.0, 0.14387798309326172, 0.140868678689003, 0.8973293900489807, 0.027742896229028702, 0.6103596091270447, 0.0, 0.6732482314109802, 0.18558891117572784, 0.0, 0.3358687460422516, 0.12919576466083527, 0.022886386141180992, 2.4103639125823975, 0.8466910719871521, 0.13692525029182434, 0.0038948107976466417, 0.011354954913258553, 0.02510136179625988, 0.5435614585876465, 1.146069884300232, 0.001090959645807743, 0.11052735894918442, 0.7443838119506836, 0.08500824123620987, 0.0, 0.09167509526014328, 0.0, 0.10522139817476273, 0.0, 0.3145996034145355, 1.116489291191101, 0.2306056171655655, 2.930088520050049, 0.653099536895752, 0.7932307720184326, 0.7682406306266785, 0.1099645271897316, 0.004450559616088867, 0.05548751726746559, 0.04518768563866615, 0.310314416885376, 0.0, 0.07843043655157089, 0.0828569158911705, 0.00952083244919777, 0.00478310976177454, 0.047871269285678864, 0.0034376163966953754, 0.08532552421092987, 0.5708685517311096, 1.2561379671096802, 0.008423752151429653, 0.007382899057120085, 0.16192272305488586, 0.0, 0.44354376196861267, 1.905094027519226, 0.1364765763282776, 0.1888299435377121, 0.0, 0.31196969747543335, 2.0994040966033936, 0.17797236144542694, 0.0, 1.349589467048645, 0.4368869960308075, 0.13723771274089813, 0.0, 0.13306409120559692, 0.032301049679517746, 0.6368871927261353, 0.0913735032081604, 0.36978209018707275, 0.5236720442771912, 1.0707858800888062, 0.061797380447387695, 3.1140973567962646, 0.9739094376564026, 0.3715113699436188, 0.3799702823162079, 0.21180188655853271, 0.030340630561113358, 0.30224600434303284, 0.6709915399551392, 0.24053902924060822, 0.1292809247970581, 0.0, 0.0, 0.2417290359735489, 1.8588143587112427, 2.4078783988952637, 0.26927536725997925, 0.020336491987109184, 0.0007603411795571446, 1.6243152618408203, 0.6316340565681458, 0.03638777136802673, 0.0, 0.8505496382713318, 0.3925086557865143, 0.2668752372264862, 0.048698458820581436, 0.005623233504593372, 0.12984073162078857, 0.08411198854446411, 0.02103257179260254, 1.247025728225708, 1.155534029006958, 0.1326035112142563, 0.029650337994098663, 0.31723499298095703, 0.04652886465191841, 1.0242702960968018, 0.10076061636209488, 0.011607491411268711, 0.0, 0.9399548768997192, 0.9208869934082031, 1.5376574993133545, 0.0, 4.522701263427734, 0.03120485134422779, 0.06916750222444534, 0.0, 0.3771534264087677, 0.0, 0.07641328126192093, 0.42513298988342285, 0.0, 0.0, 0.5226476192474365, 3.817336320877075, 0.021087249740958214, 0.21256616711616516, 0.3191624581813812, 3.1212241649627686, 0.5988708734512329, 0.43513286113739014, 0.10309575498104095, 0.32624316215515137, 0.0, 0.30673158168792725, 0.012103725224733353, 0.13359305262565613, 0.854321300983429, 0.1260571926832199, 0.4145221412181854, 0.8170822262763977, 0.8068407773971558, 0.057732582092285156, 0.2196553349494934, 0.16619880497455597, 2.2029869556427, 0.33724936842918396, 0.06836040318012238, 0.7848560810089111, 0.22454769909381866, 0.0, 0.4502566456794739, 0.2915685474872589, 0.4792726933956146, 0.32779768109321594, 1.0357097387313843, 0.0, 0.7100181579589844, 1.436607837677002, 0.9753652811050415, 1.8275105953216553, 0.04059615731239319, 0.09417253732681274, 0.9046833515167236, 0.2710791230201721, 0.39633506536483765, 2.029684543609619, 0.0, 0.4883545935153961, 0.10061396658420563, 0.0957743227481842, 0.23488211631774902, 1.4284484386444092, 0.10484523326158524, 0.0, 0.035627417266368866, 0.16631032526493073, 0.15606586635112762, 0.05519187077879906, 0.2712765336036682, 0.22445499897003174, 1.773522973060608, 0.10663498938083649, 0.7160279154777527, 2.332026481628418, 1.4827907085418701, 0.0, 0.1247686818242073, 0.08607831597328186, 2.242525100708008, 0.5040678977966309, 0.7561771869659424, 0.08651745319366455, 0.3598661720752716, 0.37919872999191284, 0.04973512887954712, 0.0, 0.3040508031845093, 0.19757094979286194, 0.03367631882429123, 0.06624581664800644, 0.6879035830497742, 0.13757306337356567, 0.09866432100534439, 0.0604778490960598, 0.14129777252674103, 0.031569644808769226, 0.0035056581255048513, 0.4770427644252777, 1.3446658849716187, 1.4808059930801392, 0.5856381058692932, 0.37701475620269775, 0.03500426188111305, 0.07911840081214905, 2.8014259338378906, 0.0, 1.0098782777786255, 0.007212821394205093, 3.901663064956665, 0.5638728737831116, 0.007437533233314753, 0.0, 0.047982677817344666, 0.05450361594557762, 0.07447688281536102, 0.1081773042678833, 0.01857949234545231, 1.0474812984466553, 0.39605844020843506, 0.03287644684314728, 0.18565022945404053, 0.9076794385910034, 0.9532201886177063, 2.4725608825683594, 0.8932731747627258, 0.6928026676177979, 0.06827607750892639, 2.0554471015930176, 0.0, 0.15464192628860474, 0.16559715569019318, 0.07803717255592346, 0.0009230910800397396, 0.0, 0.8978856205940247, 4.286680221557617, 0.5695207715034485, 0.0016482995124533772, 0.01679951138794422, 0.06595588475465775, 0.6580151915550232, 0.7662493586540222, 0.0692378431558609, 0.21493257582187653, 0.24840734899044037, 0.010156809352338314, 0.0, 0.5438235402107239, 0.028796354308724403, 0.0014758207835257053, 1.3541340827941895, 1.8318274021148682, 0.7736554741859436, 0.21268236637115479, 0.38678744435310364, 0.0, 2.1475181579589844, 0.1609385758638382, 0.3470243811607361, 0.09685166925191879, 0.20653705298900604, 4.272637367248535, 0.6469999551773071, 0.45035043358802795, 0.0, 0.11711370944976807, 0.1802210509777069, 0.29152587056159973, 0.27863407135009766, 0.34196531772613525, 2.177438497543335, 0.7592089772224426, 0.25506144762039185, 0.6233108639717102, 0.0019435444846749306, 0.0, 0.8644961714744568, 0.0, 2.6847312450408936, 0.6482961773872375, 0.271859735250473, 0.09813515096902847, 0.0, 0.5411017537117004, 0.16066458821296692, 0.0, 0.20962713658809662, 0.06693403422832489, 0.13055196404457092, 0.00027331284945830703, 0.10023800283670425, 1.3722609281539917, 0.0, 1.4039543867111206, 0.0, 0.0, 6.24275541305542, 0.0, 0.346118688583374, 2.0065431594848633, 0.04900981858372688, 0.621563732624054, 0.21321137249469757, 0.2630293667316437, 0.09846782684326172, 0.527434766292572, 0.0, 0.8627658486366272, 0.5322496294975281, 0.05682971701025963, 0.9988497495651245, 0.01089733187109232, 0.01648588478565216, 0.07195250689983368, 0.057009968906641006, 0.39576900005340576, 0.23909549415111542, 0.020717311650514603, 0.8043213486671448, 2.809873342514038, 2.1786491870880127, 0.006595161277800798, 0.0, 0.3309924006462097, 3.2288613319396973, 0.0, 0.35056203603744507, 0.6404337286949158, 0.31476911902427673, 0.5167297720909119, 0.0, 0.08305352926254272, 1.4964230060577393, 0.0978967547416687, 0.06038091704249382, 0.06021120771765709, 0.1517820805311203, 0.06150410696864128, 0.0, 0.4636556804180145, 0.038391415029764175, 0.3659047782421112, 0.0, 0.3161512613296509, 0.1599637120962143, 0.11354919523000717, 0.2944446802139282, 0.008649026043713093, 0.23533020913600922, 0.4535498023033142, 0.17741914093494415, 0.0, 0.0, 0.0059599243104457855, 0.012509336695075035, 0.3226293921470642, 0.4243309199810028, 0.6956914663314819, 0.5155975818634033, 0.03606414049863815, 0.16341634094715118, 0.10871461778879166, 0.0, 0.5006559491157532, 0.0, 0.23261475563049316, 0.09419234842061996, 0.0, 0.7135829329490662, 0.06371781975030899, 0.4327269196510315, 0.28753647208213806, 2.2583062648773193, 0.8588352799415588, 0.06230347603559494, 0.03464736416935921, 0.5478065609931946, 0.0, 0.21510033309459686, 0.0035445885732769966, 0.06732506304979324, 0.08720262348651886, 0.17583084106445312, 0.02357693761587143, 0.30893826484680176, 0.0, 0.0012344243004918098, 0.2551943063735962, 0.13053646683692932, 0.03797793388366699, 0.8490765690803528, 0.0, 1.4875843524932861, 0.1724850833415985, 0.259319543838501, 0.8475705981254578, 0.2611100971698761, 1.3388779163360596, 0.1544613540172577, 0.4696071743965149, 1.1050997972488403, 0.0, 0.7534552812576294, 0.0447702594101429, 0.18491148948669434, 2.856264114379883, 0.0673481673002243, 0.5636914968490601, 0.10703674703836441, 0.1595286875963211, 0.0801914781332016, 0.0356617346405983, 1.483852505683899, 0.4503331184387207, 0.01676538586616516, 0.06145359203219414, 0.4292744994163513, 0.08803246915340424, 0.03805937618017197, 0.09802629798650742, 0.03442952409386635, 0.39757126569747925, 0.042265504598617554, 0.364972859621048, 0.04765308275818825, 0.14959372580051422, 0.3609956204891205, 0.0171311404556036, 0.22386465966701508, 0.2719208002090454, 0.002233991865068674, 0.07780135422945023, 0.0, 0.04420578107237816, 1.637760043144226, 0.06902141869068146, 0.0, 0.02546519599854946, 0.0, 0.0166061632335186, 0.16744668781757355, 0.0, 0.13641159236431122, 0.07579222321510315, 0.011995209380984306, 0.24373899400234222, 0.15645405650138855, 0.263927698135376, 0.1326257288455963, 2.630770206451416, 0.3943749964237213, 0.0882912278175354, 0.006214589346200228, 0.0005875850329175591, 0.2690792679786682, 0.036952532827854156, 0.45176243782043457, 0.0002281033230246976, 0.6630556583404541, 1.3315372467041016, 0.0, 0.26501962542533875, 0.5553447008132935, 4.407975673675537, 0.48362720012664795, 0.8926727771759033, 0.18344643712043762, 0.03856039419770241, 0.5313926935195923, 0.0, 0.004173247143626213, 0.0017674455884844065, 1.3419233560562134, 0.23262709379196167, 0.025822633877396584, 2.3608243465423584, 0.0, 0.0, 0.10312411934137344, 2.123418092727661, 0.2568111717700958, 0.38013431429862976, 0.0023088406305760145, 0.1036817878484726, 0.21871675550937653, 0.004810269922018051, 3.1722350120544434, 0.1913120150566101, 0.0008173888782039285, 0.19787628948688507, 0.0, 0.044614557176828384, 0.06995144486427307, 0.3781047761440277, 0.09716915339231491, 0.3224879801273346, 0.874647855758667, 0.2437753826379776, 1.1312793493270874, 0.07646162807941437, 0.2730594575405121, 0.591538667678833, 0.5961729884147644, 0.23740613460540771, 0.09031172096729279, 0.6035192608833313, 0.39198416471481323, 0.3387102782726288, 0.2157486528158188, 0.0, 0.5221246480941772, 0.02736206352710724, 0.06382401287555695, 1.3544343709945679, 0.7166686058044434, 0.6573227643966675, 0.27303987741470337, 0.0020111557096242905, 0.8704460263252258, 0.3015446066856384, 0.044804077595472336, 0.1777143031358719, 0.037322286516427994, 0.5562141537666321, 0.2576659321784973, 0.8967655897140503, 0.0020700644236057997, 0.0, 0.47645848989486694, 0.0, 0.08410380035638809, 0.0, 0.024500563740730286, 0.10968486964702606, 2.7353036403656006, 0.02386585623025894, 0.006872337777167559, 0.15914595127105713, 0.0, 0.0, 0.05441806837916374, 0.10758650302886963, 0.004501075018197298, 0.10075854510068893, 0.0, 0.28885766863822937, 0.7897125482559204, 0.012236344628036022, 0.03555436432361603, 1.0657787322998047, 0.028680628165602684, 0.9523981213569641, 0.06648768484592438, 0.0010607826989144087, 0.30001217126846313, 0.45281732082366943, 0.31120291352272034, 0.003982984460890293, 0.4686084985733032, 0.0, 0.344876229763031, 0.07655127346515656, 0.03334073722362518, 0.026993878185749054, 0.046973470598459244, 0.0007772324024699628, 0.012752178125083447, 0.49365925788879395, 0.12573198974132538, 0.13660024106502533, 0.3568871021270752, 4.152223587036133, 0.22775204479694366, 0.16771231591701508, 0.005266301333904266, 0.21837300062179565, 0.005488140042871237, 0.01625172048807144, 0.3283877372741699, 0.5682889223098755, 0.09411955624818802, 0.2776583731174469, 0.5344069600105286, 0.12080059945583344, 0.0, 0.0, 0.04105386137962341, 1.3010354042053223, 1.2677030563354492, 0.008615454658865929, 0.01290440559387207, 0.0, 1.2501944303512573, 0.09151846170425415, 0.059580687433481216, 0.5113729238510132, 1.5864089727401733, 0.0, 0.18251074850559235, 0.005845661275088787, 1.25117027759552, 0.23018507659435272, 0.4836997985839844, 0.027522549033164978, 1.418573021888733, 1.02194344997406, 0.000472574814921245, 0.0, 0.0, 0.0074075558222830296, 0.0, 0.2419794797897339, 0.8037654161453247, 0.006034043151885271, 0.03694721311330795, 0.902431070804596, 0.10775212943553925, 0.17727774381637573, 0.42458492517471313, 0.03945145383477211, 0.3164041340351105, 0.05747135356068611, 0.0, 0.1858532428741455, 0.0, 4.857847690582275, 0.15045958757400513, 0.08151373267173767, 0.036480870097875595, 0.08655327558517456, 0.7913299798965454, 0.26832902431488037, 0.4817955493927002, 0.35999640822410583, 0.9869850873947144, 1.6710214614868164, 0.48221611976623535, 0.040049128234386444, 0.04767284542322159, 0.0, 0.04551026225090027, 0.0, 0.25155025720596313, 1.2212990522384644, 0.19703568518161774, 0.05672874301671982, 0.0468999408185482, 0.1715499460697174, 2.187338352203369, 0.0207638181746006, 0.05453602224588394, 0.44968461990356445, 0.7000587582588196, 0.011199967935681343, 0.3870260417461395, 0.06973845511674881, 0.18798291683197021, 0.33291158080101013, 1.9239187240600586, 1.7128539085388184, 0.1094340905547142, 1.0405455827713013, 0.4213285744190216, 0.49789685010910034, 0.2212280035018921, 0.7535123229026794, 0.03868989646434784, 0.3153804838657379, 0.3480837643146515, 0.4759005606174469, 0.2589503228664398, 0.9995819330215454, 0.0383739210665226, 0.6107430458068848, 1.5025768280029297, 0.24847260117530823, 0.02050473541021347, 0.31414949893951416, 0.3893483579158783, 0.8362288475036621, 0.1718677431344986, 1.9593911170959473, 0.3454310894012451, 0.028501367196440697, 0.19794808328151703, 0.0, 0.0033917766995728016, 0.0, 0.41685715317726135, 2.2826545238494873, 0.007071713916957378, 0.4160175025463104, 1.4351955652236938, 0.16384126245975494, 0.007253954652696848, 1.108971357345581, 0.0, 0.0, 0.9865145087242126, 0.38048774003982544, 0.13697047531604767, 3.0227670669555664, 0.17732390761375427, 0.11433330923318863, 0.06780856847763062, 0.30848678946495056, 0.29358264803886414, 0.0, 0.07280778139829636, 0.06624485552310944, 0.0515274815261364, 0.7636070847511292, 0.7569401264190674, 0.7555193305015564, 0.18484212458133698, 0.17033864557743073, 0.32235267758369446, 0.047307971864938736, 0.27642446756362915, 0.00011918009840883315, 1.7976579666137695, 0.09320911020040512, 0.15421903133392334, 0.41281601786613464, 0.8030951619148254, 0.045169226825237274, 0.0, 0.32808223366737366, 0.8343297243118286, 0.03557242080569267, 0.020550012588500977, 0.6414939165115356, 0.5144470930099487, 0.17620819807052612, 0.028894692659378052, 0.0, 0.2792731821537018, 2.066283941268921, 0.04435988888144493, 0.14232952892780304, 0.4709337055683136, 0.19156435132026672, 0.42669665813446045, 0.37039950489997864, 0.03609667345881462, 0.17107631266117096, 2.613562822341919, 0.0, 0.0, 0.19399394094944, 0.05912427976727486, 0.0911705419421196, 0.014301504008471966, 0.3123684823513031, 0.01842898689210415, 0.36378106474876404, 0.0, 0.5492507815361023, 0.541863739490509, 0.5925347208976746, 0.14847072958946228, 0.05842340737581253, 0.10815814882516861, 0.36301329731941223, 0.3798019289970398, 0.0, 3.065528631210327, 1.0874788761138916, 0.04314397647976875, 0.02820601500570774, 0.02992854081094265, 0.07347644865512848, 1.743891954421997, 1.0492875576019287, 0.06643759459257126, 0.6258548498153687, 0.12013562768697739, 0.0, 0.7521877884864807, 0.18749283254146576, 0.1399734914302826, 0.0012831103522330523, 0.0, 0.0, 0.009213924407958984, 0.0, 0.025708366185426712, 0.0004952246090397239, 0.0, 3.6196165084838867, 0.17761529982089996, 0.04709450900554657, 0.03560374677181244, 1.059018611907959, 0.8213650584220886, 2.0522594451904297, 0.8248814940452576, 0.0, 0.04878750443458557, 0.9812100529670715, 0.07067278772592545, 0.0, 0.7113927602767944, 0.02055097557604313, 0.07360459119081497, 0.09337232261896133, 0.0, 1.1398036479949951, 0.0, 3.738313674926758, 0.0, 0.12737129628658295, 0.13548201322555542, 0.02375030517578125, 0.0, 0.22837619483470917, 0.0, 0.0, 0.08626744896173477, 0.029492801055312157, 0.28474727272987366, 2.445812940597534, 0.0371042862534523, 0.0, 0.04880740866065025, 0.04455797001719475, 0.4510854482650757, 0.0, 0.13453428447246552, 0.02869849093258381, 0.043770819902420044, 0.09567861258983612, 0.20568886399269104, 0.0, 0.28465622663497925, 0.0, 0.5250547528266907, 0.15257608890533447, 0.02717701345682144, 0.0, 0.17030175030231476, 0.08927302807569504, 0.3919103145599365, 1.5473461151123047, 0.11569137871265411, 0.12006495893001556, 0.0, 0.04118730500340462, 0.015960080549120903, 0.06918886303901672, 0.030632734298706055, 1.6893864870071411, 0.8664881587028503, 0.0, 0.04786380007863045, 0.2494812160730362, 3.6422152519226074, 4.71684455871582, 0.009169444441795349, 0.5815945267677307, 0.34610188007354736, 0.0, 1.5171728134155273, 0.13045814633369446, 2.056912422180176, 0.7412286996841431, 2.0935564041137695, 0.45679396390914917, 2.1623318195343018, 0.7260569930076599, 1.197385311126709, 0.0, 0.3204941749572754, 0.016482790932059288, 0.024991847574710846, 0.48139339685440063, 0.37895023822784424, 0.0010438329773023725, 0.0, 0.8857640027999878, 0.0, 0.0067604416981339455, 0.0, 2.023393392562866, 0.07130145281553268, 0.033838026225566864, 4.827333450317383, 0.0, 0.2026248425245285, 0.09793870151042938, 0.0, 3.5444047451019287, 0.03717215731739998, 0.4827486276626587, 0.23895518481731415, 1.2765638828277588, 1.3759180307388306, 1.4330164194107056, 0.1704912781715393, 0.02810242958366871, 0.8069855570793152, 0.0928816869854927, 0.19846001267433167, 1.337741732597351, 0.009161285124719143, 1.055722951889038, 0.5937842726707458, 0.0, 0.221647247672081, 0.07950680702924728, 0.19235973060131073, 0.0, 0.2599199712276459, 0.1479688137769699, 0.15750643610954285, 0.12110442668199539, 0.062306925654411316, 0.2454022914171219, 0.26409438252449036, 0.0, 1.013516902923584, 1.9274311065673828, 0.4135390818119049, 0.0, 0.010327390395104885, 0.008773047477006912, 0.0, 0.05621828883886337, 0.7046046257019043, 0.07946093380451202, 0.037897899746894836, 0.010806032456457615, 1.9722259044647217, 0.0, 0.10780124366283417, 0.4361724555492401, 0.15167781710624695, 0.054872866719961166, 0.030820272862911224, 0.2460106611251831, 0.11182308197021484, 0.12605831027030945, 0.6059914231300354, 0.1996770203113556, 0.6761563420295715, 0.2504896819591522, 0.007341448217630386, 0.0702049508690834, 1.2209662199020386, 3.28825044631958, 0.04857586696743965, 0.25733238458633423, 0.28844642639160156, 0.046810705214738846, 0.06501912325620651, 0.6266988515853882, 0.0025246678851544857, 0.2739822566509247, 0.0, 0.03338920697569847, 0.05233273282647133, 0.04919634014368057, 0.031012127175927162, 0.1761448085308075, 0.8032358884811401, 0.7174098491668701, 0.23797199130058289, 0.8374207019805908, 0.24629175662994385, 0.19292762875556946, 0.39762187004089355, 0.3477794826030731, 0.5400058627128601, 0.029634986072778702, 0.5669896006584167, 0.19208697974681854, 0.13894902169704437, 0.5633464455604553, 0.04770271107554436, 0.46188122034072876, 0.8828546404838562, 0.3430374264717102, 0.0, 0.31454744935035706, 0.04618988186120987, 0.0, 0.09336328506469727, 1.0348148345947266, 0.5323130488395691, 0.11786721646785736, 2.6858346462249756, 0.2272222489118576, 0.2288239598274231, 0.1986866593360901, 0.15516600012779236, 0.6762419939041138, 0.007100105285644531, 0.06764726340770721, 1.148769736289978, 0.20395198464393616, 0.4802229106426239, 1.004713773727417, 0.0, 0.13730384409427643, 0.9224483966827393, 0.12667590379714966, 0.028011515736579895, 0.018083320930600166, 0.05177885666489601, 0.02784140221774578, 0.11694151908159256, 0.17633768916130066, 0.08879268169403076, 0.44363996386528015, 0.42670437693595886, 0.17565061151981354, 0.4295556843280792, 1.6701946258544922, 0.21939240396022797, 1.3507578372955322, 0.0, 0.01635344699025154, 0.0, 1.1216329336166382, 0.421520859003067, 0.08498131483793259, 0.0, 1.9075429439544678, 0.042606353759765625, 0.4252549707889557, 0.003364195581525564, 0.2392638474702835, 0.38464826345443726, 0.4823603630065918, 4.065815448760986, 0.06841991096735, 0.003977279178798199, 0.5739606618881226, 0.021946566179394722, 0.16784974932670593, 1.5492323637008667, 0.16629351675510406, 0.027393292635679245, 0.37801769375801086, 2.1242284774780273, 2.034071922302246, 0.197562113404274, 0.0, 0.0, 0.5271433591842651, 0.0, 0.06549365073442459, 0.03668365254998207, 0.04052702337503433, 0.3193928897380829, 0.03872591257095337, 0.17243361473083496, 0.9352819323539734, 0.6081902384757996, 0.5989488363265991, 0.03385742008686066, 0.05659974366426468, 0.0, 0.6855196356773376, 0.16189636290073395, 0.007010080385953188, 0.01020090188831091, 0.4544990062713623, 0.16884146630764008, 0.6274460554122925, 0.4197721779346466, 0.010904375463724136, 0.07638101279735565, 0.009927963837981224, 0.0011162952287122607, 0.19522611796855927, 0.022315969690680504, 0.770788848400116, 0.25529685616493225, 0.06053135171532631, 0.6422423720359802, 0.0, 0.15460260212421417, 0.9239596128463745, 0.48453015089035034, 0.0, 0.023425593972206116, 0.16914308071136475, 0.4255777597427368, 0.0, 0.6106567978858948, 0.0, 0.10006118565797806, 0.23123902082443237, 0.40523311495780945, 1.0243834257125854, 0.03888866677880287, 0.8780359029769897, 0.35019761323928833, 1.5105129480361938, 0.0, 0.13826218247413635, 0.0, 0.06896661967039108, 0.13067476451396942, 0.14963999390602112, 0.02109665796160698, 0.06771102547645569, 0.7016632556915283, 0.12843193113803864, 0.020855363458395004, 0.3138352334499359, 1.8095550537109375, 0.026273338124155998, 0.044783126562833786, 0.14470848441123962, 0.08461352437734604, 0.1416286677122116, 0.21773847937583923, 0.6751225590705872, 1.5371224880218506, 0.0, 0.6160030961036682, 0.6489576697349548, 2.8315224647521973, 0.004246843047440052, 0.15864679217338562, 2.122749090194702, 0.2302185297012329, 1.7693637609481812, 1.1623518466949463, 3.8099918365478516, 0.0, 0.09138886630535126, 0.0021458840928971767, 0.14298343658447266, 0.11783958226442337, 0.05896217003464699, 0.18418815732002258, 0.18519076704978943, 0.0, 0.9883156418800354, 1.410384178161621, 0.0, 0.005941016133874655, 0.696677565574646, 1.1366515159606934, 1.0000958442687988, 0.32112109661102295, 1.6327803134918213, 0.0, 0.3698199987411499, 0.16150878369808197, 0.11565566807985306, 0.00936688482761383, 0.9059160351753235, 0.141958087682724, 0.20506994426250458, 1.4597373008728027, 2.616986036300659, 0.0, 1.2672044038772583, 0.26473456621170044, 0.9811549186706543, 0.11412567645311356, 0.0, 0.0, 0.0016602934338152409, 4.137423038482666, 0.5333645343780518, 0.7144818902015686, 0.1804763674736023, 0.0018051594961434603, 0.0, 0.017089197412133217, 2.191608190536499, 0.4853421747684479, 0.20262488722801208, 0.0, 0.06823501735925674, 0.7603759169578552, 0.56193608045578, 0.48177462816238403, 0.1498151421546936, 0.8782389760017395, 0.5183048844337463, 0.0, 0.4350862205028534, 0.2008236050605774, 0.18017686903476715, 0.4195924997329712, 0.17966397106647491, 2.2487690448760986, 0.7543915510177612, 0.11939080059528351, 0.12857432663440704, 0.0008666174835525453, 0.014100396074354649, 0.9173412919044495, 0.05156329646706581, 0.0, 0.240794837474823, 0.011395065113902092, 2.0670881271362305, 0.0001941992377396673, 0.04792351648211479, 0.9928014278411865, 1.1354960203170776, 0.44938036799430847, 0.14392811059951782, 0.7927210330963135, 0.33718934655189514, 2.9025979042053223, 0.14269423484802246, 5.112839221954346, 0.0053209164179861546, 0.20782087743282318, 0.4918290376663208, 0.5416994094848633, 0.033290743827819824, 0.0190033670514822, 0.807836651802063, 0.009359661489725113, 0.3395498991012573, 0.1567041575908661, 0.41226428747177124, 0.4137454032897949, 0.008478875271975994, 0.3392277956008911, 0.18538238108158112, 0.1543092131614685, 0.01106315478682518, 0.010765941813588142, 0.3382737934589386, 0.4105042517185211, 0.15030159056186676, 0.001123438123613596, 0.023539751768112183, 0.08790886402130127, 0.26454418897628784, 0.5025622844696045, 0.3866002857685089, 0.0, 0.0, 0.0, 0.13491612672805786, 0.0162154920399189, 0.04290343448519707, 1.1935898065567017, 0.06233929470181465, 1.0860962867736816, 0.29059329628944397, 0.01458992063999176, 0.6362153887748718, 0.0, 0.0757276639342308, 1.1723016500473022, 1.1853647232055664, 0.38344916701316833, 0.5472204685211182, 0.15358801186084747, 0.0, 0.4436279237270355, 1.3934803009033203, 4.344037055969238, 0.0, 0.17372357845306396, 0.13269223272800446, 0.6747250556945801, 0.020269693806767464, 0.1603754758834839, 0.700556218624115, 0.0, 0.4692956507205963, 0.05152667313814163, 2.3798229694366455, 2.3402905464172363, 1.4508111476898193, 0.0, 0.014425701461732388, 0.03307504579424858, 0.6777920722961426, 0.09994586557149887, 0.01003001444041729, 3.643327474594116, 0.049963682889938354, 0.4733920991420746, 0.23129837214946747, 2.6853649616241455, 0.028764380142092705, 0.13273866474628448, 0.14081016182899475, 1.3751336336135864, 0.1087893694639206, 0.2498025745153427, 0.7280018925666809, 0.0, 0.08840418606996536, 0.362722247838974, 0.05338725820183754, 0.2532758116722107, 0.3517635762691498, 0.02372695878148079, 0.04883216321468353, 0.06644570082426071, 0.2817208170890808, 0.3434412181377411, 0.0, 0.8222364187240601, 1.2028316259384155, 0.033960144966840744, 0.0608118399977684, 0.2367382049560547, 0.0, 0.005824230145663023, 0.13651801645755768, 0.1492745280265808, 0.5115991830825806, 1.6261643171310425, 1.1839455366134644, 0.06719666719436646, 0.0674683228135109, 1.7673405408859253, 0.2943221926689148, 0.27822116017341614, 0.3875199258327484, 0.25272825360298157, 0.09219066798686981, 0.43417927622795105, 0.0, 0.9542823433876038, 0.024536747485399246, 0.04870087653398514, 0.0, 0.30983057618141174, 0.0, 2.811089277267456, 0.6817471981048584, 1.1274529695510864, 0.11575895547866821, 0.5091754198074341, 0.0, 0.5140178799629211, 0.047227539122104645, 0.30500462651252747, 0.0, 0.011536316014826298, 0.13503140211105347, 0.12710963189601898, 1.119699478149414, 0.0, 0.0686400756239891, 0.06548153609037399, 0.19722367823123932, 0.0, 0.005852076690644026, 0.05913460999727249, 0.30993854999542236, 0.2451557070016861, 0.16660475730895996, 0.031072920188307762, 0.0817280039191246, 0.016916504129767418, 0.19345320761203766, 1.05565345287323, 0.01895996928215027, 0.2508614957332611, 0.9829971194267273, 0.00460505485534668, 0.005984226241707802, 0.9387972950935364, 0.0, 0.1527877151966095, 0.06173337250947952, 0.41008633375167847, 0.32773569226264954, 0.2065965086221695, 1.219836950302124, 0.0, 1.3403003215789795, 0.7545834183692932, 0.7022315859794617, 0.10557444393634796, 0.04047500714659691, 0.4468119740486145, 0.0, 0.009852305054664612, 0.0, 0.16686710715293884, 1.3776307106018066, 0.5370537638664246, 0.24178580939769745, 1.715347409248352, 0.11749759316444397, 1.385390281677246, 0.00023952552874106914, 3.39272141456604, 0.46896541118621826, 0.7304520606994629, 0.114680714905262, 0.6471710801124573, 0.024229664355516434, 0.03959878161549568, 1.5032750368118286, 0.11439768970012665, 0.021293990314006805, 0.09837996959686279, 0.012527738697826862, 0.03355450928211212, 0.0520961731672287, 1.475433349609375, 0.5334902405738831, 0.27715063095092773, 0.2095990628004074, 0.00417987909168005, 0.0, 0.0, 1.0621464252471924, 0.09532991051673889, 0.17497259378433228, 0.0, 0.31391286849975586, 0.2628330588340759, 0.4841107726097107, 0.28052669763565063, 0.6691746711730957, 0.0, 0.5191192030906677, 0.06047280877828598, 0.43296703696250916, 0.0, 0.03776664286851883, 0.2000638246536255, 0.3861793279647827, 0.014094749465584755, 0.9182814955711365, 0.00432189367711544, 0.0, 1.9439815282821655, 0.44697675108909607]",Testing/glioma_tumor/image(8).jpg
"[0.31135323643684387, 0.5679713487625122, 0.0, 0.13989277184009552, 1.6203882694244385, 0.5034875869750977, 1.4174667596817017, 0.1487528532743454, 0.0, 0.0, 0.00804093386977911, 0.027719181030988693, 0.10877607017755508, 0.16754409670829773, 0.007775807753205299, 0.0, 0.0, 0.3569660484790802, 0.12177222222089767, 0.0, 0.12538468837738037, 2.8202786445617676, 0.2737838625907898, 0.0701439380645752, 1.2284921407699585, 0.1807173490524292, 2.4962446689605713, 0.028281068429350853, 0.01248125359416008, 0.08396370708942413, 0.2131129652261734, 0.09163904190063477, 1.8147292137145996, 0.06280545145273209, 0.17794914543628693, 0.5354156494140625, 0.026927655562758446, 0.366107702255249, 0.08832190185785294, 0.7554849982261658, 1.2344205379486084, 1.5556408166885376, 0.17549128830432892, 0.00964213628321886, 0.0, 0.0, 0.07407177239656448, 0.0, 0.000797626911662519, 0.004749863874167204, 1.4537811279296875, 1.1789941787719727, 0.9159523248672485, 0.04076327010989189, 2.635641098022461, 0.5942501425743103, 1.6119805574417114, 0.043348729610443115, 0.10895156115293503, 0.0, 0.8300341963768005, 0.87692791223526, 0.31608304381370544, 0.30966001749038696, 0.03895419463515282, 0.0, 0.27205610275268555, 0.010783029720187187, 0.8841816782951355, 0.0002442671393509954, 0.3914048969745636, 0.06224513426423073, 0.7994754314422607, 1.5025092363357544, 0.374811589717865, 0.321343332529068, 1.1519384384155273, 0.019089465960860252, 0.0, 0.20178546011447906, 0.0, 0.0, 0.6916684508323669, 0.0, 0.15092891454696655, 0.17884553968906403, 0.6282071471214294, 0.31028008460998535, 0.1466430127620697, 0.08407939225435257, 0.4895772337913513, 0.9412720203399658, 0.0, 2.1198978424072266, 0.13609547913074493, 0.0, 0.42747989296913147, 0.10773549973964691, 0.31599196791648865, 0.5694831013679504, 0.14627118408679962, 0.9456992745399475, 0.6655061841011047, 0.0, 0.21760419011116028, 1.3494694232940674, 1.0648001432418823, 1.1087126731872559, 0.29358914494514465, 0.05114313215017319, 0.10479767620563507, 0.14116699993610382, 0.11219890415668488, 0.3038424849510193, 1.106588363647461, 0.29425084590911865, 0.08043988049030304, 0.8821246027946472, 0.020521365106105804, 0.00032425657263956964, 0.11589351296424866, 0.0, 0.0, 0.14217646420001984, 1.7473020553588867, 0.7868393659591675, 0.0, 0.698443591594696, 1.5344371795654297, 0.0, 0.0018875380046665668, 3.489211320877075, 0.22936098277568817, 0.007190831005573273, 0.023716216906905174, 0.22109854221343994, 0.5931092500686646, 0.03495952859520912, 0.036836057901382446, 0.0, 0.5107982158660889, 0.3170892298221588, 0.0, 0.1824655383825302, 0.6746023297309875, 0.0, 0.0, 1.111367106437683, 0.1999543458223343, 0.0, 2.5313377380371094, 0.4559217095375061, 0.24826093018054962, 0.0, 0.12360953539609909, 0.8388470411300659, 0.0, 0.3036472201347351, 2.924243211746216, 0.09191415458917618, 0.17112287878990173, 0.4245455861091614, 0.11357521265745163, 0.14658407866954803, 0.0, 0.025273727253079414, 0.6660470962524414, 0.00018524150073062629, 0.0710286945104599, 8.764335632324219, 0.4162117838859558, 0.008359753526747227, 0.031986407935619354, 0.5507997274398804, 0.6819999814033508, 0.25498414039611816, 0.14012247323989868, 0.055921174585819244, 0.2585228979587555, 0.6617591977119446, 0.4543323218822479, 0.0, 0.26741525530815125, 0.0, 0.9519665837287903, 0.3215063512325287, 0.17969627678394318, 1.106440544128418, 0.22578641772270203, 0.013563880696892738, 0.0, 0.1272335648536682, 0.016204962506890297, 0.0011159545974805951, 0.009389585815370083, 0.920495331287384, 0.09971443563699722, 0.33143606781959534, 0.0, 0.0014364281669259071, 1.0229690074920654, 0.0, 0.027535177767276764, 0.5019272565841675, 0.6320075988769531, 0.31229734420776367, 0.10442889481782913, 0.02527766302227974, 0.29820775985717773, 0.040894996374845505, 0.4108278751373291, 1.3944441080093384, 0.0, 0.41215837001800537, 0.06737225502729416, 0.5221781730651855, 0.0, 0.19197292625904083, 0.7957362532615662, 0.0, 0.2718823552131653, 0.12589560449123383, 0.8955355286598206, 0.20102456212043762, 0.09575758129358292, 1.674343228340149, 0.6571962237358093, 0.09688080847263336, 0.45153117179870605, 0.2500947415828705, 0.21334834396839142, 0.21781033277511597, 0.268341988325119, 1.5648157596588135, 0.5461587905883789, 0.0004820628964807838, 0.000829674769192934, 0.14549808204174042, 0.1367742270231247, 0.4945642948150635, 0.0, 1.848270297050476, 1.6188709735870361, 0.07147615402936935, 0.13629871606826782, 0.021518293768167496, 0.005455878097563982, 0.5594428181648254, 0.07092892378568649, 0.8288712501525879, 0.7408205270767212, 0.05243837460875511, 1.0493444204330444, 0.08492539823055267, 0.09413738548755646, 0.18302001059055328, 0.043669190257787704, 2.021904706954956, 0.0, 0.8567057251930237, 0.0, 0.04006463289260864, 0.31638821959495544, 0.0, 0.00274913408793509, 0.045485302805900574, 0.2787914574146271, 0.07777009904384613, 0.0, 0.0, 0.27107885479927063, 0.008609214797616005, 0.8364841938018799, 0.0, 1.541730284690857, 0.4438270926475525, 0.1527869701385498, 0.14389677345752716, 0.45355820655822754, 0.0, 2.5892133712768555, 0.9605514407157898, 2.2295737266540527, 0.19690610468387604, 0.022105799987912178, 0.03234207257628441, 0.7439982891082764, 0.1280348002910614, 0.07170949876308441, 0.02529934048652649, 0.02685190550982952, 0.0, 0.002589181996881962, 0.06509216874837875, 0.9639355540275574, 0.6756146550178528, 0.07704595476388931, 0.08667691051959991, 0.46553000807762146, 0.0, 0.9627205729484558, 0.016981665045022964, 5.039316654205322, 0.4348519742488861, 0.5813759565353394, 0.7862339615821838, 0.0, 0.07401813566684723, 0.09968504309654236, 0.8000184893608093, 0.3344155251979828, 1.4720509052276611, 0.25904157757759094, 0.1189737319946289, 0.18948982656002045, 0.9671516418457031, 0.3874087929725647, 0.0, 0.0, 0.07646595686674118, 0.3374674320220947, 0.21073158085346222, 0.022180723026394844, 0.012753753922879696, 0.0, 0.0, 0.10588479787111282, 0.0, 2.199327230453491, 1.0197526216506958, 0.7367667555809021, 0.0, 0.17530784010887146, 0.33439093828201294, 0.0, 0.0, 1.537136197090149, 0.23823511600494385, 1.5274463891983032, 0.01612783782184124, 0.4408056437969208, 0.20213179290294647, 1.2180677652359009, 0.02603498101234436, 0.0, 0.03290211036801338, 0.06156838685274124, 0.0, 0.09879696369171143, 1.2260304689407349, 0.021690811961889267, 0.0, 0.4523564279079437, 0.6114985346794128, 1.0345242023468018, 0.19337595999240875, 0.08379159867763519, 0.0026937893126159906, 0.6382957100868225, 1.0172185897827148, 0.04187580943107605, 1.2319097518920898, 0.005110385362058878, 0.052324820309877396, 0.48007872700691223, 0.2922661602497101, 0.4344842731952667, 0.0, 2.0103557109832764, 0.5880630016326904, 0.0706138089299202, 0.014123279601335526, 0.7132522463798523, 4.215244770050049, 0.0013058185577392578, 0.022948140278458595, 1.5832173824310303, 0.3380695581436157, 0.0, 0.01952938921749592, 0.48327115178108215, 0.20813222229480743, 0.006899998988956213, 0.0, 0.028589358553290367, 0.16242332756519318, 1.1748849153518677, 0.21872779726982117, 0.0, 0.031458139419555664, 0.0, 0.10505327582359314, 0.4309121072292328, 0.16659149527549744, 0.0, 1.0279632806777954, 0.0318775437772274, 0.23741714656352997, 0.0, 0.1594509780406952, 0.15860135853290558, 0.0, 0.03063669428229332, 0.5183937549591064, 0.0458950512111187, 4.7787861824035645, 0.17697882652282715, 0.0, 0.08642753958702087, 1.1825724840164185, 0.0017548920586705208, 0.19285547733306885, 0.07638895511627197, 0.0, 0.013401639647781849, 2.7370166778564453, 0.0, 0.33547425270080566, 0.0, 0.12237516790628433, 0.9473483562469482, 0.09696950018405914, 0.02526075951755047, 0.08100546896457672, 0.0, 0.0, 0.06727951765060425, 0.40852200984954834, 0.42825621366500854, 0.01192065142095089, 0.5782483220100403, 0.5001541972160339, 0.5999094843864441, 0.34786590933799744, 1.4683359861373901, 1.764049768447876, 0.0028257491067051888, 0.7217162847518921, 0.39663147926330566, 0.006380200386047363, 0.03459445387125015, 0.0, 1.3457353115081787, 1.0106478929519653, 0.06988748162984848, 0.04753981903195381, 0.0, 0.5162267088890076, 0.0, 0.04973619431257248, 0.047810040414333344, 0.014741683378815651, 0.07298079133033752, 0.05672980472445488, 0.0, 1.1456944942474365, 1.2709873914718628, 0.7321574687957764, 0.03939247131347656, 1.8659870624542236, 0.11564543098211288, 1.1509441137313843, 0.9115171432495117, 0.34556642174720764, 0.009985581040382385, 0.0, 0.19451312720775604, 0.2777055501937866, 0.25890588760375977, 0.5474853515625, 0.22359992563724518, 0.04290289804339409, 0.32020479440689087, 0.22502271831035614, 0.04144389182329178, 0.1215227022767067, 0.003836641553789377, 0.004745303187519312, 0.19406476616859436, 0.25065040588378906, 1.1911818981170654, 0.1912558674812317, 0.3687349557876587, 0.5923032760620117, 0.0024497532285749912, 0.0009449112112633884, 0.0, 0.0, 0.17904607951641083, 0.12452452629804611, 0.06787383556365967, 0.8340650796890259, 0.1681864857673645, 0.0, 0.41545653343200684, 0.05353899300098419, 0.06684863567352295, 0.08376538008451462, 1.0150309801101685, 0.3435717225074768, 0.32108569145202637, 0.022153275087475777, 0.07531362771987915, 4.28560733795166, 0.3153213858604431, 0.2009827345609665, 0.0, 0.26998400688171387, 0.03783034905791283, 0.972626268863678, 0.0, 0.11409353464841843, 0.0, 0.22304312884807587, 0.08874543756246567, 0.22139985859394073, 0.285404235124588, 0.03757789358496666, 0.036022793501615524, 0.02972107008099556, 0.012840568087995052, 0.14222115278244019, 0.13193964958190918, 0.013695389963686466, 0.030556408688426018, 0.02734372578561306, 0.0, 0.0, 0.11797424405813217, 1.1588205099105835, 0.01863832399249077, 0.7012132406234741, 0.7539162635803223, 4.091324806213379, 0.10385351628065109, 1.3766058683395386, 3.265458345413208, 0.007051861844956875, 0.06610742211341858, 0.7021280527114868, 0.06702975183725357, 0.2868015468120575, 0.4515509307384491, 0.44939562678337097, 0.44138264656066895, 0.2661915719509125, 0.007282726466655731, 0.17590858042240143, 0.0008444639970548451, 0.0699101984500885, 0.032982174307107925, 0.0, 0.20903733372688293, 0.013260134495794773, 0.9412422776222229, 3.2709617614746094, 0.5748722553253174, 0.0, 0.16096414625644684, 0.09385277330875397, 1.9470361471176147, 1.8877043724060059, 0.7124735713005066, 0.0474780835211277, 0.08435748517513275, 0.0, 0.5550679564476013, 0.000885968329384923, 1.4115879535675049, 0.02819085121154785, 0.6444626450538635, 0.08998308330774307, 0.0011044861748814583, 0.04214778542518616, 0.09255433827638626, 0.8640380501747131, 0.0, 3.60164475440979, 0.0, 0.13930606842041016, 1.0884575843811035, 0.0010272166691720486, 0.016019590198993683, 0.20569629967212677, 0.0, 0.1466405689716339, 0.2922884225845337, 0.0, 0.07060054689645767, 0.0, 0.0, 0.0604584664106369, 0.23303000628948212, 0.0, 0.07790437340736389, 0.10157479345798492, 0.05475298687815666, 0.07191860675811768, 0.004825132433325052, 0.054619401693344116, 0.2744181752204895, 0.0010129237780347466, 6.539091110229492, 0.6106856465339661, 0.02790217101573944, 0.2915109395980835, 0.30731457471847534, 0.14913184940814972, 0.20254796743392944, 0.28926172852516174, 0.06163305789232254, 0.600874125957489, 0.1362682282924652, 0.1769818663597107, 0.0, 0.0, 0.0, 0.025872955098748207, 0.0, 0.0, 0.5953165888786316, 0.06446225196123123, 3.3397042751312256, 0.6029775738716125, 2.6432340145111084, 0.3632040321826935, 0.10938945412635803, 0.0, 0.0, 0.15633243322372437, 0.20503191649913788, 0.049211371690034866, 0.1037762239575386, 0.4765024483203888, 0.1196584478020668, 0.0, 0.06645476818084717, 0.0, 0.36452654004096985, 0.9949252009391785, 1.7171142101287842, 0.03947686776518822, 0.6529531478881836, 0.1476394087076187, 0.0, 0.0861390084028244, 3.6548237800598145, 0.06795953214168549, 0.04689068719744682, 0.0, 1.5129979848861694, 0.08149783313274384, 0.5057764053344727, 0.03809906914830208, 2.3866872787475586, 0.016251400113105774, 0.09653101116418839, 0.2053835093975067, 0.5416325330734253, 0.0, 0.43155840039253235, 0.1859510838985443, 0.5729043483734131, 0.1273912638425827, 4.164712905883789, 0.012939207255840302, 3.728564500808716, 0.18396179378032684, 0.18993598222732544, 0.43498480319976807, 0.0, 0.055997226387262344, 0.12615124881267548, 0.20993652939796448, 0.02543780207633972, 0.2359524518251419, 0.0, 0.0068870955146849155, 0.48729437589645386, 0.40368300676345825, 1.5372580289840698, 0.0868876725435257, 0.009184355847537518, 0.14199967682361603, 1.0732051134109497, 0.3496907353401184, 0.09301430732011795, 0.0, 1.6147490739822388, 0.4342506527900696, 0.0, 0.07094651460647583, 0.6359920501708984, 0.013652332127094269, 0.22529679536819458, 0.8274927139282227, 0.3738214075565338, 0.5766935348510742, 0.0, 0.0, 0.11628128588199615, 0.1851264238357544, 0.4776686131954193, 0.34886983036994934, 0.015305686742067337, 0.007925208657979965, 3.396265983581543, 0.8487574458122253, 1.3839024305343628, 0.0, 1.4013051986694336, 0.15076886117458344, 0.018228329718112946, 0.012483528815209866, 0.1784271001815796, 0.03342278301715851, 0.027465611696243286, 0.007720472756773233, 0.0, 0.007747985888272524, 0.129562109708786, 5.200081825256348, 0.023484081029891968, 0.09697606414556503, 0.22356480360031128, 3.733337163925171, 1.2935734987258911, 0.58333820104599, 0.2793366611003876, 0.7285308837890625, 0.0, 0.37286123633384705, 0.040359437465667725, 0.13820640742778778, 2.519453287124634, 0.30414336919784546, 0.4999055564403534, 0.2567009925842285, 0.6845329403877258, 0.03368118777871132, 0.0, 0.046544112265110016, 4.410849571228027, 0.009029721841216087, 0.052973028272390366, 0.3679814338684082, 0.0345175564289093, 0.0, 0.09709654003381729, 0.24647730588912964, 0.3273470103740692, 1.200840950012207, 0.20997755229473114, 0.010853465646505356, 0.5726528763771057, 0.12670713663101196, 1.4189512729644775, 0.2508297264575958, 0.15246780216693878, 0.22946517169475555, 2.441237688064575, 0.026722688227891922, 3.135690450668335, 2.2613563537597656, 0.00929407961666584, 0.05719328299164772, 0.0, 0.0, 0.10089371353387833, 0.4792442321777344, 0.0013169950107112527, 0.0, 0.6746254563331604, 0.002887224778532982, 0.15804016590118408, 0.0, 0.49521946907043457, 0.011266406625509262, 3.3696577548980713, 0.017737427726387978, 0.37050777673721313, 0.5267618894577026, 0.10556191205978394, 0.07474851608276367, 0.0572214238345623, 0.0, 2.188354015350342, 0.21186496317386627, 0.360433965921402, 0.0064339591190218925, 0.7507762312889099, 0.5886538028717041, 0.1776999682188034, 0.035423580557107925, 0.2628387212753296, 0.3747501075267792, 0.013814687728881836, 0.0, 0.7644763588905334, 0.19980482757091522, 0.0, 0.33617720007896423, 0.04734561964869499, 0.11428731679916382, 0.0, 0.2523938715457916, 0.5770012140274048, 0.38156208395957947, 1.9752111434936523, 0.058244820684194565, 0.012628798373043537, 0.1649906039237976, 3.7279813289642334, 0.006855570711195469, 4.137818813323975, 0.1622159481048584, 1.5564372539520264, 0.817112922668457, 0.0, 0.0, 0.0, 0.5668574571609497, 0.06498801708221436, 0.010513998568058014, 0.14764907956123352, 0.7578503489494324, 0.1450069397687912, 0.0, 1.1734223365783691, 3.4607748985290527, 0.3171418607234955, 0.28957584500312805, 0.7099120616912842, 1.195428490638733, 0.04172354191541672, 2.548780679702759, 0.0, 0.0, 0.04911421611905098, 0.11269757896661758, 0.009806124493479729, 0.0, 1.7504291534423828, 6.248629093170166, 0.07029744982719421, 0.33080559968948364, 0.2445233017206192, 0.009518058970570564, 1.175338625907898, 0.6045467853546143, 0.0, 0.5076412558555603, 0.6287684440612793, 0.03475498780608177, 0.08265958726406097, 0.3668421506881714, 0.21452094614505768, 0.0, 0.16592904925346375, 1.975710391998291, 0.3626810312271118, 0.23089241981506348, 0.08759712427854538, 0.0, 0.14568854868412018, 0.3088246285915375, 0.04088351130485535, 0.11687466502189636, 0.8129203915596008, 1.512856364250183, 0.0, 0.08376956731081009, 0.0, 0.25181829929351807, 0.12707045674324036, 0.6245636343955994, 0.011213845573365688, 0.0285966657102108, 4.49191427230835, 0.9043465256690979, 0.07731473445892334, 0.20109622180461884, 0.12705416977405548, 0.0, 1.7977497577667236, 0.004420674405992031, 2.1472601890563965, 1.20125150680542, 0.567710280418396, 0.2378135621547699, 0.0, 0.42884761095046997, 0.029256615787744522, 0.0, 0.09992249310016632, 0.020863382145762444, 0.20259588956832886, 0.013935612514615059, 0.9866394996643066, 2.499227523803711, 0.014696470461785793, 0.9734139442443848, 0.4638925790786743, 0.0031009328085929155, 6.314121723175049, 0.0, 0.05013548582792282, 2.4619271755218506, 0.028926342725753784, 0.0, 0.07648011296987534, 0.018041547387838364, 0.2387704849243164, 0.08727961778640747, 0.0, 0.2543184459209442, 0.0016330407233908772, 0.0, 0.8217148780822754, 0.0, 0.04635332152247429, 0.23932114243507385, 0.5635179281234741, 0.5276563763618469, 0.2882644832134247, 0.06446345895528793, 0.695478618144989, 0.8911706805229187, 1.3568223714828491, 0.02443193644285202, 0.0, 0.5957217812538147, 0.5603795051574707, 0.0, 0.8065997362136841, 0.3104296624660492, 0.044554345309734344, 0.7727845907211304, 0.0, 0.21264605224132538, 0.21848055720329285, 0.652859628200531, 0.0, 0.09731785207986832, 0.03283902257680893, 0.21007272601127625, 0.16400301456451416, 0.16106832027435303, 0.05433584749698639, 0.238520547747612, 0.0, 0.6285011172294617, 0.282299280166626, 0.02770383097231388, 0.15308964252471924, 0.03949020057916641, 0.012323379516601562, 0.08119558542966843, 0.6744115948677063, 0.35224902629852295, 0.0, 0.0, 0.0, 0.43113046884536743, 0.5611551403999329, 1.2141467332839966, 0.8604121208190918, 0.8089276552200317, 0.26685625314712524, 0.16319921612739563, 0.0, 0.5232626795768738, 0.0, 1.0088450908660889, 0.0, 0.06094670668244362, 0.18443909287452698, 0.021012865006923676, 0.5829949378967285, 0.6116765737533569, 3.2019052505493164, 1.816601037979126, 0.0, 0.0, 1.2417677640914917, 0.027650849893689156, 0.10661214590072632, 0.008088460192084312, 0.05378066375851631, 0.04590417817234993, 0.05863131955265999, 0.0, 0.694770872592926, 0.03096098266541958, 0.3715132176876068, 0.11245686560869217, 0.0, 0.008080966770648956, 0.24239414930343628, 0.0, 2.2569942474365234, 0.025846851989626884, 0.0, 0.5083444714546204, 1.1266604661941528, 0.053283341228961945, 0.0, 0.15377886593341827, 2.865246534347534, 0.0, 0.46127063035964966, 0.0, 0.0, 3.6936287879943848, 0.01236164290457964, 0.33170539140701294, 0.20960001647472382, 0.32626041769981384, 0.010119039565324783, 1.4426871538162231, 0.5880674123764038, 0.5911248922348022, 0.01312199141830206, 0.3658832609653473, 0.5648778080940247, 0.010855451226234436, 0.16697463393211365, 0.04779694974422455, 0.1907966136932373, 0.09945666790008545, 0.24057789146900177, 0.07718788832426071, 0.23024071753025055, 0.308383584022522, 0.02824857272207737, 0.8029036521911621, 0.0, 0.021766453981399536, 0.0, 0.08030238747596741, 0.0, 0.0, 0.7020721435546875, 0.11631684750318527, 0.048649273812770844, 0.2658839821815491, 0.04433184862136841, 0.0185905322432518, 0.019362686201930046, 0.004512441344559193, 0.06189734488725662, 0.1676376760005951, 0.014900794252753258, 0.05680614709854126, 0.15032662451267242, 0.034696418792009354, 0.40644189715385437, 2.3454973697662354, 0.0, 0.5399319529533386, 0.016432182863354683, 0.02534838579595089, 0.8146646618843079, 0.044288553297519684, 0.07063163071870804, 0.02261314168572426, 0.2675732970237732, 0.08727048337459564, 0.31377118825912476, 0.24212384223937988, 0.4010661244392395, 3.934839963912964, 0.9722068905830383, 0.35172510147094727, 0.17728479206562042, 0.1220371201634407, 0.20405039191246033, 0.03752739727497101, 0.0846439078450203, 0.049234576523303986, 1.1857434511184692, 0.11544257402420044, 1.1104642152786255, 5.864120006561279, 0.046632833778858185, 0.4805792272090912, 0.12729495763778687, 1.478232741355896, 0.7210803627967834, 0.33319583535194397, 0.0, 0.3912152349948883, 0.024258900433778763, 0.0, 5.719122409820557, 0.0, 0.1689755618572235, 0.2910795211791992, 0.05461389198899269, 0.24527989327907562, 0.060893673449754715, 0.23048430681228638, 0.1608038991689682, 0.01101022120565176, 0.06493152678012848, 0.0, 1.065340280532837, 0.28287234902381897, 0.0, 0.4853303134441376, 0.03387722745537758, 0.2529897093772888, 0.32018399238586426, 0.0, 0.21161219477653503, 0.08914312720298767, 0.07398197799921036, 0.13256214559078217, 0.333034485578537, 0.09577150642871857, 0.20330744981765747, 0.05132123455405235, 0.0, 0.5041850209236145, 0.0, 0.074080690741539, 0.37408575415611267, 0.39667201042175293, 0.26078149676322937, 0.9009675979614258, 0.010405211709439754, 0.10243762284517288, 0.0606105774641037, 1.3913987874984741, 0.01004176214337349, 0.43317553400993347, 0.4129733741283417, 0.017160186544060707, 0.0, 0.0, 0.02437094785273075, 0.018110182136297226, 2.0756726264953613, 0.010033471509814262, 0.42101940512657166, 0.0, 0.0, 0.0, 0.0, 0.0, 0.005011427216231823, 0.410096138715744, 0.0053397780284285545, 0.053898751735687256, 1.1487292051315308, 0.0, 0.014472869224846363, 1.1232842206954956, 0.008561071008443832, 0.00912362989038229, 0.03747795894742012, 0.0, 0.33084890246391296, 0.5841074585914612, 0.6189104318618774, 0.03437260910868645, 0.05400016903877258, 0.05932987853884697, 0.0, 0.0, 0.16601426899433136, 0.0, 0.0029947052244096994, 0.0, 0.020655788481235504, 1.0255420207977295, 0.13557970523834229, 0.04071330279111862, 0.0, 4.509967803955078, 0.0, 0.17768171429634094, 0.3017623722553253, 0.7752448320388794, 0.0023335509467869997, 0.05136794596910477, 0.029605211690068245, 1.032791018486023, 0.3572615087032318, 0.766839325428009, 1.5408236980438232, 0.0, 0.07222651690244675, 0.30876970291137695, 0.03392227739095688, 2.0478811264038086, 0.9893280267715454, 0.274433970451355, 0.0, 0.2597411274909973, 0.07102811336517334, 0.17190197110176086, 0.36729633808135986, 0.031329039484262466, 0.17454050481319427, 0.006749625317752361, 0.03859752416610718, 0.021443327888846397, 0.30929675698280334, 0.5988316535949707, 0.4746605157852173, 0.0, 0.15265266597270966, 0.37424659729003906, 0.029686318710446358, 0.0, 0.0, 0.2290627807378769, 0.3349561393260956, 0.3639627993106842, 0.8847724795341492, 0.0, 0.0322769358754158, 2.2639341354370117, 0.03061654418706894, 0.3659944236278534, 0.04712991788983345, 0.01693686656653881, 0.09935290366411209, 0.047044072300195694, 0.0, 0.0, 0.0, 7.249820709228516, 0.10530996322631836, 0.11219047755002975, 0.21786253154277802, 0.04871783405542374, 1.0033386945724487, 0.13757342100143433, 0.1489250808954239, 0.17078590393066406, 0.2597907483577728, 1.2351922988891602, 0.03124682605266571, 0.43432384729385376, 0.09603291749954224, 0.0, 0.43967655301094055, 0.014568883925676346, 0.018088825047016144, 1.803205966949463, 0.688610315322876, 0.07175204902887344, 0.0539361909031868, 0.0, 1.0043079853057861, 0.0, 0.0, 0.043923214077949524, 0.017217840999364853, 0.055337924510240555, 0.3574660122394562, 0.9936695694923401, 1.495748519897461, 0.12270250171422958, 0.8403412103652954, 2.7522132396698, 0.4687010645866394, 0.30869823694229126, 0.005114168394356966, 0.03323635458946228, 0.21606053411960602, 0.0, 0.05537452548742294, 0.02875625342130661, 0.615039050579071, 0.6748624444007874, 0.26078614592552185, 0.39426514506340027, 0.0, 0.19820021092891693, 0.4830862879753113, 0.0, 0.09401220083236694, 0.10050399601459503, 0.0, 0.3996710181236267, 0.8473849892616272, 1.7465872764587402, 0.10875269770622253, 0.01062875147908926, 0.1587291955947876, 0.0, 0.06198549643158913, 0.0, 0.42073237895965576, 0.5080515742301941, 0.019446855410933495, 0.0010444996878504753, 0.3557535409927368, 0.018635623157024384, 0.4040753245353699, 0.04940660670399666, 0.09327488392591476, 0.0, 0.6348035931587219, 0.5704365968704224, 0.5068522691726685, 2.834541082382202, 0.21957606077194214, 0.22752302885055542, 0.03654303774237633, 0.11015797406435013, 0.3211236000061035, 0.6441519856452942, 0.12841495871543884, 0.15506599843502045, 0.08724426478147507, 0.9258525371551514, 1.5973349809646606, 0.36408019065856934, 0.0, 0.03201790899038315, 0.0, 0.0, 0.22701261937618256, 0.0, 0.44791918992996216, 0.0, 0.10427693277597427, 0.08197081834077835, 0.013756859116256237, 0.0, 0.0, 0.6972211003303528, 0.3533753454685211, 0.06194954365491867, 0.4301939308643341, 1.7682489156723022, 0.06974110007286072, 0.25710445642471313, 0.0, 0.0, 0.0, 1.5691324472427368, 0.12079863995313644, 0.06410286575555801, 0.0, 0.590049684047699, 0.549358069896698, 0.07714974880218506, 0.5178558826446533, 0.22359471023082733, 4.312222957611084, 0.02827117219567299, 0.16469433903694153, 0.0, 0.07047390192747116, 0.03856098651885986, 0.14936532080173492, 0.23738573491573334, 0.10049010068178177, 0.2801763117313385, 0.0, 2.100353240966797, 0.08340367674827576, 0.4371846914291382, 0.33281201124191284, 0.06696577370166779, 0.8687658309936523, 1.163764476776123, 0.4885867238044739, 0.0, 2.679567337036133, 0.8006972670555115, 0.15527328848838806, 0.09867092967033386, 0.14750641584396362, 0.0987539291381836, 0.09732791036367416, 1.4716378450393677, 0.03540950268507004, 0.7877357006072998, 0.32801708579063416, 0.0, 0.76241534948349, 0.30711686611175537, 0.9137148261070251, 0.013597417622804642, 0.0, 0.0, 0.0, 0.007357376161962748, 0.06779302656650543, 0.03172917664051056, 0.0, 4.557753562927246, 0.0, 0.06807368993759155, 0.18011754751205444, 0.15073144435882568, 0.0, 0.3503776788711548, 0.4303809702396393, 0.0, 0.08920155465602875, 0.38209596276283264, 1.2779169082641602, 0.0007420145557262003, 0.3010040521621704, 0.001211594557389617, 5.790165573671402e-07, 0.7192456126213074, 0.5961622595787048, 0.4085399806499481, 0.0, 0.4705526828765869, 0.007116972003132105, 0.6031908392906189, 0.1667681783437729, 0.002232094295322895, 0.0, 0.2780480682849884, 0.1066444143652916, 0.16286036372184753, 0.005825626663863659, 0.0, 0.01094661932438612, 2.433959722518921, 0.1323411762714386, 0.010271363891661167, 0.0040989043191075325, 0.17532597482204437, 0.18585874140262604, 0.0, 0.0, 0.25684797763824463, 0.4054963290691376, 0.6532663702964783, 0.15744630992412567, 0.056594885885715485, 0.6868410110473633, 0.0, 0.0, 0.29974180459976196, 0.0, 0.0984395295381546, 0.5371782779693604, 0.0, 0.10396114736795425, 0.33892083168029785, 0.035097885876894, 0.014553405344486237, 0.0, 0.1586814969778061, 0.0, 0.028146563097834587, 0.008083542808890343, 0.9515658020973206, 0.6129785776138306, 0.10229725390672684, 0.9394097328186035, 0.3928748667240143, 1.9503419399261475, 1.7564983367919922, 0.0, 0.4763839542865753, 0.43872421979904175, 0.004206786397844553, 2.76705002784729, 0.003966950811445713, 2.082855463027954, 0.13684004545211792, 0.6856638193130493, 0.17724967002868652, 0.3165661692619324, 0.5901855230331421, 1.5489981174468994, 0.3888991177082062, 0.8969153761863708, 0.6955983638763428, 0.10148883610963821, 0.28670379519462585, 0.0, 0.008876338601112366, 0.0, 0.023309145122766495, 0.02322741597890854, 0.0, 0.0, 3.828850030899048, 0.0, 0.28517115116119385, 2.486812114715576, 0.0, 0.15422780811786652, 0.25678229331970215, 0.0410243459045887, 3.628523111343384, 0.18424129486083984, 0.43080735206604004, 0.02560364454984665, 0.5607200264930725, 1.087703824043274, 0.4071216881275177, 0.0, 0.0, 0.23248080909252167, 0.0632724016904831, 0.0, 0.9190768003463745, 0.13118240237236023, 1.1946475505828857, 0.4296647012233734, 0.10194753855466843, 0.047310810536146164, 6.857697007944807e-05, 0.053027138113975525, 0.0255136638879776, 0.04746782407164574, 0.21544308960437775, 0.10931061953306198, 0.6501060724258423, 0.11210118234157562, 0.009136898443102837, 0.399968683719635, 0.0011990215862169862, 0.05467839166522026, 2.719529867172241, 0.056363921612501144, 0.06277386844158173, 0.0380437970161438, 0.04486102610826492, 0.0, 0.0, 0.37292391061782837, 0.14867760241031647, 0.0, 0.11499256640672684, 2.0721967220306396, 0.036009132862091064, 0.0, 0.952327311038971, 0.22523634135723114, 0.13476426899433136, 0.0, 0.6447105407714844, 1.1152725219726562, 0.029322916641831398, 1.5013965368270874, 0.6490035057067871, 0.7076452374458313, 0.3155481517314911, 0.10060790926218033, 0.1214047223329544, 0.0037627986166626215, 2.811602830886841, 0.0, 0.06190710514783859, 0.5061870813369751, 0.1579190492630005, 0.3717789649963379, 0.08258473128080368, 0.0, 0.332317590713501, 0.0, 0.033307820558547974, 0.028725141659379005, 0.01554813701659441, 0.10032734274864197, 0.0, 0.04910200461745262, 0.11069399118423462, 0.0, 0.8010085821151733, 0.2425016313791275, 0.043629057705402374, 0.9606190919876099, 0.0, 0.01761232502758503, 0.0, 0.893041729927063, 0.02014286443591118, 0.03906415030360222, 0.34730908274650574, 0.6337961554527283, 0.32113146781921387, 1.2836854457855225, 0.062074802815914154, 0.483158141374588, 0.15729732811450958, 0.0, 0.20791411399841309, 0.4604647755622864, 0.14224565029144287, 0.05266246944665909, 0.005598477087914944, 5.195699691772461, 0.018133999779820442, 0.024227891117334366, 0.05164472386240959, 0.4203154444694519, 1.522592306137085, 0.0, 0.016987783834338188, 1.4912402629852295, 0.358538955450058, 0.0, 2.0985307693481445, 0.0, 0.3834269344806671, 1.0671632289886475, 0.0, 0.0, 0.0725441500544548, 0.09039103239774704, 0.06459006667137146, 0.03643478825688362, 0.09726495295763016, 0.11973205208778381, 0.11996123939752579, 0.4126819670200348, 0.31605127453804016, 0.9760244488716125, 1.5909287929534912, 0.8914318680763245, 1.0841336250305176, 0.0, 0.26442837715148926, 0.0, 0.2083507776260376, 0.09031050652265549, 0.0, 0.0, 1.0121424198150635, 0.035031531006097794, 0.25245219469070435, 0.6907098889350891, 0.44968804717063904, 0.8862022757530212, 0.03732094541192055, 1.5810232162475586, 0.1562383770942688, 0.046303246170282364, 0.9127339720726013, 0.6018522381782532, 0.1729172170162201, 1.5480433702468872, 0.5707504749298096, 0.001686483039520681, 0.27325335144996643, 4.473715782165527, 0.4902409017086029, 0.0, 0.0, 0.0, 0.0, 0.0030227217357605696, 0.0019629269372671843, 0.21203675866127014, 0.0, 0.095481738448143, 0.018177539110183716, 0.2574058175086975, 0.6889020800590515, 2.3487660884857178, 0.15803810954093933, 0.0, 0.09234800189733505, 0.0, 0.09512809664011002, 0.0388777069747448, 0.0, 0.0, 0.2247542142868042, 0.6064355969429016, 0.3492487967014313, 0.005711776670068502, 0.0, 0.0672745481133461, 0.024014832451939583, 0.020858891308307648, 0.21927815675735474, 0.0, 1.0129600763320923, 0.003142193891108036, 0.08308565616607666, 0.920403778553009, 0.0, 0.27706378698349, 0.04697119817137718, 0.28015124797821045, 0.0, 0.0022983793169260025, 0.2542923092842102, 0.17343513667583466, 0.02257637120783329, 2.358350992202759, 0.0, 0.04589105769991875, 0.007194227073341608, 0.6704577207565308, 0.046660903841257095, 0.013559925369918346, 0.39972129464149475, 0.36993634700775146, 0.7233679890632629, 0.009199234656989574, 1.0174089670181274, 0.26740366220474243, 0.0, 0.0, 0.010035558603703976, 0.0, 0.29655465483665466, 3.1314358711242676, 0.0, 0.0, 0.0, 1.6935477256774902, 0.015878263860940933, 1.3558889627456665, 0.03237096965312958, 0.0, 0.77744060754776, 0.05070025473833084, 0.5686528086662292, 1.1937625408172607, 0.37818020582199097, 0.3915601372718811, 0.0861613005399704, 1.4599462747573853, 0.0, 0.6005871891975403, 1.3016012907028198, 0.13519902527332306, 2.3040616512298584, 0.7302711009979248, 4.036211967468262, 0.0, 0.0, 0.07232987135648727, 0.0, 0.0, 0.05961471050977707, 0.2030659168958664, 0.45736461877822876, 0.11417020112276077, 0.08573821187019348, 0.0030070471111685038, 0.043666962534189224, 0.0, 0.0, 0.4027746021747589, 0.41624730825424194, 0.07267274707555771, 2.0390312671661377, 0.0, 0.0, 0.011759555898606777, 0.0, 0.22930119931697845, 2.1397576332092285, 0.048351552337408066, 0.1671028733253479, 1.6525986194610596, 2.0745673179626465, 0.0, 1.838417649269104, 0.10046495497226715, 0.048981111496686935, 0.019510800018906593, 0.0, 0.006854018196463585, 0.011527334339916706, 0.34517088532447815, 0.15341725945472717, 0.28591036796569824, 0.0006240290240384638, 0.0, 0.0, 0.0028245497960597277, 2.4645302295684814, 0.2503877878189087, 0.08662893623113632, 0.0, 0.40550726652145386, 1.7527236938476562, 0.5043966174125671, 0.7628207206726074, 0.0852959007024765, 0.9600220322608948, 0.025865068659186363, 0.015561592765152454, 0.4758981466293335, 0.005782224703580141, 0.0639210045337677, 0.0, 0.008085795678198338, 1.4541645050048828, 0.46964821219444275, 0.09959828853607178, 0.0, 0.02278273180127144, 0.043611250817775726, 0.5476852059364319, 0.005478883162140846, 0.0, 0.030061587691307068, 0.17735238373279572, 1.2584950923919678, 0.0, 0.49054351449012756, 0.3410559296607971, 0.757215678691864, 0.0, 0.0053089880384504795, 1.6611719131469727, 0.6926636695861816, 0.6329688429832458, 0.0, 3.5185818672180176, 0.025634272024035454, 0.0, 0.3280804753303528, 0.42373165488243103, 0.0008115841192193329, 0.003176005557179451, 2.3674614429473877, 0.0, 0.2199447751045227, 0.2936261296272278, 0.38678038120269775, 0.05221330747008324, 0.034097716212272644, 0.09457218647003174, 0.33603349328041077, 0.8851696848869324, 0.0036910749040544033, 0.009108484722673893, 0.0, 0.39530882239341736, 0.3097039759159088, 0.0, 0.2087087780237198, 0.04999783635139465, 0.03049303963780403, 0.3145560920238495, 0.12333887815475464, 0.0, 0.0, 0.011520609259605408, 0.0, 0.0, 0.12060636281967163, 3.8702638149261475, 0.05325377732515335, 0.0, 0.8222059011459351, 0.0, 0.28881508111953735, 0.1365649551153183, 0.2321552187204361, 2.3252835273742676, 0.0, 1.157302737236023, 0.8296063542366028, 0.17558471858501434, 0.0, 0.0, 0.8615267872810364, 1.1221121549606323, 0.0, 0.7485111951828003, 0.04578348249197006, 0.0, 0.013155866414308548, 1.1089855432510376, 0.8378260731697083, 0.06701819598674774, 0.24825704097747803, 0.21237719058990479, 1.863407015800476, 2.030137777328491, 0.05617734417319298, 0.0, 0.0, 0.027814099565148354, 1.0464766025543213, 0.0, 0.36273154616355896, 2.8202574253082275, 0.5334010124206543, 0.363045334815979, 0.22243142127990723, 1.937985897064209, 0.3967135548591614, 0.39168035984039307, 0.0424608513712883, 0.09706949442625046, 0.19105350971221924, 0.34128645062446594, 0.7970727682113647, 0.0, 0.16539797186851501, 0.027732742950320244, 0.0, 0.0, 0.0, 0.00482789846137166, 0.0, 0.06310030072927475, 0.5032250881195068, 0.790183424949646, 0.0, 1.0895990133285522, 0.06534726172685623, 0.10427150130271912, 0.10060583055019379, 0.19805686175823212, 0.005816459655761719, 0.24908147752285004, 0.06616216897964478, 1.1854000091552734, 0.030828675255179405, 1.3105427026748657, 1.618625283241272, 0.0, 0.03811470419168472, 1.0311870574951172, 0.16178061068058014, 0.7984687685966492, 0.0, 0.04941118136048317, 0.26929330825805664, 0.3866139352321625, 0.1733536273241043, 2.684929132461548, 0.0, 0.02255622297525406, 0.04564106836915016, 0.03085537627339363, 0.09013833850622177, 1.9375650882720947, 0.25004276633262634, 1.3395147323608398, 0.19836199283599854, 0.2835794687271118, 0.0, 0.9233912229537964, 0.13821600377559662, 0.1778496950864792, 0.0, 0.0017347749089822173, 0.08804725110530853, 0.821738600730896, 1.0871052742004395, 0.050882428884506226, 0.16283847391605377, 0.0, 0.1312243789434433, 0.0, 0.0, 0.5714889764785767, 0.2399733066558838, 2.14615535736084, 0.5900854468345642, 0.45473581552505493, 0.04627116397023201, 0.1323121190071106, 1.5368454456329346, 0.9539174437522888, 0.3690278232097626, 0.32649633288383484, 0.1884174793958664, 0.034773483872413635, 0.0, 0.3518448770046234, 0.0, 0.9158110618591309, 0.0, 0.39314958453178406, 0.0, 0.05006737262010574, 1.8801003694534302, 0.14959347248077393, 0.2894519567489624, 0.8372335433959961, 0.011611365713179111, 0.0, 0.15358136594295502, 0.05656054988503456, 0.08863957226276398, 0.0, 0.5138616561889648, 0.5955287218093872, 2.1463191509246826, 2.153209686279297, 0.0, 0.8188620805740356, 0.0024248301051557064, 1.5704442262649536, 0.050690047442913055, 2.555208206176758, 0.02619938924908638, 3.2974770069122314, 0.016527395695447922, 0.10897175222635269, 0.43258821964263916, 0.34908565878868103, 2.130767345428467, 0.031427450478076935, 0.15198025107383728, 0.4540848135948181, 0.0, 0.046735938638448715, 0.19004777073860168, 0.1722300797700882, 0.48038607835769653, 0.5851367115974426, 0.06159108504652977, 0.0, 0.039833322167396545, 0.0, 0.1157427579164505, 0.006418573670089245, 0.9896914958953857, 0.0, 0.0, 0.0744771733880043, 0.03899017721414566, 0.02968517877161503, 0.9937285780906677, 0.1380491852760315, 0.4185315668582916, 0.04995252564549446, 0.08484389632940292, 0.0, 0.00728806434199214, 0.2528994679450989, 0.013880116865038872, 0.2743850350379944, 0.07383176684379578, 0.0, 0.3134944438934326, 2.3601977825164795, 0.3001754581928253]",Testing/glioma_tumor/image(50).jpg
"[0.9438613057136536, 0.48186826705932617, 0.0, 0.3328651189804077, 0.15038840472698212, 0.2057994157075882, 3.4703447818756104, 0.0, 0.0012071059318259358, 0.032680973410606384, 0.004762615542858839, 0.15833601355552673, 0.009395979344844818, 0.8112731575965881, 0.051113128662109375, 1.3662511110305786, 0.0, 1.1934025287628174, 0.20968306064605713, 0.0, 0.031274229288101196, 0.3994942903518677, 0.24221943318843842, 0.004548277240246534, 1.0460984706878662, 0.22292250394821167, 0.9343528747558594, 0.0441976822912693, 0.18800148367881775, 0.04987910017371178, 0.06464487314224243, 0.04899771511554718, 0.2942286431789398, 0.18197907507419586, 1.396982192993164, 0.7493556141853333, 0.0, 0.08606420457363129, 0.00570065900683403, 0.4568704068660736, 0.41296491026878357, 0.12494560331106186, 0.4065937399864197, 0.027202343568205833, 0.0, 0.8688891530036926, 0.0, 0.015321965329349041, 0.5148220658302307, 1.8218470811843872, 0.8488972187042236, 0.035011548548936844, 1.210922122001648, 0.02575487084686756, 1.1623241901397705, 3.3979806900024414, 0.7968116402626038, 0.21664389967918396, 0.6152999401092529, 0.07412794977426529, 0.28315725922584534, 0.4023459255695343, 0.6736915707588196, 0.8952484726905823, 0.00798039510846138, 0.0, 0.15498709678649902, 0.15074439346790314, 1.5067139863967896, 0.0, 0.010541100986301899, 0.0, 0.15368355810642242, 4.829380035400391, 0.12525051832199097, 0.26784655451774597, 0.6929582357406616, 0.27773505449295044, 0.0, 0.5501968860626221, 0.002650630660355091, 0.0, 0.06054222211241722, 0.657843291759491, 0.4492197632789612, 0.0970231369137764, 1.984098196029663, 0.002719081239774823, 0.040235430002212524, 0.02145243249833584, 1.8740017414093018, 0.4087800681591034, 0.0, 0.33614614605903625, 0.05487890541553497, 0.034987762570381165, 0.45084333419799805, 0.010815807618200779, 0.16269105672836304, 0.26536452770233154, 0.3008884787559509, 1.0004453659057617, 0.0027660641353577375, 0.0, 1.5735976696014404, 0.0, 1.4435063600540161, 2.5089988708496094, 0.11112559586763382, 1.1528376340866089, 0.11836404353380203, 0.12350135296583176, 0.1679106205701828, 0.013767183758318424, 0.1610274463891983, 0.05438006669282913, 0.024456962943077087, 1.0091071128845215, 0.2229623794555664, 0.0, 0.0, 0.014943907037377357, 0.0, 0.2945714592933655, 0.6177726984024048, 0.2275826632976532, 0.05988674238324165, 0.1223217099905014, 4.440869331359863, 0.21377034485340118, 0.05384480208158493, 2.6665802001953125, 0.017261164262890816, 0.1365809291601181, 0.09372342377901077, 1.2256410121917725, 0.3793303072452545, 0.0, 0.0, 0.4731706380844116, 0.004295261576771736, 0.4448736608028412, 0.06786602735519409, 0.06331741809844971, 0.04829131439328194, 0.045150887221097946, 0.22318236529827118, 3.021874189376831, 0.3935333490371704, 0.019740574061870575, 1.5964713096618652, 0.262212872505188, 0.3588947355747223, 0.04309951886534691, 0.39073818922042847, 0.373834490776062, 0.0, 0.025676507502794266, 1.1096606254577637, 0.0, 0.41307589411735535, 2.6981728076934814, 0.0, 0.0, 0.0, 0.09484297037124634, 0.4690968990325928, 0.23769907653331757, 0.4141968786716461, 5.857023239135742, 1.6265575885772705, 0.008366492576897144, 0.2793739140033722, 0.8191201090812683, 1.409048318862915, 0.20623694360256195, 0.08102629333734512, 1.2521857023239136, 0.16213266551494598, 0.43956324458122253, 0.3504614531993866, 0.029268892481923103, 0.044175587594509125, 0.01095136534422636, 0.30600178241729736, 0.02808207832276821, 0.5223007798194885, 1.3194684982299805, 0.42108044028282166, 0.0, 0.09535462409257889, 0.19864925742149353, 0.02975081466138363, 0.054185137152671814, 0.0010684630833566189, 1.5770618915557861, 0.06541062146425247, 2.452766180038452, 0.0, 0.10076175630092621, 0.13649606704711914, 0.04124251753091812, 0.5931717157363892, 0.27748480439186096, 1.326698660850525, 0.5205363631248474, 0.0, 0.0, 0.31380417943000793, 0.8926007151603699, 0.24507859349250793, 0.3600311279296875, 0.0, 2.2222492694854736, 0.02266809158027172, 0.03404112905263901, 0.03311190381646156, 0.6030452251434326, 0.27480801939964294, 0.14630307257175446, 0.1001511886715889, 0.04455964267253876, 0.9226856827735901, 0.0839022696018219, 0.0, 2.025737762451172, 0.5398049354553223, 0.09399998188018799, 2.779953956604004, 0.8731789588928223, 1.625162124633789, 0.5585258603096008, 0.15389110147953033, 0.08998014777898788, 1.307899832725525, 0.5935559868812561, 0.04220347851514816, 0.023690925911068916, 0.0181489996612072, 0.1380121409893036, 0.08605868369340897, 0.249742329120636, 0.6781702637672424, 0.006535797845572233, 0.0, 0.021876368671655655, 0.2921583950519562, 2.571816921234131, 0.05179273709654808, 1.821635365486145, 1.3363600969314575, 0.0, 0.334905207157135, 0.057406600564718246, 0.3014339208602905, 0.790221095085144, 0.14478281140327454, 3.3668205738067627, 0.0, 0.30252379179000854, 0.03133409842848778, 0.0, 0.3136928677558899, 0.032697394490242004, 0.0, 0.11998975276947021, 0.017866771668195724, 0.12907545268535614, 0.09089481830596924, 0.0, 0.15078406035900116, 0.028924863785505295, 0.8866873979568481, 0.04765575751662254, 2.6646909713745117, 0.07961753755807877, 0.5821546316146851, 1.530180811882019, 0.5781261920928955, 0.1595720499753952, 1.835178017616272, 2.962967872619629, 1.506748914718628, 0.0, 0.00635375315323472, 0.7708780765533447, 0.3106461465358734, 0.1450844556093216, 0.13030323386192322, 0.0, 0.1741020828485489, 0.0673716813325882, 0.0, 0.17948830127716064, 0.501522958278656, 0.962073564529419, 0.31321263313293457, 0.06076759099960327, 1.4984625577926636, 0.0, 0.0, 0.07544577121734619, 2.553319215774536, 0.00011791988072218373, 1.3213770389556885, 0.3340769112110138, 0.3081347346305847, 1.2949808835983276, 0.17229804396629333, 0.5719307661056519, 0.0, 0.684417188167572, 0.11072880029678345, 0.580057680606842, 0.1787477284669876, 0.04276612773537636, 0.23131076991558075, 0.013302819803357124, 0.0, 0.9067395329475403, 0.424939900636673, 0.11592835932970047, 0.12196747213602066, 0.16492919623851776, 0.21177662909030914, 0.13084669411182404, 0.30876100063323975, 0.07641611248254776, 0.8239937424659729, 2.5054893493652344, 0.0, 0.07922127097845078, 0.4024088680744171, 0.07496560364961624, 0.0032477914355695248, 0.03801396116614342, 0.6651089191436768, 1.0152766704559326, 1.110872507095337, 0.255339652299881, 0.3112410604953766, 0.01716192439198494, 0.019784556701779366, 0.020558049902319908, 0.0, 0.39375194907188416, 0.13061606884002686, 0.0, 0.08622337877750397, 0.0, 0.0, 0.05867540463805199, 0.041177235543727875, 0.0, 0.018552590161561966, 0.12117236107587814, 0.1921326369047165, 0.07957067340612411, 0.0, 0.22023510932922363, 0.02050589770078659, 1.4626460075378418, 0.5716832876205444, 0.043217550963163376, 0.5232865214347839, 1.4374433755874634, 0.0789957121014595, 0.025430750101804733, 0.1510789692401886, 1.2210427522659302, 0.08052810281515121, 0.016326826065778732, 0.45041584968566895, 2.3485851287841797, 0.6755467653274536, 0.3641988933086395, 0.3242340087890625, 0.5343412160873413, 0.0, 0.07844129204750061, 0.03000488504767418, 0.05722915008664131, 0.15630869567394257, 0.0, 0.06941016018390656, 0.0691913515329361, 0.4954648017883301, 0.24069173634052277, 0.044136904180049896, 0.03181212395429611, 0.0, 0.3719460666179657, 0.27660518884658813, 0.011823868378996849, 0.13473784923553467, 5.564522743225098, 0.04946422949433327, 0.6230326890945435, 0.0, 0.14501719176769257, 0.4394596517086029, 0.003866492537781596, 0.2884141504764557, 0.07530026882886887, 0.021083004772663116, 5.1125993728637695, 0.1813085377216339, 0.0, 0.10100305080413818, 0.10776431858539581, 0.0, 0.30661478638648987, 0.42014259099960327, 0.1315898299217224, 0.0, 3.0909485816955566, 0.01723552495241165, 0.36563578248023987, 0.13845351338386536, 0.0, 0.3966222107410431, 0.19577302038669586, 0.00240173377096653, 1.686070442199707, 0.03249127417802811, 0.026671215891838074, 0.38946765661239624, 1.1313424110412598, 0.0645333081483841, 0.0017222579335793853, 0.839826226234436, 0.4410909414291382, 1.316300630569458, 0.9450660347938538, 0.5256765484809875, 0.31946027278900146, 0.0, 4.4683122634887695, 0.09007421135902405, 0.038606006652116776, 0.006209934130311012, 0.0008233956177718937, 0.045331649482250214, 0.35173967480659485, 0.09109169989824295, 0.1989939957857132, 0.385262668132782, 0.7303195595741272, 0.0353582464158535, 0.4651378393173218, 0.2032713145017624, 0.0735710859298706, 0.4350748658180237, 0.27157577872276306, 0.0788748487830162, 0.8604525327682495, 0.7500597834587097, 0.07842355966567993, 0.00545511906966567, 2.5149593353271484, 0.13716773688793182, 2.132162094116211, 1.141182780265808, 0.004870942793786526, 0.0925406739115715, 0.005613981280475855, 0.10424318164587021, 0.797786295413971, 0.6469637751579285, 0.08427894115447998, 0.21492059528827667, 0.018392907455563545, 0.003129837568849325, 0.34306052327156067, 0.2577117085456848, 0.14911627769470215, 0.12519989907741547, 0.06358955800533295, 0.0, 0.664033055305481, 0.03488898277282715, 0.24626897275447845, 1.224851369857788, 0.2827862799167633, 0.0, 0.3257824182510376, 0.0, 0.0, 0.6003254652023315, 0.11717434227466583, 0.046904243528842926, 1.756499171257019, 0.3191796839237213, 0.01996885985136032, 0.7197878956794739, 0.07594312727451324, 0.4339178800582886, 0.020786037668585777, 0.2515574097633362, 0.605549156665802, 0.1629769206047058, 0.43160194158554077, 0.0, 1.1569806337356567, 0.4354413151741028, 0.10505247861146927, 0.49599146842956543, 0.24959832429885864, 0.0013985317200422287, 0.24587728083133698, 0.1271093189716339, 0.040161143988370895, 0.5410662889480591, 0.33596163988113403, 0.16704699397087097, 0.005235711112618446, 0.12758654356002808, 0.01039308775216341, 0.3107852637767792, 0.13822707533836365, 0.0, 0.7765110731124878, 0.0, 0.3394264578819275, 0.0019002106273546815, 0.28541576862335205, 0.0, 0.0, 0.7220794558525085, 0.8627011179924011, 0.035493332892656326, 2.87209153175354, 0.08413003385066986, 2.4811017513275146, 0.01920904405415058, 0.37394699454307556, 1.808693766593933, 0.12846414744853973, 0.11001849919557571, 0.1585925817489624, 0.0, 0.14781709015369415, 0.04774424806237221, 0.4902935028076172, 0.050959523767232895, 0.7002611756324768, 0.2500995397567749, 0.05966787412762642, 0.32299351692199707, 0.04264124482870102, 1.2374701499938965, 0.43609514832496643, 0.7080269455909729, 0.029922470450401306, 0.8248706459999084, 0.8864591717720032, 0.042931076139211655, 0.09950167685747147, 0.28543347120285034, 0.1694502979516983, 2.7268545627593994, 0.15964427590370178, 0.6684704422950745, 0.0, 0.24617572128772736, 0.13609875738620758, 0.0, 0.07811947911977768, 1.6097179651260376, 0.043587494641542435, 0.14185166358947754, 0.11510054767131805, 2.5396640300750732, 0.007288514170795679, 0.03328131139278412, 0.8977411389350891, 0.08234808593988419, 1.2895255088806152, 0.16447900235652924, 0.047132156789302826, 1.0294688940048218, 0.0, 0.15046833455562592, 0.036400485783815384, 0.0, 0.21408146619796753, 0.17801222205162048, 0.06475469470024109, 0.03753209486603737, 0.0, 0.005001396406441927, 0.4575147032737732, 0.38062024116516113, 0.09305757284164429, 0.2047223448753357, 0.13603274524211884, 0.11831983923912048, 0.04031403735280037, 0.005900565534830093, 0.10890252143144608, 0.6171302795410156, 0.07172683626413345, 2.6848349571228027, 0.6480980515480042, 0.25036314129829407, 0.07747560739517212, 0.0, 0.00040198833448812366, 0.828466534614563, 3.247218132019043, 0.0, 0.622916579246521, 1.5828653573989868, 1.0119317770004272, 0.0, 0.0, 0.0, 0.1835590898990631, 0.020536169409751892, 0.9209258556365967, 0.3289721608161926, 0.0841454267501831, 0.47933080792427063, 0.7671734690666199, 0.4459390342235565, 0.4605388939380646, 0.1152268797159195, 0.002875690581277013, 0.0, 0.3052048683166504, 0.017843080684542656, 1.2874611616134644, 0.030100470408797264, 0.4566706418991089, 0.0, 0.001155644073151052, 0.00586654944345355, 0.08038575947284698, 0.05294084548950195, 0.9236441850662231, 0.1288791000843048, 0.0, 0.2025012969970703, 0.18278184533119202, 0.0, 1.0787097215652466, 0.7334455251693726, 0.05931862071156502, 0.2096019983291626, 0.0006978049641475081, 1.642850637435913, 0.6170587539672852, 0.008332807570695877, 0.0, 2.3137521743774414, 0.04879595339298248, 0.022625170648097992, 0.2511930763721466, 0.0, 0.04621686413884163, 1.4028700590133667, 0.00898815132677555, 0.17449180781841278, 0.23479746282100677, 1.8559670448303223, 0.00463618291541934, 1.6275084018707275, 0.010307477787137032, 0.0, 0.4015597105026245, 0.0, 0.21870814263820648, 0.029759207740426064, 0.1331658512353897, 0.09186890721321106, 0.167046919465065, 0.0, 0.29936766624450684, 0.2960691452026367, 1.5636076927185059, 0.6124148964881897, 0.4315774440765381, 0.0, 0.06095225363969803, 2.317120313644409, 0.446996808052063, 0.016009721904993057, 0.02335970662534237, 0.9804542660713196, 0.06736637651920319, 0.01071135327219963, 0.08237632364034653, 0.005686584860086441, 0.0, 0.0, 0.0, 0.322588175535202, 0.966821551322937, 0.0, 0.0, 0.12073995918035507, 0.09146289527416229, 0.12742887437343597, 0.0, 0.1285962611436844, 0.0, 0.8317875862121582, 0.6916469931602478, 0.2241671085357666, 0.0, 3.4021999835968018, 0.12370166182518005, 0.13956400752067566, 0.0, 0.001970047829672694, 0.0, 0.015457100234925747, 0.005769085139036179, 0.2105415165424347, 0.01242772862315178, 0.12241917848587036, 2.8340694904327393, 1.2418547868728638, 0.16473770141601562, 0.0038032629527151585, 3.0942318439483643, 0.352123498916626, 0.0156740490347147, 0.5856472253799438, 0.6259658932685852, 0.7963604927062988, 0.3600493371486664, 0.41744205355644226, 0.6376016139984131, 0.6418039202690125, 0.05105145275592804, 0.9121897220611572, 0.06279373914003372, 0.2986147105693817, 0.04624412953853607, 0.07742665708065033, 0.064609095454216, 0.270984947681427, 1.1400582790374756, 0.01118993479758501, 0.869828462600708, 0.3647468686103821, 0.0, 0.05888214334845543, 0.1136789545416832, 1.3860434293746948, 1.0397700071334839, 0.8997876048088074, 0.14816270768642426, 0.6573858261108398, 0.8175048232078552, 1.07308030128479, 0.08874250948429108, 0.13280892372131348, 0.02173803560435772, 0.6609323620796204, 0.6675812602043152, 0.8720856308937073, 2.4942116737365723, 0.017368020489811897, 0.3714464008808136, 0.04633207246661186, 0.010980192571878433, 0.5501227974891663, 0.5917441844940186, 0.11326128244400024, 0.01658640056848526, 0.05018249899148941, 0.014159990474581718, 0.023990537971258163, 0.040563054382801056, 0.0, 0.084165059030056, 1.9062973260879517, 0.16278764605522156, 0.5145474076271057, 1.3519153594970703, 0.09190286695957184, 0.2119404524564743, 0.40154218673706055, 0.07116921246051788, 2.4156227111816406, 0.1909254640340805, 0.705345630645752, 0.08748877048492432, 1.875154733657837, 2.350480318069458, 0.299072802066803, 0.026750802993774414, 0.96158367395401, 0.6690471172332764, 0.7411312460899353, 0.0, 0.05085315555334091, 0.12817619740962982, 0.0, 0.01879480853676796, 0.014665579423308372, 0.08173818141222, 0.008978597819805145, 0.9797843098640442, 2.6237080097198486, 0.6837806701660156, 0.8583054542541504, 0.13634705543518066, 0.5939740538597107, 0.01788834109902382, 0.9989266395568848, 0.09351278096437454, 1.11872136592865, 0.07135161757469177, 0.5881171822547913, 1.3291438817977905, 0.25592368841171265, 0.0, 0.0, 0.011240535415709019, 0.8992505669593811, 0.23512981832027435, 0.6852965950965881, 1.0439467430114746, 0.0075359102338552475, 0.0, 0.03276975825428963, 1.9855360984802246, 0.2489725649356842, 0.0, 1.3545315265655518, 1.5071569681167603, 0.08044619113206863, 2.1613497734069824, 0.00015503411123063415, 0.0, 0.06124052405357361, 0.2632884085178375, 0.0, 0.013904050923883915, 0.3450702726840973, 3.6815497875213623, 2.085050582885742, 0.19880139827728271, 0.15829284489154816, 0.0435507595539093, 0.5304951071739197, 0.3748242259025574, 0.007201194763183594, 0.10644365102052689, 0.5269580483436584, 0.020516466349363327, 0.34480297565460205, 0.024980558082461357, 0.1719266176223755, 0.0, 0.154939666390419, 1.9578657150268555, 0.6176666617393494, 0.02066205069422722, 0.06584810465574265, 0.0, 1.6443510055541992, 0.3608677387237549, 0.03632242605090141, 0.3630749583244324, 0.3686937689781189, 5.377298831939697, 0.38263779878616333, 0.581116795539856, 0.0, 0.026667848229408264, 0.0039770579896867275, 0.28786301612854004, 0.0329580120742321, 0.5702597498893738, 1.4511984586715698, 0.08943231403827667, 0.045053478330373764, 1.3514480590820312, 0.016725633293390274, 0.0, 0.9293222427368164, 0.2764979302883148, 0.7611755132675171, 1.0106574296951294, 0.35830971598625183, 0.0, 0.0, 0.40001311898231506, 0.1736486852169037, 0.0, 0.12180083245038986, 0.0, 0.39717352390289307, 0.035479407757520676, 0.2043534368276596, 2.5538084506988525, 0.0, 0.2731891870498657, 0.023934051394462585, 0.09747747331857681, 4.1460466384887695, 0.0, 0.02121230587363243, 0.7536829113960266, 0.17869260907173157, 0.010488349944353104, 0.673478364944458, 0.21224084496498108, 0.12854842841625214, 0.07875478267669678, 0.22802869975566864, 0.018378648906946182, 0.10701774805784225, 0.051595356315374374, 0.544518232345581, 0.021529581397771835, 0.0, 0.20070669054985046, 0.11029183864593506, 0.4085591435432434, 1.0688464641571045, 0.18991395831108093, 0.6169690489768982, 0.04076773673295975, 3.1716010570526123, 0.42280107736587524, 0.0, 0.09794789552688599, 1.0165278911590576, 0.0, 0.46285590529441833, 0.5567266941070557, 0.0, 0.2320830076932907, 0.030650878325104713, 0.47894030809402466, 0.6076096296310425, 0.01404572743922472, 0.5768508315086365, 0.09553515911102295, 0.3401983678340912, 0.7013242840766907, 0.48930272459983826, 0.5094332695007324, 0.021528122946619987, 1.7993495464324951, 0.0, 0.4481884837150574, 0.0, 0.08755681663751602, 0.0, 0.0, 1.0941026210784912, 1.92814040184021, 0.20590616762638092, 0.3467201590538025, 0.24747326970100403, 0.029561154544353485, 0.0, 0.5631558299064636, 0.1859212964773178, 0.24997322261333466, 0.4223209321498871, 0.05848115682601929, 0.009200137108564377, 0.0, 0.39681392908096313, 0.7829887866973877, 0.22551143169403076, 0.4386483132839203, 0.14399667084217072, 0.5167009830474854, 0.5434609055519104, 0.11385824531316757, 0.11126222461462021, 0.5398926734924316, 0.3906055688858032, 1.6060779094696045, 0.23907382786273956, 0.09969847649335861, 0.8316029906272888, 0.0, 0.28370389342308044, 0.21165330708026886, 0.8081974387168884, 0.0, 0.2888488471508026, 0.2575649619102478, 0.052455008029937744, 0.22843432426452637, 0.0, 0.0, 0.15003927052021027, 0.0, 0.3760662376880646, 0.06433747708797455, 0.15430264174938202, 0.07590169459581375, 0.25064343214035034, 0.03175478056073189, 1.0323759317398071, 1.405290126800537, 0.27734747529029846, 0.48090583086013794, 1.006681203842163, 0.008526257239282131, 0.45435598492622375, 0.005404394585639238, 0.31180357933044434, 0.7331606149673462, 0.08313733339309692, 0.07045680284500122, 0.06409480422735214, 0.24163775146007538, 0.22876156866550446, 0.5429193377494812, 0.24987570941448212, 0.279890775680542, 0.0, 0.5136829018592834, 0.3697471618652344, 1.1062320470809937, 0.0, 0.0, 0.025463951751589775, 0.4309815764427185, 0.11824726313352585, 0.24879056215286255, 0.0825122743844986, 0.26093465089797974, 0.012482358142733574, 0.16100306808948517, 0.025601902976632118, 0.0, 0.02304704301059246, 0.0, 0.05069280043244362, 0.018339958041906357, 1.0319769382476807, 0.27889007329940796, 0.18779759109020233, 0.19705507159233093, 0.0, 0.1808231920003891, 0.23251083493232727, 0.19926129281520844, 0.02635684795677662, 0.19762305915355682, 0.0, 0.1879826784133911, 0.05414940416812897, 0.021727627143263817, 0.09396723657846451, 2.414198160171509, 0.4002378284931183, 1.5212795734405518, 0.0, 0.018349584192037582, 0.7754770517349243, 0.1272677630186081, 0.1405968964099884, 0.031592391431331635, 0.7265692949295044, 0.8796460032463074, 0.0, 0.41056177020072937, 0.6907494068145752, 3.0235166549682617, 0.2590915262699127, 0.16803805530071259, 0.4324048161506653, 0.02016906812787056, 0.1834050416946411, 0.0, 0.02134556509554386, 0.0054792603477835655, 0.7739346623420715, 0.0981186255812645, 0.027575809508562088, 3.9953606128692627, 0.012879845686256886, 0.5422582626342773, 0.010350124910473824, 1.9925622940063477, 1.2550654411315918, 0.48703572154045105, 0.01683885231614113, 0.009273923002183437, 0.6531033515930176, 0.025038816034793854, 1.1566920280456543, 0.007044451776891947, 0.13406457006931305, 0.39700645208358765, 0.0, 0.23454467952251434, 0.0, 0.0696592926979065, 0.4588143527507782, 1.7377266883850098, 0.11769969761371613, 0.20822542905807495, 0.518034815788269, 0.04848992079496384, 0.013050546869635582, 0.03373781964182854, 0.08562424778938293, 0.1502649337053299, 0.001137884333729744, 0.0, 0.4557247459888458, 0.14250659942626953, 0.0, 0.0, 0.3991434872150421, 0.4440857768058777, 0.817507266998291, 0.5127569437026978, 0.07111681997776031, 0.32316336035728455, 0.02433348447084427, 0.09226338565349579, 0.14714503288269043, 0.047543734312057495, 0.05087285116314888, 0.48901382088661194, 0.0, 0.05258449167013168, 0.26736223697662354, 3.147669792175293, 0.0, 0.0, 0.5912137627601624, 0.0, 0.5350691080093384, 0.24555999040603638, 0.0, 0.2247532457113266, 1.0885899066925049, 0.03987450897693634, 0.1687171459197998, 0.04339645430445671, 0.04968166723847389, 0.05140072852373123, 0.17824432253837585, 0.37012961506843567, 0.09226127713918686, 0.006436270195990801, 0.0, 0.19486145675182343, 3.026106834411621, 0.2981477677822113, 0.07763794809579849, 0.06218671426177025, 0.0, 1.2936456203460693, 0.0, 0.08830718696117401, 0.0, 0.16548441350460052, 0.902898371219635, 0.0, 1.1963732242584229, 0.02069917507469654, 0.31301847100257874, 0.004716795403510332, 0.7917249202728271, 0.14814195036888123, 0.0, 0.0, 0.010672350414097309, 0.20606760680675507, 0.07133449614048004, 0.0831567794084549, 0.6053995490074158, 2.7155301570892334, 0.004861056804656982, 0.0, 0.03598073869943619, 0.02291443943977356, 0.0, 0.0, 0.18599873781204224, 0.528802752494812, 0.415298730134964, 0.039781611412763596, 0.14902286231517792, 0.9400271773338318, 0.2795785665512085, 0.0, 0.0, 0.255761981010437, 0.8313025832176208, 0.11270112544298172, 0.08971032500267029, 0.0, 0.9992060661315918, 0.1489727646112442, 1.571251392364502, 0.32723352313041687, 1.3726087808609009, 0.03580815717577934, 0.16376125812530518, 0.08576437830924988, 0.003290244610980153, 1.570283055305481, 0.6158599853515625, 0.12436296790838242, 1.5655741691589355, 0.09744090586900711, 0.0, 0.004249436315149069, 0.07665600627660751, 0.08165184408426285, 0.019712474197149277, 0.07888318598270416, 0.3722054660320282, 0.0, 0.09656399488449097, 0.47230708599090576, 0.38683730363845825, 0.5209407806396484, 0.2474607527256012, 0.2673284709453583, 0.14821140468120575, 0.09206695854663849, 0.058263108134269714, 0.09420455247163773, 0.14629116654396057, 4.234441757202148, 0.11534389108419418, 0.03402715176343918, 0.045397914946079254, 0.048480622470378876, 0.23738141357898712, 0.06153323873877525, 0.06353957951068878, 0.14396874606609344, 2.0527095794677734, 0.3280678689479828, 0.0, 0.9138547778129578, 0.09265603870153427, 0.0, 0.2966211140155792, 0.5939928889274597, 0.07405776530504227, 1.5826243162155151, 1.1221299171447754, 0.0045890831388533115, 0.18549399077892303, 0.07984346151351929, 1.5514265298843384, 0.03841029852628708, 0.043557677417993546, 0.23080313205718994, 0.014775519259274006, 0.011928549036383629, 0.3453347682952881, 0.7647161483764648, 0.34023985266685486, 1.514696717262268, 0.4874838888645172, 0.8062291145324707, 0.41673168540000916, 0.5634844899177551, 0.24001891911029816, 0.0, 0.0, 1.3891615867614746, 0.5566164255142212, 0.11693228781223297, 0.9616998434066772, 0.981803834438324, 0.0022602458484470844, 0.03474639728665352, 0.5772486925125122, 0.09080610424280167, 0.5983205437660217, 0.09095102548599243, 0.11448818445205688, 0.47702717781066895, 0.8319229483604431, 0.7507338523864746, 0.2941901981830597, 0.22697339951992035, 0.37544146180152893, 0.08921749889850616, 0.08451922982931137, 0.0653296634554863, 0.2491452395915985, 0.028749672695994377, 0.0, 1.7163764238357544, 0.0, 0.23550833761692047, 2.421645164489746, 0.3697117269039154, 0.012037618085741997, 0.9479172229766846, 0.0, 0.0265028215944767, 0.03660081326961517, 0.0, 0.4293263852596283, 2.901885747909546, 0.47124409675598145, 0.0029174259398132563, 0.05511147528886795, 0.07519630342721939, 1.3514740467071533, 0.2414298951625824, 0.04548587277531624, 0.15100659430027008, 0.5019498467445374, 1.092728614807129, 1.064477801322937, 0.7583901286125183, 0.07464329153299332, 0.0, 0.008493676781654358, 0.06098289415240288, 0.4014503061771393, 0.02662106417119503, 0.37953659892082214, 0.0, 0.5824649333953857, 0.12801219522953033, 0.5759280323982239, 0.008560494519770145, 0.0, 0.25045374035835266, 0.44741424918174744, 0.02155204862356186, 0.06884700804948807, 0.4557875692844391, 0.0, 0.04656844586133957, 0.17586855590343475, 0.0, 0.03877749666571617, 2.1661431789398193, 0.04829426109790802, 0.032095469534397125, 0.5880690217018127, 0.36288249492645264, 0.17608562111854553, 0.0935673713684082, 0.2731495797634125, 0.2112274169921875, 0.8507441878318787, 0.15752755105495453, 0.0, 0.09931015223264694, 0.1677374541759491, 0.2184150069952011, 0.008751163259148598, 0.39165496826171875, 0.018121661618351936, 0.17569822072982788, 0.0, 1.8327549695968628, 0.16051413118839264, 0.6217244863510132, 0.13351169228553772, 0.14645850658416748, 0.02197948843240738, 0.1172219067811966, 0.4264358580112457, 0.0, 2.45452880859375, 0.6752464175224304, 0.139656201004982, 0.11800247430801392, 0.00481309462338686, 0.04837649315595627, 2.8167226314544678, 1.9214667081832886, 0.6232714653015137, 0.44600579142570496, 0.12666510045528412, 0.061036091297864914, 0.08537256717681885, 0.6236413717269897, 0.2284478098154068, 0.0, 0.004302370361983776, 0.0, 0.1829240769147873, 0.0801638662815094, 0.0, 0.0005966887110844254, 0.0, 2.8385913372039795, 0.34595999121665955, 0.0, 0.1784949004650116, 1.734846830368042, 0.07948992401361465, 1.6687966585159302, 0.3952657878398895, 0.0, 0.059541165828704834, 0.6825773119926453, 0.6907224059104919, 0.09147640317678452, 0.40330833196640015, 0.1508827954530716, 0.005249860230833292, 0.0258760005235672, 0.16020680963993073, 0.4853718876838684, 0.08172289282083511, 1.4628803730010986, 0.024942578747868538, 0.4096449911594391, 0.5110910534858704, 0.031934354454278946, 0.0, 0.26550567150115967, 0.058177538216114044, 0.006113268900662661, 0.0, 0.08901195228099823, 0.33627331256866455, 1.2004729509353638, 0.0005058512324467301, 0.04377199709415436, 0.024821076542139053, 0.4015532433986664, 0.2104012817144394, 0.005709604360163212, 0.0, 0.0, 0.20203620195388794, 0.41058528423309326, 0.08601100742816925, 0.08300408720970154, 1.3795729875564575, 0.0, 0.25481122732162476, 0.10145361721515656, 0.0882888063788414, 0.007795470301061869, 0.010706663131713867, 0.019407806918025017, 0.09864528477191925, 0.40461134910583496, 0.05719950795173645, 0.681376576423645, 0.0, 0.16579394042491913, 0.8783838748931885, 0.027843156829476357, 0.0004688476910814643, 0.0, 0.9027963876724243, 0.0, 0.006710945162922144, 1.3775546550750732, 0.9386240243911743, 5.154233455657959, 0.01409763190895319, 0.49371036887168884, 0.6855573058128357, 0.0, 0.8443905711174011, 0.022638589143753052, 1.466106653213501, 0.29785844683647156, 2.5082919597625732, 0.05617478862404823, 2.419149875640869, 0.32274994254112244, 1.7612547874450684, 0.7005578875541687, 0.0, 0.025719627737998962, 0.37870460748672485, 0.202658548951149, 0.0, 0.0, 0.003925839439034462, 0.2940792143344879, 0.013930544257164001, 0.0005785762332379818, 0.0, 1.8405358791351318, 0.0, 0.18170984089374542, 0.28570467233657837, 0.0, 0.8462870717048645, 0.9337854385375977, 0.0, 2.2925548553466797, 0.01562432385981083, 0.7355873584747314, 0.0, 1.1499536037445068, 1.4958542585372925, 0.44081345200538635, 0.08459091186523438, 0.23469948768615723, 0.3182043433189392, 0.16406074166297913, 0.11197814345359802, 1.2329847812652588, 0.1672988384962082, 0.4240214228630066, 0.07698521763086319, 0.09330405294895172, 0.1430554836988449, 0.02438950724899769, 0.9510625004768372, 0.0776277482509613, 0.19125951826572418, 0.06719330698251724, 0.23336727917194366, 3.2978274822235107, 0.0, 0.27378493547439575, 0.0, 0.3153742253780365, 0.6085901856422424, 1.3560172319412231, 1.028152346611023, 0.013405770994722843, 0.01939885877072811, 0.021361516788601875, 0.0, 0.0, 1.939571738243103, 0.0, 0.06835111975669861, 0.16680476069450378, 0.03382053226232529, 0.05821627005934715, 0.01099446602165699, 0.42904210090637207, 0.16427452862262726, 0.7890883684158325, 0.0827302411198616, 0.3600955009460449, 0.93761146068573, 0.009584276005625725, 1.9504873752593994, 0.5654324293136597, 0.05802354961633682, 0.017212942242622375, 0.5494346618652344, 0.42566004395484924, 0.0, 3.4926724433898926, 0.4917271137237549, 0.01431125495582819, 0.09145228564739227, 0.0728570967912674, 0.3624061346054077, 0.5623874068260193, 0.18903414905071259, 0.37567684054374695, 0.0, 0.6660559773445129, 0.16291582584381104, 0.1944098323583603, 0.11088300496339798, 0.593178391456604, 1.170188069343567, 0.9627657532691956, 0.06852073222398758, 0.3579953610897064, 0.4356938302516937, 0.21416637301445007, 0.19550876319408417, 0.12451362609863281, 0.2490643709897995, 0.2431795597076416, 0.7958996295928955, 0.03602266311645508, 0.13244815170764923, 0.014064283110201359, 0.24241378903388977, 0.39796125888824463, 0.751384973526001, 0.12553325295448303, 0.0, 0.000848487950861454, 0.07258018851280212, 0.6442680358886719, 0.528948187828064, 0.3171590566635132, 1.4160974025726318, 0.2887010872364044, 0.8381560444831848, 0.08831333369016647, 0.29833370447158813, 0.5349663496017456, 0.0, 1.1187421083450317, 0.0, 0.37852779030799866, 0.32384347915649414, 0.046418920159339905, 0.15829665958881378, 1.020424246788025, 0.25050652027130127, 0.7697471380233765, 0.2100740671157837, 0.10452111810445786, 0.022149227559566498, 0.005921429488807917, 0.2683625817298889, 0.2459782212972641, 0.11665315181016922, 0.0, 0.0, 0.0, 0.9731555581092834, 0.1944197565317154, 0.17433355748653412, 0.4342339038848877, 0.35435423254966736, 3.3979856967926025, 0.06255843490362167, 0.06586135923862457, 0.0, 0.39033377170562744, 0.03993859887123108, 0.5134285688400269, 0.14408408105373383, 0.3054884672164917, 0.9550050497055054, 0.04121316224336624, 0.2480345517396927, 0.27347812056541443, 0.43241772055625916, 0.04723542183637619, 1.3737183809280396, 0.2013693004846573, 0.024458978325128555, 0.49027562141418457, 0.2589523494243622, 0.02712208591401577, 0.9890243411064148, 0.4933944344520569, 0.0, 0.7723777294158936, 3.5937955379486084, 0.18417194485664368, 0.0, 0.117024265229702, 0.0, 0.43750619888305664, 0.3197469413280487, 0.480327308177948, 0.14336654543876648, 0.20696434378623962, 0.2536664605140686, 0.0, 0.8475184440612793, 0.2543943524360657, 0.48966944217681885, 0.6482510566711426, 0.0778898224234581, 0.020737070590257645, 0.09107198566198349, 1.0237336158752441, 0.08422577381134033, 0.0, 0.022268429398536682, 0.4282873868942261, 1.2591338157653809, 0.09473992139101028, 0.33368781208992004, 0.060227833688259125, 0.0, 0.12370874732732773, 0.0, 0.1174635961651802, 0.0, 0.44933393597602844, 0.00039718832704238594, 0.014624936506152153, 0.5531967878341675, 0.21084626019001007, 0.6391820907592773, 0.3895972967147827, 0.44031476974487305, 0.0, 0.0, 0.7097386717796326, 0.413632869720459, 0.0, 0.6594292521476746, 0.0, 0.03504800796508789, 0.5250548124313354, 0.3125486671924591, 0.15407902002334595, 0.04466511681675911, 0.18650110065937042, 0.6554762125015259, 0.3170364797115326, 0.0, 0.01890215091407299, 0.3884454071521759, 0.606873631477356, 0.0, 0.0, 0.1828777939081192, 0.16071362793445587, 0.14553557336330414, 0.03486751765012741, 0.009659421630203724, 0.050573475658893585, 0.779802143573761, 0.08156774193048477, 0.7750416398048401, 0.07088317722082138, 0.15885403752326965, 0.0, 0.015240741893649101, 0.1058276891708374, 0.01950140856206417, 0.037105634808540344, 0.7385683655738831, 0.5025721788406372, 1.7062486410140991, 0.0, 0.20539245009422302, 0.6347141265869141, 0.0659843236207962, 2.805830955505371, 0.4402775764465332, 2.659634590148926, 0.06877341866493225, 0.0, 0.04095349460840225, 0.5546926856040955, 0.0, 0.16943982243537903, 0.5163249373435974, 0.7435864210128784, 0.0, 0.11632948368787766, 0.06560391187667847, 0.0, 0.0, 0.0, 1.553537130355835, 0.3119094669818878, 0.167738676071167, 0.7663846611976624, 0.013107956387102604, 0.07803929597139359, 0.0, 0.15999826788902283, 0.0, 1.0585143566131592, 0.12128226459026337, 0.5984443426132202, 0.8962952494621277, 1.5826646089553833, 0.0, 0.8663409352302551, 0.3803877532482147, 0.4472571313381195, 0.0037284919526427984, 0.24008896946907043, 0.008162537589669228, 0.058616627007722855, 0.9830893874168396, 2.0726335048675537, 0.6159510612487793, 0.41865894198417664, 0.0885024145245552, 0.042396415024995804, 0.0, 1.7967976331710815, 0.44285231828689575, 0.43725425004959106, 0.031539224088191986, 0.6083661913871765, 0.6689602732658386, 0.0, 1.7299383878707886, 0.27564796805381775, 0.21066057682037354, 0.3393940031528473, 0.011016699485480785, 0.021416425704956055, 0.01151272188872099, 0.007596117909997702, 0.033465418964624405, 0.27821144461631775, 1.9407984018325806, 0.0042313579469919205, 0.2844253182411194, 0.07892707735300064, 0.06261277943849564, 0.14635252952575684, 0.28557807207107544, 0.050685152411460876, 0.0, 0.1798967570066452, 0.017265187576413155, 0.32977354526519775, 0.0, 0.03133295103907585, 1.0141838788986206, 0.5161824226379395, 0.764043927192688, 1.2569715976715088, 0.21074599027633667, 0.31775611639022827, 2.205092668533325, 0.0, 8.454829216003418, 0.2633119523525238, 0.03402525186538696, 0.9920931458473206, 0.6265465617179871, 0.005090854596346617, 0.011187740601599216, 0.2693336009979248, 0.04549013823270798, 0.00607195682823658, 0.07911420613527298, 0.2696019411087036, 0.0648980662226677, 0.03667103871703148, 0.4366258382797241, 0.09848015010356903, 0.342185378074646, 0.21814914047718048, 0.01895696297287941, 0.13623817265033722, 0.023466967046260834, 0.0, 0.26103922724723816, 0.044313956052064896, 0.0, 0.25740131735801697, 0.01157470140606165, 1.0467191934585571, 0.05643497034907341, 0.05289578065276146, 0.018015915527939796, 0.07876782864332199, 0.14046362042427063, 0.08889982849359512, 2.1816024780273438, 0.14773526787757874, 0.13991938531398773, 1.0492651462554932, 0.006898743566125631, 0.025345923379063606, 0.5064851641654968, 0.6128973960876465, 1.0086019039154053, 0.8226457834243774, 0.6869840025901794, 0.2578601539134979, 0.7124046087265015, 0.13047213852405548, 0.08519717305898666, 0.0, 1.2716141939163208, 0.0, 0.2981445789337158, 0.7829208970069885, 1.2568892240524292, 0.12439210712909698, 0.22403082251548767, 1.0757920742034912, 0.0, 0.10123221576213837, 0.0005096197128295898, 1.623833179473877, 1.2639875411987305, 1.1801484823226929, 0.0, 0.0, 0.06291262805461884, 0.2205086201429367, 0.021360985934734344, 0.0, 2.292027235031128, 0.014359916560351849, 0.5403559803962708, 0.5309547781944275, 1.9593496322631836, 0.1654723435640335, 0.10240764170885086, 0.7011201977729797, 0.12281496822834015, 0.07280091196298599, 0.1876363605260849, 0.43501514196395874, 0.011900227516889572, 0.04125647619366646, 0.5994088053703308, 0.5305765271186829, 0.012313270941376686, 0.473433256149292, 0.0, 0.016957774758338928, 0.0, 0.28693538904190063, 0.044156938791275024, 0.0, 0.40352144837379456, 0.6649308204650879, 0.0, 0.0, 1.0210440158843994, 0.0, 0.022609053179621696, 0.0, 0.31224846839904785, 1.2587010860443115, 0.1342782974243164, 2.689223051071167, 0.0, 0.04573814570903778, 1.180167555809021, 0.39939117431640625, 0.0884672999382019, 0.21007366478443146, 0.3196742832660675, 0.0, 0.749519407749176, 0.05713469162583351, 0.3710951507091522, 0.0, 0.0, 0.017502570524811745, 0.0, 0.0, 2.95005202293396, 1.3410708904266357, 1.152513027191162, 0.27644848823547363, 0.03938291594386101, 0.012833925895392895, 0.6838631629943848, 0.0290665403008461, 0.3342953622341156, 0.5167949199676514, 0.06623662263154984, 0.12724436819553375, 0.09722424298524857, 0.8856730461120605, 0.010299171321094036, 0.011148549616336823, 0.0013907880056649446, 0.2805759906768799, 0.16222071647644043, 0.12975777685642242, 0.3632229268550873, 0.9007472395896912, 0.19043904542922974, 0.16725069284439087, 0.4810775816440582, 0.5951626300811768, 0.0, 0.3471762239933014, 0.45193618535995483, 0.6001366972923279, 0.016986297443509102, 1.22917640209198, 0.02992880530655384, 0.06394023448228836, 1.3059172630310059, 0.2800825536251068, 0.00533744040876627, 0.14763586223125458, 0.12956860661506653, 0.027718745172023773, 0.0, 0.7748554944992065, 0.0, 1.3529846668243408, 0.6206939220428467, 0.7630513906478882, 0.16989299654960632, 0.18631425499916077, 0.015452873893082142, 0.03960283845663071, 0.0, 0.2512400448322296, 0.018141508102416992, 0.0727110505104065, 0.46386486291885376, 0.28906986117362976, 2.5896522998809814, 1.0920871496200562, 0.5857234597206116, 0.005892697721719742, 5.512545108795166, 0.22985553741455078, 1.621064305305481, 0.0016233532223850489, 0.1644822657108307, 0.1459142565727234, 0.9895625710487366, 1.6354405879974365, 0.478940486907959, 0.30416059494018555, 0.15943792462348938, 0.05833185836672783, 0.026902029290795326, 1.3837066888809204, 0.29582086205482483, 0.2629343867301941, 0.0, 0.04202419891953468, 0.0, 0.017700089141726494, 0.0, 0.391998827457428, 0.31955021619796753, 0.5255983471870422, 0.003310371423140168, 0.009986551478505135, 0.038763295859098434, 0.6029936075210571, 0.24726155400276184, 0.9294745922088623, 0.03937110677361488, 0.8887166976928711, 0.04532332718372345, 0.29963967204093933, 0.01893901824951172, 0.44579005241394043, 0.2208605259656906, 0.17486591637134552, 0.0, 0.3787996470928192, 0.04173043742775917, 0.26905563473701477, 2.716280221939087, 1.090343713760376]",Testing/glioma_tumor/image(78).jpg
"[0.042848553508520126, 0.3804883360862732, 0.03377076983451843, 0.47927147150039673, 0.904202938079834, 0.3289051353931427, 1.6147414445877075, 0.00878592673689127, 0.015112487599253654, 0.0, 0.0012984396889805794, 0.15849654376506805, 0.28417670726776123, 0.36891013383865356, 0.578419029712677, 0.028753193095326424, 0.2934834659099579, 0.4970816671848297, 0.09534937143325806, 0.005224631633609533, 0.3005317449569702, 0.8497121930122375, 0.649817943572998, 0.060778748244047165, 0.542637050151825, 0.09524520486593246, 2.5706424713134766, 0.2640315294265747, 0.0, 0.01380823366343975, 0.23560836911201477, 0.12134713679552078, 0.5301665663719177, 0.8221046328544617, 0.6523750424385071, 0.5055267214775085, 0.0, 0.08873321861028671, 0.0, 0.15581780672073364, 2.3469080924987793, 1.785895824432373, 0.10039801150560379, 0.24595436453819275, 0.0, 0.0517788827419281, 0.0, 0.0, 0.0, 0.4216136038303375, 0.32156020402908325, 0.8964723944664001, 1.8878077268600464, 0.06053004413843155, 1.7156015634536743, 2.4640514850616455, 0.011271297000348568, 0.0, 0.7367756366729736, 0.0, 0.06631540507078171, 2.4605586528778076, 0.22299723327159882, 0.5447989106178284, 0.47362807393074036, 0.0, 0.18613435328006744, 0.13573816418647766, 0.0931054949760437, 0.0, 0.5942115187644958, 0.009913955815136433, 0.0, 1.9424703121185303, 0.01986800879240036, 0.22916853427886963, 2.1259312629699707, 0.23932088911533356, 0.0, 1.3196706771850586, 0.0020073968917131424, 0.029706619679927826, 1.1711671352386475, 0.0, 0.9755549430847168, 0.16466988623142242, 4.558366298675537, 0.1173500120639801, 0.0, 0.30942684412002563, 1.9178410768508911, 0.29494187235832214, 0.13895270228385925, 0.03415420651435852, 0.002847693394869566, 0.0, 0.626844584941864, 0.0, 0.040340356528759, 0.19631463289260864, 0.0, 1.1934257745742798, 0.11248397082090378, 0.7830312252044678, 0.3942771553993225, 0.12209516763687134, 0.06424003839492798, 2.0207674503326416, 0.10556524991989136, 1.6569992303848267, 0.0, 0.07433914393186569, 0.019010821357369423, 0.0, 0.7825521230697632, 0.0, 0.10069672018289566, 0.2757975161075592, 0.0, 0.03710313141345978, 0.006785859819501638, 0.0, 0.0, 0.7239420413970947, 0.4674704074859619, 1.4956486225128174, 0.030542241409420967, 0.27392566204071045, 1.0231807231903076, 0.0, 0.12433650344610214, 1.1381559371948242, 0.0458855964243412, 0.5270552635192871, 0.015923943370580673, 0.6754521131515503, 0.6636063456535339, 0.8002583384513855, 0.4931544065475464, 0.0032936797942966223, 0.006915871053934097, 0.010138190351426601, 0.0, 0.19296041131019592, 0.3712906241416931, 0.019125908613204956, 0.08172206580638885, 0.6003139019012451, 0.047601331025362015, 0.4070725739002228, 1.1250184774398804, 0.7786946892738342, 0.017952948808670044, 0.04388020932674408, 0.017319761216640472, 0.4270116984844208, 0.0, 0.0, 0.47861507534980774, 0.01725194603204727, 0.0, 0.6679660081863403, 0.0, 0.0724497139453888, 0.18757827579975128, 0.023845866322517395, 2.4265732765197754, 0.0, 0.46016427874565125, 7.408638000488281, 0.5416072010993958, 0.035610347986221313, 0.006738326977938414, 0.1891135722398758, 1.3624018430709839, 0.8826930522918701, 0.13673734664916992, 0.01748180389404297, 0.005199525039643049, 0.6551281809806824, 0.3034287393093109, 0.06783988326787949, 0.020509451627731323, 0.000837939151097089, 1.6718495317036286e-05, 0.6532374024391174, 0.2983023226261139, 0.6110021471977234, 0.42839372158050537, 0.0, 0.026722127571702003, 0.1456361562013626, 0.0, 0.005813428200781345, 0.0, 0.46393823623657227, 0.06888926774263382, 2.1255550384521484, 0.0, 0.14708435535430908, 1.1272938251495361, 0.10309502482414246, 0.0, 0.09166281670331955, 0.8731020092964172, 0.29341453313827515, 0.0, 0.13422942161560059, 0.2719990015029907, 0.12080904841423035, 0.9635244607925415, 1.2308117151260376, 0.0, 0.6180534958839417, 0.006913126911967993, 2.3808186054229736, 0.026061588898301125, 0.0, 0.0, 0.2121204435825348, 0.3438074588775635, 0.27562642097473145, 1.9245957136154175, 0.287612646818161, 0.09064740687608719, 0.1648111492395401, 1.509647250175476, 0.16601517796516418, 0.39934828877449036, 0.2265854924917221, 0.6440675854682922, 0.1914522647857666, 1.0907467603683472, 0.7248662710189819, 1.0632390975952148, 0.10158045589923859, 0.03558116406202316, 0.5696800351142883, 0.42504948377609253, 0.15914826095104218, 0.05352066457271576, 0.7319432497024536, 1.1779496669769287, 0.6160501837730408, 0.03817158192396164, 0.1518409550189972, 0.6729665398597717, 0.08061036467552185, 0.030620375648140907, 1.4813625812530518, 0.3065829873085022, 0.0018531838431954384, 0.44452887773513794, 0.5559011101722717, 0.6486509442329407, 0.05471362918615341, 0.07323414832353592, 2.2192609310150146, 0.15061770379543304, 0.07407858222723007, 0.0022441367618739605, 0.007851763628423214, 1.3682938814163208, 0.0, 0.0, 0.13452725112438202, 0.057401493191719055, 0.015211370773613453, 0.0, 0.05424455553293228, 0.04388470575213432, 0.863653838634491, 0.5250895619392395, 0.08017069846391678, 2.9865896701812744, 0.9168866872787476, 0.17608116567134857, 0.43318477272987366, 0.5712564587593079, 0.0, 1.1902204751968384, 0.4591190814971924, 1.5076960325241089, 0.00529929343611002, 0.16322633624076843, 1.1854326725006104, 0.15640272200107574, 0.0006107189110480249, 0.08098369091749191, 0.02288535237312317, 0.13130488991737366, 0.47346144914627075, 0.0, 0.0, 0.27668169140815735, 4.188648223876953, 0.0, 0.13774634897708893, 0.37354519963264465, 0.0022297294344753027, 0.7431259751319885, 0.005719347856938839, 3.6951637268066406, 0.0050841448828577995, 1.4077811241149902, 0.06949863582849503, 0.007108620367944241, 0.017430538311600685, 0.08636254072189331, 0.19799885153770447, 0.09001696109771729, 0.7682356834411621, 0.04680508375167847, 0.058121904730796814, 0.42394712567329407, 0.45921099185943604, 0.6367028951644897, 0.013862118124961853, 0.0, 0.013998988084495068, 0.3520098030567169, 0.01746477000415325, 0.02656634710729122, 0.09715098887681961, 0.024823933839797974, 0.057260941714048386, 1.0067352056503296, 0.11848192662000656, 4.836569786071777, 0.527154803276062, 0.4484608769416809, 0.0, 1.5859425067901611, 0.2748691737651825, 0.0, 0.014027372002601624, 2.2572760581970215, 0.0042673274874687195, 1.3418065309524536, 0.21523824334144592, 0.18084976077079773, 0.026767833158373833, 0.0, 0.0, 0.0, 0.0563989132642746, 0.08089565485715866, 0.20004157721996307, 0.24946804344654083, 1.1447256803512573, 0.013230428099632263, 0.018255092203617096, 0.3426695764064789, 0.01573832333087921, 0.4145033359527588, 0.0549493171274662, 0.2346259504556656, 0.0, 0.21226556599140167, 0.27505335211753845, 0.0, 2.9912497997283936, 0.37211161851882935, 0.1392098069190979, 0.13213664293289185, 0.03054787404835224, 0.03542565181851387, 0.024959899485111237, 1.010714054107666, 0.3193872272968292, 0.01966957375407219, 0.25557205080986023, 0.36091360449790955, 2.352789878845215, 0.14464755356311798, 0.21711643040180206, 2.2226316928863525, 0.08052866160869598, 0.004973029717803001, 0.169275164604187, 0.3124290704727173, 0.06817246973514557, 0.0, 0.04138844460248947, 0.12218557298183441, 0.2535250782966614, 1.3084090948104858, 0.0, 0.0, 0.43567150831222534, 0.0, 0.11007501929998398, 0.0760011225938797, 0.09052874147891998, 0.2659670114517212, 4.264207363128662, 0.0, 0.05929584428668022, 0.0, 0.0, 2.7990612983703613, 0.0, 0.18037769198417664, 0.1602613627910614, 0.20483794808387756, 3.146590232849121, 0.05772366002202034, 0.126919224858284, 0.2092684507369995, 0.7855204343795776, 0.08295365422964096, 0.18595969676971436, 0.0, 0.026854408904910088, 0.13518713414669037, 0.8992964029312134, 0.01156572438776493, 0.5399506092071533, 0.10513747483491898, 1.2449413537979126, 0.05915357545018196, 0.5480629205703735, 0.056435246020555496, 0.049704425036907196, 4.518275454756804e-05, 0.004944307263940573, 0.02844371646642685, 0.19395489990711212, 0.11919933557510376, 0.0285711158066988, 0.9063573479652405, 0.25438961386680603, 1.2507518529891968, 0.00369214522652328, 0.2657489776611328, 0.6492179036140442, 0.010458347387611866, 1.7514781951904297, 0.029481317847967148, 0.06904453784227371, 0.19231253862380981, 0.0, 0.43680307269096375, 0.0, 0.1915491819381714, 0.0691976472735405, 0.0, 0.5544144511222839, 0.08990723639726639, 0.17118093371391296, 1.1674168109893799, 0.15822646021842957, 0.028894521296024323, 0.0, 0.020336151123046875, 0.12089797109365463, 0.11656086891889572, 0.4192447364330292, 0.11636658012866974, 0.6980321407318115, 0.334667444229126, 0.4186092019081116, 0.15063881874084473, 0.23536013066768646, 0.09275325387716293, 0.274183064699173, 0.0, 0.29104581475257874, 0.02048560231924057, 1.0821738243103027, 0.020885787904262543, 0.6283482909202576, 0.2475164234638214, 1.0990452766418457, 0.0007816918077878654, 0.06223388761281967, 0.33148184418678284, 0.0, 0.0, 0.4474342167377472, 0.7186917066574097, 0.18517498672008514, 1.765079140663147, 0.43023964762687683, 0.339944064617157, 0.02906067669391632, 0.0, 0.0, 1.624263048171997, 0.10379785299301147, 0.26938384771347046, 1.6964201927185059, 0.1730382740497589, 0.0, 1.951040267944336, 0.020079636946320534, 0.03777342289686203, 0.19180265069007874, 1.4435079097747803, 0.023723142221570015, 0.0, 0.052183594554662704, 0.010015424340963364, 2.037572145462036, 0.138506680727005, 0.12033439427614212, 0.0851750448346138, 0.1712297946214676, 0.04475415498018265, 0.9891835451126099, 0.0, 0.005958379711955786, 0.0, 0.3119644522666931, 0.3421121835708618, 0.3366334140300751, 0.7212773561477661, 0.021208807826042175, 0.5264285206794739, 0.000341936043696478, 0.06358718127012253, 0.3577582836151123, 0.08294382691383362, 0.28415346145629883, 0.0, 0.8851150870323181, 0.0, 0.0, 0.19703330099582672, 1.1336109638214111, 0.7600252032279968, 1.4773095846176147, 1.1195118427276611, 3.1083767414093018, 0.4917594790458679, 0.9849034547805786, 1.4389952421188354, 0.0, 0.250740110874176, 0.1766735315322876, 0.051304955035448074, 0.47261565923690796, 0.12770405411720276, 0.17074623703956604, 1.322328805923462, 1.5723941326141357, 0.004791595507413149, 0.6905006170272827, 0.0, 0.0003682618262246251, 0.2737150192260742, 0.0, 0.4291851222515106, 0.0, 0.6898602843284607, 1.9639835357666016, 0.7196730971336365, 0.0, 0.04074985533952713, 0.017468804493546486, 3.4294137954711914, 1.2283177375793457, 1.0949883460998535, 4.1195326048182324e-05, 0.0, 0.07921160757541656, 1.180829644203186, 0.03807958960533142, 0.053877223283052444, 0.36907315254211426, 0.3138981759548187, 0.21402230858802795, 0.6773284077644348, 0.051988035440444946, 0.03370858356356621, 0.5647709369659424, 0.0, 1.5683287382125854, 0.015935350209474564, 0.5290639996528625, 1.6405527591705322, 0.0, 0.01582120545208454, 0.19341203570365906, 0.0, 0.0, 0.0, 6.1234650274855085e-06, 0.028628213331103325, 0.0, 0.05210820958018303, 0.20291174948215485, 0.4205072820186615, 0.05610893294215202, 0.02162245847284794, 0.01221169251948595, 0.0, 0.1121283769607544, 0.04129569232463837, 0.12061148136854172, 0.552068829536438, 0.0, 1.9918848276138306, 1.1476263999938965, 0.06058996543288231, 0.03357335552573204, 0.1937076449394226, 0.2960987091064453, 0.8707168102264404, 1.911136269569397, 1.8867380619049072, 0.0, 0.16190001368522644, 0.39846545457839966, 0.0, 0.023158850148320198, 0.0, 0.15480558574199677, 0.009255457669496536, 0.013283418491482735, 0.2936275601387024, 0.053505487740039825, 3.3363847732543945, 0.004805594217032194, 1.189786672592163, 0.6090697646141052, 0.1636124849319458, 0.1391357183456421, 0.015880011022090912, 0.17909201979637146, 0.0, 0.016135897487401962, 0.08965463191270828, 0.0, 0.045368749648332596, 0.0, 0.14672695100307465, 0.0, 0.598169207572937, 0.0, 1.2551261186599731, 0.0, 1.0585638284683228, 0.4819194972515106, 0.0, 0.4953438639640808, 2.7949130535125732, 0.0, 0.10779046267271042, 0.0, 2.2165727615356445, 0.015212350524961948, 0.3054179251194, 0.0, 0.9813977479934692, 0.08053583651781082, 0.29586508870124817, 0.34850022196769714, 1.3503661155700684, 0.015971960499882698, 0.6742443442344666, 0.13496717810630798, 0.19961969554424286, 0.37523019313812256, 0.5201059579849243, 0.0, 2.2651844024658203, 0.43283119797706604, 0.6587239503860474, 0.4959254860877991, 0.0, 0.14759235084056854, 0.0930376648902893, 0.3077017366886139, 0.0, 0.24491290748119354, 0.0, 0.04142129793763161, 0.0, 1.6823146343231201, 0.8032200336456299, 0.11991465836763382, 0.0, 0.5604395866394043, 1.366642713546753, 0.2509669065475464, 0.012364484369754791, 0.08803540468215942, 0.246080219745636, 0.011895624920725822, 0.047552891075611115, 0.06404568254947662, 0.0, 0.0, 0.030564825981855392, 0.3309938609600067, 0.6520522832870483, 0.0007559158257208765, 0.0, 0.08622648566961288, 0.49467387795448303, 0.0, 0.16997858881950378, 0.28745540976524353, 0.0, 0.4639517068862915, 1.4619303941726685, 0.3011273741722107, 1.1200450658798218, 0.0, 3.7574985027313232, 0.006414063274860382, 0.12049804627895355, 0.0, 0.4256522059440613, 0.0, 0.07449720054864883, 0.0, 0.005960873328149319, 0.01139578502625227, 0.9904700517654419, 1.4423365592956543, 0.029897674918174744, 0.0339023619890213, 0.20833392441272736, 2.8565380573272705, 1.2882224321365356, 0.3342384099960327, 0.0, 0.8972122669219971, 0.565834105014801, 0.8345252871513367, 0.0034244961570948362, 0.9561604857444763, 1.4016433954238892, 0.18124395608901978, 0.19702377915382385, 0.679664134979248, 0.46044591069221497, 0.0805436447262764, 0.04698019474744797, 0.08985336124897003, 3.0903501510620117, 0.01830166205763817, 0.04212905466556549, 0.5086918473243713, 0.062250927090644836, 0.0, 0.033084191381931305, 0.05486460030078888, 0.31849974393844604, 1.7809851169586182, 0.4040965735912323, 0.0, 0.9055280685424805, 0.0, 0.9228887557983398, 0.165229931473732, 0.2931693196296692, 0.8896560072898865, 0.7934058308601379, 0.11455148458480835, 0.6167744398117065, 0.953106164932251, 0.0, 0.03943295031785965, 0.028719250112771988, 0.6947385668754578, 0.17931200563907623, 0.468553751707077, 0.054672721773386, 0.03778529912233353, 0.005162316840142012, 0.00029077334329485893, 0.1340927928686142, 0.23372802138328552, 0.4361495077610016, 0.15329298377037048, 2.1837916374206543, 0.273285835981369, 0.05287977308034897, 0.45411795377731323, 0.20134654641151428, 0.0, 0.27237728238105774, 0.14621688425540924, 0.9368563890457153, 0.4543159008026123, 0.6718169450759888, 0.0, 0.2874579131603241, 0.7903578877449036, 0.5327685475349426, 0.024866748601198196, 2.335824728012085, 0.08370527625083923, 0.0, 0.0, 0.8187059760093689, 0.03457459807395935, 0.15612655878067017, 0.005904823075979948, 0.1857461929321289, 0.0, 0.0, 0.037356872111558914, 0.8602414727210999, 2.2560722827911377, 1.5508332252502441, 0.1603553295135498, 0.02929522469639778, 0.04757073149085045, 0.6158567667007446, 0.0, 1.6868896484375, 0.0014983098953962326, 2.9344186782836914, 0.8343422412872314, 0.0, 0.0, 0.006089307833462954, 0.046777237206697464, 0.7707036733627319, 0.0, 0.0, 0.07484013587236404, 0.4836689829826355, 0.0, 0.006312888581305742, 4.743289947509766, 0.3527454137802124, 0.8493176102638245, 0.4392237365245819, 1.0202499628067017, 0.547582745552063, 1.2314684391021729, 0.0, 0.0, 0.0, 0.06580571830272675, 0.11002040654420853, 0.0, 0.3612871766090393, 1.1709849834442139, 1.6535513401031494, 0.2872563600540161, 0.19816330075263977, 0.006606768816709518, 0.2943148612976074, 0.6599484086036682, 0.4700841009616852, 0.09340532124042511, 0.18912926316261292, 0.1109461858868599, 0.054624397307634354, 0.22965775430202484, 0.20679956674575806, 0.05132923647761345, 0.21554304659366608, 0.7927458882331848, 0.0, 0.02115471102297306, 0.010112451389431953, 0.0, 0.16563360393047333, 0.5225645899772644, 0.1236906573176384, 0.27423375844955444, 0.016267022117972374, 4.507087707519531, 0.002467608079314232, 0.10123634338378906, 0.0, 0.35083550214767456, 0.2585671842098236, 1.1617735624313354, 0.04010755568742752, 0.19608357548713684, 3.876558780670166, 0.1029856726527214, 0.05059661343693733, 0.6805452704429626, 0.15015119314193726, 0.0, 1.7442119121551514, 0.45337170362472534, 5.7347540855407715, 0.26800236105918884, 0.41453731060028076, 0.21237137913703918, 0.0, 0.003118437249213457, 0.1978011280298233, 0.0, 0.19271905720233917, 0.027136199176311493, 0.0, 0.0, 0.3210943639278412, 0.4622098207473755, 0.0, 1.0677498579025269, 0.3544887602329254, 0.0625658705830574, 4.461307048797607, 0.0, 0.47551286220550537, 1.3509204387664795, 0.081814706325531, 0.004027653485536575, 0.08005691319704056, 0.05734042078256607, 0.05556128919124603, 0.208374485373497, 0.0, 2.3379876613616943, 0.362560510635376, 0.0, 0.0, 0.0, 0.0024150731042027473, 0.15607769787311554, 0.019297411665320396, 0.1399378627538681, 0.7787839770317078, 0.018440255895256996, 0.885607123374939, 1.956099510192871, 3.201279401779175, 0.0, 0.0, 0.30400729179382324, 0.28808292746543884, 0.0, 0.12869633734226227, 1.3762508630752563, 0.0, 0.3079608082771301, 0.0, 0.0, 1.1696630716323853, 0.09756609797477722, 0.002709785243496299, 0.0, 0.09417763352394104, 0.6814742684364319, 0.0, 0.5903457403182983, 0.0007948291604407132, 0.03593456372618675, 0.0, 0.3990427851676941, 0.4146842956542969, 0.016830025240778923, 0.2269330471754074, 0.006745778955519199, 0.12465254217386246, 0.3276560306549072, 1.207733154296875, 0.30625924468040466, 0.0, 0.0, 0.012546198442578316, 0.1363029032945633, 0.29177188873291016, 1.3774622678756714, 0.07801485806703568, 0.6060100197792053, 0.1355961710214615, 0.0, 0.0, 0.15994393825531006, 0.5111132860183716, 0.8119100332260132, 0.00694584846496582, 0.06724219024181366, 0.25596097111701965, 0.038462623953819275, 0.8366926312446594, 0.21245276927947998, 1.8619892597198486, 2.120502471923828, 0.0, 0.0, 1.778954029083252, 0.0, 0.0, 0.0, 0.0, 0.0, 0.029825976118445396, 0.0, 0.002244146540760994, 0.34449702501296997, 0.0, 0.06918694078922272, 0.11737916618585587, 0.0, 0.306813508272171, 0.0, 1.2410831451416016, 0.0, 0.15458060801029205, 0.7875003218650818, 1.2402262687683105, 0.0, 0.4092344045639038, 0.3783978521823883, 1.282266616821289, 0.01549466047435999, 0.12297772616147995, 0.008531801402568817, 0.989406406879425, 3.781773805618286, 0.17585335671901703, 0.04911228269338608, 0.789368212223053, 0.06800224632024765, 0.002013296587392688, 0.435956746339798, 0.24052149057388306, 0.24594633281230927, 0.015285742469131947, 1.1165292263031006, 0.0, 0.0, 0.6822600960731506, 0.0, 0.05630892142653465, 1.013311743736267, 0.17141374945640564, 1.5786097049713135, 0.07209523767232895, 0.2907082438468933, 0.009472416713833809, 1.3845301866531372, 0.0696859136223793, 0.0, 0.0022967590484768152, 0.0, 0.06445138156414032, 0.007236113306134939, 1.225679874420166, 0.1058138832449913, 0.10318335890769958, 0.042065512388944626, 0.11199439316987991, 0.10220269113779068, 0.09106044471263885, 0.04280562326312065, 0.042727500200271606, 0.0, 0.06102802976965904, 0.7160369753837585, 0.08655039966106415, 0.0, 0.16801908612251282, 1.8354336023330688, 0.0, 0.5137210488319397, 0.0, 0.2521800696849823, 0.0, 0.06876392662525177, 0.05149869993329048, 0.004207688849419355, 0.1488412618637085, 0.1259019374847412, 0.036875564604997635, 0.3657882511615753, 0.5824885964393616, 3.8476381301879883, 0.08352673798799515, 0.1501840502023697, 0.9771292805671692, 0.0, 0.005220987368375063, 0.00019323095330037177, 0.11424560844898224, 0.1290881633758545, 2.886554718017578, 0.011879181489348412, 0.9262678027153015, 0.6793001294136047, 0.32551270723342896, 0.247402623295784, 0.08336498588323593, 0.8409337401390076, 2.6346163749694824, 0.12522706389427185, 0.0, 0.16720525920391083, 0.0, 0.08458783477544785, 5.865504264831543, 0.0, 0.1325279176235199, 0.0, 0.03532451391220093, 0.4774078130722046, 0.07136500626802444, 0.005042005330324173, 0.29831361770629883, 0.05903761833906174, 0.01642327383160591, 0.018462784588336945, 0.10029016435146332, 0.2214321345090866, 0.025661736726760864, 0.3195061981678009, 0.001442412962205708, 0.008543710224330425, 0.06000048667192459, 0.004362758249044418, 0.26700517535209656, 0.022115716710686684, 0.0, 0.0, 0.129112109541893, 0.06699488312005997, 3.025329351425171, 0.2637901306152344, 0.0, 0.2830889821052551, 0.0, 0.41358575224876404, 0.827849805355072, 0.24619585275650024, 0.008408205583691597, 0.5013161897659302, 0.0, 0.0, 0.09760118275880814, 0.9305399060249329, 0.0, 0.0803416296839714, 0.8602818250656128, 0.010602501221001148, 0.0, 1.0024440288543701, 0.0, 0.008549329824745655, 1.9214264154434204, 0.06373114138841629, 0.514711856842041, 0.0, 0.0, 0.0942307561635971, 0.04957164078950882, 0.00321910809725523, 0.049373432993888855, 0.04320462793111801, 0.0, 0.026377147063612938, 3.9398703575134277, 0.026637675240635872, 0.0, 1.2606090307235718, 0.0, 0.14761485159397125, 0.0, 0.02792508527636528, 0.2538601756095886, 0.23366336524486542, 0.12245489656925201, 0.014458096586167812, 0.015171951614320278, 0.0, 0.02435915730893612, 0.6704646348953247, 0.0650070309638977, 0.6024197340011597, 0.0, 0.0, 0.0, 0.26588284969329834, 0.0, 0.22934015095233917, 0.04942438378930092, 1.895219326019287, 0.1548002064228058, 0.009609178639948368, 0.0, 0.015999462455511093, 0.0, 0.0, 0.05250752717256546, 1.122734785079956, 0.2199694961309433, 0.0, 0.2157098948955536, 0.34312742948532104, 0.47629639506340027, 0.05017552152276039, 0.0, 0.06704562902450562, 0.5583165884017944, 0.20097556710243225, 0.020218469202518463, 0.04743895307183266, 0.5584077835083008, 0.0, 0.20134326815605164, 1.1083557605743408, 0.016710923984646797, 0.0, 0.13214202225208282, 0.3663741946220398, 0.31752461194992065, 0.21961480379104614, 2.7278242111206055, 0.0038932489696890116, 0.07795055210590363, 1.8032337427139282, 0.0237396489828825, 0.0, 0.0, 0.314330518245697, 0.30445021390914917, 0.6572719216346741, 1.1314352750778198, 0.44056928157806396, 0.15250283479690552, 1.2239564657211304, 0.8307927846908569, 0.0, 0.09677515178918839, 0.13993771374225616, 0.4718402028083801, 0.011715251952409744, 0.07202053815126419, 1.3585401773452759, 0.08369937539100647, 3.3964006900787354, 0.0, 0.0, 5.988198972772807e-05, 0.0, 0.33753103017807007, 0.3225737512111664, 0.13125529885292053, 0.13747838139533997, 0.37705689668655396, 2.1001341342926025, 1.1986401081085205, 0.08054827898740768, 0.18014197051525116, 0.0, 1.0464309453964233, 0.0869094729423523, 0.43497684597969055, 1.6147984266281128, 0.332267165184021, 0.011906972154974937, 0.11205826699733734, 0.009596221148967743, 0.3842567205429077, 0.03583472967147827, 0.0, 0.3083675503730774, 0.23423132300376892, 0.008637393824756145, 0.07182244211435318, 0.9497138261795044, 0.32720834016799927, 0.24455533921718597, 0.7344568967819214, 0.6421215534210205, 0.03708568960428238, 0.2455665022134781, 0.0669083446264267, 0.04527509957551956, 0.3832646310329437, 0.17225632071495056, 0.15677666664123535, 0.0, 0.053865134716033936, 0.45455437898635864, 0.20803672075271606, 0.7469480633735657, 0.003143252106383443, 0.09277264028787613, 0.16576683521270752, 0.1448589265346527, 0.09984954446554184, 0.28509521484375, 0.12891598045825958, 0.6814836263656616, 0.2791186571121216, 3.1617074012756348, 0.24852943420410156, 0.004398216959089041, 1.6297974586486816, 0.0, 0.0023688492365181446, 0.0, 0.00760246766731143, 0.907366156578064, 0.16702480614185333, 0.016292279586195946, 0.06032218411564827, 0.31304818391799927, 0.2560064494609833, 1.0144133567810059, 0.04624619334936142, 0.0, 0.4727422297000885, 0.3448856770992279, 0.22306567430496216, 2.4225897789001465, 0.11719678342342377, 0.006913141347467899, 0.02644769474864006, 0.08845987170934677, 0.050707604736089706, 0.0, 0.44908156991004944, 0.0032763530034571886, 0.0, 1.2449301481246948, 1.6349496841430664, 0.685187816619873, 0.06261786818504333, 0.16272619366645813, 0.0962628722190857, 0.0, 0.21581244468688965, 0.0, 0.8438610434532166, 0.14092238247394562, 0.16100047528743744, 0.04595533013343811, 0.10721208900213242, 0.08116711676120758, 0.0, 0.40491101145744324, 0.1931600421667099, 0.20506733655929565, 0.3632950186729431, 0.7550275325775146, 0.012951345182955265, 1.4852222204208374, 0.0, 0.13633698225021362, 0.0, 3.591254949569702, 0.0, 0.11063531786203384, 0.001123900292441249, 1.3051822185516357, 0.5864250659942627, 1.0293158292770386, 0.30097121000289917, 0.0, 5.046149253845215, 0.02105264738202095, 0.023944836109876633, 0.23286303877830505, 0.0, 0.31462347507476807, 0.08321096748113632, 1.0411911010742188, 0.0, 0.304340660572052, 0.0, 0.5352096557617188, 0.06547355651855469, 0.025837408378720284, 0.03172785043716431, 0.010455640032887459, 1.455998182296753, 0.13696619868278503, 0.7663078904151917, 0.028803573921322823, 3.4813435077667236, 0.5562899708747864, 0.3706464469432831, 0.009407960809767246, 0.0808580070734024, 0.0, 0.9051979184150696, 0.8558637499809265, 0.0871402844786644, 1.2356832027435303, 0.5573869943618774, 0.16793255507946014, 0.7715293765068054, 0.0284911897033453, 0.2605602443218231, 0.0, 0.0030134040862321854, 0.0008428242872469127, 0.0113157257437706, 0.0, 0.011043981648981571, 0.0, 0.0, 5.238358020782471, 0.0, 1.036192774772644, 0.6634628772735596, 1.750435471534729, 0.09175685793161392, 0.9254284501075745, 0.14344792068004608, 0.0, 0.0, 0.35969293117523193, 0.24208655953407288, 0.0, 0.405557245016098, 0.009929326362907887, 0.014946142211556435, 0.0, 0.110430046916008, 0.5266332030296326, 0.0, 1.3849997520446777, 0.10707802325487137, 0.09445464611053467, 0.0, 0.09391485154628754, 0.0, 1.399935007095337, 0.3441174030303955, 0.109977588057518, 0.033954180777072906, 0.0, 0.8320866823196411, 2.83809232711792, 0.1444256752729416, 0.024098580703139305, 0.0, 0.02195294015109539, 0.0, 0.14000283181667328, 0.0, 0.007236395496875048, 1.2260146141052246, 2.2271573543548584, 0.11342351138591766, 0.07197213917970657, 3.1994824409484863, 0.028661154210567474, 0.0004711297224275768, 0.15954825282096863, 0.017921680584549904, 0.057335298508405685, 1.2684029340744019, 0.1696552336215973, 0.5934273600578308, 0.44283023476600647, 0.0, 0.012487917207181454, 0.0, 0.0, 0.07208301872015, 0.0, 0.030274754390120506, 0.09828676283359528, 0.4761813282966614, 0.0038560458924621344, 0.6420809030532837, 0.00873545277863741, 2.934539556503296, 1.586056113243103, 0.0, 1.0955666303634644, 0.06360034644603729, 0.0, 0.8922581672668457, 0.0932919904589653, 0.36651289463043213, 0.04131489247083664, 0.7428385019302368, 0.0, 3.9846131801605225, 0.15968811511993408, 0.46412909030914307, 0.1619735211133957, 0.501493513584137, 0.08074187487363815, 0.01685907319188118, 0.439537912607193, 0.05084864795207977, 0.13252395391464233, 0.002780177164822817, 0.020372673869132996, 0.044849421828985214, 0.0, 0.07817821949720383, 2.0152690410614014, 0.0, 0.3379196226596832, 0.7031583189964294, 0.19655545055866241, 2.4515790939331055, 1.0459394454956055, 0.001955577405169606, 2.218763828277588, 0.8481007814407349, 1.0957177877426147, 0.4665371775627136, 2.204423666000366, 1.0168558359146118, 0.42767998576164246, 0.012521120719611645, 0.023306313902139664, 0.19545216858386993, 0.0, 0.27130287885665894, 3.294877767562866, 0.048633236438035965, 2.010434865951538, 0.007369601167738438, 0.06835921853780746, 0.008754953742027283, 0.11705737560987473, 0.06617133319377899, 0.0, 0.021794810891151428, 0.0206723865121603, 0.00621129060164094, 0.7439539432525635, 1.2677425146102905, 0.09731104969978333, 0.03694455325603485, 0.017284583300352097, 0.2648945748806, 2.124896287918091, 0.0, 0.002175766509026289, 0.0, 0.9753777384757996, 0.0, 0.0, 0.7144305109977722, 0.029013952240347862, 0.02124348282814026, 1.2276123925403226e-05, 0.596264123916626, 0.0, 0.09422340244054794, 0.26194557547569275, 0.005044311750680208, 0.007629195228219032, 0.16929930448532104, 0.10925096273422241, 0.06539223343133926, 0.13277077674865723, 0.9861935973167419, 0.45332857966423035, 0.268293559551239, 0.0, 0.0361175574362278, 3.7073559761047363, 0.9895509481430054, 6.1138715744018555, 0.009687545709311962, 0.005953808315098286, 2.3452742099761963, 0.029539361596107483, 0.08397649228572845, 0.054988473653793335, 0.41211163997650146, 0.13741499185562134, 0.0, 0.5951600074768066, 0.14665623009204865, 0.0, 0.07292133569717407, 0.02751990780234337, 1.1171143054962158, 0.2077171504497528, 0.11674359440803528, 0.0741150975227356, 0.09202804416418076, 0.2963429391384125, 1.0582141876220703, 0.022073570638895035, 0.0807679146528244, 0.0, 2.1457083225250244, 0.1512785404920578, 0.029963668435811996, 0.15431106090545654, 0.28266072273254395, 0.0, 0.9035150408744812, 0.06290676444768906, 0.05116335302591324, 0.0, 0.011563933454453945, 0.037964753806591034, 0.2778383195400238, 0.9571004509925842, 0.1971009373664856, 0.027651503682136536, 1.7209713459014893, 0.016676193103194237, 0.3462267518043518, 0.06542408466339111, 0.0, 1.6877409219741821, 0.0, 0.169705331325531, 2.2596585750579834, 0.05015605315566063, 0.0, 2.4145796298980713, 0.0, 0.43137744069099426, 0.5378620028495789, 0.0, 0.06880198419094086, 0.269610732793808, 0.2124568372964859, 0.012531707063317299, 0.11050213873386383, 0.0, 0.04273824393749237, 0.6179811358451843, 0.04160790890455246, 0.024482909590005875, 0.33930450677871704, 0.9708393812179565, 0.6510494947433472, 3.775602340698242, 0.01021780539304018, 0.0859612450003624, 0.0, 0.6122052669525146, 0.33396556973457336, 0.08351559191942215, 0.0, 0.2665821611881256, 0.02334458939731121, 0.3449232280254364, 0.0018949410878121853, 0.07022029906511307, 0.3339739739894867, 0.12409418821334839, 0.38436102867126465, 0.4444054663181305, 0.0, 1.0161210298538208, 0.0, 0.010369690135121346, 0.8600180745124817, 0.4590541422367096, 0.16602279245853424, 2.653898239135742, 0.21717141568660736, 0.3972117006778717, 0.08608650416135788, 0.0, 0.0, 0.03143465891480446, 0.004833265207707882, 0.13052469491958618, 0.07843493670225143, 0.02741217613220215, 0.020034506916999817, 0.057022105902433395, 0.43657922744750977, 1.0464706420898438, 1.0498026609420776, 0.20287266373634338, 0.0, 0.32355260848999023, 0.146408349275589, 0.1938033401966095, 0.003314336994662881, 0.0, 0.003130031982436776, 0.2103865146636963, 0.05789453163743019, 0.7068107724189758, 0.5013709664344788, 0.031050268560647964, 0.06516224145889282, 0.10011716932058334, 0.04941196367144585, 1.2847201824188232, 0.013228075578808784, 1.4729863405227661, 0.0, 0.24239914119243622, 0.7444512248039246, 0.001521835569292307, 0.00010309657227480784, 0.0, 0.0018293759785592556, 0.13214720785617828, 0.004994737915694714, 0.0, 0.2024420201778412, 0.19233132898807526, 0.5671412348747253, 0.0, 0.07703801244497299, 0.4387959837913513, 0.7401770949363708, 0.1913897693157196, 0.0, 1.5080450773239136, 0.1453482210636139, 0.44470280408859253, 0.0765325129032135, 0.13956138491630554, 0.0, 0.38230156898498535, 0.05534202232956886, 0.00249887234531343, 0.23013636469841003, 0.0, 0.8463073968887329, 0.263648122549057, 0.058070845901966095, 0.0, 2.631532907485962, 0.15199612081050873, 0.17082227766513824, 0.011070636101067066, 0.33017200231552124, 0.0, 0.028699763119220734, 0.11949914693832397, 0.25729063153266907, 0.00961014349013567, 0.7670906782150269, 0.018063649535179138, 1.1626237630844116, 0.024988457560539246, 0.18325327336788177, 3.1720855236053467, 0.30751967430114746, 1.9588490724563599, 0.3574199378490448, 0.7817289233207703, 0.0, 0.0, 0.0201328806579113, 1.5630464553833008, 0.0, 0.007998907007277012, 0.008732537738978863, 0.6779202818870544, 0.05307502672076225, 0.3648061454296112, 0.0, 0.027702437713742256, 0.0005924896104261279, 0.0012245142133906484, 0.29178401827812195, 0.1027267575263977, 0.12336990982294083, 0.38402268290519714, 0.0, 0.0, 0.0023947004228830338, 0.5137895345687866, 0.08294674754142761, 0.8324475884437561, 0.14782489836215973, 0.27508744597435, 1.057664155960083, 1.7445781230926514, 0.03256292641162872, 0.7598013877868652, 0.13416153192520142, 0.0, 0.08908005058765411, 0.07441975921392441, 0.07113184034824371, 0.14507468044757843, 0.8482841849327087, 0.38376104831695557, 0.22947615385055542, 0.0, 0.0, 0.034497831016778946, 0.0, 1.0637176036834717, 0.0, 1.1681265830993652, 0.0, 0.3778405487537384, 0.8883910775184631, 0.007431181147694588, 0.011246712878346443, 0.0, 0.03509238734841347, 0.01651555672287941, 0.015270940959453583, 0.19187285006046295, 0.0, 0.1597665697336197, 0.0, 0.1411069631576538, 2.646763801574707, 0.455025851726532, 0.0, 0.03925289586186409, 0.0, 0.08105557411909103, 1.1867361068725586, 0.007574110757559538, 0.07552652060985565, 0.41516464948654175, 0.0, 1.4996393918991089, 0.0, 0.11611223220825195, 0.36039456725120544, 1.407696008682251, 0.06144019216299057, 0.17294497787952423, 0.32802072167396545, 0.006972962524741888, 0.4019976258277893, 0.28895071148872375, 8.418566703796387, 0.16549625992774963, 0.44828087091445923, 0.4860765039920807, 0.5781855583190918, 0.07506494224071503, 0.0012601687340065837, 3.295703887939453, 0.0, 0.6159142255783081, 0.3734012246131897, 1.5449837446212769, 0.08471804857254028, 0.0, 0.9839881062507629, 0.041691284626722336, 0.027530519291758537, 0.0, 0.015053602866828442, 0.11300532519817352, 0.35819053649902344, 0.27338486909866333, 0.0, 0.03608045354485512, 0.006247033830732107, 0.5919015407562256, 0.0, 0.038432471454143524, 0.0, 0.02170821838080883, 0.28319334983825684, 0.29043665528297424, 0.4607870578765869, 0.039779454469680786, 3.118361711502075, 0.1639198511838913, 0.4047949016094208, 0.05627158284187317, 0.005543265957385302, 1.068600058555603, 0.0, 0.012164325453341007, 2.6038978099823, 0.0, 0.2068432718515396, 0.10527434945106506, 0.21252547204494476, 0.13575953245162964, 0.059184201061725616, 0.001533299102447927, 2.0163002014160156, 0.0, 3.341033935546875, 1.3386363983154297, 0.23797129094600677, 0.015445837751030922, 2.207686424255371, 0.6322750449180603, 0.0, 0.026837585493922234, 0.04189220070838928, 0.10066115856170654, 3.46889328956604, 0.29303792119026184, 0.0, 0.07113552838563919, 0.0, 0.2762724757194519, 0.24589025974273682, 0.05560436472296715, 2.0767717361450195, 0.17090359330177307, 0.03933505713939667, 1.2976006269454956, 1.9860550165176392, 0.25532111525535583, 0.03457661718130112, 0.05088309943675995, 0.6085830926895142, 0.34140369296073914, 0.054132480174303055, 0.37197935581207275, 0.23682337999343872, 0.03269736096262932, 0.8895518183708191, 0.1560129076242447, 0.056407902389764786, 0.06824193894863129, 0.14013075828552246, 0.0, 0.0, 0.5342430472373962, 0.0, 0.03102075308561325, 0.9287760853767395, 0.8501037955284119, 0.0, 0.022908393293619156, 0.02644212543964386, 0.0, 0.06189608946442604, 0.14295080304145813, 0.5221540331840515, 0.44449397921562195, 2.125788688659668, 0.9648857116699219, 0.04604429006576538, 0.01870087720453739, 0.9459076523780823, 1.3751499652862549, 0.3721732199192047, 0.0670127123594284, 0.07812616974115372, 0.04575935751199722, 0.008737084455788136, 0.1194951981306076, 1.6684925556182861, 0.6393489837646484, 0.0, 0.03474748507142067, 0.7824147939682007, 0.0030638393945991993, 0.9739933609962463, 0.010939211584627628, 0.29025301337242126, 0.05902305245399475, 0.47379735112190247, 0.0, 0.4505007266998291, 0.2015564739704132, 0.11890091001987457, 0.0, 0.024028878659009933, 0.09570621699094772, 0.8490985035896301, 1.137101650238037, 0.008660316467285156, 0.648421585559845, 0.0, 0.25789669156074524, 0.05690613389015198, 0.06791283190250397, 6.600788765354082e-05, 0.4346437156200409, 0.9598228931427002, 0.21729473769664764, 1.0869872570037842, 0.0, 0.001717572333291173, 1.6758567094802856, 1.3445496559143066, 0.18443503975868225, 0.0015688672428950667, 0.309114009141922, 0.11978276818990707, 0.0, 0.8308883309364319, 0.0074694352224469185, 0.005951642990112305, 0.08116799592971802, 0.10265537351369858, 0.25503021478652954, 0.8845232129096985, 1.5359222888946533, 0.0, 0.5160451531410217, 1.4546798467636108, 0.2037007212638855, 0.12257066369056702, 0.0, 0.0, 0.0, 0.0, 0.0, 0.03703537583351135, 0.8641575574874878, 0.7804375290870667, 0.37856560945510864, 2.7702412605285645, 0.010468781925737858, 0.2216426283121109, 0.07205013185739517, 2.4069554805755615, 0.3648810088634491, 1.0434976816177368, 0.36552655696868896, 0.07297126203775406, 0.28160080313682556, 0.19398586452007294, 1.1298420429229736, 0.09206335991621017, 0.0, 0.6819343566894531, 0.07565496116876602, 0.046681735664606094, 0.046996358782052994, 1.084012508392334, 0.7879405617713928, 1.0088565349578857, 0.01977968029677868, 0.006543256808072329, 0.0, 0.0, 0.3708380162715912, 0.0, 0.38374239206314087, 0.02785666659474373, 0.02288099192082882, 0.0, 0.006949045229703188, 0.08545418828725815, 0.06758241355419159, 0.06005008891224861, 0.0022095174062997103, 0.0, 0.2550065517425537, 0.0, 0.0, 0.0, 1.7783029079437256, 0.10729917883872986, 0.8851021528244019, 0.029748735949397087, 0.05947243422269821, 2.046339273452759, 0.0010230541229248047]",Testing/glioma_tumor/image(3).jpg
"[0.312310129404068, 0.3179866373538971, 0.19234493374824524, 0.3892810642719269, 1.481178879737854, 0.07993131130933762, 1.6624460220336914, 0.0011989802587777376, 0.0, 0.028279058635234833, 0.0, 0.025527335703372955, 0.002729311352595687, 1.5708527565002441, 0.009544494561851025, 0.026637572795152664, 0.775970458984375, 0.0, 0.03810673952102661, 0.021629761904478073, 0.22652937471866608, 1.6673610210418701, 0.6951764822006226, 0.1414525806903839, 0.08933180570602417, 0.5054649710655212, 2.1242122650146484, 0.23064668476581573, 0.07486315071582794, 0.0854068472981453, 0.1285054087638855, 0.03351699560880661, 2.536334276199341, 0.6396674513816833, 0.6894769668579102, 0.8108339905738831, 0.0, 0.7350341081619263, 0.0947796180844307, 0.6222105622291565, 2.9528353214263916, 0.24377840757369995, 0.0, 0.04592449218034744, 0.002727941609919071, 0.16559797525405884, 0.07158860564231873, 0.0, 0.0, 0.29461583495140076, 0.10442367941141129, 1.4208461046218872, 1.3812109231948853, 0.28063249588012695, 1.3068675994873047, 1.62251877784729, 0.1594010442495346, 0.2526514530181885, 0.855640172958374, 0.0, 0.39133086800575256, 0.9838732481002808, 1.0373729467391968, 1.133996605873108, 0.07141474634408951, 0.14467844367027283, 0.6536011099815369, 0.4139420986175537, 0.46035438776016235, 0.0, 2.0825722217559814, 0.02205951325595379, 0.3819276988506317, 2.2082526683807373, 0.4965941309928894, 0.013982374221086502, 0.8512815237045288, 0.14971481263637543, 0.0, 0.07653413712978363, 0.0, 0.0, 0.16243566572666168, 0.07264328002929688, 1.0836026668548584, 0.013878902420401573, 2.0867936611175537, 0.1454208791255951, 0.0, 0.0019506191601976752, 2.768198013305664, 0.3363996744155884, 0.10385055094957352, 0.07985477149486542, 0.004193266853690147, 0.19729205965995789, 0.19713826477527618, 0.24340739846229553, 0.595854640007019, 0.5510267019271851, 0.11818163096904755, 0.08637402951717377, 0.08984076231718063, 0.13700811564922333, 0.47829222679138184, 0.1509951800107956, 0.5482784509658813, 1.6725090742111206, 0.44975733757019043, 1.3663603067398071, 0.00699307257309556, 0.5311889052391052, 0.17499291896820068, 0.4235919117927551, 0.12911264598369598, 0.0, 0.02252335473895073, 0.6883252859115601, 0.35243910551071167, 0.06090274080634117, 0.0068158251233398914, 0.13775572180747986, 0.0, 0.029875731095671654, 0.4970349371433258, 0.28039979934692383, 0.023743795230984688, 0.9515178203582764, 0.6856743693351746, 0.00977163203060627, 0.0073700244538486, 1.3846979141235352, 0.06983382999897003, 0.0, 0.0, 0.17230379581451416, 0.14558963477611542, 0.065900519490242, 0.057342927902936935, 0.07343445718288422, 0.29805421829223633, 0.23223745822906494, 0.07523447275161743, 0.1806677281856537, 0.0, 0.0, 0.05179077386856079, 3.3710572719573975, 0.11744597554206848, 0.0, 3.0339672565460205, 0.48803097009658813, 0.0, 0.004659462720155716, 0.36291614174842834, 0.24748899042606354, 0.0, 0.07105327397584915, 0.9207972288131714, 0.07785441726446152, 0.8984344005584717, 0.44056957960128784, 0.0, 0.019298138096928596, 0.03536740317940712, 0.22730045020580292, 0.5356960892677307, 0.0260482020676136, 0.3237978518009186, 10.175834655761719, 0.4193832576274872, 0.0, 0.045364391058683395, 0.2577621638774872, 1.6096500158309937, 0.48072123527526855, 0.11873996257781982, 0.2826859951019287, 0.2305835783481598, 0.33949014544487, 0.034851107746362686, 0.002237310167402029, 0.0, 0.23842772841453552, 0.026551177725195885, 0.7376965880393982, 0.4579187035560608, 1.0565094947814941, 0.5676009654998779, 0.0, 0.005451285280287266, 0.09983082860708237, 0.018745215609669685, 0.0, 0.0, 0.07923620194196701, 0.7851725220680237, 1.267897129058838, 0.0761169046163559, 0.07879871875047684, 0.43278050422668457, 0.9297831654548645, 1.085129976272583, 0.08559340983629227, 0.5635388493537903, 0.5198448896408081, 0.0, 0.000406160659622401, 0.22012978792190552, 0.2759910225868225, 0.5398180484771729, 0.7332786917686462, 0.0, 0.7367535829544067, 0.00488380016759038, 0.07505693286657333, 0.045799873769283295, 0.09220907837152481, 0.2500196695327759, 0.0, 1.4037525653839111, 0.0039008758030831814, 2.5013296604156494, 0.05479942634701729, 0.009436320513486862, 2.093859910964966, 0.3347189724445343, 0.05008700489997864, 1.3925410509109497, 0.41691121459007263, 0.08388260751962662, 0.28923654556274414, 0.050794415175914764, 1.1156760454177856, 1.0658758878707886, 0.2850162982940674, 0.044607747346162796, 0.23395346105098724, 0.034505829215049744, 0.10127686709165573, 0.4107668995857239, 0.028591666370630264, 0.6655835509300232, 0.0, 0.39740538597106934, 0.09530239552259445, 0.07758188247680664, 0.7680841684341431, 0.04893719404935837, 0.136781245470047, 0.6306574940681458, 0.0813741609454155, 2.2546205520629883, 0.49904951453208923, 0.1949581354856491, 0.3348753750324249, 0.09586020559072495, 1.1998175382614136, 0.0, 0.6370417475700378, 0.030405225232243538, 0.08648307621479034, 0.9350084662437439, 9.288836736232042e-05, 0.09480784088373184, 0.008175740018486977, 0.0033354174811393023, 0.0, 0.003542749211192131, 0.10490141063928604, 1.006939172744751, 0.01912379264831543, 0.3848855197429657, 0.10627438873052597, 4.429627895355225, 0.6021234393119812, 0.2820518910884857, 0.6103603839874268, 0.4444141089916229, 0.07678429037332535, 1.7148191928863525, 1.2654328346252441, 1.9855962991714478, 0.34936803579330444, 0.6862637996673584, 0.4839371144771576, 1.3283679485321045, 0.02958020195364952, 0.0, 0.05285649746656418, 0.3559049963951111, 0.4650467038154602, 0.0, 0.3059024512767792, 0.7264848947525024, 1.9435304403305054, 0.000313608004944399, 0.0, 0.25415682792663574, 0.049256399273872375, 0.2575044333934784, 0.08392257988452911, 3.024871826171875, 0.7159590721130371, 0.7857511043548584, 0.44597235321998596, 0.07395540177822113, 0.03530498221516609, 0.8099894523620605, 0.015157758258283138, 0.03516541048884392, 0.6866142749786377, 0.3786652982234955, 0.1476917266845703, 0.04481903463602066, 0.7096666693687439, 0.8210965394973755, 0.022443566471338272, 0.0, 0.18449904024600983, 0.09297896176576614, 0.2701099216938019, 0.05441751331090927, 0.012817387469112873, 0.011126275174319744, 0.0, 0.4755645990371704, 0.0349307656288147, 2.519838571548462, 0.48806512355804443, 0.3429166376590729, 0.02525298297405243, 0.8331160545349121, 0.416552871465683, 0.004149266518652439, 0.05570736154913902, 1.5120141506195068, 0.5558118224143982, 1.4238309860229492, 0.03157683461904526, 0.02226012758910656, 0.0028341254219412804, 0.04367030784487724, 0.02663234807550907, 0.0005139745189808309, 0.16681666672229767, 0.3166278898715973, 0.3547106087207794, 0.0880560502409935, 0.4107566773891449, 0.0, 0.34821051359176636, 1.02135169506073, 0.19247399270534515, 0.00358123192563653, 0.015513750724494457, 0.08509708940982819, 0.0, 0.17884118854999542, 0.4574994444847107, 0.037045687437057495, 2.069427728652954, 0.19486407935619354, 0.03201007470488548, 0.6348108649253845, 0.046646516770124435, 0.33226317167282104, 0.0073427543975412846, 0.0, 0.5697538256645203, 0.02677006460726261, 0.10074424743652344, 0.8005713820457458, 3.2797341346740723, 0.10174701362848282, 0.015643296763300896, 2.3795785903930664, 0.001101476838812232, 0.22397492825984955, 0.0, 0.02861255779862404, 0.006758271250873804, 0.0, 0.0582379549741745, 0.7520635724067688, 0.7815663814544678, 1.5479885339736938, 0.0, 0.1858583241701126, 0.036466777324676514, 0.0, 0.0663396492600441, 0.3622875213623047, 0.06399357318878174, 0.06214909628033638, 2.426999568939209, 0.005820515099912882, 0.8778235912322998, 0.0, 0.0, 1.0269811153411865, 0.026082323864102364, 0.0, 0.010352457873523235, 0.008225576020777225, 4.001288890838623, 0.0, 0.4272078573703766, 0.2276563048362732, 0.5773771405220032, 0.25751152634620667, 0.0015434488886967301, 0.0, 0.0076767816208302975, 0.0, 0.7728157639503479, 0.0, 0.0421542190015316, 0.005982102360576391, 0.15441162884235382, 0.5031738877296448, 0.06323384493589401, 0.4402313232421875, 0.14992210268974304, 0.0, 0.03153897449374199, 0.2850545048713684, 0.5904432535171509, 0.36281919479370117, 0.020873934030532837, 0.2494478076696396, 0.6576658487319946, 0.505293607711792, 0.07908273488283157, 1.4124869108200073, 0.9991492629051208, 0.06523595750331879, 2.146709442138672, 0.6445348858833313, 0.0, 0.0, 0.00264283106662333, 0.7897867560386658, 0.17448611557483673, 0.330280065536499, 0.05095352604985237, 0.003482044907286763, 0.2064589112997055, 0.08159464597702026, 0.03719668462872505, 0.370883971452713, 0.04272758588194847, 0.3166216313838959, 0.0, 0.15569369494915009, 0.13359156250953674, 0.670141875743866, 0.17143815755844116, 0.024406831711530685, 3.5189521312713623, 0.31016409397125244, 0.7526335716247559, 0.013503006659448147, 0.14019019901752472, 0.16858741641044617, 0.0, 0.0, 1.8050800561904907, 0.08535809069871902, 0.21964092552661896, 0.47950565814971924, 0.06398394703865051, 0.5347079038619995, 0.7586234211921692, 0.34180471301078796, 0.020724115893244743, 0.3285088837146759, 0.0, 0.0957086831331253, 0.02105100266635418, 0.0, 0.7155434489250183, 0.31353941559791565, 0.029004881158471107, 0.0, 0.08902079612016678, 0.0, 0.0, 0.3980928957462311, 0.0, 0.08517483621835709, 1.4331496953964233, 0.0, 0.0011329407570883632, 1.0111788511276245, 0.012177284806966782, 0.007301325909793377, 0.6040381789207458, 0.040686652064323425, 0.6911288499832153, 0.24413585662841797, 0.052536506205797195, 0.10241009294986725, 2.7305753231048584, 0.13252253830432892, 1.0143109560012817, 0.017680512741208076, 0.28643593192100525, 0.0183962844312191, 0.9266444444656372, 0.12139057368040085, 0.29686564207077026, 0.09510783106088638, 0.4328911304473877, 0.19870086014270782, 0.29377490282058716, 1.115992784500122, 0.00472264364361763, 0.551398754119873, 0.11462265998125076, 0.013128207996487617, 0.32442745566368103, 0.05016413331031799, 0.13015882670879364, 0.0, 0.42123112082481384, 0.0, 0.0, 0.01356959342956543, 1.094500184059143, 0.03616052493453026, 0.9548594951629639, 1.4368572235107422, 3.7457668781280518, 0.14405980706214905, 0.5384842753410339, 2.1509957313537598, 0.4875209629535675, 0.6996391415596008, 0.5438573360443115, 0.0016258590621873736, 0.15737347304821014, 0.09023382514715195, 0.1729690432548523, 0.5701897144317627, 0.1225702315568924, 0.061792101711034775, 0.0, 0.31187841296195984, 0.09224512428045273, 0.04864170029759407, 0.0, 0.11807986348867416, 0.15363085269927979, 2.0977375507354736, 2.3961377143859863, 0.507941722869873, 0.0, 0.2885509729385376, 0.15205714106559753, 1.5095363855361938, 1.246986985206604, 0.8387037515640259, 0.0, 0.0, 0.1767975091934204, 0.0, 0.04201327636837959, 0.18098405003547668, 0.0019413987174630165, 0.11792297661304474, 0.12099451571702957, 0.33231237530708313, 0.2067207545042038, 0.17139002680778503, 0.9865373969078064, 0.0, 1.8675469160079956, 0.09254802018404007, 0.18816405534744263, 0.9547331929206848, 0.031418073922395706, 0.02831665426492691, 0.5614590644836426, 0.0, 0.0016906845849007368, 0.5564661622047424, 0.0609658919274807, 0.000943125516641885, 0.0, 0.14395344257354736, 0.0, 0.616706132888794, 0.0, 0.4601033329963684, 0.045392248779535294, 0.0, 0.021898439154028893, 0.020951947197318077, 0.9023075699806213, 0.5577914118766785, 0.013119697570800781, 2.5543744564056396, 1.2225799560546875, 0.20718123018741608, 0.32069119811058044, 0.0, 0.005682110786437988, 0.7918990850448608, 1.4059678316116333, 0.09296952188014984, 0.06452219933271408, 0.43596571683883667, 0.23268190026283264, 0.0, 0.0, 0.15939509868621826, 0.3328492343425751, 0.0, 0.3425965905189514, 0.30950653553009033, 0.29945650696754456, 3.6347923278808594, 0.16780109703540802, 1.7653439044952393, 0.3782580494880676, 0.29456594586372375, 0.030972013249993324, 0.005900446325540543, 0.08888022601604462, 0.0, 0.07154463231563568, 0.6616329550743103, 0.2332586944103241, 0.0, 0.0, 0.33637455105781555, 0.0, 0.01674189604818821, 0.7402473092079163, 1.7814651727676392, 0.013307386077940464, 0.3017219305038452, 0.4427553415298462, 0.0, 0.21296550333499908, 2.8662075996398926, 0.16323025524616241, 0.11225594580173492, 0.0, 1.6169052124023438, 0.16794385015964508, 0.025079209357500076, 0.0, 1.9325425624847412, 0.019504951313138008, 0.3934471309185028, 0.10222411900758743, 0.7559679746627808, 0.0, 0.22354818880558014, 0.18649518489837646, 0.7888111472129822, 0.07993657886981964, 3.6327476501464844, 0.020669300109148026, 2.8999834060668945, 0.23121362924575806, 0.002986591774970293, 0.07766339927911758, 0.0, 0.6402444243431091, 0.101018026471138, 0.07608211040496826, 0.0, 1.2115463018417358, 0.051075760275125504, 0.07613181322813034, 0.28288698196411133, 2.1448264122009277, 1.2978042364120483, 0.2155550867319107, 0.0, 0.05851944163441658, 0.4117562174797058, 1.2669944763183594, 0.027704549953341484, 0.13637588918209076, 1.1853132247924805, 1.1122161149978638, 0.07275586575269699, 0.0, 0.0, 0.0, 0.14948664605617523, 0.7113527655601501, 0.22899340093135834, 1.1341966390609741, 0.045073918998241425, 0.0, 0.28647908568382263, 0.0, 0.19322223961353302, 0.03466658666729927, 0.012560486793518066, 0.07144318521022797, 2.3947091102600098, 1.6428457498550415, 2.348655939102173, 0.0, 1.9567896127700806, 0.0, 0.0, 0.0, 0.0012448977213352919, 0.0, 0.006620733067393303, 0.056580718606710434, 0.2659377157688141, 0.0018673076992854476, 0.12066936492919922, 4.406836986541748, 0.04671725630760193, 0.16134247183799744, 0.24681435525417328, 3.612417459487915, 0.9448667764663696, 0.4514068365097046, 0.046557873487472534, 0.9808494448661804, 0.0900048241019249, 0.6630716919898987, 0.0, 0.26918184757232666, 0.9691489934921265, 0.0019415884744375944, 0.1306472271680832, 1.7187062501907349, 0.0031439431477338076, 0.007704951334744692, 0.0937676951289177, 0.013365117833018303, 2.95939564704895, 0.0, 0.0, 0.7819464802742004, 0.10598328709602356, 0.0, 0.143806591629982, 0.5026351809501648, 0.8201059103012085, 1.6841075420379639, 0.6189088821411133, 0.0, 0.410886287689209, 0.5485641956329346, 0.9149947166442871, 0.2148372083902359, 0.057409100234508514, 0.4879302978515625, 0.5094581246376038, 0.2355419397354126, 1.2034969329833984, 2.005868673324585, 0.07842826843261719, 0.011477002874016762, 0.015402623452246189, 0.03258355334401131, 0.5211914777755737, 1.1379268169403076, 0.0, 0.10601771622896194, 0.20100827515125275, 0.060023508965969086, 0.1308060586452484, 0.0, 0.1063043624162674, 0.23086784780025482, 2.363673210144043, 0.46929410099983215, 0.6749216318130493, 0.377185583114624, 0.1005488932132721, 0.059373289346694946, 1.019415020942688, 0.03322042152285576, 1.7942590713500977, 0.562687337398529, 0.9318059682846069, 0.0015504797920584679, 0.4965916574001312, 0.6561785936355591, 1.5627323389053345, 0.0017118551768362522, 0.2409730851650238, 0.5476312637329102, 0.0, 0.0, 0.4281522333621979, 0.3985341191291809, 0.023845884948968887, 0.028103802353143692, 0.4837338924407959, 0.046969685703516006, 0.0, 0.06797979772090912, 0.8310821056365967, 2.3879427909851074, 1.8981050252914429, 0.07704199850559235, 0.12219222635030746, 0.18752923607826233, 2.842236042022705, 0.046856287866830826, 2.153949737548828, 0.040868502110242844, 2.197082996368408, 0.9614267945289612, 0.1356634944677353, 0.0, 0.012465119361877441, 0.0, 0.7347918748855591, 0.06006179004907608, 0.028553133830428123, 0.4353770911693573, 0.024411631748080254, 0.0, 0.26081711053848267, 5.509431838989258, 0.16652992367744446, 0.12986154854297638, 0.09710302948951721, 0.14973559975624084, 0.09208279103040695, 3.371945381164551, 0.0, 0.09223601967096329, 0.0, 0.02777094766497612, 0.02312372252345085, 0.005432557314634323, 0.5235835313796997, 2.315077304840088, 0.43888360261917114, 0.5591901540756226, 0.3114108741283417, 0.0, 1.4582011699676514, 0.0, 0.18487900495529175, 0.01511578168720007, 0.44071415066719055, 0.019785426557064056, 0.0, 0.08732213824987411, 0.3729192912578583, 0.050793737173080444, 0.6476655006408691, 1.6630840301513672, 0.16959190368652344, 0.05645183101296425, 0.0039375219494104385, 0.0, 0.07225460559129715, 0.30262666940689087, 0.026443269103765488, 0.14544951915740967, 0.2936449944972992, 4.224414348602295, 0.524185836315155, 0.11452877521514893, 0.0, 0.14131496846675873, 0.03218921273946762, 0.0536830872297287, 0.07471567392349243, 0.4181269407272339, 1.100750207901001, 0.6115996241569519, 0.011011362075805664, 0.5059964060783386, 0.0753009095788002, 0.0, 1.7023371458053589, 0.2584537863731384, 0.8011985421180725, 0.5114386677742004, 0.9987365007400513, 0.5531346797943115, 0.033374637365341187, 0.2919536232948303, 0.018005622550845146, 0.007250002585351467, 0.07882837951183319, 0.08766501396894455, 0.12727181613445282, 0.04285403713583946, 0.21750546991825104, 1.8494939804077148, 0.087476946413517, 1.436031460762024, 0.030892040580511093, 0.03615950047969818, 4.823607921600342, 0.0, 0.21567700803279877, 3.8731322288513184, 0.14230166375637054, 0.09180936962366104, 0.09244365990161896, 0.5022017955780029, 0.1235312819480896, 0.39734411239624023, 0.009822281077504158, 1.997265100479126, 0.03349259868264198, 9.26815700950101e-05, 0.3862171173095703, 0.0, 0.0372307188808918, 0.0490061491727829, 0.03065522573888302, 0.6805199384689331, 0.017780926078557968, 0.6342303156852722, 1.8188145160675049, 1.294947624206543, 1.9114876985549927, 0.0, 0.0, 0.3720634877681732, 0.11145170032978058, 0.0, 0.6472483277320862, 1.2585318088531494, 0.07795895636081696, 0.1389022022485733, 0.03362710028886795, 0.10583129525184631, 0.5752144455909729, 0.5012349486351013, 0.05851009488105774, 0.005992913618683815, 0.13157929480075836, 0.26001790165901184, 0.060570936650037766, 0.291930615901947, 0.12546738982200623, 0.48416101932525635, 0.0, 1.6951658725738525, 0.09194020181894302, 0.0, 0.3274300694465637, 0.0, 0.0, 1.2864376306533813, 0.0749889686703682, 0.0, 0.24645844101905823, 0.286176472902298, 0.0, 0.21189051866531372, 0.10376729816198349, 1.6778206825256348, 0.25049370527267456, 0.7414169907569885, 0.32901570200920105, 0.011266316287219524, 0.0, 0.14617721736431122, 0.02474340610206127, 0.6067469120025635, 0.052224840968847275, 0.042113400995731354, 0.2990629971027374, 0.15685153007507324, 0.08348823338747025, 0.04290253669023514, 1.4579095840454102, 1.827548623085022, 0.0, 0.0, 0.7557201981544495, 0.0, 0.0, 0.0, 0.23776264488697052, 0.0011922194389626384, 0.5780482888221741, 0.018384767696261406, 0.00634866114705801, 0.18814562261104584, 0.0, 0.030097566545009613, 0.004076505079865456, 0.0, 0.04582422599196434, 0.0, 0.9276031255722046, 0.029423410072922707, 0.015990080311894417, 0.0, 1.0499109029769897, 0.7330345511436462, 0.03131377324461937, 0.6040059924125671, 1.1485258340835571, 0.018946515396237373, 0.06642059236764908, 0.04558248817920685, 0.017165612429380417, 2.875241756439209, 0.1966506987810135, 0.0, 0.4614582359790802, 0.02806233800947666, 0.6291097402572632, 2.419172525405884, 0.0, 0.9091071486473083, 0.0, 1.215645670890808, 0.1844327449798584, 0.7265615463256836, 0.0, 0.08918304741382599, 0.0, 0.13414601981639862, 0.16706223785877228, 0.7770051956176758, 0.06805088371038437, 0.0721888318657875, 0.002815626095980406, 0.4737892150878906, 0.21964891254901886, 0.0, 0.2648076117038727, 0.0, 0.050198692828416824, 0.0, 0.8065103888511658, 0.26826417446136475, 0.38950687646865845, 0.12825222313404083, 0.10436452925205231, 0.11639009416103363, 0.47311338782310486, 0.19083938002586365, 0.29024821519851685, 0.006342751439660788, 0.20953437685966492, 0.30330222845077515, 0.09521227329969406, 0.009029602631926537, 0.2694590985774994, 1.7763385772705078, 0.06449811160564423, 0.00387009559199214, 0.0, 0.047960106283426285, 0.5631560683250427, 0.040363848209381104, 0.3900740146636963, 0.04347486048936844, 0.1780576854944229, 0.3049303889274597, 0.0, 0.14453651010990143, 0.7734072804450989, 4.19091272354126, 0.4147599935531616, 0.10778789222240448, 1.5194263458251953, 0.0, 0.2603679895401001, 0.07731540501117706, 0.13203896582126617, 0.11594279855489731, 1.2975833415985107, 0.34222447872161865, 0.2508641481399536, 3.7896575927734375, 0.009637978859245777, 0.29447799921035767, 0.13319112360477448, 1.4405086040496826, 1.112564206123352, 0.1960998773574829, 0.0, 0.0, 0.0, 0.0, 5.669065475463867, 0.0, 0.3529779613018036, 0.10443509370088577, 0.0, 0.4038429260253906, 0.0, 0.0415363609790802, 0.6147153377532959, 0.27327102422714233, 0.22929592430591583, 0.022843386977910995, 1.0980777740478516, 0.042623840272426605, 0.4048862159252167, 0.3399301767349243, 0.07632230967283249, 0.24723854660987854, 0.02142604999244213, 0.018083762377500534, 0.27275097370147705, 0.08704159408807755, 0.11141005158424377, 0.0, 0.07626635581254959, 0.06298749148845673, 1.8886256217956543, 0.07584983110427856, 0.0, 0.4474073648452759, 0.0, 0.04435248672962189, 0.19731323421001434, 0.13863596320152283, 0.057711806148290634, 0.12805448472499847, 0.0, 0.9337956309318542, 0.0, 0.7521836161613464, 0.037968654185533524, 0.024811431765556335, 0.04164905846118927, 0.0, 0.2639806866645813, 0.6932474970817566, 0.06127258390188217, 0.17120260000228882, 0.5898804068565369, 0.005794430151581764, 0.07422919571399689, 0.01206453237682581, 0.0, 0.0, 0.13388629257678986, 0.05036841705441475, 0.03805851563811302, 0.004718289244920015, 0.0, 0.004014845006167889, 1.299314022064209, 0.6408208608627319, 0.02385685406625271, 4.1859490011120215e-05, 0.0, 0.012042940594255924, 0.0, 0.02062392234802246, 0.07788941264152527, 0.9370865821838379, 0.21140828728675842, 0.216100811958313, 0.6816261410713196, 0.09361304342746735, 0.0, 0.0, 0.13394927978515625, 0.046295516192913055, 0.0, 0.0, 0.09269282966852188, 1.2395837306976318, 0.1588495373725891, 0.2601150572299957, 0.05142083019018173, 1.8118423223495483, 0.01625749282538891, 0.03432004898786545, 0.01030922681093216, 0.0, 0.013685990124940872, 0.15432019531726837, 0.0167180597782135, 0.9346816539764404, 1.5569334030151367, 0.22322595119476318, 0.43276751041412354, 0.0, 0.02974669262766838, 0.0, 0.0, 0.8169959187507629, 0.4338003396987915, 0.5803967118263245, 0.12909995019435883, 0.09164876490831375, 0.6203790307044983, 0.08304717391729355, 0.36769595742225647, 0.21934670209884644, 1.7551023960113525, 0.08909794688224792, 0.23111660778522491, 0.06269130110740662, 0.5122990012168884, 1.118696689605713, 1.0713051557540894, 0.03445671871304512, 0.1672055572271347, 0.5599692463874817, 0.0, 0.025446230545639992, 0.0, 0.0, 0.14437107741832733, 0.4805106222629547, 0.7336558103561401, 0.0, 0.11027505248785019, 0.26269322633743286, 0.5028725266456604, 0.20075587928295135, 0.14836400747299194, 0.22511208057403564, 0.01933402195572853, 0.022423164919018745, 0.09195896983146667, 0.0, 0.0939406305551529, 3.091681957244873, 0.018524164333939552, 0.2723250389099121, 0.19070909917354584, 0.6436979174613953, 0.39822500944137573, 0.10614404827356339, 0.19169025123119354, 0.006056070327758789, 0.08240848779678345, 0.435228556394577, 0.718439519405365, 0.13662214577198029, 0.0750204399228096, 0.004726590123027563, 0.16827069222927094, 0.29688146710395813, 0.49361881613731384, 0.9581575989723206, 0.7370577454566956, 0.03697244077920914, 0.12584564089775085, 0.014842507429420948, 1.1889773607254028, 0.05931970849633217, 0.0, 0.11971642076969147, 0.26343706250190735, 0.09636135399341583, 0.5568777322769165, 0.5203450322151184, 1.4620203971862793, 0.2745179831981659, 0.6413571238517761, 0.48421183228492737, 0.21995654702186584, 1.0799283981323242, 0.03125892952084541, 0.0, 0.0, 0.008372321724891663, 0.03558189421892166, 0.05047490820288658, 0.37215733528137207, 0.420867383480072, 0.5145183205604553, 0.4139328896999359, 0.007064138073474169, 0.07211238890886307, 0.11151594668626785, 0.09873829036951065, 0.021881144493818283, 0.19085852801799774, 0.0, 0.2663411498069763, 1.3256891965866089, 1.5625985860824585, 0.27893611788749695, 0.015993745997548103, 0.9601079225540161, 0.0, 0.034246645867824554, 0.0, 0.22851327061653137, 1.40235435962677, 0.01152283325791359, 0.0, 0.457319974899292, 0.0, 0.7406833171844482, 2.4744319915771484, 0.0, 0.0, 0.10441494733095169, 0.4417724907398224, 0.44277262687683105, 3.973947286605835, 0.022947242483496666, 0.06323443353176117, 0.06452023983001709, 0.0, 0.14358188211917877, 0.8818181157112122, 0.5943662524223328, 0.32043829560279846, 0.02377648651599884, 0.8712890148162842, 1.8650213479995728, 0.1579849272966385, 0.050167907029390335, 0.0, 0.0, 0.0, 0.3296316862106323, 0.0, 1.3050581216812134, 0.0, 0.18078282475471497, 0.07242856919765472, 1.5003786087036133, 0.11532585322856903, 0.39474374055862427, 0.048559773713350296, 0.38394492864608765, 0.341509610414505, 0.4531656801700592, 0.4579814076423645, 0.04643970727920532, 1.216064214706421, 0.00508124241605401, 0.005129925906658173, 0.0, 3.321237564086914, 0.03795960545539856, 0.10920343548059464, 0.2929290235042572, 1.152843713760376, 0.7702428698539734, 0.048709094524383545, 0.5280909538269043, 0.12348715960979462, 2.2321760654449463, 0.07431910187005997, 0.021044451743364334, 0.26409977674484253, 0.13334572315216064, 0.05421309545636177, 0.19889916479587555, 0.06456738710403442, 0.0, 0.14612235128879547, 0.0, 2.480978012084961, 0.01036003790795803, 0.7708449363708496, 0.39531514048576355, 0.03425328806042671, 0.07318974286317825, 1.1265393495559692, 1.1283639669418335, 0.0, 2.4286744594573975, 0.5533075332641602, 0.20037643611431122, 0.37961578369140625, 0.08277638256549835, 0.0, 0.8004294633865356, 1.95280921459198, 0.20908908545970917, 2.2119016647338867, 0.13173727691173553, 0.015649035573005676, 0.2883661091327667, 0.0780724287033081, 0.3289625942707062, 0.04250091314315796, 0.0, 0.04494180157780647, 0.018998924642801285, 0.04991267994046211, 0.03615884482860565, 0.027685584500432014, 0.012879828922450542, 4.341771602630615, 0.06890878826379776, 0.1499897837638855, 0.2963379919528961, 1.1960307359695435, 0.05031142011284828, 1.7735326290130615, 0.650098979473114, 0.001020650495775044, 0.13593566417694092, 1.275675892829895, 1.303263783454895, 0.02627001702785492, 0.05469299852848053, 0.19038282334804535, 0.0, 0.23416994512081146, 0.31124305725097656, 1.360837697982788, 0.0, 0.07884720712900162, 0.4268450140953064, 0.15287838876247406, 0.0, 0.016961267217993736, 0.0008011399768292904, 0.3610314726829529, 0.0422259159386158, 0.05126984789967537, 0.129356250166893, 0.0, 0.33500897884368896, 1.8449885845184326, 0.007027153857052326, 0.017589146271348, 0.21822960674762726, 0.0, 0.10672999173402786, 0.01655866950750351, 0.0, 0.036329399794340134, 1.138974905014038, 0.3372352719306946, 0.07479070127010345, 0.0866193175315857, 1.0098110437393188, 0.0, 0.0, 0.017382964491844177, 0.16262562572956085, 0.012077823281288147, 0.022078469395637512, 0.0, 0.062369558960199356, 0.013212841004133224, 0.07825693488121033, 0.0, 0.0, 0.0375673845410347, 0.00499411765486002, 0.0034383535385131836, 0.0, 0.0, 0.3567732274532318, 0.0, 0.03716263175010681, 1.1884222030639648, 2.527859926223755, 5.130261421203613, 0.09815733879804611, 0.5128484964370728, 0.12441249936819077, 0.0, 1.2469384670257568, 0.7654765248298645, 0.5728399157524109, 0.008134910836815834, 1.6139094829559326, 0.22550824284553528, 0.41777902841567993, 0.1627933531999588, 1.381292700767517, 0.27976396679878235, 0.1521162986755371, 0.10385701805353165, 0.0, 0.26114243268966675, 0.15263095498085022, 0.0, 0.007206941023468971, 0.268267959356308, 0.09110043942928314, 0.0, 0.0, 3.1462624073028564, 0.05134723708033562, 0.2767675220966339, 0.3639301657676697, 0.016196798533201218, 0.11553672701120377, 0.5951213836669922, 0.022562431171536446, 2.561805248260498, 0.8896321654319763, 0.08159103989601135, 0.027869604527950287, 1.660906434059143, 1.3362854719161987, 0.16517068445682526, 0.03190672770142555, 0.0, 2.713771343231201, 0.05499040707945824, 0.005457104649394751, 0.649533748626709, 0.10281617194414139, 0.9817964434623718, 0.4941568970680237, 0.15595881640911102, 0.0, 0.03333045169711113, 0.04864651709794998, 0.0, 0.4082866907119751, 0.2597027122974396, 0.00948021374642849, 1.8110002279281616, 0.07674210518598557, 0.0, 0.4164206087589264, 0.0, 0.13525032997131348, 1.9183971881866455, 0.6295201778411865, 0.0, 0.008877858519554138, 0.10018875449895859, 0.0, 0.0, 0.7863252758979797, 0.0, 0.06326823681592941, 0.0, 0.7130897641181946, 0.008843978866934776, 0.02645326405763626, 0.7884312868118286, 1.1586833000183105, 0.1785593032836914, 0.053206998854875565, 0.25715044140815735, 0.5493754744529724, 0.0, 1.9094558954238892, 0.0, 0.5667629241943359, 0.0, 0.24062898755073547, 0.5778796672821045, 0.45109647512435913, 3.263978958129883, 0.033626507967710495, 0.8666112422943115, 0.9873627424240112, 0.05710094794631004, 0.6993959546089172, 0.1952248364686966, 0.2305314540863037, 0.257712721824646, 0.0, 0.68171226978302, 0.022324927151203156, 0.004263649228960276, 0.20141170918941498, 0.0, 1.8105454444885254, 1.667981505393982, 0.021068967878818512, 0.6714515089988708, 0.3377104103565216, 0.5372015237808228, 0.9391188621520996, 0.30533596873283386, 0.264160692691803, 0.0, 0.609386682510376, 0.0, 0.14624932408332825, 0.33138492703437805, 0.8001550436019897, 0.27186334133148193, 0.2150660902261734, 0.03218314051628113, 0.012427529320120811, 0.0, 0.0, 0.2101387083530426, 0.31312042474746704, 0.49127840995788574, 1.051976203918457, 0.0, 1.8230702877044678, 0.017831165343523026, 0.7021036148071289, 1.2821990251541138, 0.0, 0.15996916592121124, 0.014088131487369537, 0.10577304661273956, 0.6399712562561035, 0.057392947375774384, 0.08807947486639023, 1.3781988620758057, 0.0, 0.18613101541996002, 0.21327681839466095, 0.1529918909072876, 0.164945587515831, 0.19089262187480927, 0.9838717579841614, 0.15476688742637634, 0.16875509917736053, 0.0, 0.0, 0.009582691825926304, 0.6788944602012634, 1.8742105960845947, 0.7515028119087219, 0.882261335849762, 1.7004631757736206, 4.877404689788818, 0.0, 0.06687483191490173, 0.0, 1.7678757905960083, 0.11439170688390732, 0.10529203712940216, 0.0911995992064476, 0.912047266960144, 0.1563509702682495, 0.3434586524963379, 0.0, 0.7146419882774353, 0.7102548480033875, 0.03563055396080017, 1.5228204727172852, 0.2068442851305008, 0.07860114425420761, 0.13652119040489197, 0.0, 0.05856027081608772, 2.232621431350708, 0.29842445254325867, 0.0, 1.3474171161651611, 3.060960531234741, 0.0, 0.0, 0.0, 0.0, 0.06879149377346039, 0.0, 0.14352773129940033, 0.03820452466607094, 1.7396923303604126, 0.19688335061073303, 0.059879764914512634, 0.1986437439918518, 0.7821747064590454, 1.4284790754318237, 0.01051379181444645, 0.017135757952928543, 0.21633446216583252, 0.0, 0.17445862293243408, 0.31754276156425476, 0.007700774352997541, 0.0464726947247982, 0.29773715138435364, 0.3760901391506195, 0.1738545000553131, 0.0666554719209671, 0.01165346335619688, 0.0, 0.0784972608089447, 0.13971523940563202, 1.1769511699676514, 0.0, 1.7783745527267456, 0.0, 0.052191365510225296, 0.6576730608940125, 0.0, 0.057084619998931885, 0.025309022516012192, 0.0, 0.0015652179718017578, 0.022474821656942368, 0.3767513632774353, 0.15864622592926025, 0.0071972873993217945, 0.4569278955459595, 0.0, 0.0640023946762085, 0.1236390471458435, 0.5273410081863403, 1.3979688882827759, 0.0, 0.5454078912734985, 0.5917628407478333, 0.09934920072555542, 0.0, 0.17923782765865326, 0.29780980944633484, 0.007555203977972269, 0.024861842393875122, 0.04637835919857025, 0.0, 0.33722442388534546, 1.3017109632492065, 0.0, 0.03016161359846592, 0.0, 2.607907295227051, 0.2528028190135956, 0.7492409348487854, 0.011629652231931686, 0.22843125462532043, 0.15905530750751495, 0.25377506017684937, 0.01832500845193863, 1.5837767124176025, 0.5056428909301758, 0.7027060985565186, 0.0, 4.162930965423584, 0.09803155064582825, 0.28439080715179443, 1.8797547817230225, 0.14129886031150818, 1.3824330568313599, 1.3092314004898071, 3.8019864559173584, 0.0, 0.08437570184469223, 0.0, 0.559856653213501, 0.025562983006238937, 0.20377840101718903, 0.3108506202697754, 0.9295541644096375, 0.15809498727321625, 0.6348075270652771, 0.8984588980674744, 0.23883914947509766, 0.00026713585248216987, 0.20416201651096344, 0.37666773796081543, 0.23827755451202393, 0.20834635198116302, 1.6829980611801147, 0.00026364714722149074, 0.45499876141548157, 0.020995674654841423, 0.16380144655704498, 0.051174819469451904, 0.8630160689353943, 0.30763688683509827, 0.5193083882331848, 1.0909652709960938, 1.8533228635787964, 0.0, 0.8722137212753296, 0.7421915531158447, 0.11496057361364365, 0.0, 0.15493571758270264, 0.013457532040774822, 0.0, 0.835907518863678, 1.4819388389587402, 0.11975586414337158, 0.01998354308307171, 0.0, 0.15203864872455597, 0.006776916794478893, 2.2935893535614014, 0.4227715730667114, 0.0, 0.03352423012256622, 0.042998701333999634, 0.8186876773834229, 0.39306485652923584, 0.0, 0.13084940612316132, 0.7119997143745422, 0.18132540583610535, 0.0, 0.4427899718284607, 0.22313940525054932, 0.6010189652442932, 0.015159782022237778, 0.15004941821098328, 3.6419453620910645, 0.13615447282791138, 0.1847270429134369, 0.06777750700712204, 0.0, 0.0014461399987339973, 0.7761645913124084, 0.035368047654628754, 0.0, 0.0594286248087883, 0.5043259263038635, 0.083820641040802, 0.005553204100579023, 0.4378758668899536, 0.5316892266273499, 0.7379034161567688, 0.04414103552699089, 0.3358970284461975, 1.4541815519332886, 0.27660560607910156, 0.3744909465312958, 0.16014976799488068, 6.551988124847412, 0.0, 0.25619855523109436, 1.1211241483688354, 0.5332054495811462, 0.007862433791160583, 0.2198844999074936, 1.1169778108596802, 0.0, 1.0271048545837402, 0.11480394005775452, 1.2748726606369019, 0.03546055406332016, 0.0011178473941981792, 0.7704317569732666, 0.302303284406662, 0.5784571766853333, 0.022784335538744926, 0.0, 0.04103878512978554, 0.440952330827713, 0.8137979507446289, 0.0, 0.07107441127300262, 0.007781376596540213, 0.012059999629855156, 0.1660165637731552, 0.1370866894721985, 0.21270054578781128, 0.008698672987520695, 0.0, 0.0, 0.26099836826324463, 0.18839316070079803, 2.758790969848633, 0.23350100219249725, 0.03519873321056366, 0.14178216457366943, 0.0, 0.7778335809707642, 0.0, 0.37506335973739624, 2.378504514694214, 0.06332916021347046, 0.9068436026573181, 0.4917760491371155, 0.33918046951293945, 0.0, 0.03620097041130066, 0.0, 1.7052674293518066, 0.11383076012134552, 2.68760085105896, 0.10619930177927017, 0.020583702251315117, 0.0, 0.6992803812026978, 1.0944223403930664, 0.0035474009346216917, 0.16516464948654175, 0.024923650547862053, 2.9838101863861084, 1.1882054805755615, 0.11131681501865387, 0.0, 0.0, 0.012952880002558231, 0.21704749763011932, 0.0, 0.4562482237815857, 2.1597402095794678, 0.10026375204324722, 0.269010990858078, 0.10821319371461868, 2.18984055519104, 0.8474577069282532, 0.021368660032749176, 0.09431567788124084, 0.11838465183973312, 0.0, 0.03380582854151726, 0.021663419902324677, 0.047711532562971115, 0.04021226987242699, 0.1389797031879425, 0.264342725276947, 0.03705783560872078, 0.20922376215457916, 0.0, 0.0051612635143101215, 0.0027213047724217176, 0.9905495047569275, 0.3004548251628876, 0.019565604627132416, 2.1334662437438965, 1.8021574020385742, 0.05990825966000557, 0.0829363614320755, 0.0265238918364048, 0.0, 0.13278023898601532, 0.0, 0.11596742272377014, 0.22004131972789764, 1.094935417175293, 0.956616222858429, 0.0, 0.11421938985586166, 0.577178955078125, 0.2690403163433075, 0.3149998188018799, 0.07318419218063354, 0.07111994922161102, 0.2677077353000641, 0.3645288646221161, 0.11552470177412033, 0.7775916457176208, 0.0, 0.01143807265907526, 0.15659812092781067, 0.2441204935312271, 0.021599721163511276, 2.8796985149383545, 0.40182745456695557, 0.4410392642021179, 0.12088528275489807, 0.2876512110233307, 0.0, 0.31563958525657654, 0.1997515857219696, 0.1634504795074463, 0.016386723145842552, 0.00643612165004015, 0.0, 0.8809905648231506, 1.4522151947021484, 0.00283511308953166, 0.0, 0.0, 0.009779723361134529, 0.011952979490160942, 0.08137539774179459, 0.12462902069091797, 0.18918584287166595, 1.1799209117889404, 0.27164432406425476, 0.007215979043394327, 0.0200206208974123, 0.004925406537950039, 0.9319292902946472, 1.9790540933609009, 0.0791785791516304, 0.28561460971832275, 0.2690117061138153, 0.025412574410438538, 0.0, 1.3731887340545654, 0.1421087682247162, 0.15495459735393524, 0.7394197583198547, 0.06897769868373871, 0.2635107636451721, 0.0, 1.4123783111572266, 0.0, 0.9368815422058105, 0.43612200021743774, 0.5216240882873535, 0.0, 0.12946321070194244, 0.014909880235791206, 0.07111916691064835, 0.017919093370437622, 0.0, 0.40178221464157104, 0.3445309102535248, 2.0465476512908936, 0.0, 3.9561219215393066, 0.040991876274347305, 1.1122151613235474, 0.0, 4.449087142944336, 0.17584863305091858, 3.5318329334259033, 0.43788647651672363, 0.22590672969818115, 0.10907045006752014, 0.44342079758644104, 2.4795215129852295, 0.3714040517807007, 0.005997548345476389, 0.3097389042377472, 0.0, 0.15582498908042908, 0.03772173449397087, 0.07855987548828125, 0.5727485418319702, 0.021028805524110794, 0.04929963871836662, 0.0, 0.0, 0.0, 0.19490426778793335, 0.5122482180595398, 0.47601810097694397, 0.0, 0.025172827765345573, 0.6128899455070496, 0.3443785011768341, 0.3140731453895569, 1.4325973987579346, 0.04552488774061203, 0.05968564748764038, 0.0, 0.40737587213516235, 0.0, 0.04677010700106621, 0.23773065209388733, 0.02698439545929432, 0.2887769341468811, 1.140669822692871, 0.0, 0.03426699712872505, 3.760936737060547, 0.30438724160194397]",Testing/glioma_tumor/image(86).jpg
"[0.1491112858057022, 1.9160947799682617, 0.0, 0.4777156710624695, 1.5633947849273682, 0.2031095027923584, 2.624906301498413, 0.00366971199400723, 0.043055739253759384, 0.0, 0.0, 0.25959691405296326, 0.0, 0.5644057393074036, 0.1407078504562378, 0.008343477733433247, 0.030705077573657036, 0.15719345211982727, 0.4725702702999115, 0.0, 0.40144526958465576, 1.4393696784973145, 0.02557883970439434, 0.212466299533844, 0.26152876019477844, 0.23439808189868927, 1.637032389640808, 0.05268057435750961, 0.27042925357818604, 0.0392497256398201, 0.01537063904106617, 0.0321221761405468, 0.04576048627495766, 0.5276659727096558, 0.1907692700624466, 1.096846580505371, 0.22260428965091705, 0.3169780969619751, 0.013779496774077415, 0.32686930894851685, 1.4369664192199707, 0.17346727848052979, 0.08009710907936096, 0.10486966371536255, 0.0, 0.0, 0.0, 0.2012806087732315, 0.0, 0.015045134350657463, 0.38406985998153687, 0.21387054026126862, 0.9593055844306946, 0.3179352283477783, 0.6123855710029602, 3.5507118701934814, 1.6395491361618042, 0.3809361755847931, 0.48133397102355957, 0.013204251416027546, 0.5673776865005493, 0.7693952322006226, 0.239175483584404, 0.27215179800987244, 0.0, 0.0, 1.2987358570098877, 0.06938763707876205, 0.4496086537837982, 0.0, 0.21957670152187347, 0.012670580297708511, 0.5059094429016113, 3.796584367752075, 0.024765238165855408, 0.03807716816663742, 1.9912738800048828, 0.4613877236843109, 0.0, 0.9897933602333069, 0.0, 0.7716766595840454, 1.1856389045715332, 0.10749468207359314, 0.8369815349578857, 0.08114227652549744, 2.014338970184326, 0.1912403553724289, 0.02017861418426037, 0.18399354815483093, 0.3944006562232971, 0.4772714078426361, 0.7085741758346558, 0.28888896107673645, 0.0, 0.0, 0.3471871614456177, 0.13031665980815887, 0.025187930092215538, 0.12532538175582886, 0.4606614410877228, 0.06442072242498398, 0.11510813981294632, 0.2562941908836365, 1.2091655731201172, 0.03824189305305481, 0.46978381276130676, 0.2018723338842392, 0.08813566714525223, 1.4025368690490723, 0.0, 0.5643628835678101, 0.012612605467438698, 0.34714949131011963, 0.5662851333618164, 0.4065135717391968, 0.0641835629940033, 0.10782165825366974, 1.0803565979003906, 0.002451719017699361, 0.0, 0.3816598057746887, 0.014116092585027218, 0.1692161113023758, 0.16033083200454712, 0.39098966121673584, 0.040521543473005295, 0.8023489117622375, 3.421383857727051, 0.0018437346443533897, 0.04435155913233757, 1.883928894996643, 0.19375911355018616, 0.42807552218437195, 0.01356200035661459, 0.26589950919151306, 0.6975331902503967, 0.585602879524231, 0.046259500086307526, 0.1465802937746048, 0.11505124717950821, 0.12565013766288757, 0.4596262574195862, 0.15053044259548187, 0.057971954345703125, 0.26667603850364685, 0.19845110177993774, 1.3046064376831055, 0.3077368140220642, 0.06874177604913712, 1.1810141801834106, 1.4019112586975098, 0.42179402709007263, 0.2924685478210449, 0.42981672286987305, 1.5232182741165161, 0.0, 0.4889674186706543, 1.633636474609375, 0.0, 1.000288724899292, 1.134611964225769, 0.0, 0.5909786820411682, 0.0009997962042689323, 0.1740809977054596, 0.5556132793426514, 0.0, 0.22563865780830383, 8.308064460754395, 0.13014961779117584, 0.0, 1.9472472558845766e-05, 0.32708945870399475, 1.0986205339431763, 0.3121904730796814, 0.7311708331108093, 0.47823119163513184, 0.26107892394065857, 0.2271227091550827, 0.0, 0.027532260864973068, 0.0231415294110775, 0.03990989923477173, 0.12758441269397736, 0.019512245431542397, 0.06009502708911896, 1.184871792793274, 0.11811184138059616, 0.0, 0.14659537374973297, 0.21884910762310028, 0.03644511103630066, 0.0, 0.02863929234445095, 0.31072720885276794, 0.11323975771665573, 0.27439001202583313, 0.06438201665878296, 0.3679153025150299, 0.16162806749343872, 0.4723062813282013, 0.1059437096118927, 0.130229651927948, 0.23353031277656555, 0.08344969153404236, 0.25989702343940735, 0.0, 0.11873719841241837, 0.9825979471206665, 0.03223197162151337, 0.8621336221694946, 0.0, 0.6313773393630981, 0.058025870472192764, 0.07759378850460052, 1.449545979499817, 0.14311335980892181, 0.19406825304031372, 0.0, 1.1717963218688965, 0.0, 1.491021752357483, 0.06447350978851318, 0.0, 0.05195831134915352, 0.1668710708618164, 0.2604442834854126, 1.5141346454620361, 0.03478502109646797, 0.4996653199195862, 0.31065741181373596, 0.6017018556594849, 0.20804277062416077, 0.21891248226165771, 2.0828511714935303, 0.017608409747481346, 0.10519366711378098, 0.22609616816043854, 0.2163485735654831, 0.1965639293193817, 0.3063751757144928, 0.35300707817077637, 0.165060356259346, 0.025050872936844826, 0.08110860735177994, 0.23653824627399445, 1.0158501863479614, 0.09071921557188034, 0.09824346005916595, 1.2496140003204346, 0.11455479264259338, 0.6519086956977844, 0.9464952349662781, 1.892127513885498, 0.15804877877235413, 0.05904855206608772, 1.052893042564392, 0.1050390899181366, 0.4950835108757019, 0.0, 0.2510148286819458, 0.2359430193901062, 0.026862991973757744, 0.0, 0.47226667404174805, 0.10495500266551971, 0.37329035997390747, 0.0, 0.2341841161251068, 0.3401852548122406, 0.08188547194004059, 1.1334939002990723, 0.049900781363248825, 2.0344834327697754, 0.23957349359989166, 0.23967361450195312, 0.16644002497196198, 0.2742345333099365, 0.0, 0.7565582990646362, 0.966552734375, 2.090045213699341, 0.039075784385204315, 0.86971515417099, 0.19693319499492645, 1.2348893880844116, 0.2226649671792984, 0.0, 0.07529041916131973, 0.18478621542453766, 0.5476757884025574, 0.0, 0.5686597228050232, 0.44088056683540344, 1.158607840538025, 0.0, 0.024221152067184448, 0.6472941637039185, 0.0, 0.1874537169933319, 0.0, 2.4069018363952637, 0.03341541066765785, 0.0662481039762497, 0.14726155996322632, 0.41477644443511963, 0.41042187809944153, 0.7186176776885986, 0.1602039486169815, 0.37681132555007935, 0.600073516368866, 0.3793153464794159, 0.5450912117958069, 0.013876454904675484, 0.5318338871002197, 0.6320675611495972, 0.20084960758686066, 0.0, 0.0, 0.23485973477363586, 0.813866913318634, 3.0242695808410645, 0.01477612741291523, 0.37894028425216675, 0.11703774333000183, 0.35044437646865845, 0.12953822314739227, 4.18691873550415, 0.7118731141090393, 0.24349988996982574, 0.0, 0.23857814073562622, 0.0995716005563736, 0.004937712103128433, 0.000859099964145571, 1.3578487634658813, 0.49126875400543213, 1.3298635482788086, 0.5467729568481445, 0.03448617085814476, 0.19331036508083344, 0.0, 0.572618842124939, 0.0, 0.009382225573062897, 0.21613319218158722, 0.0, 0.11526373773813248, 1.0529890060424805, 0.04532826691865921, 0.3403690457344055, 0.9433138370513916, 0.5366132259368896, 0.6648464798927307, 0.0910162553191185, 0.024469979107379913, 0.03123115934431553, 0.2959458827972412, 0.5347482562065125, 0.07022473216056824, 1.2652791738510132, 0.552574872970581, 0.0, 0.07274699956178665, 1.046328067779541, 0.34897345304489136, 0.030140938237309456, 2.1138694286346436, 0.815936803817749, 0.23692205548286438, 1.0544325113296509, 0.4609941840171814, 1.2912524938583374, 0.2753306031227112, 0.50506192445755, 1.0287790298461914, 1.9670788049697876, 0.11296431720256805, 0.0, 0.0, 0.04361383244395256, 1.2297581434249878, 0.014822745695710182, 0.004157307092100382, 0.2187245488166809, 2.1979634761810303, 0.1207302063703537, 0.02621534839272499, 0.30998915433883667, 0.0, 0.0, 0.15408456325531006, 0.9848450422286987, 0.1731903851032257, 1.9697333574295044, 0.0428055003285408, 0.9573956727981567, 0.17521116137504578, 0.7098248600959778, 0.06219350919127464, 0.0, 0.12714709341526031, 0.6001775860786438, 0.0, 6.055383205413818, 0.01254732720553875, 0.13022977113723755, 0.6381950378417969, 0.5840544700622559, 0.12005595862865448, 0.14643648266792297, 0.0, 0.35613226890563965, 0.0, 3.3450706005096436, 0.028582246974110603, 0.05190182849764824, 0.3837703466415405, 0.0, 0.47581833600997925, 0.33100345730781555, 0.4657207429409027, 0.5714033246040344, 0.0, 0.615785539150238, 0.05974618345499039, 0.16736990213394165, 0.18440964818000793, 0.0, 0.2792951762676239, 0.10921322554349899, 0.7508723735809326, 0.7521057724952698, 3.483549118041992, 0.12928436696529388, 0.08758176118135452, 2.9584801197052, 0.2827173173427582, 0.04301302880048752, 0.04425111040472984, 0.02608906477689743, 0.7305262088775635, 0.01651383936405182, 0.2190997451543808, 0.009286150336265564, 0.04374886676669121, 0.13000130653381348, 0.09554930776357651, 0.2548133134841919, 0.0530756413936615, 0.017576776444911957, 0.03956664353609085, 0.0, 0.06110486760735512, 0.6421453356742859, 0.24517124891281128, 0.35256606340408325, 0.024109339341521263, 1.2261992692947388, 0.1496865153312683, 0.573058009147644, 0.42171427607536316, 0.09036048501729965, 0.5324224829673767, 0.15524311363697052, 0.1517089456319809, 0.4345810115337372, 0.034702662378549576, 0.20102353394031525, 0.5603457689285278, 0.0, 0.10130872577428818, 2.7678425312042236, 0.41367584466934204, 0.4492283761501312, 0.2720186710357666, 0.06385350227355957, 0.10646416991949081, 0.2669501006603241, 0.8948458433151245, 0.7513823509216309, 0.1371590495109558, 0.33586734533309937, 0.01916402392089367, 0.005425604060292244, 0.0625273585319519, 0.0, 0.21149112284183502, 0.9807068109512329, 1.0115118026733398, 2.8713395595550537, 0.079979807138443, 0.0726141408085823, 1.7922271490097046, 0.0440385602414608, 0.0, 0.18552137911319733, 0.38259610533714294, 1.1030584573745728, 0.4230210483074188, 0.19882941246032715, 0.08913666009902954, 1.9835753440856934, 0.4014136791229248, 0.9193031191825867, 0.0, 0.02852245233952999, 0.46565598249435425, 0.6002300977706909, 0.007770105265080929, 0.7250986099243164, 0.0033392540644854307, 0.16783955693244934, 0.5422229170799255, 0.49989381432533264, 0.5316113233566284, 0.2881905138492584, 0.27311670780181885, 0.532299816608429, 0.09412409365177155, 0.8080498576164246, 0.0, 0.24519293010234833, 0.0, 0.4957091808319092, 0.0, 0.003236026270315051, 0.006126588676124811, 0.038881827145814896, 0.00014025338168721646, 1.3602646589279175, 0.23948614299297333, 3.040250301361084, 0.0, 0.33593103289604187, 3.434015989303589, 0.14635978639125824, 1.7923295497894287, 0.7214378118515015, 0.15361051261425018, 0.5329338312149048, 0.040236763656139374, 0.10933752357959747, 1.5318533182144165, 0.9104622006416321, 0.12266065925359726, 0.09233703464269638, 0.24423077702522278, 0.06899651885032654, 0.3620566427707672, 0.13983368873596191, 0.3830322325229645, 0.06734640896320343, 0.42768222093582153, 1.8230767250061035, 0.31301993131637573, 0.028898006305098534, 0.0411226786673069, 0.06301237642765045, 2.4644484519958496, 1.4237715005874634, 0.3320261240005493, 0.06307128816843033, 0.06845875084400177, 0.047972217202186584, 0.22518980503082275, 0.029468132182955742, 1.0691078901290894, 0.06527157872915268, 0.009136540815234184, 0.0, 0.20763923227787018, 0.0, 0.03696287423372269, 0.0, 0.04117732122540474, 0.07194098830223083, 0.5538120865821838, 0.05332315340638161, 0.9552324414253235, 0.004171697422862053, 0.001332935062237084, 0.00995953194797039, 0.04182838276028633, 0.005031639244407415, 0.41155144572257996, 0.09610027819871902, 0.06262645870447159, 0.0, 0.2016204297542572, 0.0994238331913948, 2.49171781539917, 0.006987075321376324, 0.12323494255542755, 0.1855512410402298, 0.1692710965871811, 0.03719005733728409, 0.06419578939676285, 0.5993413329124451, 0.3343689441680908, 0.13515020906925201, 4.628228187561035, 0.9801743030548096, 0.0, 0.2204810380935669, 0.5896902084350586, 0.2668105959892273, 1.1300649642944336, 2.9074058532714844, 0.5739765763282776, 0.28209617733955383, 0.6814112067222595, 0.08037159591913223, 0.0, 0.016899308189749718, 0.015069913119077682, 0.0463271327316761, 0.0, 0.24924282729625702, 0.21313059329986572, 0.24264833331108093, 1.4724112749099731, 0.9151384234428406, 1.248833417892456, 0.07526934891939163, 0.11671765893697739, 0.10065031796693802, 0.008939789608120918, 0.02947309985756874, 0.0025097497273236513, 0.22198721766471863, 0.31396937370300293, 0.1251637041568756, 0.06044479459524155, 0.0, 0.0098322918638587, 0.0015771243488416076, 0.016290975734591484, 0.17769329249858856, 1.077649474143982, 0.059709109365940094, 0.1415593922138214, 0.8392690420150757, 0.002698285272344947, 0.5854582786560059, 1.3266961574554443, 0.43073058128356934, 0.0, 0.0, 1.0144379138946533, 0.5050841569900513, 0.31519415974617004, 0.0, 1.9893244504928589, 0.0424831360578537, 0.8812978267669678, 0.6754127144813538, 0.23496466875076294, 0.0, 1.2675952911376953, 0.2012648731470108, 0.24610765278339386, 0.09453023970127106, 3.424081563949585, 0.08882926404476166, 3.3375816345214844, 0.25668054819107056, 0.05767777934670448, 0.07032110542058945, 0.14202024042606354, 0.2632386386394501, 0.5866653919219971, 0.39879655838012695, 0.31753480434417725, 0.341838538646698, 0.03053535334765911, 0.02316214144229889, 0.03629835322499275, 2.1236319541931152, 1.4729745388031006, 0.7315594553947449, 0.12249551713466644, 0.0988411009311676, 1.5889347791671753, 0.9779753684997559, 0.20386391878128052, 0.36372771859169006, 1.974948763847351, 0.3614477813243866, 0.013225520960986614, 0.044760562479496, 0.0, 0.0, 0.07431865483522415, 0.5807257890701294, 0.32961124181747437, 0.49692150950431824, 0.03265305981040001, 0.0, 0.05930165946483612, 0.0, 0.7972598671913147, 0.4053986072540283, 0.1460903286933899, 0.06745725870132446, 0.4561596214771271, 2.5277302265167236, 0.28554779291152954, 0.0, 3.9336447715759277, 0.13907133042812347, 0.005431917030364275, 0.0024785995483398438, 0.12460208684206009, 0.15555699169635773, 0.0, 0.2392328828573227, 0.023820294067263603, 0.0, 1.1636006832122803, 3.2294187545776367, 0.7977740168571472, 0.17959870398044586, 0.43594834208488464, 1.1684907674789429, 0.17072786390781403, 0.0317603163421154, 0.4194796085357666, 0.0941341370344162, 0.0, 0.05626941844820976, 0.05643719062209129, 0.1358736753463745, 1.3840510845184326, 0.806934118270874, 0.45167461037635803, 0.36518627405166626, 0.7953565716743469, 0.0001931579754455015, 0.012172012589871883, 0.22168871760368347, 1.9316250085830688, 0.7506006956100464, 0.08796360343694687, 1.562832236289978, 0.4771592319011688, 0.0, 0.2163112759590149, 0.02219679206609726, 0.07240113615989685, 1.900596261024475, 0.1575797200202942, 0.0, 0.4023907780647278, 1.5949370861053467, 0.6637207269668579, 0.46697402000427246, 0.13538092374801636, 0.0685352087020874, 0.3371610939502716, 0.4281420409679413, 1.2523914575576782, 2.657958984375, 0.016952546313405037, 0.2012391835451126, 0.1856130063533783, 0.12516923248767853, 1.564616322517395, 0.6768423318862915, 0.140133336186409, 0.058835066854953766, 0.39402592182159424, 0.05509234592318535, 0.09326987713575363, 0.0, 0.08974101394414902, 0.0, 1.8250858783721924, 0.13041752576828003, 0.07142964005470276, 0.35739272832870483, 0.1965421438217163, 0.07752534002065659, 0.2837645411491394, 0.16018806397914886, 1.6058353185653687, 0.5435135364532471, 0.5062315464019775, 0.010357684455811977, 0.7407381534576416, 1.9544631242752075, 0.10372240841388702, 0.2556617856025696, 4.482964038848877, 1.9560546875, 0.20557427406311035, 0.0, 0.07342427968978882, 0.009922448545694351, 0.17950357496738434, 0.020515931770205498, 0.04885343089699745, 0.19176019728183746, 0.0, 0.43342676758766174, 2.1399991512298584, 0.8120157122612, 0.6479377150535583, 0.2283029556274414, 0.3088900148868561, 0.24069403111934662, 2.4324066638946533, 0.021294005215168, 1.1261042356491089, 0.004090853966772556, 1.2179824113845825, 0.039339371025562286, 0.017182834446430206, 0.0, 0.10260588675737381, 0.05801424756646156, 1.316482424736023, 0.0, 0.025329668074846268, 0.5306866765022278, 0.033823031932115555, 0.0, 0.02625911869108677, 3.6746644973754883, 0.0, 0.0, 0.3216549754142761, 0.17125166952610016, 0.0, 2.9551639556884766, 0.0, 0.0, 0.05119483917951584, 0.4483015537261963, 0.0004856732557527721, 0.1647680699825287, 0.13285820186138153, 4.992222309112549, 0.7781617045402527, 0.2937643229961395, 0.0968087762594223, 0.4519971013069153, 0.11752945929765701, 0.2841682732105255, 0.0, 0.01986278034746647, 3.021548271179199, 0.06416091322898865, 0.026394888758659363, 0.31010130047798157, 0.4294396936893463, 0.1742308884859085, 0.4181036353111267, 1.1441491842269897, 0.28724774718284607, 0.17058567702770233, 0.37811797857284546, 0.02080453746020794, 0.18776628375053406, 0.44749459624290466, 0.09675274789333344, 0.40088173747062683, 2.279737949371338, 3.6603126525878906, 0.13144053518772125, 0.12983909249305725, 0.012391124852001667, 0.3981081247329712, 1.843729019165039, 0.20459619164466858, 0.05290453881025314, 0.15670046210289001, 0.34071263670921326, 0.5044504404067993, 0.0, 0.6292111873626709, 0.11462917178869247, 0.0, 0.20249241590499878, 0.17682693898677826, 1.270491600036621, 1.0105409622192383, 0.9480034708976746, 0.08408018946647644, 0.0, 1.150683879852295, 0.03676868975162506, 0.012997948564589024, 0.004833917133510113, 0.0322495736181736, 0.14278177917003632, 0.19538843631744385, 0.2312733381986618, 1.6124390363693237, 0.12291273474693298, 1.6283659934997559, 0.09832500666379929, 0.0, 5.189142227172852, 0.0, 0.04546498879790306, 1.993541955947876, 0.8071044087409973, 0.15072527527809143, 0.22894644737243652, 0.017022157087922096, 0.04261452332139015, 1.8867416381835938, 0.01016691979020834, 1.9293779134750366, 0.0043092407286167145, 0.0025166249834001064, 0.7085624933242798, 0.014210669323801994, 0.036859333515167236, 0.4123454988002777, 0.7511503100395203, 0.0, 0.12662936747074127, 0.06495751440525055, 0.4508035182952881, 0.672393262386322, 1.8965585231781006, 0.04607940837740898, 0.008001991547644138, 0.8040269613265991, 0.42613282799720764, 0.0, 0.18012268841266632, 0.6919779777526855, 0.12624727189540863, 0.3048307001590729, 0.2082335203886032, 0.009597714990377426, 0.36860746145248413, 0.10960789024829865, 0.21347185969352722, 0.20314496755599976, 0.06237223744392395, 0.20162701606750488, 0.15362036228179932, 0.12273228913545609, 0.05288989096879959, 0.047544214874506, 0.0, 0.4477849304676056, 0.06481441855430603, 0.03234751150012016, 0.5456535816192627, 0.02840682491660118, 0.0, 2.244274377822876, 0.3104379177093506, 0.12056153267621994, 0.10667215287685394, 0.0, 0.014290687628090382, 0.0033263065852224827, 1.5687062740325928, 1.6545242071151733, 0.0020500931423157454, 1.3002116680145264, 0.0, 0.20117631554603577, 0.0012916496489197016, 0.8672225475311279, 0.16113193333148956, 0.7705939412117004, 0.021945521235466003, 0.3112052381038666, 0.0, 0.016577281057834625, 2.088364362716675, 0.0, 0.48778945207595825, 0.9021993279457092, 0.4517509341239929, 0.14296990633010864, 1.4697041511535645, 0.0, 0.016421712934970856, 0.0, 0.050048526376485825, 0.06160906329751015, 0.08709895610809326, 0.0, 0.022931013256311417, 0.17134372889995575, 0.011331864632666111, 0.0, 0.0, 0.03445442393422127, 0.30707788467407227, 0.12182648479938507, 1.7692887783050537, 0.3026195168495178, 0.0, 0.5351738929748535, 0.6170227527618408, 1.1691099405288696, 0.33219146728515625, 0.007186821661889553, 2.5019726753234863, 0.09627077728509903, 0.13223549723625183, 0.0, 0.7063689827919006, 2.345489263534546, 0.4891524314880371, 0.03337084874510765, 0.6391907334327698, 0.0, 0.03705797716975212, 3.4153804779052734, 0.366948664188385, 0.6619821786880493, 0.0, 0.0, 0.2790427505970001, 0.3631473481655121, 0.03356651961803436, 0.0, 0.0006840010173618793, 0.05214443802833557, 0.0719124972820282, 0.019490685313940048, 0.09527859091758728, 0.20582307875156403, 0.0, 0.4050711691379547, 0.6434733271598816, 0.0, 0.10726770758628845, 0.3607557713985443, 0.03550083190202713, 0.0, 0.35457843542099, 0.06927214562892914, 0.029383927583694458, 0.13671338558197021, 0.0, 0.14336912333965302, 0.08891261368989944, 0.03717846795916557, 0.07089214026927948, 0.07180963456630707, 0.01288246363401413, 0.1279558688402176, 0.03767377510666847, 0.3164205849170685, 1.775392770767212, 2.421623706817627, 0.4639624059200287, 0.6066904067993164, 0.0, 0.0, 0.7144589424133301, 0.05598803609609604, 0.030489658936858177, 0.24409820139408112, 0.09581691026687622, 0.0, 0.015046430751681328, 0.3143933415412903, 0.4849913418292999, 1.7125799655914307, 0.04218156635761261, 0.09099271148443222, 0.7051059007644653, 0.0005874998751096427, 0.4447835087776184, 0.6732584834098816, 0.005687528755515814, 0.3412048816680908, 0.509299099445343, 0.873424768447876, 0.13665331900119781, 2.884486198425293, 0.40592432022094727, 0.32164910435676575, 0.7250881791114807, 1.068082571029663, 4.3924880027771, 0.025097856298089027, 0.2020808607339859, 0.0, 0.13243421912193298, 0.027264412492513657, 3.1365013122558594, 0.05374002084136009, 0.06637446582317352, 0.0, 0.0, 0.07048667222261429, 0.040522728115320206, 0.6975159645080566, 0.16265663504600525, 0.8781430721282959, 0.09618545323610306, 0.03970588371157646, 1.353317379951477, 0.17885053157806396, 0.0, 0.8586146235466003, 0.0, 0.2725135385990143, 0.22667527198791504, 0.0, 0.8913766741752625, 0.21453163027763367, 0.08040151000022888, 0.0, 0.19928190112113953, 0.041019029915332794, 1.9388636350631714, 0.1276659369468689, 0.3426969349384308, 0.9794390797615051, 0.0, 0.0, 0.06183686852455139, 0.41453513503074646, 0.24622555077075958, 0.7560338973999023, 0.02124377340078354, 0.367855042219162, 0.03781088814139366, 2.8750643730163574, 0.03325276076793671, 0.0, 0.015242611058056355, 0.0, 0.17365455627441406, 0.08652804046869278, 0.00966546218842268, 0.02643423154950142, 2.638564109802246, 0.025952855125069618, 0.1790921986103058, 0.0, 0.0, 0.0, 0.23747985064983368, 0.45045205950737, 0.06180669739842415, 0.4465124309062958, 0.5326529741287231, 0.03132222220301628, 5.096069812774658, 0.09528930485248566, 0.2600460946559906, 1.4406579732894897, 0.0, 0.0, 0.25608211755752563, 0.025132615119218826, 0.021327948197722435, 0.4294104278087616, 0.014022880233824253, 0.0, 0.3720093071460724, 0.22784148156642914, 0.0, 0.043781593441963196, 0.0, 0.0470762774348259, 0.13550758361816406, 0.0033187137451022863, 0.15661489963531494, 0.6314052939414978, 0.014462522231042385, 0.1668061763048172, 0.05432850494980812, 2.089554786682129, 0.0, 0.8910502195358276, 0.09891463071107864, 0.011455793865025043, 0.009330577217042446, 0.020505083724856377, 0.5006890296936035, 1.0123040676116943, 0.158047154545784, 0.14806804060935974, 0.0846685990691185, 0.0, 0.04866455867886543, 0.013786569237709045, 0.022007251158356667, 0.1515391319990158, 0.6707847714424133, 0.5206783413887024, 0.0, 0.0, 0.44375622272491455, 0.19824039936065674, 0.029377339407801628, 0.31304553151130676, 2.387809991836548, 0.11533577740192413, 0.03409481421113014, 0.6967779397964478, 0.9157421588897705, 0.04953761026263237, 1.7445499897003174, 0.0, 0.19439202547073364, 0.9678592085838318, 0.0, 0.23744329810142517, 0.19746120274066925, 0.049602266401052475, 0.0972677618265152, 0.2817647457122803, 0.18087083101272583, 0.0, 0.23463848233222961, 2.3835439682006836, 0.5323652029037476, 0.44880229234695435, 0.15105417370796204, 0.31748661398887634, 0.018767474219202995, 0.01444600522518158, 0.11916377395391464, 0.0, 0.16319221258163452, 3.7396962642669678, 0.06936222314834595, 0.24261438846588135, 0.11331400275230408, 0.039559006690979004, 0.9510085582733154, 0.1831933557987213, 0.07751350849866867, 0.7251219749450684, 0.4088742136955261, 1.1471787691116333, 1.0859233140945435, 0.3771224617958069, 0.19621868431568146, 0.007084486540406942, 0.2212616205215454, 0.5102030634880066, 0.8035563230514526, 2.130903959274292, 0.019082583487033844, 0.002780267270281911, 0.10036931931972504, 0.09601783752441406, 2.995925188064575, 0.14584007859230042, 0.40021541714668274, 0.1376909762620926, 0.04879061505198479, 0.03189493343234062, 0.2134529948234558, 1.2720777988433838, 0.3383922874927521, 0.896141529083252, 3.2577898502349854, 1.462389588356018, 0.4489184319972992, 0.3000347316265106, 0.016826249659061432, 0.0624929741024971, 0.0, 0.6385798454284668, 0.0, 0.018407262861728668, 0.35918956995010376, 0.7569150328636169, 0.0008841728558763862, 0.17205464839935303, 0.05957059562206268, 0.26426464319229126, 0.20559287071228027, 0.06005089730024338, 0.03516898676753044, 1.0228590965270996, 0.007693081628531218, 0.4393417239189148, 1.2368202209472656, 1.0869749784469604, 0.4390704035758972, 0.013554820790886879, 1.2381213903427124, 1.2223494052886963, 0.3911551237106323, 0.0, 0.2442764788866043, 0.5188125967979431, 0.02001124992966652, 0.0, 0.17826224863529205, 0.015632230788469315, 0.6307355165481567, 1.25536048412323, 0.01768052764236927, 0.0, 0.03433804214000702, 0.10449456423521042, 0.04788145422935486, 3.344409227371216, 0.02719133161008358, 0.19339187443256378, 0.0, 0.02010260708630085, 0.4410591125488281, 0.09419359266757965, 0.401904821395874, 0.07711082696914673, 0.4011476933956146, 1.5430512428283691, 1.0631227493286133, 0.0, 0.1291085034608841, 0.0, 0.9999371767044067, 0.0009171086712740362, 0.44355493783950806, 0.0, 0.874879777431488, 0.013859923928976059, 0.051642291247844696, 0.10354571789503098, 0.9141693115234375, 0.7161492109298706, 0.24161402881145477, 0.23056964576244354, 0.020148364827036858, 0.9237478375434875, 0.0, 0.36832377314567566, 0.0, 0.274615079164505, 0.0, 0.0253614354878664, 0.10287749022245407, 1.9573630094528198, 0.0, 0.16985981166362762, 0.047707702964544296, 0.42325881123542786, 0.12738624215126038, 0.0, 0.12873245775699615, 0.2684023082256317, 2.3497204780578613, 0.04270124435424805, 0.26277780532836914, 0.36002323031425476, 0.1368614137172699, 0.05541316419839859, 0.6884785890579224, 0.33910292387008667, 0.08120657503604889, 0.2642788290977478, 0.011001749895513058, 1.2676429748535156, 0.20944862067699432, 0.2226705551147461, 1.4104161262512207, 0.1827041506767273, 0.08188006281852722, 0.17768126726150513, 0.5126329660415649, 0.01864219270646572, 1.3663491010665894, 0.8506090044975281, 0.3292776644229889, 0.2411828488111496, 0.2429768294095993, 0.010738051496446133, 0.5934851765632629, 1.932039737701416, 0.46357035636901855, 1.022757649421692, 0.2627931833267212, 0.061313919723033905, 0.04885907098650932, 0.12173037976026535, 0.37282055616378784, 0.01585775427520275, 0.14788983762264252, 0.0, 0.006096655037254095, 0.0, 0.0, 0.666581928730011, 0.36311352252960205, 1.5143629312515259, 0.2917605936527252, 1.0267287492752075, 0.06157210096716881, 2.1698098182678223, 0.3451813757419586, 1.4843376874923706, 0.4543773829936981, 0.14817318320274353, 0.0, 0.11614799499511719, 1.949537992477417, 0.0, 0.21664999425411224, 1.1678210496902466, 0.17684781551361084, 0.013669148087501526, 0.21824690699577332, 0.18644613027572632, 0.019026242196559906, 2.1148974895477295, 0.7778936624526978, 0.397304892539978, 0.0, 0.4162677824497223, 0.0, 0.0, 0.05991630628705025, 0.13720940053462982, 0.5031229257583618, 0.04311462864279747, 0.41478538513183594, 1.9248610734939575, 0.9909511208534241, 0.0, 0.10785645246505737, 0.8615877032279968, 0.04665704071521759, 0.0, 0.057250674813985825, 0.0463763065636158, 0.8916969299316406, 0.18996074795722961, 0.4588243067264557, 0.0, 1.5182138681411743, 0.0, 0.06057995185256004, 0.0, 0.042306918650865555, 0.0037063846830278635, 0.0, 0.04491258040070534, 0.051292210817337036, 0.14651523530483246, 0.006561108864843845, 0.004103894345462322, 0.025533191859722137, 0.0, 0.4021376073360443, 0.0, 0.0, 0.33843106031417847, 0.16256031394004822, 0.043502409011125565, 0.08124949783086777, 0.4443443715572357, 0.8418360352516174, 1.533290147781372, 0.10611280798912048, 0.8683071732521057, 0.24973328411579132, 5.2724564739037305e-05, 0.5835458636283875, 0.006858904846012592, 0.38780298829078674, 0.02993045561015606, 0.4739415943622589, 0.11572666466236115, 1.9619853496551514, 0.08537255227565765, 0.9965227842330933, 0.210627481341362, 0.02217356115579605, 0.1256439983844757, 0.0, 1.3543553352355957, 0.18109291791915894, 0.07387629896402359, 0.0, 0.2033241093158722, 0.2795681655406952, 2.449872590659652e-05, 0.0, 1.0538235902786255, 0.25659334659576416, 0.5305842757225037, 0.4411609172821045, 0.16171453893184662, 0.3087582588195801, 0.0, 0.0077757639810442924, 2.6843483448028564, 0.5684062242507935, 0.008892658166587353, 0.09731883555650711, 0.8705223202705383, 0.2471221387386322, 1.113977074623108, 0.0, 0.029268497601151466, 0.5598245859146118, 0.01645650342106819, 0.0, 0.7793382406234741, 0.3723444938659668, 0.5733810067176819, 0.9805201292037964, 0.02980925515294075, 0.06895375996828079, 0.16418743133544922, 0.15218763053417206, 0.0004131623718421906, 0.020417189225554466, 0.03093331679701805, 0.45513856410980225, 2.324533224105835, 0.27419906854629517, 0.0, 0.4544075131416321, 0.012728185392916203, 0.015381657518446445, 2.5563271045684814, 0.8731817007064819, 0.0, 0.1582149863243103, 0.022994372993707657, 0.0, 0.0, 0.5494071841239929, 0.03950456157326698, 0.219920352101326, 0.00019661261467263103, 0.3067437410354614, 0.0, 0.0, 1.4461432695388794, 0.21069090068340302, 0.34346476197242737, 0.1618661880493164, 0.1057225838303566, 1.6958991289138794, 0.007176902610808611, 0.5918989181518555, 0.11234047263860703, 0.35707610845565796, 0.013458688743412495, 0.022298691794276237, 0.6827057003974915, 0.05240815505385399, 2.5770671367645264, 0.0, 0.09815263003110886, 0.5139214396476746, 0.012911859899759293, 0.8318323493003845, 0.17875447869300842, 0.425973117351532, 0.6879274249076843, 0.012883460149168968, 0.9500117897987366, 0.36873042583465576, 0.06225273385643959, 0.01633908785879612, 0.21640636026859283, 0.780950665473938, 0.39774373173713684, 0.7968738079071045, 1.239245057106018, 0.5895535945892334, 0.29365354776382446, 0.5355727076530457, 0.4338671565055847, 0.23519501090049744, 0.001407058909535408, 0.9345506429672241, 0.7127189040184021, 0.026992617174983025, 0.0, 0.22605977952480316, 0.11721011251211166, 0.46422064304351807, 0.10709516704082489, 0.029934842139482498, 0.0, 0.0, 0.08948764204978943, 0.23030491173267365, 1.0259226560592651, 1.319057822227478, 0.16987137496471405, 2.950990676879883, 0.6974960565567017, 0.06015729531645775, 0.6107444763183594, 0.0, 0.564065158367157, 0.003420944092795253, 0.21536870300769806, 0.8242863416671753, 0.07019279152154922, 0.3848400115966797, 2.186589241027832, 0.0, 0.15251591801643372, 0.10092125087976456, 0.021987471729516983, 0.016078641638159752, 0.0, 0.6724225878715515, 0.0, 0.09337427467107773, 0.0, 0.15437375009059906, 0.0843648687005043, 0.7399705648422241, 1.5646735429763794, 0.2218395173549652, 0.39990678429603577, 1.025814414024353, 3.834186553955078, 0.0, 0.02109946683049202, 0.0, 0.9054234027862549, 0.09235509485006332, 0.029187817126512527, 0.0011875435011461377, 1.1753240823745728, 1.041963815689087, 0.4745195806026459, 0.017219066619873047, 0.33310893177986145, 1.0658016204833984, 0.3822399079799652, 0.9974683523178101, 0.29483190178871155, 0.006925991736352444, 0.026987314224243164, 0.0, 0.04093160480260849, 1.6139192581176758, 0.46886134147644043, 0.0, 0.781505823135376, 1.4556875228881836, 0.7658488750457764, 0.11491628736257553, 0.1448376476764679, 0.03023448772728443, 0.1852549910545349, 0.10340642184019089, 0.12882618606090546, 0.6512452363967896, 0.08057908713817596, 0.18486100435256958, 0.12594382464885712, 0.5084461569786072, 0.7605974078178406, 0.20329537987709045, 0.11239548027515411, 0.1107088103890419, 0.2101641744375229, 0.006685514934360981, 0.5370208024978638, 0.07240734249353409, 0.13337014615535736, 0.06734068691730499, 0.18384164571762085, 0.828556478023529, 0.024808457121253014, 0.02443108707666397, 0.08809346705675125, 0.04180952161550522, 0.008723047561943531, 0.0006844219169579446, 0.45874878764152527, 0.09715499728918076, 0.09787572920322418, 0.011337664909660816, 0.09367915242910385, 0.29782336950302124, 0.0, 0.0007934351451694965, 0.31438925862312317, 0.19603316485881805, 0.0, 0.17166727781295776, 0.9417081475257874, 0.03936152532696724, 0.04981643334031105, 2.503829002380371, 0.0, 0.17739199101924896, 0.3018396496772766, 0.29032376408576965, 0.47533655166625977, 0.0, 1.0870540142059326, 0.21968109905719757, 0.2060796022415161, 0.011954891495406628, 0.0, 0.007489756681025028, 0.15916863083839417, 0.07498616725206375, 0.5653000473976135, 0.0, 0.022910723462700844, 0.46477174758911133, 0.0, 0.012617873027920723, 0.06959184259176254, 0.4714961647987366, 0.29533651471138, 1.3655807971954346, 0.5943593978881836, 0.33203622698783875, 0.7349898815155029, 0.0, 0.05342673137784004, 1.0209035873413086, 0.2777332067489624, 0.053354427218437195, 0.0971245989203453, 4.759997367858887, 0.007837669923901558, 0.19533896446228027, 1.6388362646102905, 0.007201686035841703, 1.3717777729034424, 0.44144517183303833, 2.930755615234375, 0.0, 0.0, 0.026959098875522614, 0.03015648014843464, 0.0009142184862866998, 0.16666579246520996, 0.46087646484375, 0.5012345314025879, 0.044402770698070526, 1.0405195951461792, 0.4347202777862549, 0.1381780356168747, 0.13213655352592468, 0.235626682639122, 0.3704890310764313, 0.10413414984941483, 0.23827902972698212, 1.9850528240203857, 0.0, 0.3296469748020172, 0.022977693006396294, 0.640770673751831, 0.0, 3.612452268600464, 0.5431082844734192, 0.15744103491306305, 0.07930454611778259, 0.6624541282653809, 0.0476871132850647, 0.22187289595603943, 0.2808026671409607, 0.07835781574249268, 0.004746726714074612, 0.10453582555055618, 0.0, 0.11544342339038849, 3.503450870513916, 1.6833308935165405, 0.3183581531047821, 0.008625244721770287, 0.021266212686896324, 0.3421798348426819, 0.0, 2.7222726345062256, 1.0969860553741455, 0.052000924944877625, 0.01131746731698513, 0.09248999506235123, 3.7711455821990967, 0.14881451427936554, 0.8006360530853271, 0.0, 0.23098228871822357, 0.7193944454193115, 0.0, 1.0253709554672241, 0.07126495242118835, 0.0426454059779644, 0.0, 0.152972012758255, 0.8530144095420837, 0.4089984893798828, 0.06277474761009216, 0.0, 0.0, 0.1270059496164322, 0.5308677554130554, 0.016452834010124207, 0.05338933691382408, 0.048546262085437775, 0.26710912585258484, 0.4226360023021698, 0.06997212767601013, 0.023572426289319992, 1.7187341451644897, 0.8527880907058716, 0.15732236206531525, 0.20367421209812164, 0.7346311211585999, 0.08190523833036423, 0.4368036687374115, 0.009770585224032402, 4.840982913970947, 0.15598292648792267, 0.3223249316215515, 0.5187984704971313, 0.1564382016658783, 0.01338235940784216, 0.0, 0.3863045871257782, 0.005261262878775597, 0.20079320669174194, 0.20977187156677246, 2.2945914268493652, 0.32159456610679626, 0.14731548726558685, 0.0, 0.0, 0.6765947341918945, 0.14980371296405792, 0.0, 0.22491630911827087, 0.520561158657074, 0.1260451078414917, 0.002002862049266696, 0.0, 0.21579056978225708, 0.0, 0.021761227399110794, 1.5383920669555664, 0.2975175082683563, 0.0012193674920126796, 0.0, 0.12581197917461395, 0.010169398970901966, 0.21644166111946106, 1.5811951160430908, 0.0, 0.05678286775946617, 0.0, 0.03630377724766731, 0.31559884548187256, 0.43740326166152954, 1.05259108543396, 1.0292929410934448, 0.0428457073867321, 0.2128472775220871, 0.5578408241271973, 0.16322815418243408, 0.0, 0.07996013015508652, 0.1277327835559845, 2.8126494884490967, 0.021649422124028206, 1.7008187770843506, 0.022074995562434196, 0.012427344918251038, 0.0, 0.587558925151825, 1.4466807842254639, 0.0, 0.06562502682209015, 0.08319848775863647, 0.8392972350120544, 0.5866827964782715, 0.09027286618947983, 0.0, 0.0, 0.09539076685905457, 0.04452810436487198, 0.128023162484169, 0.0, 1.6385011672973633, 0.14431872963905334, 0.0658816397190094, 0.7314165234565735, 1.4460852146148682, 0.6794611215591431, 0.4743395745754242, 0.2053775042295456, 0.20405463874340057, 0.0, 0.024764347821474075, 0.014467903412878513, 0.03009575419127941, 0.02391398698091507, 0.3218657374382019, 0.31772083044052124, 0.005749673116952181, 0.04307331517338753, 0.02222534827888012, 0.05879640206694603, 0.11040465533733368, 0.37023431062698364, 0.0855753943324089, 0.014550900086760521, 1.7664779424667358, 0.11588366329669952, 0.0, 0.0305513646453619, 0.20052240788936615, 0.015142596326768398, 0.2416744828224182, 0.0846354067325592, 0.609782874584198, 0.20740723609924316, 0.7856338620185852, 0.4995547831058502, 0.0, 0.0, 0.8544672727584839, 0.43249332904815674, 0.0, 0.2919248342514038, 0.0, 0.46727627515792847, 1.7982345819473267, 0.1993267685174942, 1.001143455505371, 0.032340213656425476, 0.6866682171821594, 0.02746184542775154, 0.14660315215587616, 0.038205478340387344, 0.8835626840591431, 0.48076680302619934, 0.9150422811508179, 0.03860555216670036, 0.723084568977356, 0.02331715263426304, 0.0, 0.1963094025850296, 0.5428405404090881, 0.032830026000738144, 0.005141369998455048, 0.1748121827840805, 0.152517169713974, 1.3130844831466675, 0.09205402433872223, 0.0, 0.0, 0.2785974442958832, 0.006219722796231508, 0.0, 0.3444463908672333, 0.3512893319129944, 0.268302321434021, 0.19589532911777496, 0.4440460205078125, 0.030610213056206703, 0.2223375290632248, 0.39809951186180115, 0.6885071396827698, 0.49856990575790405, 0.34432268142700195, 0.5316835641860962, 0.045448873192071915, 0.02365794964134693, 0.6789558529853821, 0.3410986363887787, 0.5023584365844727, 0.03894319385290146, 0.179640531539917, 0.19691601395606995, 0.197580024600029, 1.9624567031860352, 0.003063017036765814, 0.1622370332479477, 0.052172910422086716, 0.0, 0.0, 0.06667426973581314, 0.3412337303161621, 0.053648799657821655, 0.08294766396284103, 0.8754267692565918, 0.02408430725336075, 0.9236735105514526, 1.2404038906097412, 0.10160531848669052, 1.0652048587799072, 0.1162698045372963, 0.8073736429214478, 0.09413164854049683, 2.3506457805633545, 0.06187831982970238, 2.2403218746185303, 0.024741321802139282, 0.15731053054332733, 0.010771848261356354, 1.8665574789047241, 2.9707536697387695, 0.12445121258497238, 0.0, 0.2462415248155594, 0.015752408653497696, 0.2358696013689041, 0.540730357170105, 0.12130537629127502, 0.041947923600673676, 0.2099182903766632, 0.23104819655418396, 0.016310546547174454, 0.0, 0.0, 0.22329048812389374, 0.7298218011856079, 0.5385175943374634, 0.02843957021832466, 0.08943405747413635, 0.44774237275123596, 0.39088621735572815, 0.2372925877571106, 1.1869159936904907, 0.0, 0.649732768535614, 0.0, 0.5255684852600098, 0.032995935529470444, 0.0048997229896485806, 0.23040129244327545, 0.0, 0.03430064022541046, 0.5842719078063965, 0.007157079875469208, 0.21644015610218048, 3.1362123489379883, 0.7350468635559082]",Testing/glioma_tumor/image(98).jpg
